1638453712725460052 2.531068639655132e-05 -5.432022387452662e-09 0.0 0.0 0.0 0.000310700386762619 0.9999999403953552
1638453712891460180 2.674786390641226e-12 -1.72911143181409e-08 0.0 0.0 0.0 0.00036315247416496277 0.9999999403953552
163845371325460005 2.5310688215540722e-05 -7.597478202114871e-09 0.0 0.0 0.0 0.00023370236158370972 1.0
1638453713192460060 5.641294289343568e-12 -2.297545975693538e-08 0.0 0.0 0.0 0.0002562180161476135 0.9999999403953552
1638453713325460196 7.6481208519108e-12 -2.9503320675416944e-08 0.0 0.0 0.0 0.000293094664812088 0.9999999403953552
1638453713493460178 2.5310688215540722e-05 -1.0241549830425356e-08 0.0 0.0 0.0 0.00037017837166786194 0.9999999403953552
1638453713625460148 2.5310688215540722e-05 -9.013616519837342e-09 0.0 0.0 0.0 0.0002402178943157196 1.0
1638453713791460037 2.5310690034530126e-05 -1.2377021185727699e-08 0.0 0.0 0.0 0.00012807920575141907 1.0
1638453713937249899 8.932153627849715e-12 -2.890684491774209e-08 0.0 0.0 0.0 0.0002962648868560791 0.9999999403953552
1638453714104249954 4.720024284615709e-12 -2.2311285263754144e-08 0.0 0.0 0.0 0.00030859559774398804 0.9999999403953552
1638453714239249945 2.531068639655132e-05 -5.543191683443638e-09 0.0 0.0 0.0 0.0003213360905647278 0.9999999403953552
1638453714405249834 2.531068275857251e-05 -9.501536224476581e-10 0.0 0.0 0.0 0.0003344230353832245 0.9999999403953552
1638453714606250048 5.04486686800365e-12 -2.091174344798219e-08 0.0 0.0 0.0 0.0005041323602199554 0.9999998807907104
1638453714738250017 5.04486686800365e-12 -2.091174344798219e-08 0.0 0.0 0.0 0.00039845332503318787 0.9999999403953552
1638453714905249834 2.981875597135586e-12 -1.6748101572261476e-08 0.0 0.0 0.0 0.0002863556146621704 0.9999999403953552
163845371573250055 2.531068639655132e-05 -3.3140894473149274e-09 0.0 0.0 0.0 0.0003715045750141144 0.9999999403953552
1638453715240249872 2.994315949703119e-13 -1.2051724063155689e-08 0.0 0.0 0.0 0.00032984837889671326 0.9999999403953552
1638453715374249935 -1.2355484474077527e-12 -9.581335724817563e-09 0.0 0.0 0.0 0.00033102184534072876 0.9999999403953552
1638453715541249990 0.0004049709241371602 2.3859448106122727e-07 0.0 0.0 0.0 0.0002942197024822235 0.9999999403953552
1638453715707249880 0.0022526499815285206 2.257659389215405e-06 0.0 0.0 0.0 0.0006919167353771627 0.9999997615814209
1638453715840250015 0.005188687238842249 5.94330367675866e-06 0.0 0.0 0.0 0.0005484446883201599 0.9999998211860657
163845371643249846 0.011617599055171013 1.2711052477243356e-05 0.0 0.0 0.0 0.0005228482186794281 0.9999998807907104
1638453716176249981 0.016932837665081024 1.9857128791045398e-05 0.0 0.0 0.0 0.0006799697293899953 0.9999997615814209
1638453716342249870 0.025285355746746063 3.1492236303165555e-05 0.0 0.0 0.0 0.0008661075262352824 0.9999996423721313
1638453716474954128 0.03325820714235306 4.7333196562249213e-05 0.0 0.0 0.0 0.0008884108392521739 0.9999995827674866
1638453716643954039 0.04512888938188553 7.284274761332199e-05 0.0 0.0 0.0 0.0009549594251438975 0.9999995231628418
1638453716775954008 0.055658113211393356 9.476760897086933e-05 0.0 0.0 0.0 0.0012225840473547578 0.9999992251396179
1638453716946954012 0.06942709535360336 0.00012269320723135024 0.0 0.0 0.0 0.0010816415306180716 0.9999994039535522
163845371779953909 0.08008287847042084 0.00014216898125596344 0.0 0.0 0.0 0.0011474264319986105 0.9999993443489075
1638453717246953964 0.09352283179759979 0.00016641660477034748 0.0 0.0 0.0 0.0009233056334778666 0.9999995827674866
1638453717383954048 0.10440640896558762 0.00018051700317300856 0.0 0.0 0.0 0.00069604063173756 0.9999997615814209
1638453717549953938 0.11761857569217682 0.00019597323262132704 0.0 0.0 0.0 0.0005633942200802267 0.9999998211860657
1638453717690953970 0.12875527143478394 0.00020580978889483958 0.0 0.0 0.0 0.00041967257857322693 0.9999999403953552
1638453717857954025 0.14209400117397308 0.00022181916574481875 0.0 0.0 0.0 0.0006144269718788564 0.9999998211860657
1638453717998954058 0.15330661833286285 0.00023866354604251683 0.0 0.0 0.0 0.0007614716305397451 0.9999997019767761
1638453718130954027 0.16378521919250488 0.00025617756182327867 0.0 0.0 0.0 0.0008224135963246226 0.9999996423721313
1638453718296953917 0.1769973784685135 0.00027593757840804756 0.0 0.0 0.0 0.0008436179487034678 0.9999996423721313
1638453718430953979 0.1876278519630432 0.0002926967281382531 0.0 0.0 0.0 0.0006676911725662649 0.9999997615814209
1638453718599954128 0.2010931372642517 0.0003050350060220808 0.0 0.0 0.0 0.0003456138074398041 0.9999999403953552
1638453718800954103 0.2171401083469391 0.00031589079299010336 0.0 0.0 0.0 0.0004130639135837555 0.9999999403953552
1638453718999311924 0.2333642691373825 0.0003290321328677237 0.0 0.0 0.0 0.000670023204293102 0.9999997615814209
1638453719131311893 0.24402005970478058 0.0003450200310908258 0.0 0.0 0.0 0.0006870179786346853 0.9999997615814209
1638453719300312042 0.2575865685939789 0.00036669839755631983 0.0 0.0 0.0 0.0009121372131630778 0.9999995827674866
1638453719433311939 0.26834356784820557 0.00038555619539693 0.0 0.0 0.0 0.0008021518005989492 0.9999997019767761
1638453719601311922 0.2821884751319885 0.00040610655560158193 0.0 0.0 0.0 0.0005679167225025594 0.9999998211860657
1638453719733311892 0.2939072847366333 0.00042586299241520464 0.0 0.0 0.0 0.0009380242554470897 0.9999995827674866
1638453719901311874 0.31013140082359314 0.00046149143599905074 0.0 0.0 0.0 0.0012418251717463136 0.9999992251396179
163845372034312010 0.3240269124507904 0.0005032249027863145 0.0 0.0 0.0 0.0016119808424264193 0.9999986886978149
1638453720204311848 0.3435666263103485 0.0005752334836870432 0.0 0.0 0.0 0.001990808639675379 0.9999980330467224
1638453720337311983 0.3599424958229065 0.0006457885028794408 0.0 0.0 0.0 0.002290950855240226 0.9999973773956299
1638453720505311966 0.38254469633102417 0.0007522589294239879 0.0 0.0 0.0 0.0021652712021023035 0.9999976754188538
1638453720638311863 0.40099599957466125 0.0008375150500796735 0.0 0.0 0.0 0.00232424377463758 0.9999973177909851
1638453720805311918 0.424079030752182 0.0009534050477668643 0.0 0.0 0.0 0.0026980419643223286 0.9999963641166687
1638453720972311974 0.44744032621383667 0.0011014655465260148 0.0 0.0 0.0 0.003253893693909049 0.999994695186615
1638453721175312042 0.47591423988342285 0.001289668376557529 0.0 0.0 0.0 0.0035855991300195456 0.9999935626983643
1638453721383785009 0.5040335059165955 0.0015123422490432858 0.0 0.0 0.0 0.004334719385951757 0.9999905824661255
1638453721551784992 0.5273436903953552 0.0017214713152498007 0.0 0.0 0.0 0.004714259412139654 0.9999889135360718
1638453721685785055 0.5466294884681702 0.0019095721654593945 0.0 0.0 0.0 0.005121536552906036 0.9999868869781494
1638453721851785183 0.5716602802276611 0.0021801127586513758 0.0 0.0 0.0 0.0059588197618722916 0.9999822378158569
1638453721985785007 0.5924893617630005 0.0024371473118662834 0.0 0.0 0.0 0.006231520790606737 0.9999805688858032
1638453722153784990 0.6195443272590637 0.002779205096885562 0.0 0.0 0.0 0.005878619384020567 0.9999827146530151
1638453722325785160 0.648320734500885 0.003106561955064535 0.0 0.0 0.0 0.0060023157857358456 0.9999819993972778
1638453722456785202 0.6706937551498413 0.0033775828778743744 0.0 0.0 0.0 0.00593491131439805 0.9999824166297913
1638453722588785172 0.6936743855476379 0.003642519935965538 0.0 0.0 0.0 0.005545118357986212 0.999984622001648
1638453722730785131 0.7190088629722595 0.003920338582247496 0.0 0.0 0.0 0.0053183333948254585 0.9999858736991882
1638453722895785093 0.7488483190536499 0.004255670588463545 0.0 0.0 0.0 0.005654859822243452 0.9999840259552002
163845372329785156 0.7740055322647095 0.0045423973351716995 0.0 0.0 0.0 0.006066318601369858 0.9999815821647644
1638453723195785046 0.8059952259063721 0.004977680277079344 0.0 0.0 0.0 0.007280035875737667 0.999973475933075
1638453723337785006 0.8340109586715698 0.005403398536145687 0.0 0.0 0.0 0.008012324571609497 0.9999678730964661
1638453723503785133 0.8673909306526184 0.005970977246761322 0.0 0.0 0.0 0.009084248915314674 0.9999587535858154
1638453723635785103 0.89527827501297 0.006503515411168337 0.0 0.0 0.0 0.00992919597774744 0.9999507069587708
1638453723802785158 0.9305791258811951 0.007235174998641014 0.0 0.0 0.0 0.010705631226301193 0.9999427199363708
1638453723965856075 0.9650691151618958 0.007996381260454655 0.0 0.0 0.0 0.010808443650603294 0.9999415874481201
1638453724130856037 0.999559760093689 0.008730181492865086 0.0 0.0 0.0 0.010462651960551739 0.9999452829360962
1638453724300856113 1.0349875688552856 0.009443859569728374 0.0 0.0 0.0 0.009672744199633598 0.9999532103538513
1638453724433856010 1.0627989768981934 0.009969296865165234 0.0 0.0 0.0 0.009611704386770725 0.9999538064002991
1638453724599856138 1.0979734659194946 0.010693811811506748 0.0 0.0 0.0 0.010846111923456192 0.9999411702156067
1638453724731856108 1.1258081197738647 0.01132455188781023 0.0 0.0 0.0 0.011558029800653458 0.9999331831932068
1638453724897855997 1.160372257232666 0.012166742235422134 0.0 0.0 0.0 0.012742137536406517 0.9999188184738159
163845372529855967 1.1880775690078735 0.012903422117233276 0.0 0.0 0.0 0.013785953633487225 0.999904990196228
1638453725195856094 1.2226881980895996 0.013907508924603462 0.0 0.0 0.0 0.014987749047577381 0.9998877048492432
1638453725329856157 1.2505680322647095 0.014744983054697514 0.0 0.0 0.0 0.015040128491818905 0.9998868703842163
1638453725495856047 1.285404920578003 0.015801388770341873 0.0 0.0 0.0 0.015433749184012413 0.9998809099197388
1638453725697855949 1.3281341791152954 0.0171204824000597 0.0 0.0 0.0 0.014720593579113483 0.9998916387557983
1638453725897855997 1.3699290752410889 0.0183599554002285 0.0 0.0 0.0 0.01467832364141941 0.9998922944068909
163845372631856060 1.3979358673095703 0.01918242871761322 0.0 0.0 0.0 0.014660004526376724 0.99989253282547
1638453726196856022 1.4324455261230469 0.020171234384179115 0.0 0.0 0.0 0.01374617125838995 0.999905526638031
1638453726343856096 1.4629086256027222 0.020988650619983673 0.0 0.0 0.0 0.012951183132827282 0.999916136264801
1638453726533066988 1.5048350095748901 0.022053223103284836 0.0 0.0 0.0 0.012758206576108932 0.9999186396598816
1638453726699067116 1.540056586265564 0.022932475432753563 0.0 0.0 0.0 0.0125469034537673 0.9999212622642517
1638453726834067106 1.5680418014526367 0.023623215034604073 0.0 0.0 0.0 0.012101772241294384 0.999926745891571
16384537272067089 1.6032389402389526 0.024465573951601982 0.0 0.0 0.0 0.012095662765204906 0.9999268651008606
1638453727184067011 1.6412193775177002 0.0253757331520319 0.0 0.0 0.0 0.01166984811425209 0.9999319314956665
1638453727350067139 1.6758602857589722 0.02618088200688362 0.0 0.0 0.0 0.011264875531196594 0.9999365210533142
1638453727551067114 1.718271255493164 0.027087965980172157 0.0 0.0 0.0 0.01008302066475153 0.9999491572380066
1638453727749067068 1.7599482536315918 0.02798634208738804 0.0 0.0 0.0 0.011490204371511936 0.9999339580535889
1638453727950067043 1.7736629247665405 0.028306104242801666 0.0 0.0 0.0 0.01085537951439619 0.9999410510063171
1638453728150067091 1.773890733718872 0.02831088751554489 0.0 0.0 0.0 0.009102665819227695 0.9999585747718811
1638453728348067045 1.7738401889801025 0.028310947120189667 0.0 0.0 0.0 -0.0018495832337066531 0.9999982714653015
1638453728481067181 1.7738149166107178 0.02831142581999302 0.0 0.0 0.0 -0.014902517199516296 0.9998889565467834
1638453728649067163 1.7739665508270264 0.028304165229201317 0.0 0.0 0.0 -0.03648121654987335 0.9993343353271484
1638453728846067190 1.7739158868789673 0.02830657549202442 0.0 0.0 0.0 -0.07349631190299988 0.9972954988479614
1638453728986502886 1.7738412618637085 0.02832062728703022 0.0 0.0 0.0 -0.1054566353559494 0.9944239258766174
1638453729123502970 1.773793339729309 0.028337303549051285 0.0 0.0 0.0 -0.1438821256160736 0.9895948171615601
1638453729292502880 1.7737466096878052 0.028357073664665222 0.0 0.0 0.0 -0.200090691447258 0.9797773957252502
1638453729425503016 1.7737236022949219 0.02836780436336994 0.0 0.0 0.0 -0.2481689155101776 0.9687168002128601
1638453729591502905 1.773490071296692 0.02851889096200466 0.0 0.0 0.0 -0.3139493465423584 0.9494397044181824
1638453729791502953 1.7734558582305908 0.028556572273373604 0.0 0.0 0.0 -0.39719516038894653 0.9177341461181641
1638453729926502943 1.7735533714294434 0.0284404419362545 0.0 0.0 0.0 -0.45664429664611816 0.8896493911743164
163845373094502926 1.773668885231018 0.02824440598487854 0.0 0.0 0.0 -0.5283688902854919 0.849014937877655
1638453730293502808 1.7737178802490234 0.02812768518924713 0.0 0.0 0.0 -0.6061393618583679 0.795358419418335
1638453730494503021 1.7737191915512085 0.028051162138581276 0.0 0.0 0.0 -0.679716169834137 0.7334752082824707
1638453730627502918 1.7737116813659668 0.02815212681889534 0.0 0.0 0.0 -0.6850577592849731 0.7284887433052063
1638453730793502808 1.773713231086731 0.02812686376273632 0.0 0.0 0.0 -0.6846466064453125 0.7288751602172852
1638453730925503016 1.773717999458313 0.02805108018219471 0.0 0.0 0.0 -0.6847156286239624 0.7288103103637695
163845373190502977 1.7738044261932373 0.026636317372322083 0.0 0.0 0.0 -0.6852841973304749 0.7282757759094238
1638453731224502802 1.7739384174346924 0.024438366293907166 0.0 0.0 0.0 -0.6852799654006958 0.728279709815979
1638453731390502930 1.7742207050323486 0.019815124571323395 0.0 0.0 0.0 -0.6851112246513367 0.7284384369850159
1638453731535046816 1.7745035886764526 0.015191913582384586 0.0 0.0 0.0 -0.6852612495422363 0.7282973527908325
1638453731700047016 1.77497398853302 0.007486504502594471 0.0 0.0 0.0 -0.6851410865783691 0.7284104228019714
1638453731900046825 1.7756686210632324 -0.0038567478768527508 0.0 0.0 0.0 -0.6851555705070496 0.7283967733383179
163845373236046982 1.776241660118103 -0.0131534393876791 0.0 0.0 0.0 -0.6850491762161255 0.728496789932251
1638453732202046871 1.7770215272903442 -0.025759363546967506 0.0 0.0 0.0 -0.6849035620689392 0.7286337614059448
1638453732334046841 1.7777035236358643 -0.03672301024198532 0.0 0.0 0.0 -0.6847429275512695 0.7287846803665161
1638453732500046968 1.7786505222320557 -0.05187986418604851 0.0 0.0 0.0 -0.6848940849304199 0.7286426424980164
1638453732634047031 1.77947998046875 -0.06537029147148132 0.0 0.0 0.0 -0.6853147149085999 0.7282470464706421
1638453732800046921 1.7805737257003784 -0.08351042866706848 0.0 0.0 0.0 -0.6855587959289551 0.728017270565033
1638453732935046911 1.7815197706222534 -0.09927593916654587 0.0 0.0 0.0 -0.6856215596199036 0.7279582023620605
1638453733101046801 1.7827485799789429 -0.12009571492671967 0.0 0.0 0.0 -0.6862601637840271 0.7273561954498291
1638453733235046864 1.7837823629379272 -0.13785907626152039 0.0 0.0 0.0 -0.6862598657608032 0.727356493473053
1638453733401046991 1.7851436138153076 -0.16110509634017944 0.0 0.0 0.0 -0.6861124634742737 0.7274954915046692
1638453733534046888 1.786287784576416 -0.18056072294712067 0.0 0.0 0.0 -0.685901939868927 0.727694034576416
1638453733700047016 1.7877401113510132 -0.20522122085094452 0.0 0.0 0.0 -0.6860737800598145 0.7275319695472717
1638453733834046841 1.788905143737793 -0.2251826971769333 0.0 0.0 0.0 -0.686320424079895 0.7272993326187134
1638453733991662979 1.7903776168823242 -0.25065332651138306 0.0 0.0 0.0 -0.6865825653076172 0.727051854133606
1638453734155663013 1.7917473316192627 -0.2749890387058258 0.0 0.0 0.0 -0.6873266696929932 0.7263484001159668
1638453734324662924 1.7931299209594727 -0.3001098334789276 0.0 0.0 0.0 -0.687515914440155 0.7261692881584167
1638453734490663052 1.7944934368133545 -0.325155645608902 0.0 0.0 0.0 -0.6877085566520691 0.7259868383407593
1638453734624663115 1.7955877780914307 -0.34545060992240906 0.0 0.0 0.0 -0.6879686713218689 0.725740373134613
1638453734792663097 1.7970147132873535 -0.3720138370990753 0.0 0.0 0.0 -0.6879284977912903 0.7257784605026245
1638453734925662994 1.7981996536254883 -0.3938501477241516 0.0 0.0 0.0 -0.6875057816505432 0.7261788845062256
1638453735123662949 1.8000470399856567 -0.4272598326206207 0.0 0.0 0.0 -0.6872676610946655 0.7264043092727661
1638453735291662931 1.8016921281814575 -0.45619383454322815 0.0 0.0 0.0 -0.6866225600242615 0.7270140647888184
1638453735426662922 1.8030614852905273 -0.48019999265670776 0.0 0.0 0.0 -0.6867561340332031 0.7268878817558289
1638453735590662956 1.8047524690628052 -0.5096638202667236 0.0 0.0 0.0 -0.6863526701927185 0.7272688746452332
1638453735723663092 1.806134581565857 -0.533517062664032 0.0 0.0 0.0 -0.686389684677124 0.7272339463233948
1638453735890662909 1.8079088926315308 -0.563685953617096 0.0 0.0 0.0 -0.685722827911377 0.7278627753257751
163845373623663044 1.8093550205230713 -0.5875099897384644 0.0 0.0 0.0 -0.6850945353507996 0.7284541726112366
1638453736191663027 1.8112207651138306 -0.617597222328186 0.0 0.0 0.0 -0.6847145557403564 0.7288113236427307
1638453736324662924 1.8127049207687378 -0.6414696574211121 0.0 0.0 0.0 -0.6847912073135376 0.728739321231842
1638453736486744881 1.814569354057312 -0.6716076731681824 0.0 0.0 0.0 -0.6850840449333191 0.7284640073776245
1638453736651745081 1.8163501024246216 -0.7009393572807312 0.0 0.0 0.0 -0.6855577826499939 0.7280182242393494
1638453736819745064 1.8181543350219727 -0.731157124042511 0.0 0.0 0.0 -0.6857767105102539 0.7278120517730713
1638453736985744953 1.8199249505996704 -0.7611739635467529 0.0 0.0 0.0 -0.6860565543174744 0.7275481820106506
1638453737153744936 1.8217127323150635 -0.7914180755615234 0.0 0.0 0.0 -0.6857709288597107 0.7278174757957458
1638453737287744999 1.823152780532837 -0.8153440356254578 0.0 0.0 0.0 -0.685129702091217 0.7284210920333862
1638453737486744881 1.825329303741455 -0.8509909510612488 0.0 0.0 0.0 -0.6852744817733765 0.7282848954200745
1638453737654744864 1.8271540403366089 -0.8808525204658508 0.0 0.0 0.0 -0.6853048205375671 0.728256344795227
1638453737822744846 1.8289566040039062 -0.9108167886734009 0.0 0.0 0.0 -0.6857079863548279 0.7278767228126526
1638453737988744974 1.830712914466858 -0.9406824111938477 0.0 0.0 0.0 -0.6863805055618286 0.7272425889968872
1638453738157744884 1.8324822187423706 -0.971206545829773 0.0 0.0 0.0 -0.6862932443618774 0.727324903011322
1638453738323745012 1.8342252969741821 -1.001098394393921 0.0 0.0 0.0 -0.6860291361808777 0.7275740504264832
1638453738526745081 1.836357831954956 -1.0373820066452026 0.0 0.0 0.0 -0.6861405968666077 0.7274689674377441
1638453738694745064 1.8381147384643555 -1.067348837852478 0.0 0.0 0.0 -0.6860214471817017 0.7275813221931458
1638453738828744888 1.839514970779419 -1.0912010669708252 0.0 0.0 0.0 -0.6862510442733765 0.7273647785186768
1638453738977444887 1.8408690690994263 -1.1147010326385498 0.0 0.0 0.0 -0.6866848468780518 0.726955235004425
1638453739144444942 1.8425679206848145 -1.1448994874954224 0.0 0.0 0.0 -0.6873527765274048 0.7263237833976746
1638453739344444990 1.8445290327072144 -1.1809391975402832 0.0 0.0 0.0 -0.6876643300056458 0.7260288000106812
1638453739546444893 1.8464950323104858 -1.21723210811615 0.0 0.0 0.0 -0.6875649094581604 0.7261229157447815
1638453739680444956 1.8478115797042847 -1.241418719291687 0.0 0.0 0.0 -0.6876044273376465 0.7260855436325073
1638453739849444866 1.849517822265625 -1.273239254951477 0.0 0.0 0.0 -0.6882840394973755 0.7254412770271301
1638453739985445023 1.8508490324020386 -1.2989205121994019 0.0 0.0 0.0 -0.6885133385658264 0.7252237200737
1638453740119444847 1.852131724357605 -1.3240466117858887 0.0 0.0 0.0 -0.6892135739326477 0.7245582342147827
1638453740284444809 1.853691577911377 -1.3557478189468384 0.0 0.0 0.0 -0.6898425817489624 0.7239593863487244
1638453740451444864 1.855228066444397 -1.3874248266220093 0.0 0.0 0.0 -0.6896178126335144 0.7241734862327576
1638453740585444927 1.8564702272415161 -1.4128824472427368 0.0 0.0 0.0 -0.6895290017127991 0.7242580652236938
1638453740741444826 1.8579388856887817 -1.4424341917037964 0.0 0.0 0.0 -0.6890944242477417 0.7246715426445007
1638453740876444817 1.859202265739441 -1.4679160118103027 0.0 0.0 0.0 -0.6896167993545532 0.7241744995117188
163845374143444872 1.8607500791549683 -1.4995418787002563 0.0 0.0 0.0 -0.6897502541542053 0.7240473628044128
1638453741177444935 1.8619481325149536 -1.5248241424560547 0.0 0.0 0.0 -0.6903366446495056 0.7234883308410645
1638453741346444845 1.8634296655654907 -1.5568839311599731 0.0 0.0 0.0 -0.6909297108650208 0.7229219675064087
1638453741500624895 1.8648792505264282 -1.5892492532730103 0.0 0.0 0.0 -0.6911725401878357 0.7226897478103638
1638453741700624943 1.8666207790374756 -1.6288728713989258 0.0 0.0 0.0 -0.6916224956512451 0.7222592234611511
1638453741834625006 1.8677892684936523 -1.6555752754211426 0.0 0.0 0.0 -0.6914514303207397 0.7224228978157043
16384537423624916 1.8692810535430908 -1.68912935256958 0.0 0.0 0.0 -0.6906754970550537 0.7231648564338684
1638453742138624907 1.8705168962478638 -1.7157528400421143 0.0 0.0 0.0 -0.6904414892196655 0.7233882546424866
1638453742303624868 1.8720459938049316 -1.748393177986145 0.0 0.0 0.0 -0.6904095411300659 0.7234187126159668
1638453742504624844 1.8739013671875 -1.7887462377548218 0.0 0.0 0.0 -0.6909313201904297 0.7229204177856445
1638453742668624878 1.8753782510757446 -1.8216931819915771 0.0 0.0 0.0 -0.6913994550704956 0.7224727272987366
1638453742835624933 1.876832365989685 -1.8548436164855957 0.0 0.0 0.0 -0.6914417743682861 0.7224321961402893
163845374338625002 1.8785778284072876 -1.895049810409546 0.0 0.0 0.0 -0.6914629340171814 0.7224119901657104
1638453743171624899 1.8797707557678223 -1.92154860496521 0.0 0.0 0.0 -0.6905695199966431 0.7232660055160522
1638453743337625027 1.8813189268112183 -1.9544414281845093 0.0 0.0 0.0 -0.6898556351661682 0.7239469885826111
1638453743503624916 1.8829493522644043 -1.9875836372375488 0.0 0.0 0.0 -0.6890233755111694 0.724739134311676
1638453743636625051 1.8843191862106323 -2.0142509937286377 0.0 0.0 0.0 -0.6883795857429504 0.7253506779670715
1638453743836624861 1.8864414691925049 -2.05405855178833 0.0 0.0 0.0 -0.687614381313324 0.726076066493988
163845374446423912 1.8887007236480713 -2.0949490070343018 0.0 0.0 0.0 -0.6869317889213562 0.7267218828201294
1638453744179424047 1.8902103900909424 -2.1213302612304688 0.0 0.0 0.0 -0.6864213943481445 0.7272040247917175
1638453744378423929 1.8925114870071411 -2.160646677017212 0.0 0.0 0.0 -0.6858829855918884 0.7277118563652039
1638453744527423859 1.8942922353744507 -2.1905362606048584 0.0 0.0 0.0 -0.6856408715248108 0.7279399633407593
1638453744693423986 1.896264672279358 -2.2239134311676025 0.0 0.0 0.0 -0.6861141324043274 0.727493941783905
1638453744830424070 1.8978538513183594 -2.2510251998901367 0.0 0.0 0.0 -0.6861032247543335 0.7275041937828064
1638453744996423960 1.899823546409607 -2.2840476036071777 0.0 0.0 0.0 -0.6856271624565125 0.7279528379440308
1638453745129423857 1.901419997215271 -2.3105506896972656 0.0 0.0 0.0 -0.685448408126831 0.7281212210655212
1638453745297424078 1.9034037590026855 -2.3436737060546875 0.0 0.0 0.0 -0.6860195994377136 0.727583110332489
1638453745430423975 1.9049469232559204 -2.3699262142181396 0.0 0.0 0.0 -0.6863081455230713 0.7273108959197998
1638453745595423937 1.9068284034729004 -2.403080463409424 0.0 0.0 0.0 -0.6870714426040649 0.7265898585319519
1638453745728424072 1.9083178043365479 -2.4297165870666504 0.0 0.0 0.0 -0.6872090697288513 0.7264597415924072
1638453745895423889 1.9101502895355225 -2.4630000591278076 0.0 0.0 0.0 -0.6874179840087891 0.7262620329856873
1638453746135423899 1.912753701210022 -2.5106396675109863 0.0 0.0 0.0 -0.6873188018798828 0.7263558506965637
1638453746301424026 1.9145922660827637 -2.543593645095825 0.0 0.0 0.0 -0.6870908141136169 0.7265715599060059
1638453746482861996 1.9164581298828125 -2.5770530700683594 0.0 0.0 0.0 -0.6870923042297363 0.7265701293945312
1638453746685862064 1.9186936616897583 -2.6176655292510986 0.0 0.0 0.0 -0.6874375343322754 0.7262435555458069
1638453746818861961 1.920145034790039 -2.644303560256958 0.0 0.0 0.0 -0.6877931356430054 0.7259067296981812
1638453746988862038 1.9219366312026978 -2.6780457496643066 0.0 0.0 0.0 -0.6880908012390137 0.7256245613098145
1638453747122861862 1.9233545064926147 -2.704786777496338 0.0 0.0 0.0 -0.6882473230361938 0.7254761457443237
1638453747290861845 1.9251035451889038 -2.7381255626678467 0.0 0.0 0.0 -0.6882369518280029 0.7254859805107117
1638453747423861980 1.9264777898788452 -2.7642862796783447 0.0 0.0 0.0 -0.6882290840148926 0.7254934310913086
1638453747589861870 1.9282408952713013 -2.797421932220459 0.0 0.0 0.0 -0.6878830790519714 0.7258214950561523
1638453747756861925 1.9300785064697266 -2.830857515335083 0.0 0.0 0.0 -0.6870555281639099 0.7266049385070801
1638453747888861895 1.9315757751464844 -2.857264518737793 0.0 0.0 0.0 -0.6866024136543274 0.7270331382751465
163845374858861971 1.933542013168335 -2.8909971714019775 0.0 0.0 0.0 -0.6858689188957214 0.727725088596344
1638453748192862034 1.9351475238800049 -2.9177024364471436 0.0 0.0 0.0 -0.6852329969406128 0.7283239364624023
1638453748360862017 1.9372130632400513 -2.9508962631225586 0.0 0.0 0.0 -0.6845313906669617 0.7289834022521973
1638453748496861935 1.9389151334762573 -2.9777984619140625 0.0 0.0 0.0 -0.6843754053115845 0.7291297912597656
1638453748634861946 1.940664291381836 -3.0054078102111816 0.0 0.0 0.0 -0.6845259070396423 0.728988528251648
1638453748769861937 1.9423644542694092 -3.0323102474212646 0.0 0.0 0.0 -0.684377133846283 0.7291281819343567
1638453748939888954 1.944581151008606 -3.0667881965637207 0.0 0.0 0.0 -0.6838046312332153 0.7296651601791382
163845374973889017 1.945831060409546 -3.085780620574951 0.0 0.0 0.0 -0.6825923919677734 0.7307993173599243
1638453749239888906 1.9458705186843872 -3.0863614082336426 0.0 0.0 0.0 -0.6825883388519287 0.7308031320571899
1638453749373888969 1.9458774328231812 -3.0864624977111816 0.0 0.0 0.0 -0.682363748550415 0.7310128211975098
1638453749539888859 1.9458906650543213 -3.0866646766662598 0.0 0.0 0.0 -0.6865150928497314 0.7271155118942261
1638453749673888922 1.9458907842636108 -3.0866646766662598 0.0 0.0 0.0 -0.6944961547851562 0.7194964289665222
1638453749841888905 1.945892095565796 -3.0866141319274902 0.0 0.0 0.0 -0.7106004953384399 0.703595757484436
1638453749977889061 1.9458907842636108 -3.0866646766662598 0.0 0.0 0.0 -0.7269906997680664 0.6866472959518433
1638453750146888971 1.9458988904953003 -3.0865890979766846 0.0 0.0 0.0 -0.7520968317985535 0.6590526103973389
1638453750279888868 1.9459033012390137 -3.086564064025879 0.0 0.0 0.0 -0.7739886045455933 0.6331995129585266
1638453750447888851 1.9459357261657715 -3.0864417552948 0.0 0.0 0.0 -0.8038116097450256 0.594883918762207
1638453750648889065 1.9459798336029053 -3.0863230228424072 0.0 0.0 0.0 -0.8399571180343628 0.5426527261734009
1638453750784888983 1.9460612535476685 -3.0861656665802 0.0 0.0 0.0 -0.8638067245483398 0.5038233399391174
1638453750950888872 1.9460315704345703 -3.0862066745758057 0.0 0.0 0.0 -0.8908211588859558 0.4543541669845581
163845375187888956 1.9459683895111084 -3.0862855911254883 0.0 0.0 0.0 -0.9107150435447693 0.4130353033542633
1638453751223888874 1.9459168910980225 -3.086341381072998 0.0 0.0 0.0 -0.9285091757774353 0.37130939960479736
1638453751388889074 1.9457628726959229 -3.086472749710083 0.0 0.0 0.0 -0.9475825428962708 0.3195111155509949
1638453751554977179 1.9456787109375 -3.0865285396575928 0.0 0.0 0.0 -0.96433025598526 0.2647019326686859
1638453751724977016 1.9456573724746704 -3.0865421295166016 0.0 0.0 0.0 -0.977901816368103 0.20906460285186768
1638453751891977072 1.9456814527511597 -3.086534023284912 0.0 0.0 0.0 -0.9882940649986267 0.15256088972091675
163845375226977062 1.9457056522369385 -3.08652663230896 0.0 0.0 0.0 -0.9941281080245972 0.10820969939231873
1638453752200977087 1.945555329322815 -3.0865468978881836 0.0 0.0 0.0 -0.9987196922302246 0.0505867525935173
1638453752400977135 1.9456307888031006 -3.0865392684936523 0.0 0.0 0.0 -0.9989616870880127 0.045558132231235504
1638453752567977190 1.9456559419631958 -3.0865368843078613 0.0 0.0 0.0 -0.9989597797393799 0.04559992998838425
1638453752732977152 1.945252776145935 -3.086573600769043 0.0 0.0 0.0 -0.9989963173866272 0.044791921973228455
1638453752932977200 1.9424545764923096 -3.0868241786956787 0.0 0.0 0.0 -0.9990012645721436 0.04468140751123428
1638453753102977037 1.937866449356079 -3.087236166000366 0.0 0.0 0.0 -0.9990005493164062 0.0446976013481617
1638453753236977100 1.9330263137817383 -3.0876688957214355 0.0 0.0 0.0 -0.9990111589431763 0.04446001723408699
1638453753371977091 1.926925539970398 -3.088214635848999 0.0 0.0 0.0 -0.9990068674087524 0.04455647990107536
1638453753538977146 1.9180516004562378 -3.08900785446167 0.0 0.0 0.0 -0.9990078806877136 0.044533852487802505
1638453753741976976 1.9053207635879517 -3.0901479721069336 0.0 0.0 0.0 -0.9990224242210388 0.04420623183250427
1638453753875977039 1.8952866792678833 -3.091041326522827 0.0 0.0 0.0 -0.9990260004997253 0.044124770909547806
163845375439474964 1.8822270631790161 -3.0921995639801025 0.0 0.0 0.0 -0.9990209341049194 0.04424029216170311
1638453754173474789 1.8714874982833862 -3.0931591987609863 0.0 0.0 0.0 -0.998997151851654 0.04477429762482643
1638453754342474937 1.856765627861023 -3.094484567642212 0.0 0.0 0.0 -0.9989842176437378 0.04506189748644829
1638453754509474993 1.8419427871704102 -3.095818519592285 0.0 0.0 0.0 -0.999006450176239 0.04456648603081703
1638453754642474890 1.8300690650939941 -3.0968823432922363 0.0 0.0 0.0 -0.9990062117576599 0.04457160457968712
1638453754844474792 1.8120942115783691 -3.098489284515381 0.0 0.0 0.0 -0.9990009069442749 0.044689979404211044
1638453754977474928 1.800144910812378 -3.0995614528656006 0.0 0.0 0.0 -0.9989951252937317 0.044819075614213943
1638453755145474911 1.7852215766906738 -3.100907325744629 0.0 0.0 0.0 -0.9989774227142334 0.045211948454380035
1638453755345474958 1.7673507928848267 -3.1025397777557373 0.0 0.0 0.0 -0.99895179271698 0.045774150639772415
1638453755550474882 1.7490522861480713 -3.104220390319824 0.0 0.0 0.0 -0.9989545941352844 0.04571317881345749
1638453755751474857 1.731056571006775 -3.1058762073516846 0.0 0.0 0.0 -0.9989302754402161 0.046241432428359985
1638453755883474827 1.7193877696990967 -3.1069586277008057 0.0 0.0 0.0 -0.9989222288131714 0.046415410935878754
163845375650474882 1.704569697380066 -3.108344078063965 0.0 0.0 0.0 -0.9988983273506165 0.04692697525024414
1638453756184474945 1.6926757097244263 -3.1094651222229004 0.0 0.0 0.0 -0.9988882541656494 0.04714084044098854
1638453756351475000 1.6778844594955444 -3.110866069793701 0.0 0.0 0.0 -0.9988770484924316 0.04737744480371475
1638453756528476954 1.662766456604004 -3.112306833267212 0.0 0.0 0.0 -0.9988776445388794 0.047364939004182816
1638453756696476936 1.6479508876800537 -3.113717555999756 0.0 0.0 0.0 -0.9989016652107239 0.046855174005031586
1638453756833476782 1.6356784105300903 -3.114868402481079 0.0 0.0 0.0 -0.9989235997200012 0.0463859997689724
1638453757476837 1.6208587884902954 -3.1162362098693848 0.0 0.0 0.0 -0.9989579916000366 0.04563863202929497
1638453757133476973 1.6089621782302856 -3.117328405380249 0.0 0.0 0.0 -0.998958170413971 0.04563505947589874
1638453757270476818 1.5967881679534912 -3.1184446811676025 0.0 0.0 0.0 -0.9989619255065918 0.04555312916636467
1638453757436476946 1.5818915367126465 -3.1198060512542725 0.0 0.0 0.0 -0.9989698529243469 0.045379266142845154
1638453757605476856 1.5668691396713257 -3.121180534362793 0.0 0.0 0.0 -0.9989492297172546 0.04583023861050606
1638453757772476912 1.551948070526123 -3.122551918029785 0.0 0.0 0.0 -0.9989395141601562 0.046041615307331085
1638453757941476822 1.5362714529037476 -3.1239988803863525 0.0 0.0 0.0 -0.9989343285560608 0.04615367203950882
163845375873476791 1.523115873336792 -3.12522029876709 0.0 0.0 0.0 -0.9989181160926819 0.04650353267788887
1638453758243476868 1.5049464702606201 -3.126924753189087 0.0 0.0 0.0 -0.9988977909088135 0.04693852737545967
1638453758444476843 1.481536626815796 -3.1291322708129883 0.0 0.0 0.0 -0.9989089965820312 0.04669882357120514
1638453758579476833 1.464829921722412 -3.130708694458008 0.0 0.0 0.0 -0.998883068561554 0.04725015163421631
1638453758746476889 1.4433097839355469 -3.1327340602874756 0.0 0.0 0.0 -0.9989142417907715 0.04658736288547516
1638453758880476952 1.4259967803955078 -3.1343507766723633 0.0 0.0 0.0 -0.998934268951416 0.04615545645356178
163845375927861118 1.4044983386993408 -3.1363365650177 0.0 0.0 0.0 -0.9989497065544128 0.04582035541534424
1638453759250860929 1.3755388259887695 -3.1390037536621094 0.0 0.0 0.0 -0.9989445209503174 0.045932769775390625
1638453759452861071 1.3494541645050049 -3.1414217948913574 0.0 0.0 0.0 -0.9989290237426758 0.04626870155334473
1638453759618860960 1.3279824256896973 -3.1434223651885986 0.0 0.0 0.0 -0.9989181160926819 0.046504124999046326
1638453759852860928 1.2966334819793701 -3.146362781524658 0.0 0.0 0.0 -0.998894453048706 0.04700937867164612
1638453759986860991 1.2780871391296387 -3.148113489151001 0.0 0.0 0.0 -0.9988940954208374 0.04701652377843857
1638453760157860994 1.2545753717422485 -3.1503190994262695 0.0 0.0 0.0 -0.9989120364189148 0.04663356766104698
1638453760324861050 1.2305066585540771 -3.152547597885132 0.0 0.0 0.0 -0.9989535212516785 0.045736879110336304
1638453760490860939 1.205803632736206 -3.1547882556915283 0.0 0.0 0.0 -0.9989938735961914 0.04484682157635689
1638453760725861073 1.1707369089126587 -3.1579301357269287 0.0 0.0 0.0 -0.9990010261535645 0.04468700289726257
1638453760894860983 1.1455543041229248 -3.160205841064453 0.0 0.0 0.0 -0.9989684224128723 0.04540986940264702
163845376194861031 1.1156100034713745 -3.16294264793396 0.0 0.0 0.0 -0.9989502429962158 0.0458083301782608
1638453761296860933 1.0855423212051392 -3.1657192707061768 0.0 0.0 0.0 -0.9989301562309265 0.046244293451309204
1638453761485249996 1.0600889921188354 -3.16809344291687 0.0 0.0 0.0 -0.9989084601402283 0.04671025276184082
1638453761686249971 1.030354380607605 -3.170897960662842 0.0 0.0 0.0 -0.9988887310028076 0.04713119566440582
1638453761886250019 1.000619888305664 -3.173703670501709 0.0 0.0 0.0 -0.9989055395126343 0.04677265137434006
163845376253249836 0.9757982492446899 -3.176037311553955 0.0 0.0 0.0 -0.9989068508148193 0.046745263040065765
1638453762254249811 0.9457861185073853 -3.1788647174835205 0.0 0.0 0.0 -0.9988630414009094 0.047672390937805176
1638453762386250019 0.9260587692260742 -3.180760145187378 0.0 0.0 0.0 -0.9988450407981873 0.04804735258221626
1638453762520249844 0.9060558676719666 -3.182699203491211 0.0 0.0 0.0 -0.9988197684288025 0.0485706627368927
1638453762685250044 0.8814194202423096 -3.1851072311401367 0.0 0.0 0.0 -0.9987978935241699 0.04901847615838051
1638453762819249868 0.8616711497306824 -3.187049627304077 0.0 0.0 0.0 -0.9987955093383789 0.04906705394387245
1638453762984249830 0.8372144103050232 -3.1894750595092773 0.0 0.0 0.0 -0.9987717270851135 0.049548909068107605
1638453763152249813 0.8122295141220093 -3.191960334777832 0.0 0.0 0.0 -0.9987965822219849 0.049045026302337646
1638453763357249975 0.7819255590438843 -3.1949267387390137 0.0 0.0 0.0 -0.9988210797309875 0.04854363575577736
1638453763557250023 0.7519981861114502 -3.197842597961426 0.0 0.0 0.0 -0.9988171458244324 0.048623889684677124
1638453763723249912 0.7272104620933533 -3.200263738632202 0.0 0.0 0.0 -0.9987982511520386 0.049010973423719406
1638453763890249968 0.7021996378898621 -3.202744245529175 0.0 0.0 0.0 -0.9987598061561584 0.049787748605012894
163845376439937973 0.6774678230285645 -3.205216407775879 0.0 0.0 0.0 -0.9987373352050781 0.05023624747991562
1638453764208937883 0.6524620652198792 -3.2077476978302 0.0 0.0 0.0 -0.9987310171127319 0.05036173388361931
1638453764376937866 0.6274315118789673 -3.210285186767578 0.0 0.0 0.0 -0.9987260699272156 0.05046019330620766
1638453764543937922 0.6027281284332275 -3.2127881050109863 0.0 0.0 0.0 -0.9987265467643738 0.050450313836336136
1638453764675937891 0.582986056804657 -3.2147927284240723 0.0 0.0 0.0 -0.9987115859985352 0.05074604973196983
1638453764843937874 0.5576809644699097 -3.2173821926116943 0.0 0.0 0.0 -0.9986875653266907 0.05121619626879692
163845376540937901 0.5264372229576111 -3.2206149101257324 0.0 0.0 0.0 -0.9986547231674194 0.0518527589738369
1638453765241937876 0.49429190158843994 -3.223987102508545 0.0 0.0 0.0 -0.9986068606376648 0.05276643857359886
1638453765441937923 0.4627050757408142 -3.227346420288086 0.0 0.0 0.0 -0.9985736012458801 0.05339211970567703
1638453765648937941 0.4300159811973572 -3.2308712005615234 0.0 0.0 0.0 -0.9985402822494507 0.05401170998811722
1638453765880938053 0.39315158128738403 -3.2348649501800537 0.0 0.0 0.0 -0.9985610842704773 0.05362638831138611
163845376683937883 0.3609420955181122 -3.238351583480835 0.0 0.0 0.0 -0.9985272288322449 0.05425287410616875
1638453766250937939 0.33429643511772156 -3.2412607669830322 0.0 0.0 0.0 -0.9985119700431824 0.054532479494810104
1638453766462631941 0.3020716607570648 -3.244840145111084 0.0 0.0 0.0 -0.9984304904937744 0.0560053214430809
1638453766630631924 0.2754133343696594 -3.2478647232055664 0.0 0.0 0.0 -0.998375415802002 0.056978777050971985
1638453766830631971 0.24373134970664978 -3.251513957977295 0.0 0.0 0.0 -0.9983429908752441 0.057543378323316574
1638453766998631954 0.21720775961875916 -3.2546021938323975 0.0 0.0 0.0 -0.9982942938804626 0.058382511138916016
1638453767133631945 0.19569027423858643 -3.257134199142456 0.0 0.0 0.0 -0.9982863068580627 0.05851889029145241
1638453767300632000 0.16937114298343658 -3.260227918624878 0.0 0.0 0.0 -0.9982879757881165 0.058490090072155
1638453767500631809 0.13749848306179047 -3.2639904022216797 0.0 0.0 0.0 -0.9982677102088928 0.05883508175611496
1638453767733631849 0.10040315240621567 -3.2684173583984375 0.0 0.0 0.0 -0.9981975555419922 0.060013286769390106
1638453767934631824 0.06854337453842163 -3.272287130355835 0.0 0.0 0.0 -0.9981564879417419 0.06069261208176613
163845376899632025 0.04236558452248573 -3.275496006011963 0.0 0.0 0.0 -0.9981253743171692 0.061202239245176315
1638453768299631834 0.010889379307627678 -3.279374599456787 0.0 0.0 0.0 -0.9981039762496948 0.061550386250019073
1638453768500631809 0.005715093109756708 -3.2800166606903076 0.0 0.0 0.0 -0.9980905055999756 0.061768483370542526
1638453768734632015 0.005489008501172066 -3.2800443172454834 0.0 0.0 0.0 -0.9983112812042236 0.0580914169549942
1638453768902631998 0.005413525737822056 -3.280052661895752 0.0 0.0 0.0 -0.9988011717796326 0.048951443284749985
163845376976196194 0.005438744090497494 -3.28005051612854 0.0 0.0 0.0 -0.9994102120399475 0.034339308738708496
1638453769278196096 0.005312381777912378 -3.280057430267334 0.0 0.0 0.0 -0.999960720539093 0.008861620910465717
1638453769442196131 0.005185834597796202 -3.280057430267334 0.0 0.0 0.0 -0.9998753070831299 -0.015792114660143852
1638453769577196121 0.005160563625395298 -3.2800559997558594 0.0 0.0 0.0 -0.9993492364883423 -0.03607150539755821
1638453769779196024 0.005110052414238453 -3.280052423477173 0.0 0.0 0.0 0.9972544312477112 0.07405108213424683
1638453769977196217 0.005059998016804457 -3.2800447940826416 0.0 0.0 0.0 0.9929108619689941 0.11886152625083923
1638453770183196068 0.005035566631704569 -3.2800381183624268 0.0 0.0 0.0 0.9844982624053955 0.1753944754600525
1638453770350196123 0.005082339514046907 -3.280057668685913 0.0 0.0 0.0 0.9748285412788391 0.22295597195625305
1638453770482196093 0.005173100624233484 -3.280102491378784 0.0 0.0 0.0 0.9656832814216614 0.259722501039505
1638453770650196075 0.005237872712314129 -3.280142068862915 0.0 0.0 0.0 0.9514644145965576 0.30775880813598633
1638453770852196217 0.005336386617273092 -3.2802212238311768 0.0 0.0 0.0 0.9318453073501587 0.3628557622432709
163845377150196171 0.005423911847174168 -3.2803125381469727 0.0 0.0 0.0 0.909237802028656 0.416277140378952
1638453771252196074 0.005485321395099163 -3.28039288520813 0.0 0.0 0.0 0.8828145265579224 0.46972179412841797
1638453771453196049 0.0054828329011797905 -3.2803943157196045 0.0 0.0 0.0 0.8545548319816589 0.519361138343811
1638453771654536963 0.005501610692590475 -3.2804415225982666 0.0 0.0 0.0 0.8222960233688354 0.5690599679946899
1638453771788537025 0.005460852291435003 -3.2803218364715576 0.0 0.0 0.0 0.8001465201377869 0.5998045802116394
1638453771986536980 0.005415353924036026 -3.2801246643066406 0.0 0.0 0.0 0.7645950317382812 0.6445109844207764
1638453772157536983 0.0053956289775669575 -3.2799739837646484 0.0 0.0 0.0 0.7312078475952148 0.6821547150611877
1638453772328536987 0.0053945803083479404 -3.2799487113952637 0.0 0.0 0.0 0.696690022945404 0.7173722982406616
1638453772497537136 0.005407750606536865 -3.2797975540161133 0.0 0.0 0.0 0.6619604229927063 0.749538779258728
1638453772633537054 0.00540145393460989 -3.2798478603363037 0.0 0.0 0.0 0.6587908864021301 0.7523261308670044
1638453772800537109 0.005401466507464647 -3.2798478603363037 0.0 0.0 0.0 0.6586094498634338 0.7524849772453308
16384537733536940 0.005381572525948286 -3.2799980640411377 0.0 0.0 0.0 0.6624521613121033 0.7491042017936707
1638453773138536930 0.005378516390919685 -3.2800230979919434 0.0 0.0 0.0 0.667416512966156 0.744684636592865
1638453773271537066 0.005380923394113779 -3.2799978256225586 0.0 0.0 0.0 0.6721593737602234 0.7404065132141113
1638453773437536955 0.005378438625484705 -3.2800230979919434 0.0 0.0 0.0 0.6784192323684692 0.7346749901771545
1638453773570537090 0.0053802598267793655 -3.2799978256225586 0.0 0.0 0.0 0.6811831593513489 0.7321130633354187
1638453773737537146 0.005378428380936384 -3.2800230979919434 0.0 0.0 0.0 0.6810388565063477 0.7322472929954529
1638453773904536963 0.005410923156887293 -3.2795684337615967 0.0 0.0 0.0 0.6815280914306641 0.7317919731140137
1638453774100860834 0.0056073409505188465 -3.2768166065216064 0.0 0.0 0.0 0.6814796328544617 0.7318370938301086
1638453774299860954 0.0059810057282447815 -3.2715904712677 0.0 0.0 0.0 0.6814908385276794 0.7318266034126282
1638453774498860836 0.00639356579631567 -3.2657835483551025 0.0 0.0 0.0 0.6816698908805847 0.7316598296165466
1638453774697860956 0.0068032508715987206 -3.2600271701812744 0.0 0.0 0.0 0.6814863681793213 0.7318308353424072
1638453774830860853 0.007076974958181381 -3.256164312362671 0.0 0.0 0.0 0.6817425489425659 0.7315921783447266
1638453774996860981 0.007445840165019035 -3.2509379386901855 0.0 0.0 0.0 0.6817604303359985 0.7315754890441895
1638453775193861008 0.00797522533684969 -3.2434139251708984 0.0 0.0 0.0 0.6818454265594482 0.731496274471283
1638453775327860832 0.008383536711335182 -3.237607002258301 0.0 0.0 0.0 0.6818621158599854 0.7314807176589966
1638453775494860888 0.0089561827480793 -3.229451894760132 0.0 0.0 0.0 0.6819911599159241 0.7313604354858398
1638453775693861008 0.009651849046349525 -3.2195801734924316 0.0 0.0 0.0 0.68172287940979 0.7316104769706726
1638453775827860832 0.010125268250703812 -3.212864398956299 0.0 0.0 0.0 0.6817247867584229 0.7316086888313293
163845377627860880 0.010846475139260292 -3.202714681625366 0.0 0.0 0.0 0.6817250847816467 0.7316083908081055
1638453776227860928 0.011674772948026657 -3.190999746322632 0.0 0.0 0.0 0.6820082664489746 0.73134446144104
1638453776396860838 0.01237040851265192 -3.181077241897583 0.0 0.0 0.0 0.6820285320281982 0.7313255667686462
1638453776537291050 0.012919491156935692 -3.173199415206909 0.0 0.0 0.0 0.6819773316383362 0.7313733100891113
1638453776706290960 0.013617180287837982 -3.163175582885742 0.0 0.0 0.0 0.6822434067726135 0.7311251163482666
1638453776874290943 0.01431143656373024 -3.1531765460968018 0.0 0.0 0.0 0.6823341846466064 0.731040358543396
163845377741290998 0.01499002892524004 -3.143303394317627 0.0 0.0 0.0 0.6824371814727783 0.7309442758560181
1638453777206290960 0.015661800280213356 -3.133455276489258 0.0 0.0 0.0 0.6825897097587585 0.7308018207550049
1638453777339290857 0.01620233990252018 -3.125525951385498 0.0 0.0 0.0 0.6827649474143982 0.7306380867958069
1638453777472290993 0.016744017601013184 -3.1175971031188965 0.0 0.0 0.0 0.6824467778205872 0.730935275554657
1638453777641290903 0.017437877133488655 -3.107471227645874 0.0 0.0 0.0 0.6823965311050415 0.7309821844100952
1638453777775290966 0.01798262447118759 -3.0995423793792725 0.0 0.0 0.0 0.6825291514396667 0.7308583855628967
1638453777975291014 0.018803240731358528 -3.0875985622406006 0.0 0.0 0.0 0.6826448440551758 0.730750322341919
1638453778143290997 0.019484620541334152 -3.0776748657226562 0.0 0.0 0.0 0.6823880076408386 0.7309901714324951
1638453778277290821 0.020029453560709953 -3.06972074508667 0.0 0.0 0.0 0.6824677586555481 0.7309157252311707
1638453778444290876 0.020700538530945778 -3.0598978996276855 0.0 0.0 0.0 0.682718813419342 0.7306811809539795
1638453778578290939 0.021236050873994827 -3.052044630050659 0.0 0.0 0.0 0.6825909614562988 0.7308006286621094
1638453778746290922 0.02190522849559784 -3.042196035385132 0.0 0.0 0.0 0.6827386021614075 0.7306627035140991
1638453778950290918 0.02271701581776142 -3.0301754474639893 0.0 0.0 0.0 0.6829056143760681 0.7305065989494324
1638453779107846022 0.023378297686576843 -3.020301103591919 0.0 0.0 0.0 0.6832249760627747 0.7302079200744629
1638453779305845976 0.02415849268436432 -3.008633852005005 0.0 0.0 0.0 0.6831908226013184 0.7302399277687073
1638453779504846096 0.024941381067037582 -2.9969160556793213 0.0 0.0 0.0 0.6832348108291626 0.7301987409591675
1638453779670845985 0.025596579536795616 -2.9870922565460205 0.0 0.0 0.0 0.6831775307655334 0.7302523255348206
1638453779836846113 0.026249172165989876 -2.9772937297821045 0.0 0.0 0.0 0.6831159591674805 0.7303099632263184
1638453779971846104 0.026777446269989014 -2.969313144683838 0.0 0.0 0.0 0.6835059523582458 0.7299449443817139
1638453780171846151 0.027562417089939117 -2.9573922157287598 0.0 0.0 0.0 0.6834443807601929 0.7300025820732117
1638453780374845982 0.02835121378302574 -2.9453952312469482 0.0 0.0 0.0 0.6836539506912231 0.7298063039779663
1638453780543846130 0.029007581993937492 -2.935342788696289 0.0 0.0 0.0 0.6836106181144714 0.7298468947410583
1638453780742846012 0.02977740578353405 -2.9234719276428223 0.0 0.0 0.0 0.6838103532791138 0.7296597957611084
1638453780942846060 0.030545556917786598 -2.9115755558013916 0.0 0.0 0.0 0.683901846408844 0.7295740246772766
163845378176846123 0.03106294572353363 -2.903543472290039 0.0 0.0 0.0 0.6840043067932129 0.7294779419898987
1638453781278846025 0.031845346093177795 -2.891495704650879 0.0 0.0 0.0 0.683832585811615 0.729638934135437
1638453781447845936 0.03250265493988991 -2.881443500518799 0.0 0.0 0.0 0.6836636066436768 0.7297973036766052
1638453781652398109 0.03330962359905243 -2.869143486022949 0.0 0.0 0.0 0.6832541227340698 0.7301806211471558
1638453781785398006 0.03391386568546295 -2.8600263595581055 0.0 0.0 0.0 0.6832295656204224 0.7302036285400391
1638453781987398148 0.03493985906243324 -2.8445956707000732 0.0 0.0 0.0 0.6831889748573303 0.730241596698761
1638453782191398144 0.03611709550023079 -2.8268918991088867 0.0 0.0 0.0 0.6832512021064758 0.7301834225654602
1638453782358398199 0.03718031197786331 -2.810854911804199 0.0 0.0 0.0 0.6832852363586426 0.7301515340805054
1638453782525398016 0.03826494514942169 -2.794337272644043 0.0 0.0 0.0 0.6843244433403015 0.7291776537895203
1638453782696398020 0.03922230750322342 -2.7773048877716064 0.0 0.0 0.0 0.6897653937339783 0.7240329384803772
1638453782870398045 0.039913736283779144 -2.760082244873047 0.0 0.0 0.0 0.6956014633178711 0.718427836894989
163845378337398100 0.040310557931661606 -2.7433063983917236 0.0 0.0 0.0 0.7018505930900574 0.7123241424560547
1638453783203398228 0.04042312502861023 -2.726778984069824 0.0 0.0 0.0 0.7077120542526245 0.7065010070800781
1638453783373398066 0.04025103524327278 -2.7098469734191895 0.0 0.0 0.0 0.7134113311767578 0.7007455229759216
1638453783577398062 0.03981667011976242 -2.689349889755249 0.0 0.0 0.0 0.7148563265800476 0.6992713809013367
1638453783744398117 0.039442189037799835 -2.6726741790771484 0.0 0.0 0.0 0.7151743173599243 0.6989461183547974
1638453783944398165 0.03898606821894646 -2.6527092456817627 0.0 0.0 0.0 0.7150722146034241 0.6990506052970886
1638453784159636974 0.03849894553422928 -2.6316819190979004 0.0 0.0 0.0 0.7152938842773438 0.6988237500190735
1638453784326637030 0.03811606764793396 -2.6152091026306152 0.0 0.0 0.0 0.7152596116065979 0.6988588571548462
1638453784492636919 0.03770627826452255 -2.5978002548217773 0.0 0.0 0.0 0.7154569029808044 0.6986568570137024
1638453784691637039 0.037152957171201706 -2.574470281600952 0.0 0.0 0.0 0.715417742729187 0.6986969709396362
1638453784889636993 0.036537375301122665 -2.5498762130737305 0.0 0.0 0.0 0.7160540819168091 0.6980448365211487
163845378558636904 0.03595877066254616 -2.5278637409210205 0.0 0.0 0.0 0.7166075110435486 0.6974766254425049
1638453785226636887 0.03535948693752289 -2.5059781074523926 0.0 0.0 0.0 0.7170018553733826 0.6970712542533875
1638453785392637014 0.03474573418498039 -2.4844727516174316 0.0 0.0 0.0 0.7171291708946228 0.6969403028488159
1638453785558636904 0.034116197377443314 -2.4627652168273926 0.0 0.0 0.0 0.7174214720726013 0.696639358997345
1638453785727636814 0.03348284214735031 -2.4409565925598145 0.0 0.0 0.0 0.7172412276268005 0.6968249678611755
1638453785894636869 0.03285486251115799 -2.4193506240844727 0.0 0.0 0.0 0.7172829508781433 0.6967819929122925
163845378694636917 0.032092731446027756 -2.3936715126037598 0.0 0.0 0.0 0.7175723910331726 0.6964839696884155
1638453786294636965 0.031309373676776886 -2.367664098739624 0.0 0.0 0.0 0.7176228761672974 0.6964318752288818
1638453786429636955 0.0307803712785244 -2.3501570224761963 0.0 0.0 0.0 0.717812180519104 0.696236789226532
1638453786602031946 0.0301149133592844 -2.328500986099243 0.0 0.0 0.0 0.717868447303772 0.6961787939071655
1638453786807031870 0.029264044016599655 -2.3017356395721436 0.0 0.0 0.0 0.718541145324707 0.695484459400177
1638453786941031933 0.02868863195180893 -2.2843568325042725 0.0 0.0 0.0 0.7188871502876282 0.6951268315315247
163845378774031830 0.02810703217983246 -2.2669782638549805 0.0 0.0 0.0 0.7187821865081787 0.6952353119850159
1638453787241031885 0.027373619377613068 -2.244767665863037 0.0 0.0 0.0 0.7186894416809082 0.6953312158584595
1638453787454031944 0.026469947770237923 -2.2171685695648193 0.0 0.0 0.0 0.7186830639839172 0.6953378319740295
1638453787653031826 0.02550806663930416 -2.187697410583496 0.0 0.0 0.0 0.7184288501739502 0.6956004500389099
1638453787855031967 0.024566249921917915 -2.1580231189727783 0.0 0.0 0.0 0.718083381652832 0.6959570646286011
1638453787988031864 0.023938344791531563 -2.138113498687744 0.0 0.0 0.0 0.7181776762008667 0.6958597898483276
1638453788189031839 0.02293332666158676 -2.1070990562438965 0.0 0.0 0.0 0.7184680104255676 0.6955599784851074
1638453788356031895 0.022063858807086945 -2.0803849697113037 0.0 0.0 0.0 0.7184845805168152 0.6955428719520569
1638453788558031797 0.021034324541687965 -2.0480542182922363 0.0 0.0 0.0 0.7182399034500122 0.6957955956459045
1638453788726031780 0.020189272239804268 -2.0208585262298584 0.0 0.0 0.0 0.7178395390510559 0.6962085962295532
1638453788892031908 0.01935521326959133 -1.9930293560028076 0.0 0.0 0.0 0.717290461063385 0.6967743039131165
163845378926031971 0.018702294677495956 -1.9706642627716064 0.0 0.0 0.0 0.7174924612045288 0.6965662837028503
1638453789190357208 0.017886504530906677 -1.942707896232605 0.0 0.0 0.0 0.7173604369163513 0.696702241897583
1638453789391357183 0.016904329881072044 -1.908552646636963 0.0 0.0 0.0 0.7174275517463684 0.6966331005096436
1638453789524357080 0.01625075191259384 -1.886086106300354 0.0 0.0 0.0 0.7172916531562805 0.6967730522155762
1638453789693356991 0.015399283729493618 -1.857421636581421 0.0 0.0 0.0 0.7177165150642395 0.6963354349136353
1638453789825357199 0.014730257913470268 -1.8348544836044312 0.0 0.0 0.0 0.7171469926834106 0.6969219446182251
163845379057357073 0.013604786247015 -1.7957909107208252 0.0 0.0 0.0 0.717239499092102 0.696826696395874
1638453790225357056 0.012790560722351074 -1.7675813436508179 0.0 0.0 0.0 0.7171666622161865 0.6969016790390015
1638453790426357031 0.011831861920654774 -1.7335014343261719 0.0 0.0 0.0 0.7168404459953308 0.6972371935844421
1638453790592357159 0.011039817705750465 -1.705367088317871 0.0 0.0 0.0 0.717086136341095 0.696984589099884
1638453790725357056 0.010381662286818027 -1.682774305343628 0.0 0.0 0.0 0.7174084186553955 0.6966528296470642
1638453790892357111 0.009530364535748959 -1.6545151472091675 0.0 0.0 0.0 0.717625081539154 0.6964296698570251
163845379124357080 0.008847502060234547 -1.6321256160736084 0.0 0.0 0.0 0.717886745929718 0.6961598992347717
1638453791189357042 0.007987932302057743 -1.6041197776794434 0.0 0.0 0.0 0.7177263498306274 0.6963253021240234
1638453791389357090 0.006944690365344286 -1.5706499814987183 0.0 0.0 0.0 0.7183091640472412 0.6957240104675293
1638453791544304132 0.006029924843460321 -1.5423927307128906 0.0 0.0 0.0 0.7187801599502563 0.695237398147583
1638453791745304108 0.004870072938501835 -1.5083189010620117 0.0 0.0 0.0 0.7191709280014038 0.6948332190513611
1638453791950304031 0.0036551321391016245 -1.4736900329589844 0.0 0.0 0.0 0.7196676135063171 0.6943187713623047
163845379282304001 0.0028235057834535837 -1.451178789138794 0.0 0.0 0.0 0.7203148007392883 0.6936472654342651
1638453792284304142 0.0015175289008766413 -1.416983723640442 0.0 0.0 0.0 0.7207075357437134 0.6932392716407776
1638453792484303951 0.000252348167123273 -1.3831924200057983 0.0 0.0 0.0 0.7199717164039612 0.6940034031867981
1638453792618304014 -0.0005810338770970702 -1.3607319593429565 0.0 0.0 0.0 0.7201743721961975 0.6937931180000305
1638453792786303997 -0.001616692985408008 -1.3324788808822632 0.0 0.0 0.0 0.7197068929672241 0.6942780017852783
1638453792985304117 -0.0028288846369832754 -1.2987616062164307 0.0 0.0 0.0 0.7198532819747925 0.6941262483596802
1638453793152303934 -0.0038774225395172834 -1.2703062295913696 0.0 0.0 0.0 0.7201332449913025 0.6938358545303345
1638453793352303982 -0.005157263483852148 -1.2362874746322632 0.0 0.0 0.0 0.7202887535095215 0.6936743855476379
1638453793554304123 -0.006403375882655382 -1.2020900249481201 0.0 0.0 0.0 0.7195175886154175 0.6944742202758789
1638453793787303925 -0.007780473213642836 -1.1629586219787598 0.0 0.0 0.0 0.7193117737770081 0.6946873664855957
1638453793985304117 -0.008953618817031384 -1.1296197175979614 0.0 0.0 0.0 0.7195005416870117 0.6944918632507324
1638453794195897818 -0.0101549057289958 -1.0954208374023438 0.0 0.0 0.0 0.7196325659751892 0.6943550705909729
1638453794431897879 -0.011614172719419003 -1.0553805828094482 0.0 0.0 0.0 0.7199785113334656 0.6939963698387146
1638453794596897840 -0.01265318226069212 -1.0272289514541626 0.0 0.0 0.0 0.7200273871421814 0.6939456462860107
1638453794799897909 -0.013875780627131462 -0.9928789138793945 0.0 0.0 0.0 0.7192386388778687 0.6947631239891052
1638453795136897802 -0.01579628884792328 -0.9362408518791199 0.0 0.0 0.0 0.7186793684959412 0.6953415870666504
1638453795306897879 -0.016720207408070564 -0.9075534343719482 0.0 0.0 0.0 0.718186616897583 0.6958505511283875
1638453795477897882 -0.017643606290221214 -0.8785114884376526 0.0 0.0 0.0 0.7183892726898193 0.6956413388252258
1638453795646898031 -0.018596120178699493 -0.8498502969741821 0.0 0.0 0.0 0.7188254594802856 0.6951906085014343
1638453795845897913 -0.01980084553360939 -0.8159047961235046 0.0 0.0 0.0 0.7198183536529541 0.6941624879837036
163845379683897829 -0.021264199167490005 -0.7757633328437805 0.0 0.0 0.0 0.7196516990661621 0.6943352222442627
1638453796250897884 -0.022253455594182014 -0.7476859092712402 0.0 0.0 0.0 0.7191024422645569 0.694904088973999
1638453796448897839 -0.023407980799674988 -0.7142198085784912 0.0 0.0 0.0 0.7191431522369385 0.6948619484901428
1638453796633381128 -0.024381713941693306 -0.6855846643447876 0.0 0.0 0.0 0.719028890132904 0.6949802041053772
1638453796800381184 -0.025356978178024292 -0.657278835773468 0.0 0.0 0.0 0.7191677093505859 0.6948364973068237
1638453796934381008 -0.026154112070798874 -0.6345891356468201 0.0 0.0 0.0 0.7196679711341858 0.694318413734436
1638453797103381157 -0.02718840166926384 -0.605930745601654 0.0 0.0 0.0 0.7197365164756775 0.6942473649978638
1638453797301381111 -0.028417183086276054 -0.5723912119865417 0.0 0.0 0.0 0.7201354503631592 0.6938335299491882
1638453797434381008 -0.029255874454975128 -0.5500069856643677 0.0 0.0 0.0 0.7203319668769836 0.6936295032501221
1638453797602380991 -0.03032580204308033 -0.5217551589012146 0.0 0.0 0.0 0.720505952835083 0.6934487819671631
1638453797736381054 -0.031190596520900726 -0.4992959201335907 0.0 0.0 0.0 0.7209571599960327 0.692979633808136
1638453797901381016 -0.03232371062040329 -0.47114792466163635 0.0 0.0 0.0 0.7213544249534607 0.6925660967826843
163845379836381006 -0.033261850476264954 -0.4481596350669861 0.0 0.0 0.0 0.7214829921722412 0.692432165145874
1638453798205381155 -0.03446498140692711 -0.4196345806121826 0.0 0.0 0.0 0.7222055792808533 0.6916784644126892
1638453798338381052 -0.03544054925441742 -0.3970278799533844 0.0 0.0 0.0 0.722084641456604 0.6918047070503235
1638453798504381180 -0.03665648400783539 -0.3688580095767975 0.0 0.0 0.0 0.722175121307373 0.6917102336883545
1638453798639381170 -0.037640295922756195 -0.3461756408214569 0.0 0.0 0.0 0.7221651673316956 0.6917206048965454
1638453798771381140 -0.03859243914484978 -0.3239986002445221 0.0 0.0 0.0 0.7219316959381104 0.691964328289032
1638453798938381195 -0.03976244851946831 -0.29592812061309814 0.0 0.0 0.0 0.7214482426643372 0.6924683451652527
1638453799115974903 -0.04117252305150032 -0.2617877721786499 0.0 0.0 0.0 0.7217381596565247 0.6921662092208862
1638453799280974865 -0.0423508919775486 -0.23381896317005157 0.0 0.0 0.0 0.7217754125595093 0.6921273469924927
1638453799479974985 -0.043764274567365646 -0.20005877315998077 0.0 0.0 0.0 0.721717357635498 0.6921878457069397
1638453799646975040 -0.04491463676095009 -0.17178483307361603 0.0 0.0 0.0 0.7211353182792664 0.6927942633628845
1638453799844974995 -0.04621635749936104 -0.1384000927209854 0.0 0.0 0.0 0.7204319834709167 0.6935256123542786
163845380083975077 -0.047764070332050323 -0.09823653846979141 0.0 0.0 0.0 0.7204076647758484 0.6935508847236633
1638453800251975060 -0.048865292221307755 -0.06970732659101486 0.0 0.0 0.0 0.7210140824317932 0.6929203867912292
1638453800450974941 -0.05023811385035515 -0.03597079589962959 0.0 0.0 0.0 0.7217686772346497 0.6921343803405762
1638453800651974916 -0.05162650719285011 -0.0037802245933562517 0.0 0.0 0.0 0.7224760055541992 0.6913959980010986
1638453800852974892 -0.05169772356748581 -0.0021619070321321487 0.0 0.0 0.0 0.7227174639701843 0.6911435723304749
163845380151975012 -0.051700007170438766 -0.0021113369148224592 0.0 0.0 0.0 0.7228409051895142 0.6910144686698914
1638453801255975008 -0.051711756736040115 -0.0018331686733290553 0.0 0.0 0.0 0.7188710570335388 0.695143461227417
1638453801454974890 -0.05171125382184982 -0.0018584715435281396 0.0 0.0 0.0 0.7064896821975708 0.7077233195304871
1638453801624464989 -0.05171085149049759 -0.0019344375468790531 0.0 0.0 0.0 0.6888896822929382 0.7248662114143372
1638453801790465117 -0.051722027361392975 -0.0020096853841096163 0.0 0.0 0.0 0.6646389961242676 0.7471646666526794
1638453801990465164 -0.05172394961118698 -0.0019837094005197287 0.0 0.0 0.0 0.6261295676231384 0.7797190546989441
1638453802190464973 -0.05173056572675705 -0.00200819899328053 0.0 0.0 0.0 0.5777170062065125 0.8162371516227722
1638453802392465115 -0.05183864012360573 -0.0022644097916781902 0.0 0.0 0.0 0.5196372270584106 0.8543869853019714
1638453802527465105 -0.05185100808739662 -0.002286538714542985 0.0 0.0 0.0 0.4809883236885071 0.8767269849777222
1638453802693464994 -0.051791001111269 -0.002205147407948971 0.0 0.0 0.0 0.43116286396980286 0.9022741317749023
1638453802894464970 -0.0517735481262207 -0.0021867407485842705 0.0 0.0 0.0 0.36837148666381836 0.9296786785125732
163845380326465178 -0.05171695351600647 -0.0021361231338232756 0.0 0.0 0.0 0.32718387246131897 0.9449607133865356
1638453803225465059 -0.051572393625974655 -0.0020339982584118843 0.0 0.0 0.0 0.26419928669929504 0.9644681215286255
1638453803392465115 -0.051594819873571396 -0.0020455983467400074 0.0 0.0 0.0 0.20874248445034027 0.9779706597328186
1638453803594465017 -0.05157027766108513 -0.002039319835603237 0.0 0.0 0.0 0.14182014763355255 0.9898924231529236
1638453803829465151 -0.0514221265912056 -0.002006078138947487 0.0 0.0 0.0 0.0939362496137619 0.9955782294273376
163845380428465033 -0.05139726400375366 -0.002001347951591015 0.0 0.0 0.0 0.09386610984802246 0.9955848455429077
1638453804228278875 -0.0514221265912056 -0.0020060816314071417 0.0 0.0 0.0 0.09398616850376129 0.9955735206604004
1638453804427278996 -0.05139726400375366 -0.0020013435278087854 0.0 0.0 0.0 0.09403322637081146 0.9955690503120422
1638453804593278885 -0.051397260278463364 -0.002001346554607153 0.0 0.0 0.0 0.09396594762802124 0.9955754280090332
1638453804794278860 -0.051397260278463364 -0.0020013514440506697 0.0 0.0 0.0 0.09382864832878113 0.9955883622169495
1638453804994278908 -0.0514221265912056 -0.002006080001592636 0.0 0.0 0.0 0.09391564130783081 0.9955801367759705
1638453805126278877 -0.05139726400375366 -0.00200134189799428 0.0 0.0 0.0 0.09401571750640869 0.995570719242096
1638453805291279078 -0.05139726400375366 -0.0020013421308249235 0.0 0.0 0.0 0.09394467622041702 0.9955773949623108
1638453805493278980 -0.0514221265912056 -0.0020060797687619925 0.0 0.0 0.0 0.0939367413520813 0.9955781698226929
1638453805692278862 -0.0514221265912056 -0.002006079303100705 0.0 0.0 0.0 0.0942407101392746 0.9955494403839111
1638453805893279076 -0.0514221265912056 -0.00200607324950397 0.0 0.0 0.0 0.09403162449598312 0.9955692291259766
163845380694279051 0.007502594558644993 0.03387493411066391 -0.0023604712259203847 7.487999193557967e-05 -0.0011141184610976424 0.07562979250118439 0.9971353229815758
1638453806294278860 0.09301786194212511 0.08587132500551037 -0.0057798996949728326 0.00018341172793280737 -0.0027278552864552644 0.04891206231189113 0.9987993505736884
1638453806495279074 0.09301786168990901 0.08587132222295167 -0.005779899698104728 0.00018345266782634004 -0.0027278525888505055 0.04889707457483988 0.9988001046516275
1638453806645787001 0.09301786164787298 0.08587132175919189 -0.005779899698626711 0.00018336705636593875 -0.0027278582609202 0.048928417493881236 0.9987985390141396
1638453806880786896 0.09304304992695639 0.08587379438715301 -0.005779761327772403 0.00018323974099584262 -0.002727866754883973 0.04897503098182812 0.9987962320911088
163845380781786871 0.09301786183703506 0.0858713238461109 -0.005779899696277789 0.00018333297664842367 -0.0027278605029277514 0.04894089362936079 0.99879790999868
1638453807283787012 0.09301786154278296 0.08587132059979244 -0.005779899699931668 0.00018344310136709873 -0.002727853154498541 0.04890057403123018 0.998799904938796
1638453807450787067 0.09301786179499905 0.08587132338235112 -0.005779899696799771 0.00018370161856565083 -0.0027278356994283673 0.04880591531704175 0.9988045136931409
1638453807624786854 0.09304305003204642 0.08587379554655247 -0.005779761326467447 0.00018359609612540013 -0.0027278427944705036 0.04884455217346902 0.9988026216392187
1638453807791786909 0.09301786171092702 0.08587132245483156 -0.005779899697843737 0.00018368382474357538 -0.0027278369430860762 0.04881243249516407 0.9988042118094863
1638453807924787045 0.09304304975881234 0.08587379253211389 -0.005779761329860334 0.00018355590620282498 -0.002727845535172995 0.048859269271417004 0.9988019149857157
163845380890786934 0.09301786141667492 0.08587131920851308 -0.005779899701497615 0.00018354140172893913 -0.0027278465739275005 0.04886458274935822 0.9988016779897949
1638453808357786894 0.09301786160583699 0.08587132129543211 -0.005779899699148694 0.00018354796031962959 -0.002727846167391866 0.04886218279193954 0.9988018081019044
1638453808555786848 0.09304305001102842 0.08587379531467258 -0.005779761326728438 0.00018329482346086858 -0.002727863077398596 0.0489548637398193 0.9987972292245249
