1638453711664713653 0.0 0.0 0.0 0.0 0.0 0.0 1.0
1638453711865270893 -0.00865936279296875 -0.00164031982421875 0.0 0.0 0.0 0.0013628609012812376 0.9999990463256836
1638453712065785789 -0.0089263916015625 -0.00305938720703125 0.0 0.0 0.0 0.0011983145959675312 0.9999992847442627
1638453712266197974 -0.007305145263671875 -0.005367279052734375 0.0 0.0 0.0 0.002074422314763069 0.9999978542327881
1638453712467157148 -0.00339508056640625 -0.001495361328125 0.0 0.0 0.0 0.0016304508317261934 0.9999986886978149
1638453712667586521 -0.00415802001953125 0.001983642578125 0.0 0.0 0.0 -0.001275928458198905 0.9999991655349731
1638453712868132563 -0.004772186279296875 -0.002635955810546875 0.0 0.0 0.0 -0.0006674845353700221 0.9999997615814209
1638453713068776888 -0.003849029541015625 -0.001697540283203125 0.0 0.0 0.0 0.0011681504547595978 0.9999993443489075
1638453713269252721 -0.003814697265625 -0.00439453125 0.0 0.0 0.0 0.0011433630716055632 0.9999993443489075
1638453713469879962 -0.006023406982421875 -0.00139617919921875 0.0 0.0 0.0 0.0008352524600923061 0.9999996423721313
1638453713670455692 -0.00833892822265625 -0.004486083984375 0.0 0.0 0.0 0.0024238002952188253 0.999997079372406
1638453713871157361 -0.005832672119140625 -0.002994537353515625 0.0 0.0 0.0 0.003070628037676215 0.9999952912330627
1638453714071645121 -0.00861358642578125 -0.00177764892578125 0.0 0.0 0.0 0.0007427140371873975 0.9999997019767761
1638453714272255748 -0.0036468505859375 -0.00122833251953125 0.0 0.0 0.0 0.0002983121667057276 0.9999999403953552
1638453714472937365 -0.01001739501953125 -0.003078460693359375 0.0 0.0 0.0 0.002317587612196803 0.9999973177909851
1638453714673426947 -0.00782012939453125 7.2479248046875e-05 0.0 0.0 0.0 -0.0011226254282519221 0.9999993443489075
1638453714874159347 -0.00861358642578125 -0.00429534912109375 0.0 0.0 0.0 0.002604351146146655 0.9999966025352478
1638453715074855547 -0.003276824951171875 -0.001361846923828125 0.0 0.0 0.0 0.0018526451895013452 0.9999982714653015
1638453715275557008 -0.0118560791015625 -0.00066375732421875 0.0 0.0 0.0 0.0022921895142644644 0.9999973773956299
1638453715476421389 -0.006534576416015625 -0.00107574462890625 0.0 0.0 0.0 0.00239530298858881 0.9999971389770508
1638453715676960087 -0.00769805908203125 -0.00243377685546875 0.0 0.0 0.0 0.005328240804374218 0.9999858140945435
1638453715877650090 -0.001312255859375 -0.000766754150390625 0.0 0.0 0.0 0.001370793441310525 0.9999990463256836
1638453716078172017 0.00131988525390625 -0.00121307373046875 0.0 0.0 0.0 0.0003348184982314706 0.9999999403953552
1638453716278739257 0.00640106201171875 -0.004863739013671875 0.0 0.0 0.0 0.002626520348712802 0.999996542930603
1638453716479404259 0.021759033203125 -0.002758026123046875 0.0 0.0 0.0 0.0021628059912472963 0.9999976754188538
1638453716679855247 0.035308837890625 -0.001209259033203125 0.0 0.0 0.0 -0.00042906601447612047 0.9999998807907104
1638453716880501031 0.046184539794921875 -0.00377655029296875 0.0 0.0 0.0 0.002647142857313156 0.9999964833259583
1638453717081285254 0.06293487548828125 -0.001262664794921875 0.0 0.0 0.0 0.0019914484582841396 0.9999980330467224
1638453717281789420 0.082794189453125 -0.0013885498046875 0.0 0.0 0.0 0.000731274310965091 0.9999997615814209
1638453717482415724 0.09486770629882812 -0.00186920166015625 0.0 0.0 0.0 0.0007568628643639386 0.9999997019767761
1638453717682884160 0.11034393310546875 0.001659393310546875 0.0 0.0 0.0 0.0006824336596764624 0.9999997615814209
1638453717883604684 0.12470626831054688 -0.005352020263671875 0.0 0.0 0.0 0.0028215430211275816 0.9999960064888
1638453718084541149 0.14612579345703125 -0.01064300537109375 0.0 0.0 0.0 0.0044541144743561745 0.9999901056289673
1638453718285284955 0.15898513793945312 -0.00409698486328125 0.0 0.0 0.0 0.0020177809055894613 0.9999979734420776
1638453718486077771 0.169769287109375 -0.0001983642578125 0.0 0.0 0.0 0.0014568691840395331 0.999998927116394
1638453718686728971 0.18660354614257812 -0.00571441650390625 0.0 0.0 0.0 0.001579832169227302 0.9999987483024597
1638453718887393453 0.19948196411132812 -0.00624847412109375 0.0 0.0 0.0 0.001886935206130147 0.9999982118606567
1638453719088213353 0.21956253051757812 -0.00559234619140625 0.0 0.0 0.0 0.001364359399303794 0.9999990463256836
1638453719288754447 0.23115921020507812 -0.0022735595703125 0.0 0.0 0.0 0.000602465239353478 0.9999998211860657
1638453719489538045 0.25211334228515625 -0.005794525146484375 0.0 0.0 0.0 0.0009123057825490832 0.9999995827674866
1638453719690192579 0.263885498046875 -0.00336456298828125 0.0 0.0 0.0 5.452265031635761e-05 1.0
1638453719890753569 0.28318023681640625 -0.00411224365234375 0.0 0.0 0.0 0.0006176139577291906 0.9999998211860657
1638453720091462113 0.30573272705078125 -0.00421905517578125 0.0 0.0 0.0 -0.002431541448459029 0.9999970197677612
1638453720292092375 0.3236198425292969 -0.00717926025390625 0.0 0.0 0.0 0.0018825643928721547 0.9999982118606567
1638453720492649303 0.3548774719238281 -0.0032806396484375 0.0 0.0 0.0 0.0004344182088971138 0.9999998807907104
1638453720693242637 0.37546539306640625 -0.00424957275390625 0.0 0.0 0.0 -0.00038019020576030016 0.9999999403953552
1638453720893869462 0.399688720703125 -0.003269195556640625 0.0 0.0 0.0 0.002781437709927559 0.9999961256980896
1638453721094585975 0.4297294616699219 -0.007091522216796875 0.0 0.0 0.0 0.004739230033010244 0.9999887943267822
1638453721295220508 0.4594230651855469 -0.0044097900390625 0.0 0.0 0.0 0.0040544383227825165 0.999991774559021
1638453721495961293 0.4835929870605469 -0.00519561767578125 0.0 0.0 0.0 0.006773209199309349 0.9999770522117615
1638453721696809527 0.5125007629394531 -0.0063323974609375 0.0 0.0 0.0 0.007109508384019136 0.9999747276306152
1638453721897452759 0.5456161499023438 -0.00507354736328125 0.0 0.0 0.0 0.0049276212230324745 0.9999878406524658
1638453722098062083 0.57452392578125 -0.00655364990234375 0.0 0.0 0.0 0.005352293606847525 0.9999856948852539
1638453722298713335 0.6079940795898438 -0.007568359375 0.0 0.0 0.0 0.006676288787275553 0.999977707862854
1638453722499574538 0.6407546997070312 -0.00719451904296875 0.0 0.0 0.0 0.00595485744997859 0.9999822974205017
1638453722700344282 0.677490234375 -0.005706787109375 0.0 0.0 0.0 0.00691995769739151 0.9999760389328003
1638453722901143869 0.7125015258789062 -0.0035552978515625 0.0 0.0 0.0 0.004981185309588909 0.9999876022338867
1638453723102038250 0.7476921081542969 -0.006099700927734375 0.0 0.0 0.0 0.008044745773077011 0.999967634677887
1638453723302891693 0.7893486022949219 -0.003509521484375 0.0 0.0 0.0 0.008480655029416084 0.9999640583992004
1638453723503656957 0.8234062194824219 -0.00687408447265625 0.0 0.0 0.0 0.011815656907856464 0.999930202960968
1638453723704498004 0.869354248046875 -0.00530242919921875 0.0 0.0 0.0 0.011170690879225731 0.9999375939369202
1638453723905342176 0.9139595031738281 -0.002208709716796875 0.0 0.0 0.0 0.011988116428256035 0.9999281167984009
1638453724105823634 0.9537773132324219 -0.0020599365234375 0.0 0.0 0.0 0.009897343814373016 0.9999510049819946
1638453724306390092 0.9999504089355469 -0.00292205810546875 0.0 0.0 0.0 0.010106937028467655 0.9999489188194275
1638453724507323432 1.0369453430175781 -0.002872467041015625 0.0 0.0 0.0 0.010659117251634598 0.999943196773529
1638453724708096145 1.0800361633300781 -0.00244903564453125 0.0 0.0 0.0 0.013010788708925247 0.999915361404419
1638453724908719219 1.12115478515625 -0.002044677734375 0.0 0.0 0.0 0.012732777744531631 0.9999189376831055
1638453725109452295 1.1669120788574219 0.00072479248046875 0.0 0.0 0.0 0.015260285697877407 0.9998835325241089
1638453725312772392 1.214508056640625 -0.00089263916015625 0.0 0.0 0.0 0.013226989656686783 0.9999125003814697
1638453725711683816 1.2920646667480469 0.0029296875 0.0 0.0 0.0 0.017477793619036674 0.9998472332954407
1638453725912489290 1.3307991027832031 0.007038116455078125 0.0 0.0 0.0 0.014730400405824184 0.9998915195465088
1638453726113241220 1.3784065246582031 0.004718780517578125 0.0 0.0 0.0 0.01551726646721363 0.9998795986175537
1638453726314016329 1.4206924438476562 0.00522613525390625 0.0 0.0 0.0 0.015235824510455132 0.9998839497566223
1638453726514810447 1.4609184265136719 0.010143280029296875 0.0 0.0 0.0 0.013408363796770573 0.9999101161956787
1638453726715556649 1.5041923522949219 0.00826263427734375 0.0 0.0 0.0 0.011613503098487854 0.999932587146759
1638453726916025450 1.5508003234863281 0.0074462890625 0.0 0.0 0.0 0.011228133924305439 0.9999369382858276
1638453727116912800 1.5863876342773438 0.006793975830078125 0.0 0.0 0.0 0.011622702702879906 0.9999324679374695
1638453727317544208 1.6345634460449219 0.004413604736328125 0.0 0.0 0.0 0.010599740780889988 0.9999437928199768
1638453727518127281 1.6751518249511719 0.008739471435546875 0.0 0.0 0.0 0.008081739768385887 0.9999673366546631
1638453727718768794 1.7179946899414062 0.011272430419921875 0.0 0.0 0.0 0.007054107263684273 0.9999751448631287
1638453727919348378 1.758758544921875 0.009387969970703125 0.0 0.0 0.0 0.006680660415440798 0.999977707862854
1638453728119844263 1.7609786987304688 0.01279449462890625 0.0 0.0 0.0 0.007891018874943256 0.9999688863754272
1638453728320583954 1.761627197265625 0.0106201171875 0.0 0.0 0.0 0.004725800361484289 0.999988853931427
1638453728521064266 1.7661857604980469 0.01291656494140625 0.0 0.0 0.0 -0.012645535171031952 0.9999200701713562
1638453728721739841 1.767608642578125 0.01665496826171875 0.0 0.0 0.0 -0.036839406937360764 0.9993212223052979
1638453728922369113 1.7754020690917969 0.01996612548828125 0.0 0.0 0.0 -0.07460109144449234 0.9972134828567505
1638453729123061460 1.7770614624023438 0.026611328125 0.0 0.0 0.0 -0.12393796443939209 0.9922899603843689
1638453729323648805 1.7849349975585938 0.03430938720703125 0.0 0.0 0.0 -0.18724851310253143 0.9823125600814819
1638453729524485632 1.7882614135742188 0.041717529296875 0.0 0.0 0.0 -0.25857916474342346 0.9659900665283203
1638453729725115790 1.7985610961914062 0.05219268798828125 0.0 0.0 0.0 -0.33820289373397827 0.9410732388496399
1638453729925697510 1.80438232421875 0.061695098876953125 0.0 0.0 0.0 -0.42232832312583923 0.9064429402351379
1638453730126374075 1.8169479370117188 0.06928253173828125 0.0 0.0 0.0 -0.5054285526275635 0.8628684282302856
1638453730326921888 1.8008003234863281 0.14375686645507812 0.0 0.0 0.0 -0.5533181428909302 0.8329700231552124
1638453730527053652 1.831024169921875 0.1650390625 0.0 0.0 0.0 -0.6092289686203003 0.7929943799972534
1638453730727909439 1.818634033203125 0.17238616943359375 0.0 0.0 0.0 -0.6392641663551331 0.768987238407135
1638453730928667411 1.8161544799804688 0.17111968994140625 0.0 0.0 0.0 -0.6415230631828308 0.7671037316322327
1638453731129400748 1.8144645690917969 0.177093505859375 0.0 0.0 0.0 -0.6421370506286621 0.766589879989624
1638453731330199346 1.8315200805664062 0.16902542114257812 0.0 0.0 0.0 -0.6464638710021973 0.7629446387290955
1638453731530908985 1.8230171203613281 0.17002487182617188 0.0 0.0 0.0 -0.6443584561347961 0.7647235989570618
1638453731731447735 1.8322029113769531 0.15660476684570312 0.0 0.0 0.0 -0.6468904614448547 0.7625828981399536
1638453731932223937 1.8217277526855469 0.14237213134765625 0.0 0.0 0.0 -0.6429711580276489 0.76589035987854
1638453732132955242 1.8431472778320312 0.13524246215820312 0.0 0.0 0.0 -0.6461490988731384 0.763211190700531
1638453732333480919 1.8431472778320312 0.12139129638671875 0.0 0.0 0.0 -0.6461209058761597 0.7632350921630859
1638453732533877844 1.833251953125 0.100738525390625 0.0 0.0 0.0 -0.6441487669944763 0.764900267124176
1638453732734563211 1.8546676635742188 0.08063507080078125 0.0 0.0 0.0 -0.6474132537841797 0.7621391415596008
1638453732935136962 1.8574142456054688 0.05975341796875 0.0 0.0 0.0 -0.6477117538452148 0.7618855237960815
1638453733136018999 1.8473320007324219 0.03408050537109375 0.0 0.0 0.0 -0.6460262537002563 0.7633152008056641
1638453733336530301 1.8507461547851562 0.008014678955078125 0.0 0.0 0.0 -0.6459132432937622 0.7634108066558838
1638453733537118948 1.858856201171875 -0.022617340087890625 0.0 0.0 0.0 -0.6450626850128174 0.7641296982765198
1638453733737731241 1.8678779602050781 -0.04177093505859375 0.0 0.0 0.0 -0.6499845385551453 0.7599474787712097
1638453733938269731 1.8760185241699219 -0.07361984252929688 0.0 0.0 0.0 -0.6485176682472229 0.7611995935440063
1638453734139087339 1.8845100402832031 -0.109771728515625 0.0 0.0 0.0 -0.6485416293144226 0.7611791491508484
1638453734339687341 1.8764572143554688 -0.1475677490234375 0.0 0.0 0.0 -0.6552504897117615 0.7554116249084473
1638453734540350676 1.8778266906738281 -0.16750717163085938 0.0 0.0 0.0 -0.6491871476173401 0.7606287598609924
1638453734741001720 1.8850593566894531 -0.20609283447265625 0.0 0.0 0.0 -0.6589114665985107 0.7522204518318176
1638453734941704796 1.8936576843261719 -0.23065185546875 0.0 0.0 0.0 -0.650897204875946 0.75916588306427
1638453735142215993 1.9033584594726562 -0.2626380920410156 0.0 0.0 0.0 -0.6521112322807312 0.7581232786178589
1638453735342980372 1.90264892578125 -0.29306793212890625 0.0 0.0 0.0 -0.6486198902130127 0.7611125111579895
1638453735543673708 1.9061355590820312 -0.3320350646972656 0.0 0.0 0.0 -0.6499373912811279 0.7599877715110779
1638453735744479494 1.9128646850585938 -0.3703498840332031 0.0 0.0 0.0 -0.6502598524093628 0.7597118616104126
1638453735945121110 1.9173393249511719 -0.40325164794921875 0.0 0.0 0.0 -0.6517218351364136 0.7584580779075623
1638453736145802519 1.92431640625 -0.4400177001953125 0.0 0.0 0.0 -0.6487019062042236 0.761042594909668
1638453736346540648 1.9287643432617188 -0.4751319885253906 0.0 0.0 0.0 -0.6487777233123779 0.7609779834747314
1638453736547078200 1.9350357055664062 -0.5094108581542969 0.0 0.0 0.0 -0.6501550078392029 0.7598016262054443
1638453736747929455 1.934112548828125 -0.5418586730957031 0.0 0.0 0.0 -0.6488573551177979 0.7609100341796875
1638453736948591124 1.9484748840332031 -0.5796470642089844 0.0 0.0 0.0 -0.6512101292610168 0.7588974833488464
1638453737149113936 1.9532890319824219 -0.6088142395019531 0.0 0.0 0.0 -0.649928867816925 0.7599950432777405
1638453737349812325 1.9604568481445312 -0.6463241577148438 0.0 0.0 0.0 -0.6511650681495667 0.7589361667633057
1638453737550499463 1.9660110473632812 -0.6808395385742188 0.0 0.0 0.0 -0.6489371657371521 0.760841965675354
1638453737750887377 1.9687423706054688 -0.7147254943847656 0.0 0.0 0.0 -0.6507790088653564 0.7592672109603882
1638453737951628474 1.9764480590820312 -0.7492446899414062 0.0 0.0 0.0 -0.6501622200012207 0.7597954273223877
1638453738152056858 1.9847640991210938 -0.7869338989257812 0.0 0.0 0.0 -0.6535491943359375 0.7568840384483337
1638453738352639619 1.9893417358398438 -0.8172874450683594 0.0 0.0 0.0 -0.6506638526916504 0.7593658566474915
1638453738553427228 1.99664306640625 -0.8595199584960938 0.0 0.0 0.0 -0.6490788459777832 0.7607211470603943
1638453738754061084 2.002552032470703 -0.8875045776367188 0.0 0.0 0.0 -0.6513074636459351 0.7588139772415161
1638453738954630303 2.0098190307617188 -0.9278450012207031 0.0 0.0 0.0 -0.6503404974937439 0.7596428394317627
1638453739155004988 2.013477325439453 -0.9672470092773438 0.0 0.0 0.0 -0.654671311378479 0.7559136748313904
1638453739355613635 2.018505096435547 -0.9893417358398438 0.0 0.0 0.0 -0.6522589325904846 0.7579962611198425
1638453739556362597 2.0242691040039062 -1.0268287658691406 0.0 0.0 0.0 -0.6486088037490845 0.761121928691864
1638453739757185050 2.026477813720703 -1.0657234191894531 0.0 0.0 0.0 -0.6493329405784607 0.7605043053627014
1638453739957817395 2.030670166015625 -1.0989837646484375 0.0 0.0 0.0 -0.6510778665542603 0.7590109705924988
1638453740158480158 2.0367660522460938 -1.14117431640625 0.0 0.0 0.0 -0.6526424884796143 0.7576659917831421
1638453740358864947 2.0489501953125 -1.1794509887695312 0.0 0.0 0.0 -0.6536078453063965 0.7568333745002747
1638453740559487095 2.0530929565429688 -1.2117843627929688 0.0 0.0 0.0 -0.6521643996238708 0.7580775618553162
1638453740760136276 2.0611801147460938 -1.2555923461914062 0.0 0.0 0.0 -0.6532312035560608 0.7571585178375244
1638453740960761134 2.062397003173828 -1.2902908325195312 0.0 0.0 0.0 -0.6514614224433899 0.7586817741394043
1638453741161175051 2.071887969970703 -1.3318443298339844 0.0 0.0 0.0 -0.6557773351669312 0.7549543380737305
1638453741361960537 2.0703125 -1.3641738891601562 0.0 0.0 0.0 -0.6548956632614136 0.7557193040847778
1638453741562680761 2.0652847290039062 -1.3959465026855469 0.0 0.0 0.0 -0.6528765559196472 0.7574642896652222
1638453741763384162 2.0761795043945312 -1.4406776428222656 0.0 0.0 0.0 -0.6558509469032288 0.7548903822898865
1638453741964180638 2.0868911743164062 -1.4846420288085938 0.0 0.0 0.0 -0.654630720615387 0.7559487819671631
1638453742164759089 2.085468292236328 -1.5229682922363281 0.0 0.0 0.0 -0.6532506942749023 0.7571417093276978
1638453742365469625 2.095470428466797 -1.5658760070800781 0.0 0.0 0.0 -0.6520940661430359 0.7581380605697632
1638453742566183495 2.103118896484375 -1.6087265014648438 0.0 0.0 0.0 -0.6537951231002808 0.7566716074943542
1638453742766773561 2.100452423095703 -1.6496696472167969 0.0 0.0 0.0 -0.6533144116401672 0.7570866942405701
1638453742967528213 2.112293243408203 -1.6930427551269531 0.0 0.0 0.0 -0.6528579592704773 0.7574803233146667
1638453743168366200 2.109344482421875 -1.7297935485839844 0.0 0.0 0.0 -0.6502707600593567 0.7597025632858276
1638453743369245281 2.1073989868164062 -1.7635612487792969 0.0 0.0 0.0 -0.6522254943847656 0.7580249905586243
1638453743569865034 2.133373260498047 -1.7978897094726562 0.0 0.0 0.0 -0.6505572199821472 0.7594572305679321
1638453743770703594 2.1245803833007812 -1.8405570983886719 0.0 0.0 0.0 -0.6465358734130859 0.7628836035728455
1638453743971620228 2.1320114135742188 -1.88092041015625 0.0 0.0 0.0 -0.644449770450592 0.7646466493606567
1638453744172290347 2.1488265991210938 -1.9330520629882812 0.0 0.0 0.0 -0.6459611058235168 0.7633703351020813
1638453744373091875 2.1556777954101562 -1.9844245910644531 0.0 0.0 0.0 -0.6459075808525085 0.7634155750274658
1638453744573814443 2.163738250732422 -2.017101287841797 0.0 0.0 0.0 -0.6457625031471252 0.7635383009910583
1638453744774617168 2.16571044921875 -2.060863494873047 0.0 0.0 0.0 -0.6459994912147522 0.7633377909660339
1638453744975165671 2.1754074096679688 -2.0951919555664062 0.0 0.0 0.0 -0.6448773741722107 0.7642860412597656
1638453745176021835 2.184276580810547 -2.141613006591797 0.0 0.0 0.0 -0.6457390189170837 0.7635581493377686
1638453745376812581 2.190746307373047 -2.170562744140625 0.0 0.0 0.0 -0.6426786184310913 0.7661359310150146
1638453745577546451 2.197540283203125 -2.2089157104492188 0.0 0.0 0.0 -0.647174060344696 0.7623422741889954
1638453745778103079 2.2006912231445312 -2.243907928466797 0.0 0.0 0.0 -0.6455766558647156 0.763695478439331
1638453745978690332 2.1996994018554688 -2.2848472595214844 0.0 0.0 0.0 -0.648378849029541 0.7613178491592407
1638453746179474620 2.213104248046875 -2.321063995361328 0.0 0.0 0.0 -0.6432324647903442 0.7656709551811218
1638453746380137291 2.217479705810547 -2.3525161743164062 0.0 0.0 0.0 -0.643734335899353 0.7652490735054016
1638453746580824338 2.2160568237304688 -2.3889999389648438 0.0 0.0 0.0 -0.6449839472770691 0.7641960978507996
1638453746781424247 2.224365234375 -2.4253082275390625 0.0 0.0 0.0 -0.6441088318824768 0.7649338841438293
1638453746981933895 2.2269973754882812 -2.4651222229003906 0.0 0.0 0.0 -0.6475398540496826 0.7620315551757812
1638453747182664901 2.2332992553710938 -2.4974594116210938 0.0 0.0 0.0 -0.6447210311889648 0.7644179463386536
1638453747383252675 2.242198944091797 -2.5364456176757812 0.0 0.0 0.0 -0.6434503793716431 0.7654878497123718
1638453747583948888 2.252155303955078 -2.5757369995117188 0.0 0.0 0.0 -0.644022524356842 0.7650065422058105
1638453747784529423 2.250164031982422 -2.6211204528808594 0.0 0.0 0.0 -0.6446173191070557 0.7645053863525391
1638453747985098499 2.260509490966797 -2.6627349853515625 0.0 0.0 0.0 -0.6462270021438599 0.7631452679634094
1638453748185762732 2.2678909301757812 -2.697673797607422 0.0 0.0 0.0 -0.6438260674476624 0.7651718854904175
1638453748389122636 2.2779541015625 -2.7328529357910156 0.0 0.0 0.0 -0.6421235203742981 0.7666012048721313
1638453748787704287 2.2942276000976562 -2.8154983520507812 0.0 0.0 0.0 -0.6332069039344788 0.7739825248718262
1638453748988357270 2.2982559204101562 -2.8539695739746094 0.0 0.0 0.0 -0.6430208683013916 0.765848696231842
1638453749189137495 2.309833526611328 -2.8823013305664062 0.0 0.0 0.0 -0.6364121437072754 0.7713491916656494
1638453749389696259 2.311534881591797 -2.8776206970214844 0.0 0.0 0.0 -0.6372751593589783 0.7706363201141357
1638453749590253147 2.30694580078125 -2.8792877197265625 0.0 0.0 0.0 -0.6430666446685791 0.7658101916313171
1638453749790794618 2.307453155517578 -2.8820877075195312 0.0 0.0 0.0 -0.6580816507339478 0.7529466152191162
1638453749991447601 2.30938720703125 -2.884063720703125 0.0 0.0 0.0 -0.680583655834198 0.7326703667640686
1638453750192007667 2.31536865234375 -2.8817214965820312 0.0 0.0 0.0 -0.7111677527427673 0.703022301197052
1638453750392707943 2.3197708129882812 -2.8895645141601562 0.0 0.0 0.0 -0.747675895690918 0.6640638113021851
1638453750593513533 2.327667236328125 -2.8927001953125 0.0 0.0 0.0 -0.7852142453193665 0.6192241907119751
1638453750796862864 2.338836669921875 -2.894054412841797 0.0 0.0 0.0 -0.8241506218910217 0.5663707256317139
1638453751195283157 2.289642333984375 -2.9480133056640625 0.0 0.0 0.0 -0.8510506749153137 0.5250835418701172
1638453751395946714 2.2281723022460938 -3.0235023498535156 0.0 0.0 0.0 -0.864314079284668 0.5029524564743042
1638453751596466727 2.2847824096679688 -3.0796165466308594 0.0 0.0 0.0 -0.8786265850067139 0.477509468793869
1638453751797106949 2.2989730834960938 -3.095703125 0.0 0.0 0.0 -0.9077818393707275 0.41944262385368347
1638453751997739881 2.3146286010742188 -3.106708526611328 0.0 0.0 0.0 -0.932758092880249 0.3605029284954071
1638453752198125776 2.3133010864257812 -3.1139259338378906 0.0 0.0 0.0 -0.9552631974220276 0.295756995677948
1638453752399026785 2.3247756958007812 -3.0982208251953125 0.0 0.0 0.0 -0.9621340036392212 0.27257686853408813
1638453752600039201 2.33056640625 -3.0991744995117188 0.0 0.0 0.0 -0.9620890021324158 0.2727356255054474
1638453752800828750 2.3259658813476562 -3.0971450805664062 0.0 0.0 0.0 -0.9623433947563171 0.27183666825294495
1638453753001624027 2.3242874145507812 -3.1062088012695312 0.0 0.0 0.0 -0.964532196521759 0.2639652192592621
1638453753202406544 2.322185516357422 -3.1090011596679688 0.0 0.0 0.0 -0.9637939929962158 0.26664796471595764
1638453753403098955 2.3107070922851562 -3.107097625732422 0.0 0.0 0.0 -0.9630931615829468 0.26916825771331787
1638453753603819492 2.303874969482422 -3.1172447204589844 0.0 0.0 0.0 -0.963986873626709 0.26594990491867065
1638453753804485809 2.2918777465820312 -3.1171188354492188 0.0 0.0 0.0 -0.9639025330543518 0.26625534892082214
1638453754005110928 2.2836685180664062 -3.1265487670898438 0.0 0.0 0.0 -0.96408611536026 0.26558974385261536
1638453754205795734 2.2717208862304688 -3.144073486328125 0.0 0.0 0.0 -0.9640439748764038 0.26574283838272095
1638453754406455020 2.2518081665039062 -3.144031524658203 0.0 0.0 0.0 -0.9630064964294434 0.26947811245918274
1638453754607133317 2.244049072265625 -3.1523399353027344 0.0 0.0 0.0 -0.9630135893821716 0.2694527506828308
1638453754807861562 2.221935272216797 -3.1658706665039062 0.0 0.0 0.0 -0.9637379050254822 0.2668505311012268
1638453755008481628 2.2007217407226562 -3.1658058166503906 0.0 0.0 0.0 -0.9639065265655518 0.2662409842014313
1638453755209143674 2.186328887939453 -3.1822357177734375 0.0 0.0 0.0 -0.9640496969223022 0.26572203636169434
1638453755409798012 2.169097900390625 -3.191516876220703 0.0 0.0 0.0 -0.9637330770492554 0.26686808466911316
1638453755610409536 2.163379669189453 -3.2016639709472656 0.0 0.0 0.0 -0.963459849357605 0.2678527534008026
1638453755810999915 2.1414718627929688 -3.206756591796875 0.0 0.0 0.0 -0.9629353880882263 0.26973217725753784
1638453756011609460 2.1254806518554688 -3.2169837951660156 0.0 0.0 0.0 -0.963133692741394 0.2690231502056122
1638453756212221870 2.111583709716797 -3.2243881225585938 0.0 0.0 0.0 -0.9633257985115051 0.2683345377445221
1638453756412982095 2.090991973876953 -3.2356185913085938 0.0 0.0 0.0 -0.9640227556228638 0.26581981778144836
1638453756613536847 2.0743026733398438 -3.242755889892578 0.0 0.0 0.0 -0.9641354084014893 0.26541081070899963
1638453756813922587 2.061656951904297 -3.2481727600097656 0.0 0.0 0.0 -0.9630097150802612 0.269466757774353
1638453757014546143 2.047412872314453 -3.2619857788085938 0.0 0.0 0.0 -0.9636765718460083 0.26707202196121216
1638453757215017509 2.035076141357422 -3.269702911376953 0.0 0.0 0.0 -0.9633174538612366 0.26836439967155457
1638453757415837995 2.0239334106445312 -3.2813186645507812 0.0 0.0 0.0 -0.9623708724975586 0.27173951268196106
1638453757616230714 2.003772735595703 -3.2928390502929688 0.0 0.0 0.0 -0.9633674025535583 0.268185019493103
1638453757816786821 1.981964111328125 -3.301483154296875 0.0 0.0 0.0 -0.9640875458717346 0.2655845880508423
1638453758017319646 1.9678459167480469 -3.3067588806152344 0.0 0.0 0.0 -0.9643869996070862 0.2644951343536377
1638453758217926743 1.9596481323242188 -3.316387176513672 0.0 0.0 0.0 -0.9629728198051453 0.2695985436439514
1638453758418678270 1.9417533874511719 -3.3324966430664062 0.0 0.0 0.0 -0.9636921882629395 0.2670157253742218
1638453758619188126 1.9165840148925781 -3.3419456481933594 0.0 0.0 0.0 -0.9640210270881653 0.26582592725753784
1638453758819857881 1.8902702331542969 -3.3596763610839844 0.0 0.0 0.0 -0.9650283455848694 0.26214563846588135
1638453759020454822 1.8661422729492188 -3.366779327392578 0.0 0.0 0.0 -0.963559091091156 0.2674955427646637
1638453759221184577 1.84674072265625 -3.3839950561523438 0.0 0.0 0.0 -0.9644561409950256 0.2642430067062378
1638453759421848551 1.825653076171875 -3.3924636840820312 0.0 0.0 0.0 -0.9643822312355042 0.2645125985145569
1638453759622371428 1.7980766296386719 -3.414081573486328 0.0 0.0 0.0 -0.9640691876411438 0.2656513452529907
1638453759823187695 1.7761726379394531 -3.4224815368652344 0.0 0.0 0.0 -0.9646598100662231 0.2634984850883484
1638453760024017036 1.7618293762207031 -3.4415206909179688 0.0 0.0 0.0 -0.963498592376709 0.26771342754364014
1638453760224897940 1.7323074340820312 -3.4460220336914062 0.0 0.0 0.0 -0.9643346071243286 0.2646861970424652
1638453760425519100 1.7144584655761719 -3.465545654296875 0.0 0.0 0.0 -0.964218020439148 0.265110582113266
1638453760626127395 1.6859664916992188 -3.4835548400878906 0.0 0.0 0.0 -0.9636892080307007 0.2670263946056366
1638453760826807931 1.662628173828125 -3.4988021850585938 0.0 0.0 0.0 -0.963595986366272 0.2673625349998474
1638453761027482998 1.621826171875 -3.5167770385742188 0.0 0.0 0.0 -0.9652456641197205 0.26134416460990906
1638453761228181087 1.6000862121582031 -3.5345382690429688 0.0 0.0 0.0 -0.9641838073730469 0.2652350664138794
1638453761429008032 1.5713577270507812 -3.55096435546875 0.0 0.0 0.0 -0.9644001126289368 0.264447420835495
1638453761629589816 1.5512504577636719 -3.568897247314453 0.0 0.0 0.0 -0.9639193415641785 0.2661944627761841
1638453761830305196 1.5163040161132812 -3.5784454345703125 0.0 0.0 0.0 -0.9641964435577393 0.26518896222114563
1638453762030943857 1.4934806823730469 -3.5987014770507812 0.0 0.0 0.0 -0.9632386565208435 0.26864710450172424
1638453762231211261 1.4647140502929688 -3.612384796142578 0.0 0.0 0.0 -0.9649264216423035 0.2625204026699066
1638453762434509549 1.4441642761230469 -3.627826690673828 0.0 0.0 0.0 -0.9632946848869324 0.26844626665115356
1638453762833097554 1.3924331665039062 -3.663066864013672 0.0 0.0 0.0 -0.9621745944023132 0.2724335193634033
1638453763033687880 1.3703079223632812 -3.6805953979492188 0.0 0.0 0.0 -0.9620255827903748 0.27295926213264465
1638453763234356697 1.3440322875976562 -3.6885108947753906 0.0 0.0 0.0 -0.9615208506584167 0.27473190426826477
1638453763434939888 1.323577880859375 -3.7103805541992188 0.0 0.0 0.0 -0.9605225920677185 0.27820199728012085
1638453763635867668 1.3080558776855469 -3.7318649291992188 0.0 0.0 0.0 -0.9614719748497009 0.2749030292034149
1638453763836631538 1.2696151733398438 -3.7380294799804688 0.0 0.0 0.0 -0.9613088369369507 0.27547284960746765
1638453764040018838 1.248809814453125 -3.7611732482910156 0.0 0.0 0.0 -0.9624952077865601 0.27129870653152466
1638453764438139388 1.1938285827636719 -3.7814407348632812 0.0 0.0 0.0 -0.9624982476234436 0.27128779888153076
1638453764638896748 1.1553955078125 -3.7964515686035156 0.0 0.0 0.0 -0.9632604122161865 0.26856914162635803
1638453764839533533 1.1330490112304688 -3.813262939453125 0.0 0.0 0.0 -0.9635614156723022 0.2674872875213623
1638453765040221413 1.104644775390625 -3.8211212158203125 0.0 0.0 0.0 -0.9627112150192261 0.2705311179161072
1638453765240834240 1.083526611328125 -3.8376693725585938 0.0 0.0 0.0 -0.9630871415138245 0.26918986439704895
1638453765441428629 1.0631484985351562 -3.8606948852539062 0.0 0.0 0.0 -0.9621820449829102 0.2724072337150574
1638453765641884942 1.0222282409667969 -3.8741416931152344 0.0 0.0 0.0 -0.9632764458656311 0.26851171255111694
1638453765842543290 1.0006179809570312 -3.8869895935058594 0.0 0.0 0.0 -0.962092399597168 0.2727236747741699
1638453766043245077 0.9799385070800781 -3.904621124267578 0.0 0.0 0.0 -0.9607478380203247 0.27742305397987366
1638453766243848111 0.9450798034667969 -3.9221420288085938 0.0 0.0 0.0 -0.9617756009101868 0.2738388776779175
1638453766444499480 0.929046630859375 -3.9464340209960938 0.0 0.0 0.0 -0.9608696103096008 0.2770009934902191
1638453766645097411 0.898651123046875 -3.9522476196289062 0.0 0.0 0.0 -0.9618210196495056 0.27367913722991943
1638453766845840604 0.8686714172363281 -3.9671401977539062 0.0 0.0 0.0 -0.9619077444076538 0.2733742594718933
1638453767046508536 0.8393020629882812 -3.9838104248046875 0.0 0.0 0.0 -0.9622192978858948 0.27227556705474854
1638453767247336679 0.8079605102539062 -4.002891540527344 0.0 0.0 0.0 -0.9608100056648254 0.2772078514099121
1638453767447982631 0.78167724609375 -4.013301849365234 0.0 0.0 0.0 -0.9620062112808228 0.2730274796485901
1638453767648645146 0.7568435668945312 -4.033912658691406 0.0 0.0 0.0 -0.9610634446144104 0.2763277292251587
1638453767848997082 0.7417068481445312 -4.055843353271484 0.0 0.0 0.0 -0.9611477851867676 0.27603432536125183
1638453768049523033 0.7046279907226562 -4.0673370361328125 0.0 0.0 0.0 -0.9615313410758972 0.2746952176094055
1638453768250131588 0.6817512512207031 -4.091514587402344 0.0 0.0 0.0 -0.960677444934845 0.2776668965816498
1638453768450788634 0.6702461242675781 -4.096931457519531 0.0 0.0 0.0 -0.958753228187561 0.28423982858657837
1638453768651430003 0.6589241027832031 -4.093238830566406 0.0 0.0 0.0 -0.9597147107124329 0.280976265668869
1638453768852045903 0.6607856750488281 -4.098045349121094 0.0 0.0 0.0 -0.9613109827041626 0.2754653990268707
1638453769052708574 0.6531600952148438 -4.1009674072265625 0.0 0.0 0.0 -0.9660768508911133 0.2582547962665558
1638453769253352182 0.663421630859375 -4.111167907714844 0.0 0.0 0.0 -0.9699018001556396 0.24349628388881683
1638453769453842559 0.6687812805175781 -4.110721588134766 0.0 0.0 0.0 -0.9762902855873108 0.21646536886692047
1638453769654653774 0.6673164367675781 -4.118827819824219 0.0 0.0 0.0 -0.9820138812065125 0.18880879878997803
1638453769855347644 0.6656303405761719 -4.122364044189453 0.0 0.0 0.0 -0.9885686039924622 0.1507718712091446
1638453770056214329 0.6711311340332031 -4.133029937744141 0.0 0.0 0.0 -0.9941386580467224 0.10811275988817215
1638453770256932417 0.6705322265625 -4.145847320556641 0.0 0.0 0.0 -0.9986767172813416 0.05142810940742493
1638453770457364304 0.6761245727539062 -4.1539764404296875 0.0 0.0 0.0 0.9999934434890747 0.0036274869926273823
1638453770658026350 0.6729354858398438 -4.155025482177734 0.0 0.0 0.0 0.9979614615440369 0.06381971389055252
1638453770858534643 0.673675537109375 -4.165172576904297 0.0 0.0 0.0 0.9928064346313477 0.1197306290268898
1638453771059327942 0.6727828979492188 -4.168586730957031 0.0 0.0 0.0 0.98418128490448 0.1771642416715622
1638453771259980769 0.6787300109863281 -4.184162139892578 0.0 0.0 0.0 0.9726049900054932 0.23246407508850098
1638453771460598543 0.6751022338867188 -4.181285858154297 0.0 0.0 0.0 0.9575348496437073 0.28831747174263
1638453771661289757 0.67388916015625 -4.190254211425781 0.0 0.0 0.0 0.9402409195899963 0.34050989151000977
1638453771862178578 0.6760139465332031 -4.192985534667969 0.0 0.0 0.0 0.9205766916275024 0.39056187868118286
1638453772063011981 0.6751174926757812 -4.195308685302734 0.0 0.0 0.0 0.897504448890686 0.4410053491592407
1638453772263671683 0.6867561340332031 -4.199440002441406 0.0 0.0 0.0 0.8726893663406372 0.48827582597732544
1638453772464212686 0.6834793090820312 -4.194561004638672 0.0 0.0 0.0 0.8439216017723083 0.5364665389060974
1638453772664957441 0.67669677734375 -4.202095031738281 0.0 0.0 0.0 0.8143498301506042 0.5803743004798889
1638453772865607977 0.6363296508789062 -4.213138580322266 0.0 0.0 0.0 0.8095850944519043 0.5870025753974915
1638453773066348931 0.6585197448730469 -4.227607727050781 0.0 0.0 0.0 0.8127394318580627 0.5826272964477539
1638453773267211553 0.6574325561523438 -4.234325408935547 0.0 0.0 0.0 0.8191072344779968 0.5736404657363892
1638453773467920163 0.642669677734375 -4.2229766845703125 0.0 0.0 0.0 0.8228583335876465 0.5682465434074402
1638453773668763670 0.6428298950195312 -4.211559295654297 0.0 0.0 0.0 0.8266447186470032 0.5627241730690002
1638453773869564729 0.6431388854980469 -4.204803466796875 0.0 0.0 0.0 0.8260325789451599 0.5636223554611206
1638453774070266151 0.6520805358886719 -4.208911895751953 0.0 0.0 0.0 0.8268631100654602 0.5624032616615295
1638453774270939135 0.6509819030761719 -4.204277038574219 0.0 0.0 0.0 0.8268144130706787 0.56247478723526
1638453774471534096 0.6370124816894531 -4.1921844482421875 0.0 0.0 0.0 0.8253450989723206 0.5646286606788635
1638453774672366718 0.6309280395507812 -4.182338714599609 0.0 0.0 0.0 0.825013279914856 0.5651133060455322
1638453774873117047 0.6364822387695312 -4.180976867675781 0.0 0.0 0.0 0.8258697986602783 0.5638608932495117
1638453775073752582 0.6370925903320312 -4.16827392578125 0.0 0.0 0.0 0.827048659324646 0.5621303915977478
1638453775274326242 0.6363449096679688 -4.170677185058594 0.0 0.0 0.0 0.8262473344802856 0.5633074641227722
1638453775474986100 0.6362380981445312 -4.168064117431641 0.0 0.0 0.0 0.8270156979560852 0.5621788501739502
1638453775675773982 0.6287345886230469 -4.158271789550781 0.0 0.0 0.0 0.82613205909729 0.5634765625
1638453775876393684 0.6250534057617188 -4.14373779296875 0.0 0.0 0.0 0.826158881187439 0.5634372234344482
1638453776076929530 0.6220169067382812 -4.133625030517578 0.0 0.0 0.0 0.8265041708946228 0.5629305839538574
1638453776277371208 0.6188125610351562 -4.124427795410156 0.0 0.0 0.0 0.8262603282928467 0.5632884502410889
1638453776478051067 0.6198539733886719 -4.120353698730469 0.0 0.0 0.0 0.8277287483215332 0.5611284375190735
1638453776678546547 0.6081657409667969 -4.099498748779297 0.0 0.0 0.0 0.8265862464904785 0.5628100633621216
1638453776879186041 0.6054496765136719 -4.091693878173828 0.0 0.0 0.0 0.8270609378814697 0.5621122121810913
1638453777079782722 0.6010513305664062 -4.082130432128906 0.0 0.0 0.0 0.8269191384315491 0.56232088804245
1638453777280263619 0.5897598266601562 -4.068351745605469 0.0 0.0 0.0 0.8249291181564331 0.5652362108230591
1638453777480977281 0.5969734191894531 -4.062763214111328 0.0 0.0 0.0 0.8281512260437012 0.560504674911499
1638453777681562711 0.5839424133300781 -4.035713195800781 0.0 0.0 0.0 0.8258469104766846 0.5638944506645203
1638453777882168141 0.5784797668457031 -4.034687042236328 0.0 0.0 0.0 0.8247235417366028 0.5655361413955688
1638453778083335509 0.5819015502929688 -4.029838562011719 0.0 0.0 0.0 0.8270193934440613 0.5621733665466309
1638453778283719269 0.5711898803710938 -4.006965637207031 0.0 0.0 0.0 0.8261988162994385 0.563378632068634
1638453778484342721 0.5716018676757812 -3.997344970703125 0.0 0.0 0.0 0.8281610608100891 0.5604902505874634
1638453778684945287 0.561920166015625 -3.9824790954589844 0.0 0.0 0.0 0.8269315958023071 0.5623025298118591
1638453778885551551 0.55999755859375 -3.9739227294921875 0.0 0.0 0.0 0.8260635733604431 0.5635769367218018
1638453779086193596 0.5659294128417969 -3.969104766845703 0.0 0.0 0.0 0.8290555477142334 0.5591661930084229
1638453779286658973 0.5528488159179688 -3.957500457763672 0.0 0.0 0.0 0.8250927329063416 0.5649973154067993
1638453779487289820 0.5529594421386719 -3.9529457092285156 0.0 0.0 0.0 0.826723039150238 0.5626091361045837
1638453779687974263 0.5470657348632812 -3.938934326171875 0.0 0.0 0.0 0.8277710676193237 0.5610660314559937
1638453779888687247 0.5417060852050781 -3.9263153076171875 0.0 0.0 0.0 0.8278068900108337 0.5610131025314331
1638453780089427628 0.5370368957519531 -3.9168968200683594 0.0 0.0 0.0 0.8286796808242798 0.5597231388092041
1638453780289939567 0.5304374694824219 -3.9010353088378906 0.0 0.0 0.0 0.8268950581550598 0.5623562335968018
1638453780490419423 0.5288314819335938 -3.8958663940429688 0.0 0.0 0.0 0.82684326171875 0.5624324083328247
1638453780691221055 0.5217704772949219 -3.8783798217773438 0.0 0.0 0.0 0.8279685378074646 0.560774564743042
1638453780894519447 0.51953125 -3.8746261596679688 0.0 0.0 0.0 0.8269401788711548 0.5622898936271667
1638453781292590360 0.5087051391601562 -3.8459548950195312 0.0 0.0 0.0 0.8267475962638855 0.5625730752944946
1638453781493264282 0.5076713562011719 -3.8421783447265625 0.0 0.0 0.0 0.8286939263343811 0.5597020387649536
1638453781694038569 0.502044677734375 -3.8363494873046875 0.0 0.0 0.0 0.8277997374534607 0.5610236525535583
1638453781894727907 0.4928169250488281 -3.8160667419433594 0.0 0.0 0.0 0.8262693285942078 0.5632752180099487
1638453782095372557 0.4880790710449219 -3.8013229370117188 0.0 0.0 0.0 0.826399028301239 0.5630849003791809
1638453782295942779 0.49091339111328125 -3.794055938720703 0.0 0.0 0.0 0.8265141248703003 0.5629159212112427
1638453782496446125 0.47135162353515625 -3.7639389038085938 0.0 0.0 0.0 0.8243311643600464 0.5661078095436096
1638453782697081504 0.4774055480957031 -3.7505455017089844 0.0 0.0 0.0 0.8318846821784973 0.5549485087394714
1638453782897704487 0.4654655456542969 -3.7327041625976562 0.0 0.0 0.0 0.8353320360183716 0.5497457981109619
1638453783098457212 0.45696258544921875 -3.7153091430664062 0.0 0.0 0.0 0.8415752053260803 0.5401399731636047
1638453783299043944 0.4505119323730469 -3.6940689086914062 0.0 0.0 0.0 0.8469192385673523 0.5317215323448181
1638453783499582707 0.44181060791015625 -3.6728782653808594 0.0 0.0 0.0 0.8512704372406006 0.5247271656990051
1638453783700153866 0.4293937683105469 -3.6599807739257812 0.0 0.0 0.0 0.8498039245605469 0.5270989537239075
1638453783907182008 0.42401123046875 -3.6397476196289062 0.0 0.0 0.0 0.8493732213973999 0.5277926921844482
1638453784101186599 0.4141426086425781 -3.623180389404297 0.0 0.0 0.0 0.8515878319740295 0.5242119431495667
1638453784301983335 0.4006233215332031 -3.6042556762695312 0.0 0.0 0.0 0.8505408763885498 0.525908887386322
1638453784502757258 0.39733123779296875 -3.5963897705078125 0.0 0.0 0.0 0.8504511713981628 0.5260539650917053
1638453784703591964 0.39064788818359375 -3.5785446166992188 0.0 0.0 0.0 0.8510550856590271 0.5250763893127441
1638453784904285521 0.3757133483886719 -3.5532760620117188 0.0 0.0 0.0 0.8513897657394409 0.5245335102081299
1638453785105097361 0.36902618408203125 -3.5304031372070312 0.0 0.0 0.0 0.852891743183136 0.522087812423706
1638453785305759824 0.35855865478515625 -3.5055770874023438 0.0 0.0 0.0 0.8519970774650574 0.523546576499939
1638453785506697864 0.3453369140625 -3.484943389892578 0.0 0.0 0.0 0.8540658354759216 0.5201649069786072
1638453785707476735 0.33484649658203125 -3.4628524780273438 0.0 0.0 0.0 0.8524516224861145 0.5228061676025391
1638453785908125917 0.32033538818359375 -3.4326210021972656 0.0 0.0 0.0 0.8520095348358154 0.5235262513160706
1638453786108816974 0.3112602233886719 -3.4129714965820312 0.0 0.0 0.0 0.8527290225028992 0.5223535895347595
1638453786309670481 0.3034858703613281 -3.3923797607421875 0.0 0.0 0.0 0.853208065032959 0.5215707421302795
1638453786510319298 0.2923469543457031 -3.3684921264648438 0.0 0.0 0.0 0.8532499074935913 0.5215022563934326
1638453786711013011 0.2843742370605469 -3.3478126525878906 0.0 0.0 0.0 0.8531980514526367 0.521587073802948
1638453786911649120 0.27422332763671875 -3.330638885498047 0.0 0.0 0.0 0.8535230159759521 0.5210551619529724
1638453787112119496 0.25589752197265625 -3.2987823486328125 0.0 0.0 0.0 0.8516272306442261 0.5241479277610779
1638453787312728729 0.2514152526855469 -3.279590606689453 0.0 0.0 0.0 0.8537715077400208 0.5206478834152222
1638453787513246606 0.23889923095703125 -3.2598953247070312 0.0 0.0 0.0 0.8519400954246521 0.5236392617225647
1638453787713983080 0.22585296630859375 -3.232860565185547 0.0 0.0 0.0 0.8539469838142395 0.5203600525856018
1638453787914660335 0.21411895751953125 -3.2097434997558594 0.0 0.0 0.0 0.8540441393852234 0.5202004909515381
1638453788115223317 0.19501495361328125 -3.177906036376953 0.0 0.0 0.0 0.8518249988555908 0.5238264203071594
1638453788315994323 0.18675613403320312 -3.1584739685058594 0.0 0.0 0.0 0.8522454500198364 0.5231421589851379
1638453788516643088 0.17012786865234375 -3.1285781860351562 0.0 0.0 0.0 0.8516128659248352 0.5241712331771851
1638453788717367062 0.15201568603515625 -3.0995330810546875 0.0 0.0 0.0 0.8512494564056396 0.5247612595558167
1638453788918337186 0.14073944091796875 -3.0676002502441406 0.0 0.0 0.0 0.8521608710289001 0.5232799053192139
1638453789118920377 0.12354278564453125 -3.036121368408203 0.0 0.0 0.0 0.8500317931175232 0.5267313718795776
1638453789319524349 0.10609054565429688 -3.0034255981445312 0.0 0.0 0.0 0.8499974608421326 0.5267868041992188
1638453789519980038 0.08986282348632812 -2.9724388122558594 0.0 0.0 0.0 0.852031409740448 0.5234907269477844
1638453789720726044 0.07395172119140625 -2.9426841735839844 0.0 0.0 0.0 0.8528725504875183 0.5221191048622131
1638453789921535957 0.06219482421875 -2.9165916442871094 0.0 0.0 0.0 0.8537161350250244 0.5207386612892151
1638453790122633896 0.048168182373046875 -2.8897171020507812 0.0 0.0 0.0 0.8523968458175659 0.5228953957557678
1638453790322970728 0.033855438232421875 -2.858264923095703 0.0 0.0 0.0 0.8527966141700745 0.5222431421279907
1638453790523482147 0.019306182861328125 -2.8250961303710938 0.0 0.0 0.0 0.8510226607322693 0.525128960609436
1638453790724071432 0.0052490234375 -2.8002357482910156 0.0 0.0 0.0 0.8509825468063354 0.525193989276886
1638453790924684414 -0.011417388916015625 -2.7648544311523438 0.0 0.0 0.0 0.8528905510902405 0.5220897197723389
1638453791125432504 -0.02472686767578125 -2.7355384826660156 0.0 0.0 0.0 0.8533461689949036 0.5213447213172913
1638453791326061528 -0.03614044189453125 -2.7103652954101562 0.0 0.0 0.0 0.8524226546287537 0.5228533148765564
1638453791526658521 -0.0529937744140625 -2.6748924255371094 0.0 0.0 0.0 0.8517425656318665 0.5239604711532593
1638453791727406819 -0.06780624389648438 -2.6513214111328125 0.0 0.0 0.0 0.8520506024360657 0.5234594345092773
1638453791928117356 -0.08467864990234375 -2.6209182739257812 0.0 0.0 0.0 0.8529861569404602 0.5219335556030273
1638453792128906956 -0.09381103515625 -2.5927467346191406 0.0 0.0 0.0 0.8530815839767456 0.5217775702476501
1638453792329604263 -0.11374664306640625 -2.5590248107910156 0.0 0.0 0.0 0.8541341423988342 0.5200527906417847
1638453792530185631 -0.12726593017578125 -2.531696319580078 0.0 0.0 0.0 0.8519027829170227 0.523699939250946
1638453792731132578 -0.1444854736328125 -2.5032730102539062 0.0 0.0 0.0 0.8542866706848145 0.5198021531105042
1638453792931816239 -0.15435409545898438 -2.480884552001953 0.0 0.0 0.0 0.8521283268928528 0.5233328342437744
1638453793132509900 -0.17969131469726562 -2.4347801208496094 0.0 0.0 0.0 0.8512782454490662 0.5247145891189575
1638453793333488149 -0.18736648559570312 -2.4182815551757812 0.0 0.0 0.0 0.8528180718421936 0.5222080945968628
1638453793534020870 -0.2086944580078125 -2.3787078857421875 0.0 0.0 0.0 0.8506233096122742 0.5257755517959595
1638453793734763230 -0.22023773193359375 -2.3549842834472656 0.0 0.0 0.0 0.85196453332901 0.5235995054244995
1638453793935581790 -0.23662567138671875 -2.318817138671875 0.0 0.0 0.0 0.8518313765525818 0.5238161087036133
1638453794136021697 -0.2535438537597656 -2.2933731079101562 0.0 0.0 0.0 0.8514378666877747 0.5244554877281189
1638453794336793224 -0.26529693603515625 -2.2646141052246094 0.0 0.0 0.0 0.8521997332572937 0.5232166647911072
1638453794537365789 -0.28238677978515625 -2.238994598388672 0.0 0.0 0.0 0.8542015552520752 0.5199419856071472
1638453794738096639 -0.3030242919921875 -2.203319549560547 0.0 0.0 0.0 0.8512481451034546 0.5247634053230286
1638453794938953844 -0.31728363037109375 -2.1780624389648438 0.0 0.0 0.0 0.8538340926170349 0.5205451846122742
1638453795139597192 -0.3314666748046875 -2.138916015625 0.0 0.0 0.0 0.849731981754303 0.5272149443626404
1638453795340213613 -0.34397125244140625 -2.1075057983398438 0.0 0.0 0.0 0.8494788408279419 0.5276226997375488
1638453795540959827 -0.35964202880859375 -2.0816917419433594 0.0 0.0 0.0 0.8499061465263367 0.5269340872764587
1638453795741586143 -0.3759803771972656 -2.0488815307617188 0.0 0.0 0.0 0.852703869342804 0.5223946571350098
1638453795942242877 -0.38991546630859375 -2.0150527954101562 0.0 0.0 0.0 0.8512101173400879 0.5248250961303711
1638453796142829349 -0.4039649963378906 -1.98681640625 0.0 0.0 0.0 0.8508723378181458 0.5253725051879883
1638453796343484989 -0.42475128173828125 -1.9555816650390625 0.0 0.0 0.0 0.8526000380516052 0.5225640535354614
1638453796544311517 -0.43531036376953125 -1.9296913146972656 0.0 0.0 0.0 0.8519207835197449 0.5236706733703613
1638453796745015230 -0.44806671142578125 -1.9057884216308594 0.0 0.0 0.0 0.851536750793457 0.524294912815094
1638453796945748684 -0.4665985107421875 -1.8717918395996094 0.0 0.0 0.0 0.8514543175697327 0.5244287848472595
1638453797146406771 -0.47994232177734375 -1.8425407409667969 0.0 0.0 0.0 0.8511280417442322 0.5249581336975098
1638453797346988243 -0.49480438232421875 -1.8114967346191406 0.0 0.0 0.0 0.8522213101387024 0.5231814980506897
1638453797547759614 -0.5097236633300781 -1.7793846130371094 0.0 0.0 0.0 0.8526952266693115 0.522408664226532
1638453797748210667 -0.5280990600585938 -1.751190185546875 0.0 0.0 0.0 0.8514161705970764 0.5244907140731812
1638453797948859328 -0.5459060668945312 -1.7208290100097656 0.0 0.0 0.0 0.8535252213478088 0.5210514664649963
1638453798149525957 -0.5536155700683594 -1.687896728515625 0.0 0.0 0.0 0.8520447611808777 0.5234689712524414
1638453798350105346 -0.5765037536621094 -1.6605911254882812 0.0 0.0 0.0 0.8536645770072937 0.5208231210708618
1638453798550716350 -0.5858383178710938 -1.6305084228515625 0.0 0.0 0.0 0.853606641292572 0.520918071269989
1638453798751419959 -0.6063613891601562 -1.5968132019042969 0.0 0.0 0.0 0.8545156121253967 0.5194257497787476
1638453798952053984 -0.6240005493164062 -1.5628013610839844 0.0 0.0 0.0 0.8539593815803528 0.5203396677970886
1638453799152830094 -0.6330184936523438 -1.5421371459960938 0.0 0.0 0.0 0.8536083698272705 0.5209153294563293
1638453799353518443 -0.6474227905273438 -1.5039405822753906 0.0 0.0 0.0 0.8520326018333435 0.5234887599945068
1638453799554406378 -0.6619796752929688 -1.4701805114746094 0.0 0.0 0.0 0.852615237236023 0.5225392580032349
1638453799754869463 -0.6769371032714844 -1.44390869140625 0.0 0.0 0.0 0.8515755534172058 0.5242318511009216
1638453799955742502 -0.6925315856933594 -1.4117660522460938 0.0 0.0 0.0 0.8520011901855469 0.5235398411750793
1638453800156349860 -0.7094650268554688 -1.3866233825683594 0.0 0.0 0.0 0.8544208407402039 0.5195815563201904
1638453800356901331 -0.7203903198242188 -1.3512382507324219 0.0 0.0 0.0 0.852122962474823 0.5233415961265564
1638453800557426292 -0.7463798522949219 -1.3230133056640625 0.0 0.0 0.0 0.8538408875465393 0.520534098148346
1638453800758022868 -0.753814697265625 -1.3051872253417969 0.0 0.0 0.0 0.8559178709983826 0.5171117782592773
1638453800959014868 -0.7581558227539062 -1.2980575561523438 0.0 0.0 0.0 0.855905294418335 0.517132580280304
1638453801159656445 -0.7547721862792969 -1.2990188598632812 0.0 0.0 0.0 0.8556092381477356 0.5176222324371338
1638453801360395471 -0.7579193115234375 -1.2917633056640625 0.0 0.0 0.0 0.8504506945610046 0.5260547995567322
1638453801561254917 -0.7585411071777344 -1.2874794006347656 0.0 0.0 0.0 0.8407729864120483 0.5413878560066223
1638453801761772377 -0.7640037536621094 -1.2889938354492188 0.0 0.0 0.0 0.8237535953521729 0.5669479966163635
1638453801962627239 -0.7768096923828125 -1.2913017272949219 0.0 0.0 0.0 0.799313485622406 0.6009142994880676
1638453802163371526 -0.787261962890625 -1.29180908203125 0.0 0.0 0.0 0.7657414674758911 0.6431485414505005
1638453802363964404 -0.8054542541503906 -1.2967872619628906 0.0 0.0 0.0 0.7264868021011353 0.6871803998947144
1638453802564450927 -0.8175125122070312 -1.2992324829101562 0.0 0.0 0.0 0.6782719492912292 0.734811007976532
1638453802765173339 -0.8265876770019531 -1.2971420288085938 0.0 0.0 0.0 0.6281667947769165 0.7780786752700806
1638453802965866427 -0.8299522399902344 -1.2976036071777344 0.0 0.0 0.0 0.5737782120704651 0.8190107345581055
1638453803166602797 -0.8376235961914062 -1.2865524291992188 0.0 0.0 0.0 0.5192750692367554 0.8546071648597717
1638453803367142289 -0.8800277709960938 -1.2803611755371094 0.0 0.0 0.0 0.4888215661048889 0.8723837733268738
1638453803567773866 -0.8963508605957031 -1.2462120056152344 0.0 0.0 0.0 0.4533676207065582 0.8913236260414124
1638453803767991113 -0.9349708557128906 -1.196807861328125 0.0 0.0 0.0 0.4406043291091919 0.8977013826370239
1638453803968738421 -0.95654296875 -1.1688461303710938 0.0 0.0 0.0 0.4223586916923523 0.9064288139343262
1638453804169375675 -0.9692573547363281 -1.1739540100097656 0.0 0.0 0.0 0.42018696665763855 0.9074375629425049
1638453804369804332 -0.969635009765625 -1.1749038696289062 0.0 0.0 0.0 0.4212331771850586 0.9069523811340332
1638453804570364762 -0.9694442749023438 -1.1745681762695312 0.0 0.0 0.0 0.41870930790901184 0.908120334148407
1638453804771029464 -0.9708747863769531 -1.1749687194824219 0.0 0.0 0.0 0.42142558097839355 0.9068629741668701
1638453804971520727 -0.9706192016601562 -1.1714591979980469 0.0 0.0 0.0 0.41745442152023315 0.9086978435516357
1638453805172075479 -0.9656906127929688 -1.1734848022460938 0.0 0.0 0.0 0.41706985235214233 0.9088744521141052
1638453805372742994 -0.9708633422851562 -1.1806983947753906 0.0 0.0 0.0 0.4195159375667572 0.9077479839324951
1638453805573398947 -0.9729461669921875 -1.1720466613769531 0.0 0.0 0.0 0.42299696803092957 0.9061310887336731
1638453805774103493 -0.9751319885253906 -1.1729049682617188 0.0 0.0 0.0 0.4205806255340576 0.9072551727294922
1638453805974629183 -0.9748115539550781 -1.1754188537597656 0.0 0.0 0.0 0.4158417582511902 0.9094370007514954
1638453806175102268 -0.9785537719726562 -1.1707229614257812 0.0 0.0 0.0 0.4192364811897278 0.9078770875930786
1638453806375693375 -0.975921630859375 -1.1714935302734375 0.0 0.0 0.0 0.4190407693386078 0.9079673886299133
1638453806576262243 -0.9704933166503906 -1.1733627319335938 0.0 0.0 0.0 0.42033448815345764 0.9073692560195923
1638453806776915955 -0.9660797119140625 -1.1674079895019531 0.0 0.0 0.0 0.4182957410812378 0.9083108901977539
1638453806977283257 -0.9736099243164062 -1.1682243347167969 0.0 0.0 0.0 0.41870102286338806 0.9081241488456726
1638453807177815978 -0.9706497192382812 -1.1686134338378906 0.0 0.0 0.0 0.4144974946975708 0.9100504517555237
1638453807378478233 -0.9753532409667969 -1.178497314453125 0.0 0.0 0.0 0.4202437400817871 0.9074112772941589
1638453807579121320 -0.9729156494140625 -1.1761016845703125 0.0 0.0 0.0 0.42056018114089966 0.9072646498680115
1638453807779712428 -0.9713783264160156 -1.1715927124023438 0.0 0.0 0.0 0.4216510057449341 0.906758189201355
1638453807980291660 -0.9672660827636719 -1.1725730895996094 0.0 0.0 0.0 0.42300114035606384 0.9061291217803955
1638453808180990425 -0.9798126220703125 -1.1687965393066406 0.0 0.0 0.0 0.4204142987728119 0.9073322415351868
1638453808381694920 -0.9735183715820312 -1.1825981140136719 0.0 0.0 0.0 0.4162083864212036 0.9092692732810974
1638453808582338789 -0.9723892211914062 -1.1765594482421875 0.0 0.0 0.0 0.4188533127307892 0.9080539345741272
