1638453712758460045 2.531068639655132e-05 -5.432022387452662e-09 0.0 0.0 0.0 0.00029783695936203003 0.9999999403953552
1638453712958460093 2.5310688215540722e-05 -7.597478202114871e-09 0.0 0.0 0.0 0.0002768412232398987 0.9999999403953552
1638453713125460148 5.146404136180394e-12 -2.077605998351828e-08 0.0 0.0 0.0 0.00016932189464569092 1.0
1638453713292460203 2.5310690034530126e-05 -1.5072949111072376e-08 0.0 0.0 0.0 0.0002770349383354187 0.9999999403953552
1638453713426460028 6.901381809781837e-12 -2.6988050905174532e-08 0.0 0.0 0.0 0.00024230778217315674 1.0
1638453713559460163 5.0455807067140146e-12 -2.322504677465531e-08 0.0 0.0 0.0 0.0002909451723098755 0.9999999403953552
1638453713724460125 2.531068639655132e-05 -5.554129600682245e-09 0.0 0.0 0.0 0.00039764493703842163 0.9999999403953552
1638453713904249907 2.5310690034530126e-05 -1.2377021185727699e-08 0.0 0.0 0.0 0.0003568120300769806 0.9999999403953552
163845371471249962 2.5310688215540722e-05 -9.97876448138868e-09 0.0 0.0 0.0 0.00017865002155303955 1.0
1638453714239249945 2.531068639655132e-05 -5.543191683443638e-09 0.0 0.0 0.0 0.0003213360905647278 0.9999999403953552
1638453714438250065 1.2160329167232309e-12 -1.6791663171034088e-08 0.0 0.0 0.0 0.00029145926237106323 0.9999999403953552
1638453714606250048 5.04486686800365e-12 -2.091174344798219e-08 0.0 0.0 0.0 0.0005041323602199554 0.9999998807907104
1638453714771250010 5.04486686800365e-12 -2.091174344798219e-08 0.0 0.0 0.0 0.00036284327507019043 0.9999999403953552
1638453714938250065 2.5310684577561915e-05 -1.625267587179735e-09 0.0 0.0 0.0 0.0003111325204372406 0.9999999403953552
1638453715141249895 3.2741110170264598e-12 -1.6389895662882736e-08 0.0 0.0 0.0 0.00034392625093460083 0.9999999403953552
1638453715273249865 2.5310680939583108e-05 5.214973342049234e-09 0.0 0.0 0.0 0.0003523416817188263 0.9999999403953552
1638453715442250013 2.53106773016043e-05 9.81272396671784e-09 0.0 0.0 0.0 0.0003672875463962555 0.9999999403953552
1638453715641249895 0.0013667765306308866 1.1711848628692678e-06 0.0 0.0 0.0 0.0005597136332653463 0.9999998211860657
1638453715773249865 0.003543493803590536 3.93916388929938e-06 0.0 0.0 0.0 0.0006362199201248586 0.9999998211860657
1638453715940249920 0.00807410478591919 8.843150681059342e-06 0.0 0.0 0.0 0.0005074851214885712 0.9999998807907104
1638453716109250069 0.014148665592074394 1.588431405252777e-05 0.0 0.0 0.0 0.0007219649269245565 0.9999997615814209
1638453716275249958 0.02153937891125679 2.5893503334373236e-05 0.0 0.0 0.0 0.0006715133204124868 0.9999997615814209
1638453716441954136 0.031132113188505173 4.335042103775777e-05 0.0 0.0 0.0 0.0009848697809502482 0.9999995231628418
1638453716575953960 0.04014269635081291 6.198361370479688e-05 0.0 0.0 0.0 0.0011910793837159872 0.9999992847442627
1638453716742954016 0.052975188940763474 8.831083687255159e-05 0.0 0.0 0.0 0.0011840274091809988 0.9999992847442627
1638453716880954027 0.0641118660569191 0.0001114646001951769 0.0 0.0 0.0 0.0009914225665852427 0.9999995231628418
163845371746953917 0.07745057344436646 0.0001366892975056544 0.0 0.0 0.0 0.000934276613406837 0.9999995827674866
1638453717213953972 0.09086521714925766 0.00016184139531105757 0.0 0.0 0.0 0.0007982402457855642 0.9999997019767761
1638453717383954048 0.10440640896558762 0.00018051700317300856 0.0 0.0 0.0 0.00069604063173756 0.9999997615814209
1638453717516953945 0.11493564397096634 0.00019338064885232598 0.0 0.0 0.0 0.0004029311239719391 0.9999999403953552
1638453717690953970 0.12875527143478394 0.00020580978889483958 0.0 0.0 0.0 0.00041967257857322693 0.9999999403953552
1638453717857954025 0.14209400117397308 0.00022181916574481875 0.0 0.0 0.0 0.0006144269718788564 0.9999998211860657
163845371831954050 0.15593892335891724 0.00024306618433911353 0.0 0.0 0.0 0.0009110680548474193 0.9999995827674866
1638453718230953932 0.17175807058811188 0.00026705520576797426 0.0 0.0 0.0 0.0007743313326500356 0.9999997019767761
1638453718364953995 0.1824391633272171 0.00028446470969356596 0.0 0.0 0.0 0.0008526368765160441 0.9999996423721313
1638453718529953957 0.1956007182598114 0.00030076870461925864 0.0 0.0 0.0 0.000494685024023056 0.9999998807907104
1638453718734954119 0.21182486414909363 0.00031136770849116147 0.0 0.0 0.0 0.00043949857354164124 0.9999998807907104
1638453718899312019 0.22534076869487762 0.0003223753010388464 0.0 0.0 0.0 0.00037304311990737915 0.9999999403953552
163845371965311909 0.23860357701778412 0.00033663518843241036 0.0 0.0 0.0 0.0006872079684399068 0.9999997615814209
1638453719233311892 0.2521700859069824 0.0003577822935767472 0.0 0.0 0.0 0.0007556788041256368 0.9999997019767761
1638453719367311954 0.2630283534526825 0.00037704830174334347 0.0 0.0 0.0 0.0009195430902764201 0.9999995827674866
1638453719532311916 0.2763923406600952 0.00039837713120505214 0.0 0.0 0.0 0.0008583179442211986 0.9999996423721313
1638453719733311892 0.2939072847366333 0.00042586299241520464 0.0 0.0 0.0 0.0009380242554470897 0.9999995827674866
1638453719867311954 0.3067144751548767 0.0004535438783932477 0.0 0.0 0.0 0.0010841002222150564 0.9999994039535522
163845372034312010 0.3240269124507904 0.0005032249027863145 0.0 0.0 0.0 0.0016119808424264193 0.9999986886978149
1638453720238312006 0.34759098291397095 0.000590999610722065 0.0 0.0 0.0 0.0019268307369202375 0.999998152256012
1638453720436311960 0.37315452098846436 0.0007081645308062434 0.0 0.0 0.0 0.002335922559723258 0.9999972581863403
1638453720571311951 0.39175769686698914 0.0007949544815346599 0.0 0.0 0.0 0.0024580780882388353 0.9999969601631165
1638453720738312006 0.41494202613830566 0.0009049720247276127 0.0 0.0 0.0 0.002459754468873143 0.9999969601631165
1638453720872312069 0.43351975083351135 0.0010104088578373194 0.0 0.0 0.0 0.0031662045512348413 0.9999949932098389
163845372141311979 0.4571594297885895 0.0011637805728241801 0.0 0.0 0.0 0.00328443362377584 0.9999946355819702
1638453721175312042 0.47591423988342285 0.001289668376557529 0.0 0.0 0.0 0.0035855991300195456 0.9999935626983643
1638453721309311867 0.49469420313835144 0.001433601719327271 0.0 0.0 0.0 0.0040915715508162975 0.9999916553497314
1638453721483785152 0.5180044174194336 0.001635850640013814 0.0 0.0 0.0 0.004319177474826574 0.999990701675415
1638453721619785070 0.537037193775177 0.0018150684190914035 0.0 0.0 0.0 0.004849049728363752 0.9999882578849792
1638453721785785198 0.5615113377571106 0.0020632960367947817 0.0 0.0 0.0 0.0055127982050180435 0.9999848008155823
1638453721985785007 0.5924893617630005 0.0024371473118662834 0.0 0.0 0.0 0.006231520790606737 0.9999805688858032
1638453722120784998 0.6141282320022583 0.002714001340791583 0.0 0.0 0.0 0.006159620359539986 0.9999810457229614
1638453722287785053 0.64186692237854 0.003032115288078785 0.0 0.0 0.0 0.005532426293939352 0.9999846816062927
1638453722424785137 0.6652523279190063 0.0033121153246611357 0.0 0.0 0.0 0.006095826160162687 0.9999814033508301
1638453722588785172 0.6936743855476379 0.003642519935965538 0.0 0.0 0.0 0.005545118357986212 0.999984622001648
1638453722730785131 0.7190088629722595 0.003920338582247496 0.0 0.0 0.0 0.0053183333948254585 0.9999858736991882
1638453722862785101 0.7427741289138794 0.004186070058494806 0.0 0.0 0.0 0.005803053267300129 0.9999831914901733
163845372329785156 0.7740055322647095 0.0045423973351716995 0.0 0.0 0.0 0.006066318601369858 0.9999815821647644
1638453723162785053 0.7994657754898071 0.004883360117673874 0.0 0.0 0.0 0.007164100185036659 0.9999743103981018
1638453723337785006 0.8340109586715698 0.005403398536145687 0.0 0.0 0.0 0.008012324571609497 0.9999678730964661
1638453723469785213 0.8606340885162354 0.005849460139870644 0.0 0.0 0.0 0.008897805586457253 0.9999604225158691
1638453723635785103 0.89527827501297 0.006503515411168337 0.0 0.0 0.0 0.00992919597774744 0.9999507069587708
1638453723836785078 0.9374873042106628 0.007385960314422846 0.0 0.0 0.0 0.011117542162537575 0.9999381899833679
1638453723965856075 0.9650691151618958 0.007996381260454655 0.0 0.0 0.0 0.010808443650603294 0.9999415874481201
1638453724130856037 0.999559760093689 0.008730181492865086 0.0 0.0 0.0 0.010462651960551739 0.9999452829360962
1638453724263856173 1.0271934270858765 0.009290879592299461 0.0 0.0 0.0 0.009951874613761902 0.9999504685401917
1638453724433856010 1.0627989768981934 0.009969296865165234 0.0 0.0 0.0 0.009611704386770725 0.9999538064002991
1638453724566856146 1.090938687324524 0.010541400872170925 0.0 0.0 0.0 0.010815581306815147 0.9999415278434753
1638453724731856108 1.1258081197738647 0.01132455188781023 0.0 0.0 0.0 0.011558029800653458 0.9999331831932068
1638453724863856077 1.1533887386322021 0.01199024636298418 0.0 0.0 0.0 0.012525074183940887 0.9999215602874756
163845372529855967 1.1880775690078735 0.012903422117233276 0.0 0.0 0.0 0.013785953633487225 0.999904990196228
1638453725162856102 1.2157307863235474 0.01370064727962017 0.0 0.0 0.0 0.01473515760153532 0.999891459941864
1638453725329856157 1.2505680322647095 0.014744983054697514 0.0 0.0 0.0 0.015040128491818905 0.9998868703842163
1638453725495856047 1.285404920578003 0.015801388770341873 0.0 0.0 0.0 0.015433749184012413 0.9998809099197388
1638453725665856123 1.3214045763015747 0.0169186070561409 0.0 0.0 0.0 0.01526744943112135 0.9998834729194641
1638453725831856012 1.3561155796051025 0.017949046567082405 0.0 0.0 0.0 0.014861290343105793 0.9998895525932312
1638453725965856075 1.3840210437774658 0.018773779273033142 0.0 0.0 0.0 0.01471695862710476 0.9998916983604431
1638453726130856037 1.4185047149658203 0.019780993461608887 0.0 0.0 0.0 0.014284541830420494 0.9998979568481445
1638453726277856112 1.449169635772705 0.020626453682780266 0.0 0.0 0.0 0.013371702283620834 0.9999105930328369
1638453726500066996 1.497876763343811 0.021876687183976173 0.0 0.0 0.0 0.012606472708284855 0.9999205470085144
1638453726666067123 1.533022403717041 0.022756511345505714 0.0 0.0 0.0 0.01246294192969799 0.9999223351478577
1638453726834067106 1.5680418014526367 0.023623215034604073 0.0 0.0 0.0 0.012101772241294384 0.999926745891571
163845372735067081 1.6101720333099365 0.024634109809994698 0.0 0.0 0.0 0.01220800168812275 0.9999254941940308
1638453727217067003 1.6481525897979736 0.025537794455885887 0.0 0.0 0.0 0.01169996801763773 0.9999315738677979
1638453727384067059 1.6829707622528076 0.026339855045080185 0.0 0.0 0.0 0.011088285595178604 0.9999385476112366
1638453727518067122 1.7112616300582886 0.026944216340780258 0.0 0.0 0.0 0.01042135525494814 0.9999457001686096
1638453727716067076 1.752938985824585 0.02782529406249523 0.0 0.0 0.0 0.011481978930532932 0.9999340772628784
1638453727917067051 1.773561716079712 0.028303900733590126 0.0 0.0 0.0 0.01090966910123825 0.9999405145645142
163845372883067179 1.7737895250320435 0.028308816254138947 0.0 0.0 0.0 0.010575313121080399 0.9999440908432007
1638453728282067060 1.773890733718872 0.028311019763350487 0.0 0.0 0.0 0.003098542569205165 0.9999951720237732
1638453728481067181 1.7738149166107178 0.02831142581999302 0.0 0.0 0.0 -0.014902517199516296 0.9998889565467834
1638453728682067156 1.7738908529281616 0.028310108929872513 0.0 0.0 0.0 -0.04186409339308739 0.9991233348846436
1638453728887502909 1.773940920829773 0.02830267697572708 0.0 0.0 0.0 -0.08101563900709152 0.9967128038406372
163845372956502819 1.773890733718872 0.02830994501709938 0.0 0.0 0.0 -0.12420325726270676 0.9922568202018738
1638453729224502802 1.7737938165664673 0.028338933363556862 0.0 0.0 0.0 -0.17672263085842133 0.9842606782913208
1638453729425503016 1.7737236022949219 0.02836780436336994 0.0 0.0 0.0 -0.2481689155101776 0.9687168002128601
1638453729591502905 1.773490071296692 0.02851889096200466 0.0 0.0 0.0 -0.3139493465423584 0.9494397044181824
1638453729724502802 1.7734910249710083 0.02852020040154457 0.0 0.0 0.0 -0.3692375123500824 0.9293350577354431
1638453729892503023 1.773523211479187 0.02848106622695923 0.0 0.0 0.0 -0.44148996472358704 0.8972662091255188
163845373094502926 1.773668885231018 0.02824440598487854 0.0 0.0 0.0 -0.5283688902854919 0.849014937877655
1638453730293502808 1.7737178802490234 0.02812768518924713 0.0 0.0 0.0 -0.6061393618583679 0.795358419418335
1638453730460502863 1.773710012435913 0.028151990845799446 0.0 0.0 0.0 -0.6690649390220642 0.7432039380073547
1638453730627502918 1.7737116813659668 0.02815212681889534 0.0 0.0 0.0 -0.6850577592849731 0.7284887433052063
1638453730826502800 1.773713231086731 0.02812686376273632 0.0 0.0 0.0 -0.6846672296524048 0.7288557887077332
1638453730990502834 1.7737382650375366 0.027722662314772606 0.0 0.0 0.0 -0.6852688193321228 0.7282902002334595
1638453731123502970 1.7738336324691772 0.02615630440413952 0.0 0.0 0.0 -0.6852381229400635 0.7283191084861755
1638453731290502787 1.7740384340286255 0.022796213626861572 0.0 0.0 0.0 -0.6852522492408752 0.7283058166503906
1638453731469046831 1.7743523120880127 0.017667746171355247 0.0 0.0 0.0 -0.6851943135261536 0.7283603549003601
1638453731634047031 1.774773120880127 0.010770754888653755 0.0 0.0 0.0 -0.6852023601531982 0.7283527255058289
1638453731767046928 1.7751816511154175 0.004101234953850508 0.0 0.0 0.0 -0.685131847858429 0.7284190654754639
1638453731936046839 1.7758193016052246 -0.006307257805019617 0.0 0.0 0.0 -0.6849817633628845 0.728560209274292
163845373269046974 1.7763938903808594 -0.015629207715392113 0.0 0.0 0.0 -0.685068666934967 0.7284785509109497
1638453732235046864 1.7771857976913452 -0.028411900624632835 0.0 0.0 0.0 -0.6848904490470886 0.7286460399627686
1638453732401046991 1.778075933456421 -0.042684704065322876 0.0 0.0 0.0 -0.6847087144851685 0.72881680727005
1638453732567046881 1.7790653705596924 -0.05859971046447754 0.0 0.0 0.0 -0.6850142478942871 0.728529691696167
1638453732733047009 1.7801218032836914 -0.07598139345645905 0.0 0.0 0.0 -0.6855685710906982 0.7280080318450928
1638453732867046833 1.7810323238372803 -0.09114048629999161 0.0 0.0 0.0 -0.6856257915496826 0.7279541492462158
163845373334046888 1.7822462320327759 -0.1115301102399826 0.0 0.0 0.0 -0.6859807372093201 0.7276196479797363
1638453733168046951 1.7832657098770142 -0.12896470725536346 0.0 0.0 0.0 -0.6862064003944397 0.727406919002533
1638453733335047007 1.7845933437347412 -0.1517309695482254 0.0 0.0 0.0 -0.6860736012458801 0.727532148361206
1638453733468046904 1.7857081890106201 -0.17073193192481995 0.0 0.0 0.0 -0.6860839128494263 0.7275224328041077
1638453733634047031 1.787163257598877 -0.1954176276922226 0.0 0.0 0.0 -0.6859910488128662 0.7276099920272827
1638453733767046928 1.7883342504501343 -0.2153787612915039 0.0 0.0 0.0 -0.6861949563026428 0.7274176478385925
1638453733925662994 1.7898130416870117 -0.24084903299808502 0.0 0.0 0.0 -0.6864021420478821 0.7272221446037292
163845373490662956 1.7912068367004395 -0.2652847468852997 0.0 0.0 0.0 -0.6870146989822388 0.7266435027122498
1638453734256663084 1.7925777435302734 -0.29005134105682373 0.0 0.0 0.0 -0.6874611973762512 0.7262211441993713
1638453734425662994 1.7939624786376953 -0.3153494596481323 0.0 0.0 0.0 -0.6877867579460144 0.7259128093719482
1638453734624663115 1.7955877780914307 -0.34545060992240906 0.0 0.0 0.0 -0.6879686713218689 0.725740373134613
1638453734792663097 1.7970147132873535 -0.3720138370990753 0.0 0.0 0.0 -0.6879284977912903 0.7257784605026245
1638453734925662994 1.7981996536254883 -0.3938501477241516 0.0 0.0 0.0 -0.6875057816505432 0.7261788845062256
163845373590662956 1.7997398376464844 -0.42169997096061707 0.0 0.0 0.0 -0.6873794794082642 0.726298451423645
1638453735224663019 1.8010241985321045 -0.44451940059661865 0.0 0.0 0.0 -0.6865929365158081 0.727042019367218
1638453735390662909 1.802700400352478 -0.4738572835922241 0.0 0.0 0.0 -0.6866814494132996 0.7269584536552429
1638453735525662899 1.8040668964385986 -0.4977875351905823 0.0 0.0 0.0 -0.6864816546440125 0.727147102355957
1638453735657663107 1.8054474592208862 -0.5216408967971802 0.0 0.0 0.0 -0.6863816380500793 0.727241575717926
1638453735823662996 1.8071999549865723 -0.5517603158950806 0.0 0.0 0.0 -0.6858671307563782 0.7277268171310425
1638453735989662886 1.808985710144043 -0.5814720392227173 0.0 0.0 0.0 -0.6852712035179138 0.7282879948616028
1638453736122663021 1.8104565143585205 -0.6053199768066406 0.0 0.0 0.0 -0.684762179851532 0.7287665605545044
1638453736291662931 1.8123337030410767 -0.6355078816413879 0.0 0.0 0.0 -0.6847700476646423 0.7287591695785522
1638453736486744881 1.814569354057312 -0.6716076731681824 0.0 0.0 0.0 -0.6850840449333191 0.7284640073776245
1638453736618744850 1.8159915208816528 -0.694976806640625 0.0 0.0 0.0 -0.6855523586273193 0.7280232906341553
1638453736819745064 1.8181543350219727 -0.731157124042511 0.0 0.0 0.0 -0.6857767105102539 0.7278120517730713
1638453736985744953 1.8199249505996704 -0.7611739635467529 0.0 0.0 0.0 -0.6860565543174744 0.7275481820106506
1638453737119745016 1.8213404417037964 -0.7851520776748657 0.0 0.0 0.0 -0.6858662366867065 0.7277275919914246
1638453737287744999 1.823152780532837 -0.8153440356254578 0.0 0.0 0.0 -0.685129702091217 0.7284210920333862
1638453737486744881 1.825329303741455 -0.8509909510612488 0.0 0.0 0.0 -0.6852744817733765 0.7282848954200745
1638453737687744856 1.8275123834609985 -0.8867643475532532 0.0 0.0 0.0 -0.6854639053344727 0.7281065583229065
1638453737888745070 1.82966148853302 -0.9226665496826172 0.0 0.0 0.0 -0.6859296560287476 0.7276678681373596
163845373890744972 1.8317888975143433 -0.9592546820640564 0.0 0.0 0.0 -0.6864003539085388 0.7272238731384277
1638453738290745020 1.8338782787322998 -0.9951858520507812 0.0 0.0 0.0 -0.6861332654953003 0.7274758815765381
1638453738492744923 1.8360005617141724 -1.0312925577163696 0.0 0.0 0.0 -0.6860358715057373 0.727567732334137
1638453738694745064 1.8381147384643555 -1.067348837852478 0.0 0.0 0.0 -0.6860214471817017 0.7275813221931458
1638453738861744881 1.839858889579773 -1.0971137285232544 0.0 0.0 0.0 -0.6862857341766357 0.7273320555686951
163845373911444807 1.8412221670150757 -1.1209174394607544 0.0 0.0 0.0 -0.68684321641922 0.726805567741394
1638453739178444862 1.8429019451141357 -1.1509902477264404 0.0 0.0 0.0 -0.6875936388969421 0.7260957360267639
1638453739310444832 1.8441994190216064 -1.1748735904693604 0.0 0.0 0.0 -0.6876441240310669 0.7260478734970093
1638453739479444981 1.8458396196365356 -1.2051260471343994 0.0 0.0 0.0 -0.6878026723861694 0.7258976697921753
1638453739613444805 1.8471437692642212 -1.2291611433029175 0.0 0.0 0.0 -0.6876731514930725 0.7260204553604126
1638453739782444954 1.84884512424469 -1.2606017589569092 0.0 0.0 0.0 -0.6879220008850098 0.7257845997810364
1638453739918444872 1.8501944541931152 -1.2862313985824585 0.0 0.0 0.0 -0.6887192726135254 0.7250280976295471
163845374085444927 1.8518186807632446 -1.3178026676177979 0.0 0.0 0.0 -0.6891381144523621 0.7246299982070923
1638453740218444824 1.8530652523040771 -1.3429052829742432 0.0 0.0 0.0 -0.6896045207977295 0.7241861820220947
1638453740384444952 1.8546143770217896 -1.374809741973877 0.0 0.0 0.0 -0.6897692084312439 0.7240293025970459
1638453740518445015 1.8558567762374878 -1.400317907333374 0.0 0.0 0.0 -0.6897594928741455 0.7240385413169861
1638453740685444832 1.8574095964431763 -1.4318675994873047 0.0 0.0 0.0 -0.6892889142036438 0.7244865894317627
1638453740807444811 1.858568549156189 -1.4549977779388428 0.0 0.0 0.0 -0.689384937286377 0.724395215511322
1638453740976444960 1.860127329826355 -1.4868005514144897 0.0 0.0 0.0 -0.6895259022712708 0.7242610454559326
1638453741111444950 1.8613630533218384 -1.5123343467712402 0.0 0.0 0.0 -0.6903401017189026 0.723484992980957
1638453741211444855 1.862244725227356 -1.5311448574066162 0.0 0.0 0.0 -0.6903405785560608 0.7234845161437988
1638453741379444838 1.8637179136276245 -1.5632810592651367 0.0 0.0 0.0 -0.6910891532897949 0.7227694988250732
1638453741533624887 1.8651680946350098 -1.5957223176956177 0.0 0.0 0.0 -0.6911579966545105 0.7227036952972412
1638453741667624950 1.8663320541381836 -1.6222224235534668 0.0 0.0 0.0 -0.6915785670280457 0.7223012447357178
1638453741834625006 1.8677892684936523 -1.6555752754211426 0.0 0.0 0.0 -0.6914514303207397 0.7224228978157043
163845374237624836 1.8695865869522095 -1.6957536935806274 0.0 0.0 0.0 -0.6905699372291565 0.7232656478881836
1638453742237624884 1.871435523033142 -1.7353217601776123 0.0 0.0 0.0 -0.6903860569000244 0.7234411239624023
1638453742435624838 1.8732781410217285 -1.7750674486160278 0.0 0.0 0.0 -0.6908196806907654 0.7230271100997925
1638453742636625051 1.8750884532928467 -1.8151440620422363 0.0 0.0 0.0 -0.6912079453468323 0.7226558923721313
1638453742835624933 1.876832365989685 -1.8548436164855957 0.0 0.0 0.0 -0.6914417743682861 0.7224321961402893
163845374338625002 1.8785778284072876 -1.895049810409546 0.0 0.0 0.0 -0.6914629340171814 0.7224119901657104
1638453743238625050 1.8803777694702148 -1.9346201419830322 0.0 0.0 0.0 -0.690357506275177 0.7234683632850647
1638453743437624931 1.8822908401489258 -1.9743878841400146 0.0 0.0 0.0 -0.689519464969635 0.7242671847343445
1638453743670624971 1.8846771717071533 -2.021075487136841 0.0 0.0 0.0 -0.6882892847061157 0.7254363298416138
1638453743836624861 1.8864414691925049 -2.05405855178833 0.0 0.0 0.0 -0.687614381313324 0.726076066493988
163845374446423912 1.8887007236480713 -2.0949490070343018 0.0 0.0 0.0 -0.6869317889213562 0.7267218828201294
1638453744211423874 1.8905842304229736 -2.1277737617492676 0.0 0.0 0.0 -0.6862261295318604 0.7273882627487183
1638453744378423929 1.8925114870071411 -2.160646677017212 0.0 0.0 0.0 -0.6858829855918884 0.7277118563652039
1638453744527423859 1.8942922353744507 -2.1905362606048584 0.0 0.0 0.0 -0.6856408715248108 0.7279399633407593
1638453744730423927 1.8966941833496094 -2.23124098777771 0.0 0.0 0.0 -0.6861016154289246 0.7275056838989258
1638453744863424063 1.8982418775558472 -2.257594585418701 0.0 0.0 0.0 -0.6857896447181702 0.7277997732162476
163845374529423952 1.9002201557159424 -2.2906670570373535 0.0 0.0 0.0 -0.6856454610824585 0.7279356718063354
1638453745164423943 1.9018332958221436 -2.317397356033325 0.0 0.0 0.0 -0.6854950189590454 0.7280773520469666
1638453745330424070 1.9037808179855347 -2.3500661849975586 0.0 0.0 0.0 -0.6859238147735596 0.727673351764679
1638453745463423967 1.9053313732147217 -2.3765971660614014 0.0 0.0 0.0 -0.6866161823272705 0.7270200848579407
1638453745628423929 1.907201886177063 -2.409752130508423 0.0 0.0 0.0 -0.687045156955719 0.7266147136688232
1638453745761424065 1.9086865186691284 -2.4363629817962646 0.0 0.0 0.0 -0.6872758865356445 0.7263965010643005
1638453745931423903 1.910537838935852 -2.470101833343506 0.0 0.0 0.0 -0.6877251863479614 0.7259711027145386
1638453746135423899 1.912753701210022 -2.5106396675109863 0.0 0.0 0.0 -0.6873188018798828 0.7263558506965637
1638453746336423874 1.914977788925171 -2.550492763519287 0.0 0.0 0.0 -0.6871002316474915 0.7265626192092896
1638453746482861996 1.9164581298828125 -2.5770530700683594 0.0 0.0 0.0 -0.6870923042297363 0.7265701293945312
1638453746685862064 1.9186936616897583 -2.6176655292510986 0.0 0.0 0.0 -0.6874375343322754 0.7262435555458069
1638453746818861961 1.920145034790039 -2.644303560256958 0.0 0.0 0.0 -0.6877931356430054 0.7259067296981812
1638453746988862038 1.9219366312026978 -2.6780457496643066 0.0 0.0 0.0 -0.6880908012390137 0.7256245613098145
1638453747122861862 1.9233545064926147 -2.704786777496338 0.0 0.0 0.0 -0.6882473230361938 0.7254761457443237
1638453747323861837 1.925445795059204 -2.7446467876434326 0.0 0.0 0.0 -0.6884192228317261 0.7253130078315735
1638453747489861965 1.9271647930145264 -2.7773287296295166 0.0 0.0 0.0 -0.6881768107414246 0.7255430221557617
1638453747622861862 1.9285991191864014 -2.8040435314178467 0.0 0.0 0.0 -0.6875989437103271 0.726090669631958
1638453747789861917 1.9304505586624146 -2.8374783992767334 0.0 0.0 0.0 -0.6869168281555176 0.7267360687255859
1638453747921861887 1.9319523572921753 -2.8638346195220947 0.0 0.0 0.0 -0.6865474581718445 0.7270849943161011
163845374858861971 1.933542013168335 -2.8909971714019775 0.0 0.0 0.0 -0.6858689188957214 0.727725088596344
1638453748226861954 1.9355524778366089 -2.924321413040161 0.0 0.0 0.0 -0.6851206421852112 0.7284296154975891
1638453748360862017 1.9372130632400513 -2.9508962631225586 0.0 0.0 0.0 -0.6845313906669617 0.7289834022521973
1638453748529861927 1.939329743385315 -2.9843409061431885 0.0 0.0 0.0 -0.6843819618225098 0.7291236519813538
1638453748667861938 1.941083312034607 -3.0120513439178467 0.0 0.0 0.0 -0.6844565868377686 0.7290536165237427
1638453748837862015 1.9432348012924194 -3.0459249019622803 0.0 0.0 0.0 -0.684075117111206 0.7294115424156189
16384537495888939 1.9454394578933716 -3.0798962116241455 0.0 0.0 0.0 -0.6834906339645386 0.72995924949646
1638453749172888994 1.9458705186843872 -3.0863614082336426 0.0 0.0 0.0 -0.6825677156448364 0.7308223843574524
1638453749338888884 1.9458739757537842 -3.086411952972412 0.0 0.0 0.0 -0.6824591755867004 0.7309237122535706
1638453749506888866 1.9458891153335571 -3.086639404296875 0.0 0.0 0.0 -0.6853557825088501 0.7282084226608276
1638453749673888922 1.9458907842636108 -3.0866646766662598 0.0 0.0 0.0 -0.6944961547851562 0.7194964289665222
1638453749808888912 1.9458916187286377 -3.0866899490356445 0.0 0.0 0.0 -0.7075819969177246 0.7066313028335571
1638453749977889061 1.9458907842636108 -3.0866646766662598 0.0 0.0 0.0 -0.7269906997680664 0.6866472959518433
1638453750146888971 1.9458988904953003 -3.0865890979766846 0.0 0.0 0.0 -0.7520968317985535 0.6590526103973389
1638453750312888861 1.945908546447754 -3.0865392684936523 0.0 0.0 0.0 -0.7802395224571228 0.6254808306694031
1638453750480888844 1.9459433555603027 -3.0864176750183105 0.0 0.0 0.0 -0.8094260096549988 0.5872218608856201
1638453750684889078 1.9460119009017944 -3.086254119873047 0.0 0.0 0.0 -0.846386194229126 0.5325696468353271
1638453750817888975 1.9460612535476685 -3.0861656665802 0.0 0.0 0.0 -0.8694025278091431 0.4941045045852661
1638453750986888885 1.9460164308547974 -3.0862269401550293 0.0 0.0 0.0 -0.8965098857879639 0.44302377104759216
1638453751120888948 1.9459346532821655 -3.0863232612609863 0.0 0.0 0.0 -0.9152607917785645 0.40286189317703247
1638453751289888859 1.9458423852920532 -3.0864100456237793 0.0 0.0 0.0 -0.9365519285202026 0.3505287766456604
1638453751484977007 1.9457216262817383 -3.0865018367767334 0.0 0.0 0.0 -0.9578654766082764 0.28721722960472107
1638453751655977011 1.9456567764282227 -3.086541175842285 0.0 0.0 0.0 -0.972760796546936 0.2318112552165985
1638453751824977160 1.9456576108932495 -3.0865426063537598 0.0 0.0 0.0 -0.984599232673645 0.17482653260231018
1638453751957977057 1.945705533027649 -3.0865261554718018 0.0 0.0 0.0 -0.9913500547409058 0.13124433159828186
1638453752131977081 1.9456809759140015 -3.0865323543548584 0.0 0.0 0.0 -0.9973306059837341 0.07301820069551468
1638453752333976984 1.9456056356430054 -3.0865416526794434 0.0 0.0 0.0 -0.9989761114120483 0.04524112492799759
1638453752534977198 1.9456307888031006 -3.0865392684936523 0.0 0.0 0.0 -0.998952329158783 0.04576260223984718
1638453752666977167 1.9455552101135254 -3.0865461826324463 0.0 0.0 0.0 -0.9989689588546753 0.04539891332387924
1638453752832977057 1.9441183805465698 -3.0866751670837402 0.0 0.0 0.0 -0.9990024566650391 0.04465461149811745
163845375333977032 1.9398832321166992 -3.087055206298828 0.0 0.0 0.0 -0.9989998936653137 0.044712964445352554
1638453753170977116 1.9355976581573486 -3.0874392986297607 0.0 0.0 0.0 -0.9990047216415405 0.044604115188121796
1638453753337977171 1.928614616394043 -3.0880634784698486 0.0 0.0 0.0 -0.9989989399909973 0.04473452270030975
1638453753538977146 1.9180516004562378 -3.08900785446167 0.0 0.0 0.0 -0.9990078806877136 0.044533852487802505
1638453753706977129 1.9077157974243164 -3.089935302734375 0.0 0.0 0.0 -0.9990161061286926 0.04434831067919731
1638453753875977039 1.8952866792678833 -3.091041326522827 0.0 0.0 0.0 -0.9990260004997253 0.044124770909547806
163845375439474964 1.8822270631790161 -3.0921995639801025 0.0 0.0 0.0 -0.9990209341049194 0.04424029216170311
1638453754173474789 1.8714874982833862 -3.0931591987609863 0.0 0.0 0.0 -0.998997151851654 0.04477429762482643
1638453754307474852 1.8598158359527588 -3.0942091941833496 0.0 0.0 0.0 -0.9989903569221497 0.04492446780204773
1638453754475474834 1.8449175357818604 -3.0955522060394287 0.0 0.0 0.0 -0.9990006685256958 0.044694624841213226
1638453754609474897 1.8330438137054443 -3.09661602973938 0.0 0.0 0.0 -0.9989997148513794 0.04471701383590698
1638453754776474953 1.818144679069519 -3.0979490280151367 0.0 0.0 0.0 -0.999008297920227 0.04452468454837799
1638453754911474943 1.8061195611953735 -3.0990257263183594 0.0 0.0 0.0 -0.9990006685256958 0.044695816934108734
163845375579474926 1.7911707162857056 -3.100370407104492 0.0 0.0 0.0 -0.9989946484565735 0.044829197227954865
1638453755246474981 1.7761975526809692 -3.1017277240753174 0.0 0.0 0.0 -0.9989677667617798 0.04542475566267967
1638453755415474892 1.7610747814178467 -3.103116273880005 0.0 0.0 0.0 -0.998949408531189 0.045827023684978485
1638453755583474874 1.7461034059524536 -3.1044914722442627 0.0 0.0 0.0 -0.9989466071128845 0.04588811472058296
1638453755784474850 1.7281835079193115 -3.106142520904541 0.0 0.0 0.0 -0.9989349842071533 0.04613938182592392
1638453755916474819 1.7164644002914429 -3.1072311401367188 0.0 0.0 0.0 -0.9989194869995117 0.046473998576402664
163845375683474874 1.7016717195510864 -3.108616590499878 0.0 0.0 0.0 -0.9989027976989746 0.04683171212673187
1638453756217474937 1.6897778511047363 -3.109739065170288 0.0 0.0 0.0 -0.9988896250724792 0.047111544758081436
1638453756384474993 1.6749615669250488 -3.1111435890197754 0.0 0.0 0.0 -0.9988827705383301 0.04725729674100876
1638453756528476954 1.662766456604004 -3.112306833267212 0.0 0.0 0.0 -0.9988776445388794 0.047364939004182816
1638453756663476944 1.6508235931396484 -3.1134464740753174 0.0 0.0 0.0 -0.9988860487937927 0.04718739911913872
1638453756833476782 1.6356784105300903 -3.114868402481079 0.0 0.0 0.0 -0.9989235997200012 0.0463859997689724
1638453756967476845 1.6237825155258179 -3.1159682273864746 0.0 0.0 0.0 -0.9989525079727173 0.04575926437973976
1638453757133476973 1.6089621782302856 -3.117328405380249 0.0 0.0 0.0 -0.998958170413971 0.04563505947589874
1638453757270476818 1.5967881679534912 -3.1184446811676025 0.0 0.0 0.0 -0.9989619255065918 0.04555312916636467
1638453757436476946 1.5818915367126465 -3.1198060512542725 0.0 0.0 0.0 -0.9989698529243469 0.045379266142845154
1638453757571476936 1.569868564605713 -3.1209053993225098 0.0 0.0 0.0 -0.9989602565765381 0.04559016600251198
1638453757706476927 1.5578711032867432 -3.1220076084136963 0.0 0.0 0.0 -0.9989591240882874 0.04561445862054825
1638453757872476816 1.5427989959716797 -3.1233952045440674 0.0 0.0 0.0 -0.9989498257637024 0.045817259699106216
16384537587476807 1.5296683311462402 -3.12460994720459 0.0 0.0 0.0 -0.9989360570907593 0.04611615836620331
1638453758176476955 1.5121787786483765 -3.126244068145752 0.0 0.0 0.0 -0.9988970160484314 0.04695531725883484
1638453758311476946 1.4972357749938965 -3.1276538372039795 0.0 0.0 0.0 -0.9988938570022583 0.04702211916446686
1638453758411476851 1.485518217086792 -3.128758430480957 0.0 0.0 0.0 -0.9989007115364075 0.04687600955367088
1638453758513476849 1.4731453657150269 -3.129923105239868 0.0 0.0 0.0 -0.9988850951194763 0.04720799997448921
1638453758679476976 1.4519531726837158 -3.1319212913513184 0.0 0.0 0.0 -0.9989017844200134 0.046853743493556976
1638453758814476967 1.4346157312393188 -3.1335480213165283 0.0 0.0 0.0 -0.9989027380943298 0.04683242738246918
1638453758959861040 1.4132440090179443 -3.1355299949645996 0.0 0.0 0.0 -0.9989432692527771 0.045960281044244766
1638453759117861032 1.3928539752960205 -3.1374080181121826 0.0 0.0 0.0 -0.9989429712295532 0.045967068523168564
1638453759284861088 1.3712794780731201 -3.139396905899048 0.0 0.0 0.0 -0.9989379644393921 0.046075791120529175
1638453759518861055 1.3408855199813843 -3.142219066619873 0.0 0.0 0.0 -0.99892258644104 0.0464080274105072
1638453759717860937 1.314928650856018 -3.1446444988250732 0.0 0.0 0.0 -0.9989084005355835 0.04671216011047363
1638453759885860920 1.2920221090316772 -3.1467981338500977 0.0 0.0 0.0 -0.9988909959793091 0.047082848846912384
163845376090861082 1.2636477947235107 -3.1494717597961426 0.0 0.0 0.0 -0.9989160299301147 0.04654818773269653
1638453760291861057 1.2353711128234863 -3.1521008014678955 0.0 0.0 0.0 -0.9989492297172546 0.04583107307553291
1638453760457860947 1.210668921470642 -3.154350757598877 0.0 0.0 0.0 -0.9989953637123108 0.04481383413076401
1638453760624861002 1.1857872009277344 -3.156583309173584 0.0 0.0 0.0 -0.9990100860595703 0.04448407515883446
1638453760791861057 1.1608550548553467 -3.1588187217712402 0.0 0.0 0.0 -0.9989913105964661 0.044903866946697235
1638453760961860895 1.1355223655700684 -3.1611216068267822 0.0 0.0 0.0 -0.9989640712738037 0.04550632834434509
1638453761127861023 1.1106951236724854 -3.1633949279785156 0.0 0.0 0.0 -0.9989456534385681 0.04590883478522301
1638453761331861019 1.0803254842758179 -3.1662039756774902 0.0 0.0 0.0 -0.9989233613014221 0.04639076068997383
1638453761520249844 1.054998517036438 -3.1685702800750732 0.0 0.0 0.0 -0.9989112615585327 0.04665130749344826
1638453761686249971 1.030354380607605 -3.170897960662842 0.0 0.0 0.0 -0.9988887310028076 0.04713119566440582
1638453761820250034 1.01044762134552 -3.172779083251953 0.0 0.0 0.0 -0.9988973140716553 0.04694852977991104
1638453761986249924 0.9857773184776306 -3.1750993728637695 0.0 0.0 0.0 -0.9988958835601807 0.046979133039712906
1638453762121249914 0.9657182693481445 -3.176983594894409 0.0 0.0 0.0 -0.9989118576049805 0.04663737863302231
1638453762287250042 0.9408226013183594 -3.17933988571167 0.0 0.0 0.0 -0.9988598227500916 0.04773978516459465
1638453762420249939 0.9210200905799866 -3.181246757507324 0.0 0.0 0.0 -0.9988380670547485 0.04819202423095703
1638453762586249828 0.8962061405181885 -3.1836602687835693 0.0 0.0 0.0 -0.9988086223602295 0.04879915714263916
1638453762785249949 0.8665829300880432 -3.186565637588501 0.0 0.0 0.0 -0.9987933039665222 0.049111586064100266
1638453762918249846 0.8469868302345276 -3.1885037422180176 0.0 0.0 0.0 -0.998781681060791 0.049347810447216034
163845376386249828 0.8220776319503784 -3.190983295440674 0.0 0.0 0.0 -0.9987748265266418 0.049486398696899414
1638453763223249912 0.8016499876976013 -3.193000078201294 0.0 0.0 0.0 -0.9988048076629639 0.04887702688574791
1638453763390249968 0.7768117785453796 -3.195425510406494 0.0 0.0 0.0 -0.9988164305686951 0.04863865301012993
1638453763524250031 0.756885290145874 -3.1973659992218018 0.0 0.0 0.0 -0.9988211989402771 0.04854125529527664
1638453763690249920 0.7321476936340332 -3.199779510498047 0.0 0.0 0.0 -0.9988135695457458 0.04869699478149414
1638453763824249983 0.7120473980903625 -3.20176362991333 0.0 0.0 0.0 -0.998769998550415 0.04958320036530495
1638453763973937988 0.687138557434082 -3.2042458057403564 0.0 0.0 0.0 -0.9987571239471436 0.049841683357954025
1638453764174937963 0.6573725938796997 -3.2072510719299316 0.0 0.0 0.0 -0.9987297058105469 0.050388403236866
1638453764309937954 0.6375041007995605 -3.209263563156128 0.0 0.0 0.0 -0.9987198710441589 0.05058294162154198
1638453764477937937 0.6125490665435791 -3.2117931842803955 0.0 0.0 0.0 -0.9987273812294006 0.05043411999940872
1638453764675937891 0.582986056804657 -3.2147927284240723 0.0 0.0 0.0 -0.9987115859985352 0.05074604973196983
1638453764843937874 0.5576809644699097 -3.2173821926116943 0.0 0.0 0.0 -0.9986875653266907 0.05121619626879692
163845376573937893 0.5211507081985474 -3.2211668491363525 0.0 0.0 0.0 -0.9986401796340942 0.052132878452539444
1638453765276937962 0.4889054000377655 -3.2245564460754395 0.0 0.0 0.0 -0.9986224174499512 0.05247204378247261
1638453765441937923 0.4627050757408142 -3.227346420288086 0.0 0.0 0.0 -0.9985736012458801 0.05339211970567703
1638453765615937948 0.43527522683143616 -3.230302095413208 0.0 0.0 0.0 -0.9985564351081848 0.05371268838644028
1638453765780937910 0.4090554714202881 -3.233147621154785 0.0 0.0 0.0 -0.9985479712486267 0.05386969819664955
1638453765983937979 0.3767443001270294 -3.236635684967041 0.0 0.0 0.0 -0.9985418915748596 0.05398266389966011
1638453766184937954 0.3448638617992401 -3.2401046752929688 0.0 0.0 0.0 -0.9985266923904419 0.05426322668790817
1638453766318938017 0.3235035538673401 -3.242450475692749 0.0 0.0 0.0 -0.9984790682792664 0.055132631212472916
1638453766495631933 0.296764612197876 -3.2454376220703125 0.0 0.0 0.0 -0.9984293580055237 0.0560254342854023
1638453766663631916 0.27018293738365173 -3.2484641075134277 0.0 0.0 0.0 -0.9983718395233154 0.05704126134514809
1638453766830631971 0.24373134970664978 -3.251513957977295 0.0 0.0 0.0 -0.9983429908752441 0.057543378323316574
1638453766964632034 0.22256231307983398 -3.2539749145507812 0.0 0.0 0.0 -0.9983065724372864 0.058171629905700684
1638453767133631945 0.19569027423858643 -3.257134199142456 0.0 0.0 0.0 -0.9982863068580627 0.05851889029145241
1638453767333631992 0.1640923172235489 -3.2608489990234375 0.0 0.0 0.0 -0.9982834458351135 0.05856708809733391
1638453767534631968 0.1321195513010025 -3.264626979827881 0.0 0.0 0.0 -0.9982631802558899 0.05891207605600357
1638453767667631865 0.11100783199071884 -3.267141819000244 0.0 0.0 0.0 -0.9982220530509949 0.059605251997709274
1638453767834631920 0.08432197570800781 -3.2703661918640137 0.0 0.0 0.0 -0.9981693029403687 0.06048176437616348
163845376833631802 0.05289170891046524 -3.2742035388946533 0.0 0.0 0.0 -0.998137354850769 0.06100650504231453
1638453768167631865 0.031688809394836426 -3.2768075466156006 0.0 0.0 0.0 -0.9981271624565125 0.06117284670472145
1638453768333631992 0.0071719191037118435 -3.2798359394073486 0.0 0.0 0.0 -0.9980854392051697 0.061849866062402725
1638453768533631802 0.005715093109756708 -3.2800166606903076 0.0 0.0 0.0 -0.9980852603912354 0.06185271963477135
1638453768734632015 0.005489008501172066 -3.2800443172454834 0.0 0.0 0.0 -0.9983112812042236 0.0580914169549942
1638453768935631990 0.005413525737822056 -3.280052661895752 0.0 0.0 0.0 -0.9988932609558105 0.047034502029418945
1638453769111196041 0.005388230085372925 -3.2800538539886475 0.0 0.0 0.0 -0.9995256662368774 0.030797455459833145
1638453769278196096 0.005312381777912378 -3.280057430267334 0.0 0.0 0.0 -0.999960720539093 0.008861620910465717
1638453769442196131 0.005185834597796202 -3.280057430267334 0.0 0.0 0.0 -0.9998753070831299 -0.015792114660143852
1638453769643196106 0.005084911826997995 -3.2800495624542236 0.0 0.0 0.0 -0.9988487958908081 -0.04796980321407318
1638453769812196016 0.005060036666691303 -3.2800445556640625 0.0 0.0 0.0 0.9967440366744995 0.08063049614429474
1638453769977196217 0.005059998016804457 -3.2800447940826416 0.0 0.0 0.0 0.9929108619689941 0.11886152625083923
1638453770115195990 0.005035411566495895 -3.280038595199585 0.0 0.0 0.0 0.9876119494438171 0.15691591799259186
1638453770283196211 0.005082339514046907 -3.280057668685913 0.0 0.0 0.0 0.9788305759429932 0.20467230677604675
1638453770482196093 0.005173100624233484 -3.280102491378784 0.0 0.0 0.0 0.9656832814216614 0.259722501039505
1638453770683196068 0.005278639029711485 -3.280172109603882 0.0 0.0 0.0 0.9486818909645081 0.31623199582099915
1638453770852196217 0.005336386617273092 -3.2802212238311768 0.0 0.0 0.0 0.9318453073501587 0.3628557622432709
163845377150196171 0.005423911847174168 -3.2803125381469727 0.0 0.0 0.0 0.909237802028656 0.416277140378952
1638453771218196154 0.005485321395099163 -3.28039288520813 0.0 0.0 0.0 0.887519359588623 0.4607704281806946
1638453771387196064 0.005471392069011927 -3.28037166595459 0.0 0.0 0.0 0.8644248247146606 0.5027621388435364
1638453771520537138 0.0054828329011797905 -3.2803943157196045 0.0 0.0 0.0 0.8440409302711487 0.5362787842750549
1638453771721537113 0.005475950893014669 -3.2803702354431152 0.0 0.0 0.0 0.81113600730896 0.5848575830459595
1638453771886537075 0.005430320277810097 -3.2801990509033203 0.0 0.0 0.0 0.7827511429786682 0.6223348379135132
1638453772120537043 0.005397678352892399 -3.279999256134033 0.0 0.0 0.0 0.7391241192817688 0.6735692620277405
1638453772328536987 0.0053945803083479404 -3.2799487113952637 0.0 0.0 0.0 0.696690022945404 0.7173722982406616
1638453772463536978 0.005401934497058392 -3.2798478603363037 0.0 0.0 0.0 0.6685229539871216 0.7436915040016174
1638453772633537054 0.00540145393460989 -3.2798478603363037 0.0 0.0 0.0 0.6587908864021301 0.7523261308670044
1638453772834537029 0.0053947619162499905 -3.279897928237915 0.0 0.0 0.0 0.6586272120475769 0.7524694204330444
163845377337537098 0.005378516390919685 -3.2800230979919434 0.0 0.0 0.0 0.6636369228363037 0.7480548024177551
1638453773172537088 0.005378516390919685 -3.2800230979919434 0.0 0.0 0.0 0.6686493158340454 0.7435778975486755
1638453773338536978 0.005378526169806719 -3.2800230979919434 0.0 0.0 0.0 0.674525260925293 0.7382517457008362
1638453773537537098 0.005378438625484705 -3.2800230979919434 0.0 0.0 0.0 0.6812071204185486 0.7320907711982727
1638453773737537146 0.005378428380936384 -3.2800230979919434 0.0 0.0 0.0 0.6810388565063477 0.7322472929954529
1638453773871536970 0.005394720938056707 -3.2797956466674805 0.0 0.0 0.0 0.6814638376235962 0.7318517565727234
163845377434860849 0.005522668361663818 -3.278003215789795 0.0 0.0 0.0 0.6814994215965271 0.731818675994873
1638453774166860819 0.0057136183604598045 -3.27532696723938 0.0 0.0 0.0 0.6814553737640381 0.7318596839904785
1638453774365860939 0.006117766723036766 -3.269671678543091 0.0 0.0 0.0 0.6815618276596069 0.731760561466217
1638453774532860994 0.006463466677814722 -3.264798879623413 0.0 0.0 0.0 0.6815517544746399 0.7317699193954468
1638453774664860964 0.0067345621064305305 -3.260986566543579 0.0 0.0 0.0 0.6812927722930908 0.732011079788208
1638453774830860853 0.007076974958181381 -3.256164312362671 0.0 0.0 0.0 0.6817425489425659 0.7315921783447266
163845377528861046 0.0075243692845106125 -3.2498271465301514 0.0 0.0 0.0 0.6816809177398682 0.73164963722229
1638453775193861008 0.00797522533684969 -3.2434139251708984 0.0 0.0 0.0 0.6818454265594482 0.731496274471283
1638453775360860825 0.008493565022945404 -3.23604154586792 0.0 0.0 0.0 0.6818721890449524 0.7314713597297668
1638453775560860872 0.009187832474708557 -3.226144313812256 0.0 0.0 0.0 0.6818867921829224 0.7314577102661133
1638453775761860847 0.009888486936688423 -3.2162222862243652 0.0 0.0 0.0 0.6818111538887024 0.7315282225608826
1638453775926861048 0.010468845255672932 -3.2080421447753906 0.0 0.0 0.0 0.6815373301506042 0.7317833304405212
1638453776128860950 0.011259454302489758 -3.196882486343384 0.0 0.0 0.0 0.6815685629844666 0.7317543029785156
1638453776328860998 0.012092367745935917 -3.1850411891937256 0.0 0.0 0.0 0.6819631457328796 0.7313865423202515
1638453776463860989 0.012646661140024662 -3.1771130561828613 0.0 0.0 0.0 0.6821147799491882 0.7312451004981995
1638453776672291040 0.01348273828625679 -3.1651198863983154 0.0 0.0 0.0 0.6823203563690186 0.7310532927513123
1638453776874290943 0.01431143656373024 -3.1531765460968018 0.0 0.0 0.0 0.6823341846466064 0.731040358543396
163845377741290998 0.01499002892524004 -3.143303394317627 0.0 0.0 0.0 0.6824371814727783 0.7309442758560181
1638453777240290880 0.01579827256500721 -3.131460428237915 0.0 0.0 0.0 0.6825098395347595 0.7308763861656189
1638453777438290834 0.01660691760480404 -3.1195919513702393 0.0 0.0 0.0 0.6824225783348083 0.7309579253196716
1638453777641290903 0.017437877133488655 -3.107471227645874 0.0 0.0 0.0 0.6823965311050415 0.7309821844100952
1638453777807291031 0.01811588555574417 -3.097598075866699 0.0 0.0 0.0 0.6824789047241211 0.730905294418335
1638453777975291014 0.018803240731358528 -3.0875985622406006 0.0 0.0 0.0 0.6826448440551758 0.730750322341919
1638453778143290997 0.019484620541334152 -3.0776748657226562 0.0 0.0 0.0 0.6823880076408386 0.7309901714324951
1638453778312290907 0.020164549350738525 -3.067751169204712 0.0 0.0 0.0 0.6825012564659119 0.7308843731880188
1638453778477290869 0.02083110250532627 -3.057978630065918 0.0 0.0 0.0 0.6826567649841309 0.730739176273346
1638453778679291010 0.021639645099639893 -3.046110153198242 0.0 0.0 0.0 0.6827787160873413 0.7306252121925354
1638453778813290834 0.022170836105942726 -3.0382819175720215 0.0 0.0 0.0 0.6828091144561768 0.7305967807769775
1638453778972846031 0.022846397012472153 -3.0282561779022217 0.0 0.0 0.0 0.6829203367233276 0.7304928302764893
1638453779140846014 0.023507986217737198 -3.0183565616607666 0.0 0.0 0.0 0.6831251978874207 0.7303013205528259
1638453779305845976 0.02415849268436432 -3.008633852005005 0.0 0.0 0.0 0.6831908226013184 0.7302399277687073
1638453779571846008 0.025207005441188812 -2.9929258823394775 0.0 0.0 0.0 0.6831728219985962 0.7302567362785339
1638453779769845963 0.02598636969923973 -2.9812333583831787 0.0 0.0 0.0 0.6832054257392883 0.7302262187004089
1638453779971846104 0.026777446269989014 -2.969313144683838 0.0 0.0 0.0 0.6835059523582458 0.7299449443817139
1638453780137845993 0.02742798812687397 -2.9594380855560303 0.0 0.0 0.0 0.6836181879043579 0.7298398017883301
1638453780340846062 0.028221895918250084 -2.9473652839660645 0.0 0.0 0.0 0.6834577918052673 0.7299900054931641
1638453780543846130 0.029007581993937492 -2.935342788696289 0.0 0.0 0.0 0.6836106181144714 0.7298468947410583
1638453780776845932 0.029909972101449966 -2.9214260578155518 0.0 0.0 0.0 0.6839169859886169 0.7295598387718201
1638453780975846052 0.030677765607833862 -2.909529685974121 0.0 0.0 0.0 0.683952808380127 0.7295262217521667
1638453781144845963 0.03132466971874237 -2.8995022773742676 0.0 0.0 0.0 0.6837678551673889 0.7296996116638184
1638453781345845938 0.032103460282087326 -2.8875303268432617 0.0 0.0 0.0 0.6836716532707214 0.7297897338867188
1638453781518398046 0.0327630378305912 -2.877452850341797 0.0 0.0 0.0 0.6837612986564636 0.7297057509422302
1638453781686398029 0.033455438911914825 -2.866946220397949 0.0 0.0 0.0 0.6833340525627136 0.7301058769226074
1638453781887398005 0.03441088646650314 -2.852550745010376 0.0 0.0 0.0 0.6833025217056274 0.7301353812217712
1638453782120398045 0.03569599986076355 -2.833230972290039 0.0 0.0 0.0 0.6831983327865601 0.730232834815979
1638453782323398113 0.03694956749677658 -2.814340114593506 0.0 0.0 0.0 0.683417558670044 0.7300277352333069
1638453782492398024 0.03805481642484665 -2.797621011734009 0.0 0.0 0.0 0.6839877367019653 0.7294935584068298
1638453782663398027 0.03905240818858147 -2.7806923389434814 0.0 0.0 0.0 0.6885712742805481 0.7251686453819275
1638453782836398125 0.039801012724637985 -2.7634212970733643 0.0 0.0 0.0 0.6945496201515198 0.7194448113441467
163845378337398100 0.040310557931661606 -2.7433063983917236 0.0 0.0 0.0 0.7018505930900574 0.7123241424560547
1638453783271398067 0.040388189256191254 -2.7199957370758057 0.0 0.0 0.0 0.7100120186805725 0.7041895389556885
1638453783474398136 0.040045950561761856 -2.699674129486084 0.0 0.0 0.0 0.7149177193641663 0.6992085576057434
1638453783678398132 0.039590924978256226 -2.679278612136841 0.0 0.0 0.0 0.7148865461349487 0.6992404460906982
1638453783878398180 0.03913727030158043 -2.659313678741455 0.0 0.0 0.0 0.7151899337768555 0.6989301443099976
163845378415398026 0.038824137300252914 -2.645700216293335 0.0 0.0 0.0 0.7152942419052124 0.6988233923912048
1638453784159636974 0.03849894553422928 -2.6316819190979004 0.0 0.0 0.0 0.7152938842773438 0.6988237500190735
1638453784392637014 0.0379595123231411 -2.608478307723999 0.0 0.0 0.0 0.7154024243354797 0.6987126469612122
1638453784558636904 0.03752510994672775 -2.5902090072631836 0.0 0.0 0.0 0.7153596878051758 0.6987563967704773
1638453784822636843 0.0367540679872036 -2.558352470397949 0.0 0.0 0.0 0.7160100340843201 0.6980899572372437
1638453784990636826 0.03619500622153282 -2.5367445945739746 0.0 0.0 0.0 0.7162675261497498 0.6978257894515991
1638453785191637039 0.03548870235681534 -2.510608196258545 0.0 0.0 0.0 0.7168020606040955 0.6972767114639282
1638453785359637022 0.03486698493361473 -2.4886980056762695 0.0 0.0 0.0 0.7172244787216187 0.6968421936035156
1638453785525636911 0.034243419766426086 -2.4671168327331543 0.0 0.0 0.0 0.7173075675964355 0.6967566609382629
1638453785760637045 0.0333559587597847 -2.436579704284668 0.0 0.0 0.0 0.7173160910606384 0.696747899055481
1638453785927636862 0.03273027762770653 -2.4150748252868652 0.0 0.0 0.0 0.7173778414726257 0.6966843008995056
163845378661636925 0.03221965208649635 -2.3978965282440186 0.0 0.0 0.0 0.7177165150642395 0.6963354349136353
1638453786226636887 0.0315764844417572 -2.376518726348877 0.0 0.0 0.0 0.717646598815918 0.6964074373245239
1638453786361636877 0.03104613721370697 -2.3589611053466797 0.0 0.0 0.0 0.7177067995071411 0.6963454484939575
1638453786569031954 0.03024720959365368 -2.3328018188476562 0.0 0.0 0.0 0.7179216742515564 0.6961238980293274
1638453786807031870 0.029264044016599655 -2.3017356395721436 0.0 0.0 0.0 0.718541145324707 0.695484459400177
1638453786974031925 0.028543967753648758 -2.280031204223633 0.0 0.0 0.0 0.7187668085098267 0.6952512264251709
1638453787108031988 0.027965491637587547 -2.2627031803131104 0.0 0.0 0.0 0.7186388373374939 0.6953834891319275
1638453787275031805 0.027218537405133247 -2.240037202835083 0.0 0.0 0.0 0.7185061573982239 0.6955205798149109
1638453787454031944 0.026469947770237923 -2.2171685695648193 0.0 0.0 0.0 0.7186830639839172 0.6953378319740295
1638453787653031826 0.02550806663930416 -2.187697410583496 0.0 0.0 0.0 0.7184288501739502 0.6956004500389099
1638453787888031960 0.024410808458924294 -2.153090000152588 0.0 0.0 0.0 0.7182271480560303 0.6958087086677551
163845378888031769 0.023452645167708397 -2.1230361461639404 0.0 0.0 0.0 0.7183907628059387 0.6956397891044617
1638453788223031998 0.022757643833756447 -2.101710796356201 0.0 0.0 0.0 0.7186033129692078 0.6954202651977539
1638453788423031807 0.021719831973314285 -2.0696842670440674 0.0 0.0 0.0 0.7182137966156006 0.6958224773406982
1638453788558031797 0.021034324541687965 -2.0480542182922363 0.0 0.0 0.0 0.7182399034500122 0.6957955956459045
1638453788794031858 0.01985280215740204 -2.0097522735595703 0.0 0.0 0.0 0.7176859974861145 0.6963668465614319
1638453788993031979 0.01886710524559021 -1.9762808084487915 0.0 0.0 0.0 0.717311441898346 0.6967527270317078
1638453789190357208 0.017886504530906677 -1.942707896232605 0.0 0.0 0.0 0.7173604369163513 0.696702241897583
1638453789391357183 0.016904329881072044 -1.908552646636963 0.0 0.0 0.0 0.7174275517463684 0.6966331005096436
1638453789557357073 0.016085797920823097 -1.8804948329925537 0.0 0.0 0.0 0.7176225781440735 0.6964322328567505
1638453789759357214 0.01506129838526249 -1.8461635112762451 0.0 0.0 0.0 0.7175567150115967 0.6965001225471497
1638453789924357176 0.01425146870315075 -1.8181055784225464 0.0 0.0 0.0 0.7171066999435425 0.6969634294509888
1638453790123357058 0.013285890221595764 -1.7847601175308228 0.0 0.0 0.0 0.7171470522880554 0.6969218850135803
1638453790327357054 0.01230570487678051 -1.750452995300293 0.0 0.0 0.0 0.7169898152351379 0.6970836520195007
1638453790460357189 0.011674489825963974 -1.727859377861023 0.0 0.0 0.0 0.716952919960022 0.6971216201782227
1638453790626357079 0.010873743332922459 -1.6995986700057983 0.0 0.0 0.0 0.7173323631286621 0.6967311501502991
1638453790793357134 0.010043135844171047 -1.6713895797729492 0.0 0.0 0.0 0.717657208442688 0.69639652967453
163845379124357080 0.008847502060234547 -1.6321256160736084 0.0 0.0 0.0 0.717886745929718 0.6961598992347717
1638453791223357201 0.0078174052760005 -1.5985287427902222 0.0 0.0 0.0 0.7178820967674255 0.6961647272109985
1638453791490357161 0.0063998084515333176 -1.55364990234375 0.0 0.0 0.0 0.718420684337616 0.695608913898468
1638453791679304123 0.005257155280560255 -1.5196008682250977 0.0 0.0 0.0 0.719269871711731 0.694730818271637
1638453791879303932 0.004079848527908325 -1.4856036901474 0.0 0.0 0.0 0.719370424747467 0.6946266293525696
163845379282304001 0.0028235057834535837 -1.451178789138794 0.0 0.0 0.0 0.7203148007392883 0.6936472654342651
1638453792284304142 0.0015175289008766413 -1.416983723640442 0.0 0.0 0.0 0.7207075357437134 0.6932392716407776
1638453792484303951 0.000252348167123273 -1.3831924200057983 0.0 0.0 0.0 0.7199717164039612 0.6940034031867981
1638453792684303999 -0.0009907453786581755 -1.3496533632278442 0.0 0.0 0.0 0.7201303839683533 0.6938387155532837
1638453792918303967 -0.002423037774860859 -1.310017466545105 0.0 0.0 0.0 0.7197883725166321 0.6941935420036316
1638453793119303942 -0.003666470991447568 -1.2759718894958496 0.0 0.0 0.0 0.7201497554779053 0.6938186287879944
1638453793388303995 -0.0053791175596416 -1.230318307876587 0.0 0.0 0.0 0.719947874546051 0.6940281391143799
1638453793588304043 -0.00660261744633317 -1.196474552154541 0.0 0.0 0.0 0.7195506691932678 0.6944399476051331
1638453793919304132 -0.00856289453804493 -1.1407748460769653 0.0 0.0 0.0 0.7194762229919434 0.6945170760154724
1638453794128897905 -0.00975560862571001 -1.1067276000976562 0.0 0.0 0.0 0.7193865180015564 0.6946099996566772
1638453794364897966 -0.011203048750758171 -1.0666110515594482 0.0 0.0 0.0 0.7199982404708862 0.6939759254455566
1638453794631897926 -0.012869001366198063 -1.0213102102279663 0.0 0.0 0.0 0.7197220921516418 0.6942622661590576
1638453794832897902 -0.01406981609761715 -0.9872885942459106 0.0 0.0 0.0 0.7192943096160889 0.6947054862976074
163845379570897818 -0.015428987331688404 -0.9473714828491211 0.0 0.0 0.0 0.7187821269035339 0.6952353715896606
1638453795238897800 -0.01635277271270752 -0.9190385937690735 0.0 0.0 0.0 0.7183808088302612 0.6956501007080078
1638453795372897863 -0.017074894160032272 -0.8963211178779602 0.0 0.0 0.0 0.7183142900466919 0.6957187056541443
1638453795510897875 -0.017826812341809273 -0.8728954792022705 0.0 0.0 0.0 0.7186944484710693 0.695326030254364
1638453795713897943 -0.018988030031323433 -0.8384925723075867 0.0 0.0 0.0 0.7194673418998718 0.6945262551307678
1638453795882897854 -0.020022861659526825 -0.8098089694976807 0.0 0.0 0.0 0.7199017405509949 0.6940760016441345
163845379683897829 -0.021264199167490005 -0.7757633328437805 0.0 0.0 0.0 0.7196516990661621 0.6943352222442627
1638453796316897869 -0.022635476663708687 -0.7366316914558411 0.0 0.0 0.0 0.7192238569259644 0.6947783827781677
1638453796517897844 -0.023802094161510468 -0.7026342153549194 0.0 0.0 0.0 0.7190654277801514 0.6949423551559448
1638453796667381048 -0.02457188256084919 -0.6800195574760437 0.0 0.0 0.0 0.71913081407547 0.6948747634887695
1638453796833381176 -0.025550873950123787 -0.6516885161399841 0.0 0.0 0.0 0.7193477749824524 0.6946501135826111
1638453796967381001 -0.0263562873005867 -0.6289737820625305 0.0 0.0 0.0 0.7197631001472473 0.6942197680473328
1638453797235381126 -0.028006894513964653 -0.5835203528404236 0.0 0.0 0.0 0.7199920415878296 0.6939823031425476
1638453797434381008 -0.029255874454975128 -0.5500069856643677 0.0 0.0 0.0 0.7203319668769836 0.6936295032501221
1638453797568381071 -0.03010415844619274 -0.5275723934173584 0.0 0.0 0.0 0.7203781008720398 0.6935815215110779
1638453797769381046 -0.031417228281497955 -0.49360552430152893 0.0 0.0 0.0 0.721121609210968 0.6928085088729858
1638453797936381102 -0.03256275877356529 -0.46525537967681885 0.0 0.0 0.0 0.7212366461753845 0.6926887035369873
163845379869380999 -0.03349550813436508 -0.4425202012062073 0.0 0.0 0.0 0.7217059135437012 0.6921998262405396
1638453798238381147 -0.03470870107412338 -0.41399556398391724 0.0 0.0 0.0 0.7222182750701904 0.6916652321815491
1638453798471381187 -0.03641708195209503 -0.37442120909690857 0.0 0.0 0.0 0.7221192121505737 0.6917686462402344
1638453798639381170 -0.037640295922756195 -0.3461756408214569 0.0 0.0 0.0 0.7221651673316956 0.6917206048965454
1638453798771381140 -0.03859243914484978 -0.3239986002445221 0.0 0.0 0.0 0.7219316959381104 0.691964328289032
1638453798938381195 -0.03976244851946831 -0.29592812061309814 0.0 0.0 0.0 0.7214482426643372 0.6924683451652527
163845379981974983 -0.040931299328804016 -0.2675788998603821 0.0 0.0 0.0 0.7216036915779114 0.6923063397407532
1638453799280974865 -0.0423508919775486 -0.23381896317005157 0.0 0.0 0.0 0.7217754125595093 0.6921273469924927
1638453799413975000 -0.04329929128289223 -0.2111857533454895 0.0 0.0 0.0 0.7218310832977295 0.6920692920684814
1638453799712975025 -0.04535846784710884 -0.16060630977153778 0.0 0.0 0.0 0.7209268808364868 0.6930111646652222
1638453799911974907 -0.046651747077703476 -0.12711992859840393 0.0 0.0 0.0 0.7205695509910583 0.6933826804161072
1638453800116975069 -0.04797792434692383 -0.09264696389436722 0.0 0.0 0.0 0.7205862998962402 0.693365216255188
1638453800317975044 -0.04930974915623665 -0.058579493314027786 0.0 0.0 0.0 0.7211576104164124 0.6927710175514221
1638453800483974934 -0.05047690123319626 -0.0303315669298172 0.0 0.0 0.0 0.7220500111579895 0.6918408870697021
1638453800684974909 -0.05167430266737938 -0.0026929150335490704 0.0 0.0 0.0 0.7224563360214233 0.6914165616035461
1638453800951974869 -0.05169772729277611 -0.0021619070321321487 0.0 0.0 0.0 0.7227889895439148 0.6910687685012817
1638453801118974924 -0.05170563980937004 -0.0019849089439958334 0.0 0.0 0.0 0.722531259059906 0.6913382411003113
1638453801355974913 -0.05171109735965729 -0.0018584707286208868 0.0 0.0 0.0 0.7132822871208191 0.7008768320083618
1638453801557465076 -0.05171315744519234 -0.0019850062672048807 0.0 0.0 0.0 0.6968365907669067 0.717229962348938
1638453801724465132 -0.051706258207559586 -0.0018586457008495927 0.0 0.0 0.0 0.6756100654602051 0.7372590899467468
1638453801990465164 -0.05172394961118698 -0.0019837094005197287 0.0 0.0 0.0 0.6261295676231384 0.7797190546989441
1638453802190464973 -0.05173056572675705 -0.00200819899328053 0.0 0.0 0.0 0.5777170062065125 0.8162371516227722
1638453802425465107 -0.05181489139795303 -0.0022197056096047163 0.0 0.0 0.0 0.5107157230377197 0.8597496747970581
1638453802627465010 -0.051838092505931854 -0.002264713402837515 0.0 0.0 0.0 0.4513682425022125 0.8923377990722656
1638453802828464985 -0.05177313834428787 -0.0021871577482670546 0.0 0.0 0.0 0.3897838592529297 0.9209063649177551
163845380326465178 -0.05171695351600647 -0.0021361231338232756 0.0 0.0 0.0 0.32718387246131897 0.9449607133865356
1638453803225465059 -0.051572393625974655 -0.0020339982584118843 0.0 0.0 0.0 0.26419928669929504 0.9644681215286255
1638453803427464962 -0.051594819873571396 -0.0020455983467400074 0.0 0.0 0.0 0.19730928540229797 0.9803413152694702
1638453803627465010 -0.05154591053724289 -0.0020324797369539738 0.0 0.0 0.0 0.13097332417964935 0.9913858771324158
1638453803829465151 -0.0514221265912056 -0.002006078138947487 0.0 0.0 0.0 0.0939362496137619 0.9955782294273376
163845380462278986 -0.0514221265912056 -0.0020060816314071417 0.0 0.0 0.0 0.0939902663230896 0.995573103427887
1638453804261278868 -0.0514221265912056 -0.0020060816314071417 0.0 0.0 0.0 0.09405303001403809 0.9955672025680542
1638453804560278893 -0.05144698917865753 -0.002010816941037774 0.0 0.0 0.0 0.09394767135381699 0.9955771565437317
1638453804827279091 -0.05144698917865753 -0.0020108188036829233 0.0 0.0 0.0 0.09402438253164291 0.9955698847770691
163845380527278900 -0.0514221265912056 -0.002006080001592636 0.0 0.0 0.0 0.09395735710859299 0.9955762028694153
1638453805258279085 -0.0514221265912056 -0.002006078138947487 0.0 0.0 0.0 0.09399983286857605 0.9955722093582153
1638453805592278957 -0.05139726400375366 -0.0020013470202684402 0.0 0.0 0.0 0.09382590651512146 0.9955886006355286
1638453805794278860 -0.0514221265912056 -0.0020060716196894646 0.0 0.0 0.0 0.09390134364366531 0.9955815076828003
163845380626278973 -0.0514221265912056 -0.0020060772076249123 0.0 0.0 0.0 0.09405242651700974 0.995567262172699
1638453806228278875 -0.0514221265912056 -0.002006079303100705 0.0 0.0 0.0 0.09401312470436096 0.995570957660675
1638453806427278996 -0.0514221265912056 -0.0020060832612216473 0.0 0.0 0.0 0.09402459114789963 0.9955698847770691
1638453806779787064 -0.0514221265912056 -0.002006084891036153 0.0 0.0 0.0 0.09396455436944962 0.9955755472183228
1638453806982786894 -0.0514221265912056 -0.002006082097068429 0.0 0.0 0.0 0.094085194170475 0.9955641627311707
1638453807116786957 -0.0514221265912056 -0.0020060804672539234 0.0 0.0 0.0 0.09408976137638092 0.9955637454986572
1638453807317786932 -0.05139726400375366 -0.002001346554607153 0.0 0.0 0.0 0.09401517361402512 0.9955707788467407
1638453807516787052 -0.02342737232226232 0.01579378887332009 0.0007395364359965619 0.00039008836781531523 -0.0003080357635780225 0.08403297446866276 0.9964628454440382
1638453807791786909 0.07460626480750823 0.07802335491707456 0.0033317464090015015 0.001753470095115736 -0.0013842594888583623 0.04890710299912895 0.9988008241752332
163845380890786934 0.07460626451387753 0.07802335167072211 0.0033317463964291217 0.0017533978461411978 -0.001384351061455216 0.048959253077848326 0.9987982854125584
1638453808257786989 0.07463145247757985 0.0780258275878217 0.0033318207345305064 0.0017534403543337017 -0.0013842971239468405 0.048928548297014034 0.9987997634878156
1638453808489786863 0.07460626470264012 0.07802335375766296 0.003331746404511366 0.0017533498900211505 -0.0013844117037590436 0.04899381725124767 0.9987965638738607
1638453808726786852 0.07460626520600705 0.07802335932283859 0.0033317464260640165 0.0017532770319732887 -0.001384503972651315 0.04904637938162106 0.9987939840438659
