1638453711539460182 2.5310693672508933e-05 -1.328144350054572e-08 0.0 0.0 0.0 0.00029955804347991943 0.9999999403953552
1638453711640460014 2.5310693672508933e-05 -1.328144350054572e-08 0.0 0.0 0.0 0.0004942938685417175 0.9999998807907104
1638453711740460157 2.5310693672513974e-05 -1.328144350053464e-08 0.0 0.0 0.0 0.0003295019268989563 0.9999999403953552
1638453711840460062 1.2179159590564034e-11 -2.92013080382348e-08 0.0 0.0 0.0 0.00029420107603073115 0.9999999403953551
1638453711941460133 1.2179159590564034e-11 -2.92013080382348e-08 0.0 0.0 0.0 0.00034551322460174555 0.9999999403953551
163845371242460203 1.3196903639323129e-11 -3.1332632488495556e-08 0.0 0.0 0.0 0.00031806528568267817 0.9999999403953551
1638453712157459974 1.3196903639323129e-11 -3.1332632488495556e-08 0.0 0.0 0.0 0.00043577700853347773 0.9999998807907103
1638453712260460138 1.3196903639323129e-11 -3.1332632488495556e-08 0.0 0.0 0.0 0.0003869608044624328 0.9999999403953551
1638453712361460209 2.5310691853547278e-05 -1.0810962791590956e-08 0.0 0.0 0.0 0.00042383000254631037 0.9999998807907103
1638453712460460186 2.531069367253668e-05 -1.4026332983913054e-08 0.0 0.0 0.0 0.0003188364207744598 0.9999999403953551
1638453712560460091 2.5310691853547278e-05 -1.2533068804937503e-08 0.0 0.0 0.0 0.00016548484563827512 0.9999999999999999
1638453712659460068 2.5310686396579067e-05 -5.432022387391674e-09 0.0 0.0 0.0 0.000269319862127304 0.9999999403953551
1638453712758460045 2.5310686396579067e-05 -5.432022387391674e-09 0.0 0.0 0.0 0.00029783695936203 0.9999999403953551
1638453712858460188 2.674814146216841e-12 -1.7291114318079906e-08 0.0 0.0 0.0 0.00033145770430564875 0.9999999403953551
1638453712991460085 2.531068821556847e-05 -7.597478202053882e-09 0.0 0.0 0.0 0.0002790465950965881 0.9999999403953551
1638453713158460140 2.531068821556847e-05 -8.878402901696464e-09 0.0 0.0 0.0 0.00030074268579483027 0.9999999403953551
1638453713259459972 5.641322044919182e-12 -2.2975459756874386e-08 0.0 0.0 0.0 3.518536686897277e-05 0.9999999999999999
1638453713359460115 2.5310690034557874e-05 -1.393298809653783e-08 0.0 0.0 0.0 0.0003220736980438232 0.9999999403953551
1638453713460460186 6.901409565357451e-12 -2.698805090511354e-08 0.0 0.0 0.0 0.0002914592623710632 0.9999999403953551
1638453713559460163 5.045608462289629e-12 -2.3225046774594318e-08 0.0 0.0 0.0 0.00029094517230987543 0.9999999403953551
1638453713658460140 5.961646107333072e-12 -2.367452545109512e-08 0.0 0.0 0.0 0.00033902004361152644 0.9999999403953551
1638453713757460117 6.2487745013106705e-12 -2.3486133926492528e-08 0.0 0.0 0.0 0.00031083077192306513 0.9999999403953551
1638453713854249954 2.5310690034557874e-05 -1.237702118566671e-08 0.0 0.0 0.0 0.00037084519863128657 0.9999999403953551
1638453713937249899 8.932181383425327e-12 -2.89068449176811e-08 0.0 0.0 0.0 0.00029626488685607905 0.9999999403953551
163845371437250042 2.531068821556847e-05 -9.97876448132769e-09 0.0 0.0 0.0 0.0003326460719108581 0.9999999403953551
1638453714138249874 4.720052040191323e-12 -2.231128526369315e-08 0.0 0.0 0.0 0.0003411546349525451 0.9999999403953551
1638453714305249929 2.8164439096894914e-12 -1.7700804377734983e-08 0.0 0.0 0.0 0.00032737851142883295 0.9999999403953551
1638453714405249834 2.531068275860026e-05 -9.501536223866713e-10 0.0 0.0 0.0 0.00033442303538322443 0.9999999403953551
1638453714504250050 1.2160606722988461e-12 -1.6791663170973095e-08 0.0 0.0 0.0 0.0003610588610172271 0.9999999403953551
1638453714606250048 5.044894623579264e-12 -2.0911743447921197e-08 0.0 0.0 0.0 0.0005041323602199553 0.9999998807907103
1638453714705250025 5.044894623579264e-12 -2.0911743447921197e-08 0.0 0.0 0.0 0.00038745626807212824 0.9999999403953551
1638453714805249929 2.5310684577589664e-05 -9.917358045286795e-10 0.0 0.0 0.0 0.00042417645454406733 0.9999998807907103
1638453714905249834 0.01070909882636728 -0.0014878998288871137 0.0 0.0 0.0 0.00023748066179776222 0.9999999531965926
16384537157249832 0.010709098827614097 -0.001487902757994873 0.0 0.0 0.0 0.0002718650912114976 0.9999999548771301
1638453715108249903 0.010734409510974206 -0.001487888868992098 0.0 0.0 0.0 0.00012381087614338448 1.0000000072456317
1638453715207249880 0.010709098824143906 -0.001487895132509365 0.0 0.0 0.0 0.00012365441395103594 1.0000000072379847
1638453715307250023 0.010734409506350953 -0.001487880339928816 0.0 0.0 0.0 0.00016406636306048354 1.000000009213117
1638453715442250013 0.010734409503162404 -0.0014878757421778576 0.0 0.0 0.0 0.0003184125934351838 0.9999999571521372
1638453715541249990 0.01111406977054752 -0.0014876840721771013 0.0 0.0 0.0 0.00024534474960842263 0.9999999535809496
1638453715641249895 0.012075875463606828 -0.0014868454982119468 0.0 0.0 0.0 0.0005108386859007933 0.9999998473476642
1638453715740249872 0.013518583594175479 -0.0014851570581724273 0.0 0.0 0.0 0.0005935177786861068 0.9999998513886011
1638453715840250015 0.015897786620033112 -0.001482446970851495 0.0 0.0 0.0 0.0004995697409690664 0.999999846796895
1638453715940249920 0.018783204436784693 -0.0014798291731687643 0.0 0.0 0.0 0.0004586101712732246 0.9999999043996427
163845371643249846 0.022326699067194446 -0.0014763076476396375 0.0 0.0 0.0 0.00047397326844573215 0.9999999051505134
1638453716143249989 0.02622454157205191 -0.0014715358882181101 0.0 0.0 0.0 0.0006774671983748529 0.9999997958869805
1638453716242249966 0.03057797597342484 -0.0014660816946504731 0.0 0.0 0.0 0.0005666100068924544 0.999999850073485
1638453716342249870 0.03599445752933053 -0.0014588624859002569 0.0 0.0 0.0 0.0008172325872443016 0.9999996835087179
1638453716441954136 0.041841216102293126 -0.0014475758212404517 0.0 0.0 0.0 0.0009359948476437689 0.9999995701039284
1638453716542953968 0.048548535519127835 -0.001434709977856272 0.0 0.0 0.0 0.000979372014325103 0.9999995126193407
1638453716643954039 0.05583799511167585 -0.0014194516784295395 0.0 0.0 0.0 0.0009060844918731424 0.9999995686420611
1638453716742954016 0.06368429614507227 -0.0014047505643258417 0.0 0.0 0.0 0.0011351524872893468 0.9999993414191698
1638453716844954014 0.07191025289436373 -0.0013879635753359003 0.0 0.0 0.0 0.0008708022645853757 0.9999996265222886
1638453716946954012 0.08013620584018645 -0.0013719763665149003 0.0 0.0 0.0 0.0010327666030223585 0.9999994556243539
163845371746953917 0.08815968526073376 -0.0013587645705747742 0.0 0.0 0.0 0.0008854016772476106 0.9999996272358342
1638453717145954132 0.09610722857180923 -0.0013434214707451317 0.0 0.0 0.0 0.0007763438009772204 0.9999996815102803
1638453717246953964 0.10423194644302314 -0.001330608325271754 0.0 0.0 0.0 0.0008744306973317438 0.9999996266996282
1638453717348953962 0.11233135440742978 -0.0013207046313198322 0.0 0.0 0.0 0.0004780636371885578 0.9999999053504299
1638453717449954033 0.12030420676610676 -0.0013112419169378764 0.0 0.0 0.0 0.0005637527092369469 0.9999998499338347
1638453717549953938 0.12832769311163997 -0.0013034070543772372 0.0 0.0 0.0 0.0005145192727112777 0.9999998475275527
1638453717655954123 0.13668021188997287 -0.0012966882395667413 0.0 0.0 0.0 0.00035800870397024266 0.9999999590873954
1638453717757954121 0.14483025382212944 -0.00128860785876055 0.0 0.0 0.0 0.0005840927942422551 0.9999998509279555
1638453717890954018 0.14946444041924897 0.000798780458174234 0.0 0.0 0.0 0.0014169679733377011 0.9999989847211112
1638453717998954058 0.13456152242429226 0.009032309823028637 0.0 0.0 0.0 0.004208082606352022 0.9999911378774632
163845371897954035 0.14240754004386694 0.009099712890996387 0.0 0.0 0.0 0.004218479829819309 0.9999911020420081
1638453718196954012 0.15035480917367822 0.009165575958548507 0.0 0.0 0.0 0.004175449462602053 0.9999913099570625
1638453718296953917 0.15825146276995733 0.009232887930639004 0.0 0.0 0.0 0.004290228231165088 0.9999907951463147
1638453718397953987 0.16632527160764407 0.009301487105910843 0.0 0.0 0.0 0.0042716242419154875 0.9999908592675124
1638453718496953964 0.17417132907270405 0.009365271621395253 0.0 0.0 0.0 0.00376793187600278 0.9999928933372502
1638453718599954128 0.1823464485165251 0.00942808136132806 0.0 0.0 0.0 0.0037922280750187784 0.9999928095970717
1638453718698954105 0.1902937807978496 0.009486944935636264 0.0 0.0 0.0 0.003816334285358019 0.9999927265117152
1638453718800954103 0.19839296351893765 0.009549551744814701 0.0 0.0 0.0 0.003859677780536054 0.9999925771224212
1638453718899312019 0.20659338433391394 0.009612564825998017 0.0 0.0 0.0 0.0038196572245671988 0.9999927150587501
1638453718999311924 0.21461664826461926 0.009674529029605245 0.0 0.0 0.0 0.00411663492870684 0.9999915126694111
163845371998311901 0.22251330985593862 0.009740681183400383 0.0 0.0 0.0 0.004307524651286413 0.9999907355318333
1638453719200311899 0.2307896062908487 0.009810599487326531 0.0 0.0 0.0 0.004273665688873593 0.9999908522313857
1638453719300312042 0.23883811259901028 0.009879163362872442 0.0 0.0 0.0 0.004358746883213296 0.9999904993823948
1638453719400311947 0.2468865930020499 0.00994932350108212 0.0 0.0 0.0 0.004187541477653123 0.9999912086752774
1638453719499311924 0.2549856916939135 0.010017635032242414 0.0 0.0 0.0 0.004288574212096842 0.9999908008471181
1638453719601311922 0.26343916298877823 0.01008815625264979 0.0 0.0 0.0 0.004014529258822348 0.9999919241955894
1638453719699311972 0.27209509242159075 0.010162108455585735 0.0 0.0 0.0 0.0042956261447459195 0.9999907765416661
1638453719800312042 0.28156090833697334 0.010246284443129215 0.0 0.0 0.0 0.004555727155611974 0.9999896416479037
1638453719901311874 0.29138104302448603 0.010336155772063304 0.0 0.0 0.0 0.004688431650975686 0.9999890054486839
1638453720311852 0.3015301325353452 0.010436273621038205 0.0 0.0 0.0 0.004925309018210214 0.999987890993392
1638453720104311943 0.31302059149498773 0.01055446078087732 0.0 0.0 0.0 0.0051810470073294845 0.9999865923223854
1638453720238312006 0.3288388424129872 0.01072387696554482 0.0 0.0 0.0 0.00537342944967193 0.9999855716199492
1638453720337311983 0.34118968420023227 0.01086380590732262 0.0 0.0 0.0 0.005737544734617328 0.9999835417817523
1638453720436311960 0.35440096550018024 0.01101725348090886 0.0 0.0 0.0 0.0057825157611177 0.999983267572951
1638453720538311958 0.368371546453431 0.011178209695616281 0.0 0.0 0.0 0.00576835249696315 0.99998337599358
1638453720638311863 0.382240890981336 0.011338517587511773 0.0 0.0 0.0 0.0057708372508336915 0.9999833674295353
1638453720738312006 0.3961861212167805 0.011502105599749325 0.0 0.0 0.0 0.005906345907583762 0.9999825427503927
1638453720839311838 0.4101565309578627 0.011674928759765512 0.0 0.0 0.0 0.006558106377488337 0.9999785082186795
1638453720939311981 0.42136077033922786 -0.020912178888719348 0.0 0.0 0.0 0.004907221995079831 0.9999879342826326
163845372141311979 0.43571127472138454 -0.020774767086861698 0.0 0.0 0.0 0.004833920473322266 0.9999883458869929
1638453721141311884 0.4498086687742573 -0.020638003935369086 0.0 0.0 0.0 0.0050096401180257525 0.9999874775620706
1638453721241312027 0.4637794051691905 -0.02049253411548259 0.0 0.0 0.0 0.005411463203616972 0.9999853648189035
1638453721342311859 0.4779525222614259 -0.02033491578543937 0.0 0.0 0.0 0.005768187605691061 0.9999833815609065
1638453721449784994 0.491821751495759 -0.020170224322566776 0.0 0.0 0.0 0.005980730448152824 0.9999820985501058
1638453721551784992 0.5058934700301663 -0.019999578385580277 0.0 0.0 0.0 0.006263735678911746 0.9999804083341849
1638453721652785063 0.5203446498960773 -0.019814971818753507 0.0 0.0 0.0 0.00641480040645335 0.9999793993979315
1638453721752785206 0.5350994856873357 -0.019620298145637715 0.0 0.0 0.0 0.00673158094503085 0.9999773588235568
1638453721851785183 0.5502084257315579 -0.0194036022768694 0.0 0.0 0.0 0.007508284190558977 0.9999718041768365
1638453721951785088 0.5658738827058204 -0.01916305505611187 0.0 0.0 0.0 0.007913759047319177 0.9999686724950689
163845372253785086 0.5819187971697416 -0.018907307504704877 0.0 0.0 0.0 0.00796162757707955 0.9999683002991542
1638453722153784990 0.5980903862449424 -0.01865612041755696 0.0 0.0 0.0 0.007428084647844507 0.9999724052838359
1638453722253785133 0.6147683463002711 -0.018413675269395018 0.0 0.0 0.0 0.007028535420083191 0.9999752893649704
1638453722358785152 0.6325092465854497 -0.01815376987662464 0.0 0.0 0.0 0.0076529780289621135 0.9999706859028493
1638453722456785202 0.649237714152095 -0.017899233714771288 0.0 0.0 0.0 0.0074843760488582465 0.9999720200366741
1638453722588785172 0.6722174131608355 -0.017563081081925738 0.0 0.0 0.0 0.0070945869776046135 0.9999748293897203
1638453722688785076 0.6899837328971039 -0.017312130320728203 0.0 0.0 0.0 0.007056865568417137 0.9999751262579455
1638453722796785116 0.7093951389465926 -0.0170387894723545 0.0 0.0 0.0 0.007352679455631201 0.9999729393572683
1638453722895785093 0.7273891815769218 -0.016778949657846473 0.0 0.0 0.0 0.007204327386546592 0.9999740632996874
163845372362785149 0.7587710569741913 -0.01631684117943371 0.0 0.0 0.0 0.008031079762542356 0.9999677754499116
1638453723162785053 0.7780044497469789 -0.01599439992419734 0.0 0.0 0.0 0.008713550883288268 0.9999620091876615
1638453723262785196 0.7976424192950555 -0.015645788623598226 0.0 0.0 0.0 0.00923167728289707 0.9999573916484604
1638453723404785156 0.825934673812491 -0.015106977702957996 0.0 0.0 0.0 0.009933486281632231 0.9999506417466886
1638453723503785133 0.8459259082208416 -0.014696288336225598 0.0 0.0 0.0 0.01063367320321007 0.9999434771253125
1638453723635785103 0.8738114683362583 -0.014077330002528012 0.0 0.0 0.0 0.011478606783064067 0.9999341212632109
1638453723735785007 0.8950159884329572 -0.01357928799600728 0.0 0.0 0.0 0.011814746165985619 0.999930202946082
1638453723836785078 0.9160175601587353 -0.013064083787815595 0.0 0.0 0.0 0.012666932146232782 0.9999197629614851
1638453723932856083 0.9360482449318818 -0.01233266721308158 0.0 0.0 0.0 0.012718340273340043 0.9999190938810307
163845372464856052 0.9280861844335908 -0.00014635470359636304 0.0 0.0 0.0 0.022064809782924508 0.9997565417677152
1638453724196856022 0.9556487146402455 0.0010529687860104664 0.0 0.0 0.0 0.02163041739904569 0.9997660229135166
1638453724300856113 0.977269618175556 0.001977852949558552 0.0 0.0 0.0 0.021068138637909233 0.9997780345715038
1638453724399856091 0.9979810539229763 0.0028409503540077555 0.0 0.0 0.0 0.02077870941417359 0.9997840752737783
1638453724499855995 1.0189701260866995 0.0037282222402116594 0.0 0.0 0.0 0.02153445400700975 0.999768129981474
1638453724599856138 1.0402106653851948 0.00466303185307506 0.0 0.0 0.0 0.022241292943778024 0.9997526228643776
1638453724698856115 1.0610705868284749 0.005608430928293814 0.0 0.0 0.0 0.022971933306997226 0.9997361291731869
1638453724798856020 1.081878916274565 0.006573039259480044 0.0 0.0 0.0 0.023480439964983734 0.9997243131121657
1638453724897855997 1.1025596773155792 0.007557749919348076 0.0 0.0 0.0 0.024136940690544832 0.9997086644123727
1638453724996855974 1.1232387783469044 0.008573432656149575 0.0 0.0 0.0 0.02507800575917414 0.9996854806353765
163845372596856117 1.1440931769606189 0.00963555755658883 0.0 0.0 0.0 0.02579942842400531 0.9996671249199977
1638453725195856094 1.164819755885757 0.010718346379878257 0.0 0.0 0.0 0.026382051777140605 0.9996519605713925
1638453725295855999 1.185621441478188 0.011817471151899697 0.0 0.0 0.0 0.026483426207175996 0.9996492553555898
1638453725429856062 1.213500124794594 0.013294551796425202 0.0 0.0 0.0 0.026766545231477614 0.9996417367511123
1638453725561856031 1.2414785651900502 0.014799847005043651 0.0 0.0 0.0 0.027144665380032282 0.999631525960769
1638453725697855949 1.2701651170428305 0.01633377118224332 0.0 0.0 0.0 0.026114958491500397 0.9996589388746868
1638453725798856020 1.2912201146902453 0.017436120225603223 0.0 0.0 0.0 0.026403762870872892 0.9996513554725347
1638453725897855997 1.3119209067904225 0.018525496082618772 0.0 0.0 0.0 0.026072698771100904 0.9996600762149054
1638453725998856068 1.3329507261283378 0.0196234312130041 0.0 0.0 0.0 0.02606419305046698 0.9996602923741532
163845372696856117 1.353500392474817 0.020694005862359782 0.0 0.0 0.0 0.02595516737108477 0.9996630847935097
1638453726196856022 1.374379836210309 0.02176115647202943 0.0 0.0 0.0 0.025140757726566466 0.999683930913405
1638453726310856104 1.398015962493411 0.022939597782748983 0.0 0.0 0.0 0.024587313487785045 0.9996976897457195
1638453726466067076 1.4326511634482553 0.024615145197044976 0.0 0.0 0.0 0.02414132718697198 0.9997085548096585
1638453726599066973 1.4607390453295295 0.02596445298291182 0.0 0.0 0.0 0.023911394611100648 0.9997140962365723
1638453726699067116 1.481900009795813 0.02697431187618153 0.0 0.0 0.0 0.023941747137757846 0.9997133330402294
1638453726800067186 1.5029600015955162 0.027977894785275428 0.0 0.0 0.0 0.023522620955418648 0.9997232958862876
1638453726901067019 1.5239196071551515 0.02895993928361866 0.0 0.0 0.0 0.023316110453716805 0.9997281531052771
16384537272067089 1.557479149054412 0.01246878845493768 0.0 0.0 0.0 0.02135854386916261 0.9997719005913066
1638453727151067019 1.5885578456481746 0.013792608727518176 0.0 0.0 0.0 0.021179964231480726 0.9997757008972358
1638453727250066996 1.6092689678967966 0.01466338909802048 0.0 0.0 0.0 0.02107809295767038 0.9997778368251838
1638453727350067139 1.6300562492609583 0.0155292839167041 0.0 0.0 0.0 0.02052788173979553 0.9997892526068759
1638453727452067137 1.6514514806543075 0.016395313162920144 0.0 0.0 0.0 0.019883710353731904 0.9998023137738552
1638453727551067114 1.6724431334387757 0.01722197550864569 0.0 0.0 0.0 0.0193461946522804 0.9998128370446148
1638453727649067163 1.6931313985979768 0.018032957769943687 0.0 0.0 0.0 0.020164979829700135 0.9997966679924208
1638453727749067068 1.714096333338088 0.018892362172994843 0.0 0.0 0.0 0.020753177166861057 0.9997846022532535
1638453727847067118 1.7270946812530168 0.019437152688809807 0.0 0.0 0.0 0.02083849710102029 0.9997828580935927
1638453727950067043 1.7278027260522235 0.019466166095712695 0.0 0.0 0.0 0.020118445261324745 0.9997975759683991
163845372849067020 1.7278533610812048 0.01946819608763558 0.0 0.0 0.0 0.02002961587519332 0.9997994122484937
1638453728150067091 1.7280304072805805 0.019475169245960613 0.0 0.0 0.0 0.01836596912098796 0.9998313362578086
1638453728249067068 1.7280304048303778 0.019475301471066367 0.0 0.0 0.0 0.014418398444096843 0.9998960430282942
1638453728348067045 1.7279798701133104 0.01947429237978887 0.0 0.0 0.0 0.007414557809566113 0.9999724937338117
1638453728515067101 1.7280051608868099 0.019473533337621245 0.0 0.0 0.0 -0.00954103695968614 0.9999545120676286
1638453728616067171 1.728055735531829 0.019472387718372598 0.0 0.0 0.0 -0.02289535355327111 0.9997378756759253
1638453728715067148 1.7280305408945458 0.019474393002563033 0.0 0.0 0.0 -0.03841790357412678 0.9992617690486244
1638453728846067190 1.7280556360136432 0.019471323984242263 0.0 0.0 0.0 -0.06425413501580757 0.9979335779595342
1638453728953502893 1.7279807634648212 0.01948399076276599 0.0 0.0 0.0 -0.08820797697321066 0.9961020892107065
163845372956502819 1.7280304247425888 0.01947422690929146 0.0 0.0 0.0 -0.1150055831247222 0.9933648686167346
1638453729156502962 1.727932540588963 0.019499776291719305 0.0 0.0 0.0 -0.14517218473617824 0.9894063934553355
1638453729258502960 1.7278854522804414 0.01951867722955162 0.0 0.0 0.0 -0.17863488952302134 0.9839154348918389
1638453729359502792 1.727885680477677 0.019519231032821306 0.0 0.0 0.0 -0.21436186820301736 0.9767543376908638
1638453729491503000 1.7277080176325172 0.019616311668159338 0.0 0.0 0.0 -0.2655638501526309 0.964093296361976
1638453729591502905 1.7276259598758184 0.019675713772356745 0.0 0.0 0.0 -0.30514019101443784 0.9523074127337935
1638453729691502810 1.7275889498698112 0.019710517438653735 0.0 0.0 0.0 -0.34629423541996435 0.9381259284611282
1638453729791502953 1.775303776340031 -0.0064371404426569745 0.0 0.0 0.0 -0.3687771894799912 0.9295178012856319
1638453729892503023 1.7753756451452531 -0.006508361913980798 0.0 0.0 0.0 -0.4136806378122182 0.9104220828216931
1638453729993502855 1.7754545890321771 -0.006607184938958399 0.0 0.0 0.0 -0.45818026489878066 0.8888592691260635
163845373094502926 1.7755355959312822 -0.0067356165249414235 0.0 0.0 0.0 -0.5020026865701187 0.8648660888468827
1638453730193502903 1.775580130288465 -0.0068264877164718185 0.0 0.0 0.0 -0.5423975035341346 0.8401219575083374
1638453730293502808 1.7755916756246455 -0.006849103633964765 0.0 0.0 0.0 -0.5813868600223537 0.8136272244259343
1638453730392503023 1.766561732799274 -0.006591116661019386 0.0 0.0 0.0 -0.6088155825136523 0.7933118067856361
1638453730494503021 1.7665915188391383 -0.006739999924181589 0.0 0.0 0.0 -0.6458517610913082 0.7634628055080738
1638453730594502926 1.7665787430359055 -0.006665146454734566 0.0 0.0 0.0 -0.6513030695233957 0.7588177055967175
1638453730759502888 1.766574917279527 -0.006640128598704831 0.0 0.0 0.0 -0.6510123017146376 0.7590671914414168
1638453730858502865 1.766574917279527 -0.006640128598704831 0.0 0.0 0.0 -0.6510026193701478 0.7590754643302741
1638453730957502842 1.7666019351859108 -0.006815233904583939 0.0 0.0 0.0 -0.6512952489608903 0.7588243921256921
163845373190502977 1.7668042375040887 -0.00814135691881021 0.0 0.0 0.0 -0.6516492198331996 0.7585204883047845
1638453731190502882 1.7670370293393656 -0.009667657667302348 0.0 0.0 0.0 -0.6516159459321504 0.758549053564382
1638453731290502787 1.767384245442252 -0.011944611739958866 0.0 0.0 0.0 -0.6516159459321504 0.758549053564382
1638453731390502930 1.767835115320313 -0.014897039728734407 0.0 0.0 0.0 -0.6514690682895006 0.7586751608445059
1638453731535046816 1.768534553683862 -0.019475782894707083 0.0 0.0 0.0 -0.6516253197765942 0.7585410053730601
1638453731634047031 1.7692024395884476 -0.023854506478404203 0.0 0.0 0.0 -0.6515639865813085 0.7585936583583829
1638453731734046936 1.7699517329791903 -0.028758487233571134 0.0 0.0 0.0 -0.6514595050323461 0.7586834391242173
1638453731833046913 1.7707703656342026 -0.034112754720152155 0.0 0.0 0.0 -0.6515191658583582 0.758632142410388
16384537323046989 1.7724739705185244 -0.045246428218780055 0.0 0.0 0.0 -0.651365271370579 0.758764316279694
1638453732102046967 1.7735814374313807 -0.052476895445501964 0.0 0.0 0.0 -0.6512820243788616 0.7588357862769283
1638453732202046871 1.774742182569142 -0.060032070409850286 0.0 0.0 0.0 -0.6512527852372544 0.7588608945755573
1638453732301046848 1.7759842171865794 -0.0681125212002108 0.0 0.0 0.0 -0.6510420983126693 0.75904163105229
1638453732401046991 1.7773214975724692 -0.0767929193781739 0.0 0.0 0.0 -0.6510498593315072 0.7590349418278883
1638453732500046968 1.7787245281471207 -0.08589855648457458 0.0 0.0 0.0 -0.6512429161754808 0.7588693380091365
1638453732601046801 1.7802540285214297 -0.0958810239323742 0.0 0.0 0.0 -0.6515096648402982 0.7586403638418587
1638453732700047016 1.7818242940580282 -0.10619012826859359 0.0 0.0 0.0 -0.6518459541746094 0.7583514113525021
1638453732800046921 1.7834977186908487 -0.11722598812206754 0.0 0.0 0.0 -0.6519352275767964 0.7582746652506
1638453732901046991 1.7852616669816561 -0.12886252113954355 0.0 0.0 0.0 -0.6520317640850644 0.7581916847102212
16384537331046896 1.7870813991605188 -0.14090019888995886 0.0 0.0 0.0 -0.6524382272615235 0.7578419472417092
1638453733133225679 1.7895979815850467 -0.15766339394812132 0.0 0.0 0.0 -0.6526105603247824 0.7576935195631707
1638453733235046864 1.7916036869980527 -0.17106244534271603 0.0 0.0 0.0 -0.6526654616989949 0.7576462677639801
1638453733334753036 1.7936585657351758 -0.1847635249153695 0.0 0.0 0.0 -0.6524722855960796 0.7578125951525869
1638453733468046904 1.776987581589557 -0.1873265857615417 0.0 0.0 0.0 -0.6746316174140855 0.7381545952503725
1638453733601046801 1.7634803319528531 -0.19721870116279863 0.0 0.0 0.0 -0.6874622370638629 0.7262201055714093
1638453733700047016 1.764288527422028 -0.21195268432441708 0.0 0.0 0.0 -0.6875275594438623 0.7261582839877689
1638453733801046848 1.7651069524951968 -0.22699029219313047 0.0 0.0 0.0 -0.6876875931653877 0.7260067466141149
1638453733925662994 1.766218921613775 -0.24758850361953508 0.0 0.0 0.0 -0.6878553010878661 0.7258478029003665
163845373457662964 1.7672558227962143 -0.2670754646939641 0.0 0.0 0.0 -0.6883226102882294 0.7254047200843788
1638453734189662933 1.7682678570396526 -0.2866398278534975 0.0 0.0 0.0 -0.688785277846238 0.7249654016523862
1638453734289663076 1.7690352494407484 -0.30168010752510654 0.0 0.0 0.0 -0.688865591597072 0.7248890661264841
1638453734392663002 1.7698184097854306 -0.31709974746444436 0.0 0.0 0.0 -0.6889777334455375 0.7247825069298364
1638453734490663052 1.7705620331774015 -0.33191316436830387 0.0 0.0 0.0 -0.6891592423173698 0.7246098861215134
1638453734590662956 1.7713138059484579 -0.346954216028953 0.0 0.0 0.0 -0.6892368788716461 0.724536059350426
1638453734690663099 1.7720856090428043 -0.36250112707617227 0.0 0.0 0.0 -0.6894373058600105 0.7243453404600205
1638453734858663082 1.7734339350430712 -0.38957532247175686 0.0 0.0 0.0 -0.6892090368858048 0.7245625795530832
1638453734958662987 1.7742787788165508 -0.406233654576751 0.0 0.0 0.0 -0.6888750508341628 0.7248801064922311
163845373556663036 1.7751349320109377 -0.4228660738919396 0.0 0.0 0.0 -0.6887523788938268 0.7249966407459628
1638453735191663027 1.7763136378557278 -0.4456151795793473 0.0 0.0 0.0 -0.6882039239828176 0.7255173124519201
1638453735291662931 1.7772364836285113 -0.4629791013152354 0.0 0.0 0.0 -0.6880753024386261 0.725639282639125
1638453735390662909 1.7781740898161695 -0.48064644236345755 0.0 0.0 0.0 -0.6881340804808959 0.7255835538309037
1638453735491662979 1.779128757841442 -0.498667697468373 0.0 0.0 0.0 -0.6880253291758309 0.7256866491697301
1638453735590662956 1.7800829076093612 -0.5164609013045972 0.0 0.0 0.0 -0.6878059227973781 0.7258946317980769
1638453735689662933 1.7810497859331478 -0.5343800420753964 0.0 0.0 0.0 -0.6878338246261779 0.7258682306852543
1638453735789663076 1.7820213496079562 -0.5523497467320221 0.0 0.0 0.0 -0.6876616545902204 0.7260312960525016
1638453735890662909 1.7830232047895382 -0.5704952288562829 0.0 0.0 0.0 -0.6871772696488754 0.7264897910512113
1638453735989662886 1.784028865195428 -0.5882854796772737 0.0 0.0 0.0 -0.6867264966491351 0.7269159130397611
163845373689663029 1.7850591773750861 -0.6062011190776574 0.0 0.0 0.0 -0.6863625221334331 0.7272596068462062
1638453736191663027 1.7861193931239647 -0.6244193144876232 0.0 0.0 0.0 -0.6861708967056982 0.7274403541368055
1638453736291662931 1.787160675331703 -0.642334282509569 0.0 0.0 0.0 -0.6862262842045671 0.7273880891864055
1638453736419744968 1.7873493835466916 -0.6650039507745414 0.0 0.0 0.0 -0.6858156640999327 0.7277753121091975
1638453736552744865 1.7880214314266138 -0.6877978354237184 0.0 0.0 0.0 -0.6856192892711545 0.7279603015030348
1638453736684745073 1.7894134105410509 -0.7113209196408043 0.0 0.0 0.0 -0.6861215067333056 0.72748695437481
1638453736786745071 1.790482420759825 -0.72956394025698 0.0 0.0 0.0 -0.6860359570279759 0.7275676446110163
1638453736884744883 1.7915226510631035 -0.7474029299942534 0.0 0.0 0.0 -0.6864197987328016 0.7272055226221513
1638453736985744953 1.7925739515672072 -0.7655962216198161 0.0 0.0 0.0 -0.6864403520794932 0.7271860806602048
163845373785744858 1.7936176902254006 -0.7836125389764287 0.0 0.0 0.0 -0.6863418746468699 0.7272790562763043
1638453737187744856 1.7946767932353198 -0.8017547576270159 0.0 0.0 0.0 -0.6860022971400814 0.7275993720472076
1638453737287744999 1.795744613666222 -0.8197696698850261 0.0 0.0 0.0 -0.685513960576198 0.7280594796181461
1638453737387744904 1.7968200128918765 -0.8376066105725886 0.0 0.0 0.0 -0.6856676642077215 0.7279147380228842
1638453737554744959 1.7986060824276666 -0.8674704390853616 0.0 0.0 0.0 -0.6855489907102689 0.7280264997612251
1638453737654744864 1.799676739702889 -0.8852823408039641 0.0 0.0 0.0 -0.6856889920687307 0.7278946400010787
1638453737788744926 1.8010903993309266 -0.9091590824550215 0.0 0.0 0.0 -0.6860855830014463 0.727520828773037
1638453737888745070 1.802140059880365 -0.9270989928638973 0.0 0.0 0.0 -0.6863135169612227 0.7273058337285652
163845373822744894 1.8035293287766023 -0.9513828683304211 0.0 0.0 0.0 -0.6866679880475377 0.7269711453776224
1638453738157744884 1.8049095639387687 -0.9756419387175465 0.0 0.0 0.0 -0.6866769242770251 0.7269626768016536
1638453738290745020 1.8062803176302322 -0.9996227048573867 0.0 0.0 0.0 -0.6865170250970708 0.7271137397592439
1638453738390744925 1.8073040837770729 -1.0173613029422226 0.0 0.0 0.0 -0.6864018070960043 0.7272225194416265
1638453738492744923 1.808364495784087 -1.0357316300767776 0.0 0.0 0.0 -0.6864196795864299 0.7272056418943255
1638453738592745066 1.8093920355630917 -1.053622104863411 0.0 0.0 0.0 -0.6865988810761722 0.7270363893326172
1638453738694745064 1.8104406209251618 -1.0717901212402074 0.0 0.0 0.0 -0.6864052624351374 0.7272192393624859
1638453738795744896 1.8114779754367993 -1.0897560659067034 0.0 0.0 0.0 -0.686491944030999 0.7271374160406253
1638453738893744946 1.8124788276003236 -1.1072931759987241 0.0 0.0 0.0 -0.6869014027089647 0.7267506042085035
163845373945444965 1.8138209426468943 -1.1313008532304358 0.0 0.0 0.0 -0.6872599246461175 0.7264116221850938
1638453739144444942 1.814811960950387 -1.1493454271729104 0.0 0.0 0.0 -0.6877359280508943 0.7259609982616281
1638453739244444847 1.8157738246989712 -1.1673409753030854 0.0 0.0 0.0 -0.6881218539366094 0.7255951200798942
1638453739344444990 1.8167350389354382 -1.185387186724096 0.0 0.0 0.0 -0.688047325836779 0.725665850523449
1638453739445444822 1.8175375054193856 -1.1832318393989811 0.0 0.0 0.0 -0.6935798437960968 0.7203798184430359
1638453739546444893 1.8182245084680793 -1.2013412430123593 0.0 0.0 0.0 -0.6933974915479872 0.7205552804628319
1638453739646445036 1.8189150719051415 -1.2193999142864744 0.0 0.0 0.0 -0.6934050625407984 0.7205480070173115
1638453739747444868 1.8196281885939463 -1.2381670253464543 0.0 0.0 0.0 -0.6937025740552858 0.7202615826543444
1638453739849444866 1.8203437318607656 -1.2573898527003675 0.0 0.0 0.0 -0.6941111019638072 0.7198678653559744
1638453739951444864 1.8210329968114287 -1.2766896331244582 0.0 0.0 0.0 -0.6945168468082398 0.7194764355491005
163845374051445007 1.8217016350397137 -1.2955089626376821 0.0 0.0 0.0 -0.694590720587049 0.7194051464577481
1638453740152444839 1.8223504238393469 -1.3145314887377548 0.0 0.0 0.0 -0.6951391198377059 0.7188752327846325
1638453740251444817 1.8229762216283016 -1.3334788900906183 0.0 0.0 0.0 -0.6954273342839217 0.7185963938183845
1638453740351444960 1.8235936048565031 -1.3525784057925847 0.0 0.0 0.0 -0.6956455198101363 0.7183851769387659
1638453740518445015 1.8246325861056325 -1.3845542028851685 0.0 0.0 0.0 -0.6955751967214725 0.7184532782500976
1638453740618444920 1.8252501671002566 -1.403375331885754 0.0 0.0 0.0 -0.6952808321352345 0.7187381870731064
1638453740741444826 1.826035255920177 -1.4266985869277524 0.0 0.0 0.0 -0.6949152537839898 0.7190916216355328
1638453740843444824 1.8266829914044636 -1.4459490538434785 0.0 0.0 0.0 -0.695457439447045 0.7185673014781301
1638453740942444801 1.8273006416309976 -1.4647954596167 0.0 0.0 0.0 -0.6954179305060716 0.7186055298467062
163845374143444872 1.8279251629835942 -1.4838441814568293 0.0 0.0 0.0 -0.6955660294320145 0.7184621739451548
1638453741144444942 1.8285227772781518 -1.5028683859281013 0.0 0.0 0.0 -0.6961965093790979 0.7178512487374755
1638453741245445013 1.8291072879917736 -1.521943645723887 0.0 0.0 0.0 -0.69635856400383 0.7176940707895497
1638453741346444845 1.829679700717737 -1.5412219886732421 0.0 0.0 0.0 -0.6967363734202306 0.7173273049400692
1638453741432624817 1.8302287320787167 -1.5603237402811003 0.0 0.0 0.0 -0.6969937645871834 0.7170772064651417
1638453741533624887 1.8307915943524804 -1.5800833589124255 0.0 0.0 0.0 -0.6969628917980039 0.7171071990939206
1638453741700624943 1.8317095026971748 -1.613253027995487 0.0 0.0 0.0 -0.6974237917925882 0.7166589963205724
1638453741801625013 1.8322623163924618 -1.6332660756960586 0.0 0.0 0.0 -0.6973248459187332 0.7167552243136182
1638453741902624846 1.832822699028885 -1.6534307801810908 0.0 0.0 0.0 -0.6972021247911168 0.7168745925537446
16384537423624916 1.83339773284312 -1.6735445735262575 0.0 0.0 0.0 -0.6964841263564155 0.7175722357691967
1638453742105624914 1.8340037627631682 -1.6936067655464608 0.0 0.0 0.0 -0.6962712675863322 0.7177787603828449
1638453742204624891 1.8346053378884257 -1.7132133277861654 0.0 0.0 0.0 -0.6960954913481577 0.7179492220303446
1638453742303624868 1.8352066227418533 -1.732845280225174 0.0 0.0 0.0 -0.6962202259913708 0.717828228176418
1638453742402624846 1.838356945783904 -1.7425184477738254 0.0 0.0 0.0 -0.6951899248950549 0.7188261230176938
1638453742504624844 1.845216320602487 -1.737986032380312 0.0 0.0 0.0 -0.6923934604248146 0.7215201422222471
1638453742603624821 1.8460297597185742 -1.7578130397018297 0.0 0.0 0.0 -0.6925912618528882 0.7213302582173482
1638453742702625036 1.84682334031968 -1.777539472360651 0.0 0.0 0.0 -0.6928607473569749 0.7210713855815675
1638453742835624933 1.8478796669487723 -1.804094736915324 0.0 0.0 0.0 -0.6929029251493148 0.7210308881602566
1638453742937624931 1.8486801710324963 -1.8243782671840765 0.0 0.0 0.0 -0.693205010097416 0.7207404186048926
163845374338625002 1.849462320092024 -1.844307668640451 0.0 0.0 0.0 -0.6929240438477461 0.7210106393892661
1638453743138624907 1.850270546837877 -1.8641854384305312 0.0 0.0 0.0 -0.6922857849978133 0.7216234764589381
1638453743238625050 1.851102026042061 -1.8838849638115849 0.0 0.0 0.0 -0.691820757004017 0.7220692482880298
1638453743337625027 1.8519629192373632 -1.9037098982812788 0.0 0.0 0.0 -0.6913198559029187 0.7225488886454096
1638453743437624931 1.8528540613646503 -1.9236601260100523 0.0 0.0 0.0 -0.690984334634088 0.7228697647192829
1638453743536624908 1.853772491107178 -1.9435837611275928 0.0 0.0 0.0 -0.6904268563041767 0.7234022102317543
1638453743670624971 1.8550513351557778 -1.9703570085589104 0.0 0.0 0.0 -0.6897565238319807 0.7240413979369892
1638453743803624868 1.8563526006631887 -1.9967745041292693 0.0 0.0 0.0 -0.6892801270614516 0.7244949414019759
1638453743903625011 1.8573589385519074 -2.016744629563234 0.0 0.0 0.0 -0.6888926670976203 0.7248633680206963
163845374446423912 1.8587757400724285 -2.0442462142677194 0.0 0.0 0.0 -0.6884016334378869 0.7253296965383244
1638453744146424055 1.859828751682146 -2.0641125773326268 0.0 0.0 0.0 -0.6879173804546829 0.7257889779659122
1638453744245424032 1.8608811732022807 -2.0836241682544037 0.0 0.0 0.0 -0.6877080328843477 0.7259873492229877
1638453744426424026 1.8628591167125677 -2.119688514297699 0.0 0.0 0.0 -0.6872169368446834 0.7264523069572655
1638453744560423851 1.8643513209277607 -2.146527118386185 0.0 0.0 0.0 -0.6872662546300674 0.7264055961852115
1638453744693423986 1.8658174494672597 -2.173240207692721 0.0 0.0 0.0 -0.6875855416339043 0.7261034092698072
1638453744796423912 1.8669351440910478 -2.193736739710927 0.0 0.0 0.0 -0.6875313455692484 0.7261547194850365
1638453744896424055 1.8680227874515005 -2.2134997684894824 0.0 0.0 0.0 -0.6872268122502628 0.7264429290160072
1638453744996423960 1.8691328110299643 -2.233388297086949 0.0 0.0 0.0 -0.6870995017217207 0.7265632903627187
163845374596423864 1.8702491536143409 -2.2532766128497603 0.0 0.0 0.0 -0.6869648739552755 0.7266906402809774
1638453745197423935 1.8713769232363526 -2.273316371919819 0.0 0.0 0.0 -0.6869823047755086 0.7266741540764473
1638453745297424078 1.8724715680570816 -2.2930284070533666 0.0 0.0 0.0 -0.6874911893832114 0.7261927690181426
1638453745396424055 1.8691899661879945 -2.3237532590424124 0.0 0.0 0.0 -0.6894879384728339 0.7242971303611794
1638453745496423960 1.857133700990491 -2.375312195687248 0.0 0.0 0.0 -0.6954525453290666 0.7185720061536133
1638453745595423937 1.857770283698255 -2.3950948665579217 0.0 0.0 0.0 -0.6957843878258545 0.7182507051310939
1638453745695423841 1.8584083672410914 -2.4151563660582145 0.0 0.0 0.0 -0.6958024766539479 0.7182332003537429
1638453745796423912 1.8590384193277736 -2.4352937494501434 0.0 0.0 0.0 -0.6961509309104161 0.7178954853307443
1638453745895423889 1.859646008102643 -2.455077151743019 0.0 0.0 0.0 -0.6961269503422615 0.7179187240227084
163845374666423893 1.8606760146931332 -2.4890285827664207 0.0 0.0 0.0 -0.6962444950493069 0.717804704928114
1638453746201423883 1.8615139384398187 -2.5159459471094734 0.0 0.0 0.0 -0.695890209371939 0.7181482127471835
1638453746301424026 1.8621428630523424 -2.535754428408699 0.0 0.0 0.0 -0.6958035372390441 0.7182321742091435
1638453746402423859 1.8627746576786577 -2.5557652167363702 0.0 0.0 0.0 -0.6959908443177549 0.7180506112473272
1638453746518862009 1.863426118247316 -2.576433752329923 0.0 0.0 0.0 -0.6961046780552412 0.7179402730592953
1638453746619861841 1.864047789272551 -2.5966219699435547 0.0 0.0 0.0 -0.6961638338570928 0.7178829310377572
1638453746719861984 1.8646652246875277 -2.6167089664758096 0.0 0.0 0.0 -0.6962258762880912 0.7178227525779195
1638453746785861969 1.8650676538029098 -2.6299657274563777 0.0 0.0 0.0 -0.6964315062830237 0.7176233243614861
1638453746887861967 1.8656646195035838 -2.650357494721479 0.0 0.0 0.0 -0.6968589041054981 0.7172082980801937
1638453746988862038 1.8662422535206031 -2.6703445585063306 0.0 0.0 0.0 -0.6967920305195348 0.7172731843100453
163845374789861870 1.8668241094789446 -2.6904581227661217 0.0 0.0 0.0 -0.6968742219108055 0.7171933303018899
1638453747190861940 1.8673920515137936 -2.7104959891454987 0.0 0.0 0.0 -0.6971539657544829 0.7169214177977961
1638453747290861845 1.8679591866642364 -2.7304832766113645 0.0 0.0 0.0 -0.6969364991487841 0.7171328509650958
1638453747384009838 1.8684766235487662 -2.7487507217801634 0.0 0.0 0.0 -0.6970039140133633 0.7170673466355345
1638453747489861965 1.8690742972272394 -2.7697247542957673 0.0 0.0 0.0 -0.6968770503773459 0.7171906137830615
1638453747589861870 1.869665460306046 -2.7898380661225635 0.0 0.0 0.0 -0.6965866985261512 0.7174726089322196
1638453747689862013 1.8702743309860972 -2.809874773551878 0.0 0.0 0.0 -0.6959872511111119 0.7180541715155665
1638453747789861917 1.8709083625921528 -2.8299361752954355 0.0 0.0 0.0 -0.6956315479656409 0.7183987693926561
1638453747888861895 1.8715560321210096 -2.8497436779054253 0.0 0.0 0.0 -0.6953207390886993 0.7186996092800533
1638453747988765955 1.8722224973417756 -2.8695671681217867 0.0 0.0 0.0 -0.6948839105434752 0.7191219223317977
163845374891861963 1.8729448965340592 -2.8902171112734725 0.0 0.0 0.0 -0.6944317784755241 0.7195585670059249
1638453748192862034 1.8736690451492113 -2.910250160715123 0.0 0.0 0.0 -0.6939669894251125 0.7200068292096604
1638453748327862024 1.8746756604915538 -2.9368577447493327 0.0 0.0 0.0 -0.6931921289214933 0.7207528227396091
1638453748395861864 1.875205105138844 -2.9504645700734646 0.0 0.0 0.0 -0.6931581880418595 0.7207854805658594
1638453748496861935 1.8524270161997805 -2.9303617546065195 0.0 0.0 0.0 -0.6918816831451658 0.7220108617092383
1638453748600862026 1.8533142470518456 -2.951173711593349 0.0 0.0 0.0 -0.6918155775769577 0.7220741934467233
1638453748700861931 1.854166216270164 -2.9712523602179 0.0 0.0 0.0 -0.6919453101168274 0.7219499399277641
1638453748802861929 1.8550367793724598 -2.9916597662829862 0.0 0.0 0.0 -0.6916445887354896 0.7222380361351781
1638453748903862000 1.8559137194601127 -3.01178781791374 0.0 0.0 0.0 -0.6914748969439073 0.7224004944246476
16384537495888939 1.85683764011578 -3.0325726331940466 0.0 0.0 0.0 -0.6910055399485948 0.722849428583182
1638453749139889002 1.8571288830292387 -3.03891885184284 0.0 0.0 0.0 -0.690175357042151 0.7236421584071405
1638453749238440037 1.8571348499561466 -3.039045364218567 0.0 0.0 0.0 -0.690110934022898 0.7237036377894279
1638453749305888891 1.8571348499561466 -3.039045364218567 0.0 0.0 0.0 -0.690024841490008 0.7237856418385585
1638453749406888962 1.8571432274905726 -3.03922248203785 0.0 0.0 0.0 -0.6902623015244019 0.723559238531851
1638453749506888866 1.8571476911542868 -3.039323685525986 0.0 0.0 0.0 -0.6928524762566461 0.7210794003419612
1638453749605888844 1.8571488368661588 -3.039348987014601 0.0 0.0 0.0 -0.6971903295439764 0.7168861152961102
1638453749742888927 1.8571491482916138 -3.0393742712389393 0.0 0.0 0.0 -0.707755637192347 0.7064573234520665
1638453749841888905 1.8571511936095957 -3.039298480224057 0.0 0.0 0.0 -0.7178412184149663 0.6962068938683745
1638453749941889048 1.8571488368661588 -3.039348987014601 0.0 0.0 0.0 -0.7290585597927017 0.6844513408329199
163845375033394814 1.8571501601131652 -3.039339813644127 0.0 0.0 0.0 -0.7414993651689145 0.6709535402796916
1638453750146888971 1.8571585050130184 -3.0392735922120853 0.0 0.0 0.0 -0.7588745322891459 0.6512368477872686
1638453750246888876 1.8571687130875791 -3.0392239633016542 0.0 0.0 0.0 -0.7748345716666221 0.632164066492696
1638453750381888866 1.8571758954419264 -3.0391995495584525 0.0 0.0 0.0 -0.7985647411468139 0.6019089391700742
1638453750514889002 1.8572151098307776 -3.039079218472387 0.0 0.0 0.0 -0.8218914959544861 0.5696440751283545
1638453750648889065 1.8572449356335332 -3.0390092486636737 0.0 0.0 0.0 -0.8455259518334826 0.5339342713631515
1638453750750889063 1.8572788934071698 -3.0389412721167277 0.0 0.0 0.0 -0.8632801686253386 0.5047249751392577
1638453750850888968 1.8573159154303729 -3.0388750282670736 0.0 0.0 0.0 -0.8798516246298314 0.4752485035910386
1638453750950888872 1.8572990685248807 -3.0388939956855503 0.0 0.0 0.0 -0.8954738159452988 0.4451142450332431
163845375154888964 1.8493145957382637 -3.0500381884580907 0.0 0.0 0.0 -0.9071112900484114 0.4208908064349636
1638453751155889034 1.8321560251372992 -3.0690112103083806 0.0 0.0 0.0 -0.9137216852582991 0.4063406045799602
1638453751256888866 1.8320848578096012 -3.0690832523978755 0.0 0.0 0.0 -0.9269998972747308 0.3750615038208922
1638453751355888844 1.8320667960767172 -3.069101211455331 0.0 0.0 0.0 -0.9389517167916274 0.3440489219232043
1638453751451977015 1.8319690424731938 -3.0691814523851835 0.0 0.0 0.0 -0.9502412550950506 0.3115149928162093
1638453751554977179 1.8319064086199117 -3.0692241358778967 0.0 0.0 0.0 -0.9602164845826393 0.279256617652819
1638453751655977011 1.8318848663325151 -3.069237429700317 0.0 0.0 0.0 -0.969143514158866 0.24649720953294468
1638453751757977009 1.831862558639096 -3.0692490769894367 0.0 0.0 0.0 -0.9770919937791563 0.2128174568585755
1638453751857977152 1.831909315033886 -3.069229534069124 0.0 0.0 0.0 -0.9837479213784901 0.17955522406149257
1638453751957977057 1.8388637928045917 -3.046802839797937 0.0 0.0 0.0 -0.9895160336435725 0.14442307562771609
163845375298977089 1.8388394093291835 -3.04680968991537 0.0 0.0 0.0 -0.9952342068270269 0.09751358192434682
1638453752200977087 1.8387141942080594 -3.046827571573017 0.0 0.0 0.0 -0.9979582044216816 0.06387069291815838
1638453752300976992 1.8388146302886939 -3.0468151195437887 0.0 0.0 0.0 -0.9982770933465468 0.05867603832092878
1638453752400977135 1.838789423963258 -3.0468179370123827 0.0 0.0 0.0 -0.9982670859316947 0.05884573754801597
1638453752567977190 1.8388145047776394 -3.0468148843816127 0.0 0.0 0.0 -0.9982646226137926 0.05888750622702771
1638453752666977167 1.8387140560090591 -3.046826859742517 0.0 0.0 0.0 -0.9982764755344042 0.05868662948910292
1638453752799977064 1.8377085515468763 -3.0469442553858266 0.0 0.0 0.0 -0.9983187762112499 0.057962596516181956
1638453752899976969 1.8362755372967463 -3.0471111909584803 0.0 0.0 0.0 -0.9983193201983879 0.05795307361861319
163845375333977032 1.8330576306727933 -3.0474866262956763 0.0 0.0 0.0 -0.9983165344674951 0.05800115293345651
1638453753135977030 1.8299653727988834 -3.0478470304692116 0.0 0.0 0.0 -0.9983238148383995 0.05787512266794476
1638453753233390093 1.8263697695102596 -3.0482650955369195 0.0 0.0 0.0 -0.9983306671862285 0.05775703237736544
1638453753337977171 1.821819833492623 -3.048794383005888 0.0 0.0 0.0 -0.9983152940352423 0.058022696590976246
1638453753437977076 1.8168167454089006 -3.0493764177782996 0.0 0.0 0.0 -0.998324896418574 0.05785655739271563
1638453753538977146 1.8112856860807045 -3.050019491172636 0.0 0.0 0.0 -0.9983269039486791 0.057822163102113494
1638453753706977129 1.800978220703275 -3.0512216318076315 0.0 0.0 0.0 -0.9983375973794206 0.057636747161162454
1638453753807977200 1.793787477778407 -3.0520550849747 0.0 0.0 0.0 -0.9983248082688 0.057858702176914266
1638453753940474987 1.7833530120123942 -3.053261798618098 0.0 0.0 0.0 -0.9983398455172766 0.057597710223979484
1638453754107474804 1.7702536282415529 -3.054777473004375 0.0 0.0 0.0 -0.9983224942366076 0.05789821139101775
1638453754206474781 1.7621082905740217 -3.055727920713173 0.0 0.0 0.0 -0.9983176271010386 0.05798175699202912
1638453754307474852 1.753208941239151 -3.0567685585759197 0.0 0.0 0.0 -0.9983041844204782 0.05821251067687318
1638453754408474922 1.7443348426375267 -3.0578080473092073 0.0 0.0 0.0 -0.9982960710078186 0.058351867577348386
1638453754542474985 1.7323932271386444 -3.0592010805826386 0.0 0.0 0.0 -0.9983207853274885 0.05792808302684285
1638453754642474890 1.7235438314498341 -3.0602322796775603 0.0 0.0 0.0 -0.9983247328576617 0.057859889646256615
1638453754743474960 1.714543291599599 -3.0612794270754136 0.0 0.0 0.0 -0.9983179304804254 0.057976876741041176
1638453754844474792 1.7085711907790717 -3.061577817049251 0.0 0.0 0.0 -0.9984610458927058 0.055457606957722796
1638453754944474936 1.7200595670155279 -3.054298320292478 0.0 0.0 0.0 -0.9993257694016137 0.03671576639777323
1638453755112474918 1.7050661255122865 -3.0554080757294324 0.0 0.0 0.0 -0.9993141494537752 0.03703074156168962
1638453755213474989 1.6960804700086805 -3.0560791021176295 0.0 0.0 0.0 -0.9993001934957132 0.037404205600204174
1638453755312474966 1.6871712141852993 -3.0567515831195617 0.0 0.0 0.0 -0.9992806141414232 0.03792489782406057
1638453755448474884 1.6750064750817066 -3.057675071810337 0.0 0.0 0.0 -0.999275137415449 0.038068086499519996
1638453755550474882 1.665895454728666 -3.0583648476279413 0.0 0.0 0.0 -0.9992867651495658 0.037761579126652775
1638453755650474787 1.656986387961589 -3.059040431473557 0.0 0.0 0.0 -0.9992865722476306 0.03776729916361416
1638453755751474857 1.647875664474716 -3.059734027197363 0.0 0.0 0.0 -0.9992666513161592 0.038290009551867926
1638453755850474834 1.639118445753187 -3.0604048747658803 0.0 0.0 0.0 -0.9992609239236449 0.038439149699334575
1638453755949474812 1.6303364399913367 -3.06108248122652 0.0 0.0 0.0 -0.9992603300086115 0.03845439879681772
163845375650474882 1.62135286634568 -3.0617800085697606 0.0 0.0 0.0 -0.9992401601115594 0.03897578492117249
1638453756151474953 1.6123695857714162 -3.062481594207581 0.0 0.0 0.0 -0.9992311962897386 0.03920508808397442
1638453756251474857 1.603537971775947 -3.0631748639478653 0.0 0.0 0.0 -0.9992359004592484 0.03908466035084629
1638453756384474993 1.5917039282402374 -3.0641079088796204 0.0 0.0 0.0 -0.9992272326462206 0.03930621975939235
1638453756495476961 1.5824439905555763 -3.064843003920127 0.0 0.0 0.0 -0.9992143305999356 0.039632358999563376
1638453756595476866 1.5735625944492846 -3.065547880542862 0.0 0.0 0.0 -0.9992089170751255 0.03976850987578329
1638453756696476936 1.5646557021709215 -3.06625163595955 0.0 0.0 0.0 -0.9992429264377728 0.03890395938557789
1638453756796476841 1.555697513092697 -3.066949805834696 0.0 0.0 0.0 -0.9992533655599395 0.03863534142392515
1638453756899477005 1.5465115963641445 -3.0676560346276913 0.0 0.0 0.0 -0.999269023240693 0.03822854379022282
1638453757476837 1.5375269468584554 -3.0683387610202626 0.0 0.0 0.0 -0.999289569228242 0.03768700766469517
1638453757100476980 1.5285673926435812 -3.06901783326178 0.0 0.0 0.0 -0.9992825282962731 0.03787331921384198
1638453757201476812 1.519557235581496 -3.069700153613436 0.0 0.0 0.0 -0.9992835676772293 0.0378466370184188
1638453757303476810 1.510471191325081 -3.0703862733825993 0.0 0.0 0.0 -0.9992932159613964 0.03759099349704629
1638453757403476954 1.5015365167812933 -3.071060257348024 0.0 0.0 0.0 -0.9992940973763564 0.03756693152085094
1638453757505476952 1.4924756908046564 -3.071742486475145 0.0 0.0 0.0 -0.9992899645489977 0.03767676337108765
1638453757605476856 1.4834654411118067 -3.0724231362107703 0.0 0.0 0.0 -0.999282332518519 0.037878677909088165
1638453757706476927 1.4744553804752605 -3.073106888790079 0.0 0.0 0.0 -0.9992905092972354 0.03766282600862364
1638453757805476904 1.465622085503099 -3.0737784329324214 0.0 0.0 0.0 -0.9992752839967598 0.038064035814120614
1638453757905476809 1.442075326521794 -3.0608194513272973 0.0 0.0 0.0 -0.9998405425952369 0.017858536926944193
16384537587476807 1.4320334277079305 -3.061176845367473 0.0 0.0 0.0 -0.9998421931705388 0.017763304152558133
1638453758106476784 1.4220421492181199 -3.061538547333619 0.0 0.0 0.0 -0.9998362429699107 0.01809787038842968
1638453758243476868 1.407220082762574 -3.062086045574568 0.0 0.0 0.0 -0.999827268452303 0.01858642767964966
1638453758344476938 1.395661198702226 -3.062518948130253 0.0 0.0 0.0 -0.9998278179947355 0.018557462382860927
1638453758513476849 1.37530012402535 -3.063276255452726 0.0 0.0 0.0 -0.9998222212206062 0.01885615196507243
1638453758646476984 1.3583033070607922 -3.06391157376163 0.0 0.0 0.0 -0.999830104954938 0.018434223359217305
1638453758746476889 1.3453531519155824 -3.0643908270549653 0.0 0.0 0.0 -0.9998337521179512 0.018234937860987666
1638453758847476959 1.332326968985047 -3.0648674337783275 0.0 0.0 0.0 -0.9998379519486381 0.018000493052669226
1638453758959861040 1.315177208815594 -3.0654773490938316 0.0 0.0 0.0 -0.9998449810519421 0.01760728497905943
1638453759117861032 1.2947134890107177 -3.0661961104391766 0.0 0.0 0.0 -0.9998448756719215 0.017614078180295537
1638453759217860937 1.2816864563446415 -3.06665404227864 0.0 0.0 0.0 -0.9998445448293856 0.017631838267982588
1638453759352860928 1.264157228566082 -3.0672746431568187 0.0 0.0 0.0 -0.9998412826098555 0.017815270259731047
1638453759518861055 1.24255583952902 -3.068052487576781 0.0 0.0 0.0 -0.9998370066536938 0.018055437850494106
1638453759651860952 1.2252294742616112 -3.0686815061060595 0.0 0.0 0.0 -0.9998334022704631 0.018254129575233723
1638453759784861088 1.207422728521896 -3.0693362544439764 0.0 0.0 0.0 -0.9998281489429371 0.01853970601896529
1638453759882233143 1.1940202316061397 -3.0698342959676754 0.0 0.0 0.0 -0.9998247209230151 0.01872279952045739
1638453759986860991 1.179524256856324 -3.070376372331125 0.0 0.0 0.0 -0.999825786778429 0.018664497521147884
1638453760157860994 1.1559252503293502 -3.0712451722534113 0.0 0.0 0.0 -0.999832858207746 0.01828118660016198
1638453760291861057 1.1366508593097637 -3.0719350081817822 0.0 0.0 0.0 -0.9998472742016973 0.017477959932066862
1638453760457860947 1.111860829631403 -3.072780578267507 0.0 0.0 0.0 -0.9998645361835187 0.016459821709506682
1638453760591861010 1.0919267356268834 -3.073434855123757 0.0 0.0 0.0 -0.9998655427957982 0.01639653088942451
1638453760690860987 1.0770013662456084 -3.0739196509400952 0.0 0.0 0.0 -0.999866966520016 0.016310114683186765
1638453760858860970 1.0517805422949265 -3.074754603543021 0.0 0.0 0.0 -0.9998558899835318 0.016976760368983705
1638453760994861126 1.0493897550023297 -3.0627894449111404 0.0 0.0 0.0 -0.9995851362126705 0.028802924394861568
1638453761162861109 1.024172191261669 -3.0642551444164283 0.0 0.0 0.0 -0.9995713444305437 0.029275867249472065
1638453761296860933 1.0042618676425874 -3.0654267446074375 0.0 0.0 0.0 -0.9995636359074767 0.029538609916169335
1638453761400861025 0.9888243565272606 -3.0663462310631955 0.0 0.0 0.0 -0.9995565919607085 0.02977692250658499
1638453761520249844 0.9736398271851805 -3.067255095159831 0.0 0.0 0.0 -0.9995515479723304 0.0299458829461715
1638453761620249987 0.9588349764967069 -3.068152565094225 0.0 0.0 0.0 -0.9995372650961821 0.03041797707508275
1638453761686249971 0.9489316516464558 -3.0687576326100046 0.0 0.0 0.0 -0.999537042906471 0.030426080702966228
1638453761787250042 0.933899672320728 -3.0696737462026267 0.0 0.0 0.0 -0.9995413885045288 0.030283093390744337
1638453761920249939 0.91401647806187 -3.070875834259853 0.0 0.0 0.0 -0.9995439978682756 0.030196707820787674
1638453761986249924 0.9042390533967763 -3.0714665058655193 0.0 0.0 0.0 -0.9995416524173225 0.03027391975753284
163845376286249828 0.8892317617445561 -3.072371994725502 0.0 0.0 0.0 -0.9995447995085526 0.030169779159539327
1638453762187249899 0.8741485955269896 -3.073279716753424 0.0 0.0 0.0 -0.9995452856110574 0.03015250189844435
1638453762320250034 0.8541911637240749 -3.0745117647557754 0.0 0.0 0.0 -0.9995139687546719 0.03117459815033117
1638453762453249931 0.8343362407879454 -3.075760123301996 0.0 0.0 0.0 -0.9995001610751711 0.03161450077927268
1638453762553249836 0.8193825265238635 -3.076711297782726 0.0 0.0 0.0 -0.9994927351364027 0.03184779363741618
1638453762719249964 0.7946290744770331 -3.0783015392284514 0.0 0.0 0.0 -0.9994827551293816 0.03216008285790169
1638453762819249868 0.7798027589672147 -3.0792612689070467 0.0 0.0 0.0 -0.9994761962169941 0.032363226860920774
1638453762918249846 0.7650780364863178 -3.0802236810374057 0.0 0.0 0.0 -0.9994670633080106 0.032644175299970116
163845376353249836 0.7449994972408347 -3.081546144766448 0.0 0.0 0.0 -0.999454929456537 0.03301304716425295
1638453763152249813 0.7302245947474962 -3.082516420540415 0.0 0.0 0.0 -0.9994769007122557 0.03234118436203239
1638453763256249905 0.714665492470116 -3.0835193885378724 0.0 0.0 0.0 -0.9994921874447479 0.031864952702297146
1638453763357249975 0.6998384117352977 -3.084468119233121 0.0 0.0 0.0 -0.9994930129990368 0.031839454352622906
1638453763491250038 0.6796813972439745 -3.085752890972741 0.0 0.0 0.0 -0.9994913718546308 0.031891047015127266
1638453763590250015 0.6648542174973993 -3.0866992328371086 0.0 0.0 0.0 -0.9994949140705679 0.0317784496716447
1638453763690249920 0.6499261424053489 -3.087654127525824 0.0 0.0 0.0 -0.9994880675823651 0.03199291749642333
1638453763791249990 0.6348473049310994 -3.0886321286044955 0.0 0.0 0.0 -0.9994676765103218 0.03262380349075253
1638453763940937996 0.5345996014510447 -3.14193495818383 0.0 0.0 0.0 -0.9996498594849074 0.026459903923188893
163845376439937973 0.519864544063842 -3.142723804094226 0.0 0.0 0.0 -0.9996335604619792 0.02706824877066594
1638453764139937878 0.5050039060458342 -3.1435340314073557 0.0 0.0 0.0 -0.9996223810810051 0.02747829578787766
1638453764309937954 0.4797561756137449 -3.144914087486874 0.0 0.0 0.0 -0.9996241386721576 0.027415254613024832
1638453764443938017 0.4596389776977451 -3.146015732703728 0.0 0.0 0.0 -0.9996314868154081 0.0271459416018156
1638453764609937906 0.43497250643438523 -3.147363093304878 0.0 0.0 0.0 -0.9996270632652855 0.027307411252522496
1638453764742938042 0.4151590406106997 -3.148456636408674 0.0 0.0 0.0 -0.9996160077993951 0.027709946918065182
1638453764909937859 0.3893068965870346 -3.1499067401854313 0.0 0.0 0.0 -0.9995979835234269 0.028351875853399162
163845376540937901 0.36828249925901285 -3.1511047184355983 0.0 0.0 0.0 -0.9995884474587179 0.028686241037545624
1638453765175937891 0.3466781216838512 -3.1523566936006784 0.0 0.0 0.0 -0.9995746791864083 0.029162046342763016
1638453765309937954 0.3253528360588864 -3.1536120730107617 0.0 0.0 0.0 -0.9995620527834892 0.029591965694227243
1638453765482938051 0.2977381832127001 -3.155273958068033 0.0 0.0 0.0 -0.9995353496902006 0.030481819773551213
1638453765615937948 0.2767694497249499 -3.1565556689470933 0.0 0.0 0.0 -0.9995333059922094 0.03054794922658239
1638453765747937918 0.2556248307913456 -3.1578633484152423 0.0 0.0 0.0 -0.9995232166938861 0.030876454604262034
1638453765913938046 0.2291489113103815 -3.1594857090668884 0.0 0.0 0.0 -0.9995385919179597 0.03037481864164279
163845376683937883 0.20214308998570524 -3.161150786036307 0.0 0.0 0.0 -0.9995166311075668 0.03108866686692252
1638453766184937954 0.18600087525055187 -3.1621566855664005 0.0 0.0 0.0 -0.9995163348218178 0.031099029102841205
1638453766285938025 0.1698844927581321 -3.16316975071942 0.0 0.0 0.0 -0.9994956011901754 0.03175781526550857
1638453766385937929 0.15384523262642918 -3.1641995218657306 0.0 0.0 0.0 -0.999475724620682 0.032376430758217764
1638453766495631933 0.1377061219527554 -3.165254255170023 0.0 0.0 0.0 -0.9994598812132555 0.03286301963264394
1638453766630631924 0.11626528774167143 -3.166689007117662 0.0 0.0 0.0 -0.9994280555872873 0.033817356742640484
1638453766797631979 0.08975085680864953 -3.1685002820907533 0.0 0.0 0.0 -0.9994072123734563 0.03442771110505158
1638453766898631811 0.08556619018104505 -3.170952375691805 0.0 0.0 0.0 -0.9994246280071486 0.03391690442860022
163845376731631947 0.11464994582698136 -3.1779559184575144 0.0 0.0 0.0 -0.999499491523572 0.03163427174105177
1638453767133631945 0.09833185910686662 -3.1789880063826526 0.0 0.0 0.0 -0.9995021078248083 0.03155229682635513
1638453767234632015 0.08231672717010738 -3.179998741525989 0.0 0.0 0.0 -0.9995064044202356 0.03141551344822735
1638453767333448172 0.06660902833238144 -3.1809903928791794 0.0 0.0 0.0 -0.9995005624404266 0.031600124868607304
1638453767434631824 0.050463775099058854 -3.1820166619639725 0.0 0.0 0.0 -0.9994913212389923 0.03189258508770844
1638453767567631960 0.029195577855088632 -3.183375763903547 0.0 0.0 0.0 -0.9994877882365556 0.032002441448813264
1638453767700631857 0.007878407678303945 -3.184762542584662 0.0 0.0 0.0 -0.9994601404332645 0.03285553201419704
1638453767868631840 -0.018916755058365972 -3.1865488056315248 0.0 0.0 0.0 -0.9994373672447119 0.033540247705157795
1638453768631809 -0.03995260952186841 -3.1879698885321224 0.0 0.0 0.0 -0.9994187568492219 0.03408984944251868
1638453768167631865 -0.06649228211732319 -3.1897826134344722 0.0 0.0 0.0 -0.9994146557444655 0.03420958185391999
1638453768299631834 -0.08739993253186301 -3.191223518145243 0.0 0.0 0.0 -0.9994016683544741 0.03458760967849292
1638453768400631905 -0.09232358189676643 -3.191566288166056 0.0 0.0 0.0 -0.9994021364082726 0.0345740283148267
1638453768500631809 -0.0926013271535065 -3.1915854218271886 0.0 0.0 0.0 -0.9993940893871608 0.034805990931440475
1638453768634631872 -0.09277806614581882 -3.191597598225121 0.0 0.0 0.0 -0.9994122363730036 0.03428118391635002
1638453768734632015 -0.09282857477897818 -3.1916008377929566 0.0 0.0 0.0 -0.999515534913333 0.03112430513876924
1638453768835631847 -0.09290439786311319 -3.1916050969787135 0.0 0.0 0.0 -0.999659478674197 0.02609407208098145
1638453768935631990 -0.09290439786311319 -3.1916050969787135 0.0 0.0 0.0 -0.9997988595986845 0.020055710140968633
163845376940196180 -0.09287910046285686 -3.1916043152058173 0.0 0.0 0.0 -0.9999403129779159 0.01092302282053052
1638453769144196033 -0.09292972098701371 -3.1916049222955203 0.0 0.0 0.0 -0.9999999432278779 -0.00036552165015928464
1638453769311196089 -0.09303093644506577 -3.191603272660093 0.0 0.0 0.0 -0.9997370634339536 -0.022931380184626936
1638453769442196131 -0.09313201455524125 -3.1915975714170406 0.0 0.0 0.0 -0.9990847615444695 -0.04277452337142888
1638453769544196129 -0.09315717151043731 -3.1915947792826542 0.0 0.0 0.0 -0.9983337030887954 -0.05770482721126649
1638453769630046368 -0.09321240212112353 -3.1915871555237887 0.0 0.0 0.0 -0.997373213989132 -0.07243412855204215
1638453769812196016 -0.09325693443083471 -3.191577927090598 0.0 0.0 0.0 0.9942045449846066 0.10750476401817054
1638453769944196224 -0.093959210852508 -3.2068564904714187 0.0 0.0 0.0 0.9952255619295349 0.09760156948097244
1638453770115195990 -0.09400873495158163 -3.2068458521360044 0.0 0.0 0.0 0.9895664558141786 0.1440770541447873
1638453770249196053 -0.09398486880208531 -3.206854295066147 0.0 0.0 0.0 0.9832497338279711 0.18226332396819325
1638453770416196108 -0.09384687857811257 -3.206917728362533 0.0 0.0 0.0 0.9734519989199891 0.22889112409641707
1638453770549196005 -0.09380365479899909 -3.2069440328142753 0.0 0.0 0.0 0.9636594548655081 0.2671338474561273
1638453770716196060 -0.09376212204912818 -3.206973004687534 0.0 0.0 0.0 0.9496909007498568 0.31318869298361224
1638453770852196217 -0.09370311840263038 -3.207020602596017 0.0 0.0 0.0 0.9364789560510159 0.35072374584173255
1638453770951196194 -0.13864183279843406 -3.134902001223107 0.0 0.0 0.0 0.9202014480092646 0.3914452204675746
163845377150196171 -0.1386255249577943 -3.134921348601713 0.0 0.0 0.0 0.9087850937646371 0.41726453430788824
1638453771151196003 -0.13860881654480572 -3.134940220012264 0.0 0.0 0.0 0.8960166629216042 0.4440204081344882
1638453771320196152 -0.1385916718082206 -3.134959092370709 0.0 0.0 0.0 0.8733361639402466 0.48711802932822684
1638453771453196049 -0.13856678170089415 -3.135003253984683 0.0 0.0 0.0 0.8539901832582802 0.520289073288561
1638453771588536978 -0.138566329079191 -3.135003254967985 0.0 0.0 0.0 0.8327816410402731 0.5536016221506034
1638453771755537033 -0.13858133233172967 -3.1349550617073962 0.0 0.0 0.0 0.8050633529145105 0.5931888371593123
1638453771886537075 -0.13861886999639522 -3.1348078755478905 0.0 0.0 0.0 0.7820746837054241 0.6231847169357662
163845377253537130 -0.10059513356289482 -3.126722929315479 0.0 0.0 0.0 0.7511034080256109 0.6601845954408098
1638453772191537142 -0.10060323144690018 -3.1266473487815842 0.0 0.0 0.0 0.7250386282508476 0.6887081751746785
1638453772291537046 -0.10060427436633154 -3.126622076174269 0.0 0.0 0.0 0.7048812701900521 0.7093253342900082
1638453772497537136 -0.10059106967840643 -3.126470921795428 0.0 0.0 0.0 0.6618751542764127 0.7496140762905414
1638453772596537113 -0.10059737779544844 -3.1265212266817493 0.0 0.0 0.0 0.6587036911473996 0.7524024380511527
1638453772700536966 -0.10060072880156738 -3.1265462598708096 0.0 0.0 0.0 0.6585264092788802 0.7525576283802994
1638453772867537022 -0.1006107906674884 -3.126621359435978 0.0 0.0 0.0 0.658620534382854 0.7524752654679696
16384537733536940 -0.10061729337670046 -3.1266714258594424 0.0 0.0 0.0 0.6623669420283642 0.7491795547664145
1638453773138536930 -0.10062035520716746 -3.126696459114294 0.0 0.0 0.0 0.6673317964017654 0.7447605543183281
1638453773271537066 -0.10061794245427515 -3.1266711872931845 0.0 0.0 0.0 0.6720751438267772 0.7404829704954938
1638453773404536963 -0.07802439484960641 -3.179466959990193 0.0 0.0 0.0 0.6737335511790704 0.7389743756818801
1638453773537537098 -0.07802439484960641 -3.179466959990193 0.0 0.0 0.0 0.6778801853297542 0.7351724236666598
1638453773703536987 -0.07802234684037485 -3.1794417051567647 0.0 0.0 0.0 0.6777884269027336 0.7352570046480216
1638453773837537050 -0.07801417529170249 -3.179340685637226 0.0 0.0 0.0 0.678148398683377 0.7349249668546926
16384537741860857 -0.07789839792453129 -3.1779025820025923 0.0 0.0 0.0 0.6781315791321221 0.7349405071570753
1638453774100860834 -0.0777664202463085 -3.176262676462194 0.0 0.0 0.0 0.6781538453553808 0.7349199847132077
1638453774199861050 -0.07757944010713573 -3.173941603039747 0.0 0.0 0.0 0.678003487798307 0.735058719553126
1638453774299860954 -0.0773453717214271 -3.1710401451604278 0.0 0.0 0.0 0.6781650984859704 0.734909545219776
1638453774398860931 -0.07711640933197171 -3.168189187787461 0.0 0.0 0.0 0.6783203042420396 0.7347663619716717
1638453774565860987 -0.0767264960492671 -3.1633197249564664 0.0 0.0 0.0 0.6783043825354467 0.7347810718720904
1638453774764860868 -0.07626259254561947 -3.157542044210952 0.0 0.0 0.0 0.6784221789982626 0.7346722900257106
1638453774930860996 -0.0758721874296974 -3.1526473124320074 0.0 0.0 0.0 0.6785001115905644 0.7346002826600787
163845377595860958 -0.07539975825910859 -3.146718068561051 0.0 0.0 0.0 0.6786009091494322 0.7345071595132489
1638453775261860847 -0.07486916783160057 -3.1400318652317005 0.0 0.0 0.0 0.6784929288332685 0.7346069258757902
1638453775394860983 -0.07437840035667337 -3.1338502920288285 0.0 0.0 0.0 0.6785971381477921 0.7345106591223038
1638453775494860888 -0.07398813574955276 -3.1289302855665904 0.0 0.0 0.0 0.6786675287368137 0.7344456509747819
1638453775660861015 -0.07333387935077681 -3.1207051949451445 0.0 0.0 0.0 0.6783820756304256 0.7347093018413907
1638453775859860897 -0.07254532253568707 -3.1108149464416646 0.0 0.0 0.0 0.6781536660026874 0.734920103110375
163845377627860880 -0.07185542446087387 -3.102211316385554 0.0 0.0 0.0 0.678400331895319 0.7346923971334466
1638453776195860863 -0.07107694360123389 -3.092472378518008 0.0 0.0 0.0 0.6784924498386229 0.7346074005456548
1638453776362860918 -0.09772487916553427 -3.065420912975128 0.0 0.0 0.0 0.6678627586369192 0.7442844325761652
1638453776503290892 -0.11949960040238906 -3.041209469716964 0.0 0.0 0.0 0.6591377006205893 0.7520222785889878
1638453776606291056 -0.11870175509130997 -3.035187662310756 0.0 0.0 0.0 0.65901626964899 0.7521287188860423
1638453776738074303 -0.11767791513413471 -3.027429084657997 0.0 0.0 0.0 0.6591786664765242 0.7519863833557504
1638453776839290857 -0.1168861938162787 -3.021436816255571 0.0 0.0 0.0 0.6592398243522016 0.7519327126931223
16384537778291006 -0.11557385975981836 -3.0114490772814855 0.0 0.0 0.0 0.6594239642472952 0.7517712653737828
1638453777108290911 -0.11480049303264321 -3.005551639729056 0.0 0.0 0.0 0.6596798291403883 0.7515467416964667
1638453777240290880 -0.11378023128775698 -2.9977465573110216 0.0 0.0 0.0 0.6595508543701144 0.7516599253757846
1638453777405290842 -0.11249509188597488 -2.9879083406681097 0.0 0.0 0.0 0.6596399843801664 0.7515817046828152
1638453777538290977 -0.11145535734041094 -2.9799781001865977 0.0 0.0 0.0 0.6596602743678183 0.7515639065952995
1638453777707290888 -0.11014090316046507 -2.969964932898075 0.0 0.0 0.0 0.6594462774606726 0.7517516813353428
1638453777807291031 -0.10937096267002268 -2.964092603778875 0.0 0.0 0.0 0.6595190392453992 0.7516878618648929
1638453777940290928 -0.10833866710035965 -2.956237864716062 0.0 0.0 0.0 0.6595408610849443 0.7516687396696162
1638453778109290838 -0.10703231840920922 -2.9462748365825675 0.0 0.0 0.0 0.6593684901681635 0.7518198772418437
1638453778244290829 -0.10599222320344641 -2.9383446184690345 0.0 0.0 0.0 0.6595318505474392 0.751676630277121
1638453778345290899 -0.10522523581561001 -2.9324974271266244 0.0 0.0 0.0 0.6595124800400566 0.7516936219847675
1638453778444290876 -0.1044576025493275 -2.9266247160377805 0.0 0.0 0.0 0.659765772603196 0.7514712846798102
1638453778545290947 -0.10369322169643456 -2.9207771241626093 0.0 0.0 0.0 0.659617730742851 0.751601290566922
1638453778646291018 -0.1029189125686396 -2.9148541852539127 0.0 0.0 0.0 0.6597612961996412 0.7514752606944272
1638453778746290922 -0.10215946670470426 -2.9090313693631873 0.0 0.0 0.0 0.659786124012577 0.7514534288618991
1638453778846290827 -0.10139727037714068 -2.9031834031280965 0.0 0.0 0.0 0.65993949848935 0.751318757886759
1638453778950290918 -0.10060515447722074 -2.897084083222568 0.0 0.0 0.0 0.6599578899404012 0.7513025707133146
163845377939845943 -0.09984635293163303 -2.891235667568 0.0 0.0 0.0 0.6601989891101249 0.7510907685400506
1638453779239845991 -0.09834220291812741 -2.8796139646857495 0.0 0.0 0.0 0.6601657649769749 0.7511199136761291
1638453779405846119 -0.09640907427567416 -2.8654809013567686 0.0 0.0 0.0 0.6605647076560589 0.7507690829518716
1638453779637845993 -0.0946609732486692 -2.851823574958999 0.0 0.0 0.0 0.6607171381871786 0.7506350012454519
1638453779736845970 -0.0939165881951525 -2.8459990794986822 0.0 0.0 0.0 0.660803772460386 0.7505586755876548
1638453779836846113 -0.09316855413502706 -2.8401494866601866 0.0 0.0 0.0 0.6606657346321728 0.7506802535966061
1638453779937845945 -0.09240327781004024 -2.8341490271644174 0.0 0.0 0.0 0.6610398998695423 0.7503507433253587
163845378038846016 -0.09165657273616509 -2.828273557041363 0.0 0.0 0.0 0.6610026470950726 0.75038360390688
1638453780238846064 -0.09015815928287171 -2.816472043880098 0.0 0.0 0.0 0.6611193648699203 0.7502807597855169
1638453780442846060 -0.08862666436563796 -2.804394031123371 0.0 0.0 0.0 0.6613094850896818 0.7501131747944318
1638453780609846115 -0.08738225831343435 -2.7945505388202676 0.0 0.0 0.0 0.6616054834225005 0.7498521369943969
1638453780809846163 -0.08588323619192355 -2.7826475481795865 0.0 0.0 0.0 0.6616817059147398 0.7497848578321568
1638453780942846060 -0.08489794167143191 -2.774812404671688 0.0 0.0 0.0 0.661473567727009 0.7499684741398984
1638453781110846043 -0.08363891221399669 -2.764792328981858 0.0 0.0 0.0 0.6614345384319815 0.7500028909139473
1638453781243845940 -0.0826400859272888 -2.7568822891051568 0.0 0.0 0.0 0.6614764473515923 0.7499659376540503
1638453781411846161 -0.08139545304993553 -2.747038810571582 0.0 0.0 0.0 0.661103312994301 0.7502948828661102
1638453781551398039 -0.08036931395728233 -2.73892811644635 0.0 0.0 0.0 0.6612346744277751 0.7501791252331553
1638453781686398029 -0.07928913983827166 -2.7304413968651366 0.0 0.0 0.0 0.6608899138555034 0.7504828716718166
1638453781785398006 -0.07841225387270566 -2.7235620291505205 0.0 0.0 0.0 0.6607825119842781 0.750577411281913
1638453781887398005 -0.07746316951583773 -2.716130267488131 0.0 0.0 0.0 0.6608575031846274 0.7505114066859415
1638453781987398148 -0.07645313970508874 -2.7082218631565933 0.0 0.0 0.0 0.6607407890231196 0.7506141316527895
163845378286398125 -0.07539160119354724 -2.6999114833994655 0.0 0.0 0.0 0.6607816544159628 0.7505781604928828
1638453782191398144 -0.074205325373735 -2.690621955630838 0.0 0.0 0.0 0.6608047509898863 0.7505578704127671
1638453782290398121 -0.07302287518667257 -2.6813575145182162 0.0 0.0 0.0 0.6609470170824182 0.7504325445422961
1638453782392398119 -0.06985631814329028 -2.7035992642820332 0.0 0.0 0.0 0.6715070623751299 0.7409981075351825
1638453782592398167 -0.0679650242986728 -2.6837951153867605 0.0 0.0 0.0 0.6748611674471245 0.7379447159893574
1638453782766398191 -0.06655998847000166 -2.6665905050717917 0.0 0.0 0.0 0.6807681683814943 0.7324989475476176
1638453782903398037 -0.06564789182765862 -2.6529534430164876 0.0 0.0 0.0 0.6856133717802132 0.7279658904768936
163845378337398100 -0.06492542437313281 -2.6394571146280126 0.0 0.0 0.0 0.6905620097649099 0.723273150072687
1638453783136398077 -0.06451499241116021 -2.6295690911588463 0.0 0.0 0.0 0.6939604373741737 0.720013125023643
1638453783238398075 -0.06419644544231298 -2.619475182094724 0.0 0.0 0.0 0.6978360440042015 0.7162575390716337
1638453783340398073 -0.06398045053540591 -2.609277145463795 0.0 0.0 0.0 0.7015314421108256 0.7126384917580166
1638453783441398144 -0.06385039436066478 -2.59915369078135 0.0 0.0 0.0 0.7034065559989129 0.71078770066664
1638453783541398048 -0.06375658493494207 -2.5891817590621105 0.0 0.0 0.0 0.7038156655363026 0.7103826332479536
1638453783711398125 -0.06360087593498456 -2.5721227069221255 0.0 0.0 0.0 0.7039329008248756 0.7102665049027714
1638453783844398022 -0.06348577163120352 -2.5588605948490164 0.0 0.0 0.0 0.7040440211816278 0.710156360809771
1638453783944398165 -0.06340020426020793 -2.548863118934268 0.0 0.0 0.0 0.7039907319880379 0.7102091735108876
163845378491636896 -0.06328121103335434 -2.534613826404473 0.0 0.0 0.0 0.7040845338255356 0.7101161637471131
1638453784193636894 -0.06319868451739916 -2.524540638726159 0.0 0.0 0.0 0.7041515699970404 0.7100496776537959
1638453784292636871 -0.0631181720656568 -2.5147457598425524 0.0 0.0 0.0 0.7042498532695115 0.7099522078592039
1638453784458636999 -0.06298151982380108 -2.4976868237281264 0.0 0.0 0.0 0.7043638215643894 0.7098391279567504
1638453784558636904 -0.06289496316402304 -2.4863478493364566 0.0 0.0 0.0 0.7042827962765736 0.7099195220820663
1638453784691637039 -0.0627719881638849 -2.470605204694953 0.0 0.0 0.0 0.7043417785344411 0.7098610165538664
1638453784856637001 -0.06263862173991469 -2.4502307455770094 0.0 0.0 0.0 0.705073985442678 0.7091337607266538
1638453784990636826 -0.06254308644821796 -2.4328680514413756 0.0 0.0 0.0 0.7052051568115605 0.709003306231228
163845378591636896 -0.06248025341093152 -2.419681342062024 0.0 0.0 0.0 0.7054271079746156 0.7087824769831353
1638453785260637045 -0.06239709527407609 -2.3977371639040053 0.0 0.0 0.0 0.7060561536156312 0.7081558332800255
1638453785458636999 -0.026576585833158806 -2.4020662613920143 0.0 0.0 0.0 0.6971463233285454 0.7169288666529752
1638453785592636824 -0.02608915196646587 -2.3846592515350706 0.0 0.0 0.0 0.6971255931665729 0.716949025632202
1638453785693636894 -0.02572167819122062 -2.371553475419532 0.0 0.0 0.0 0.696983610792087 0.7170870674859587
1638453785793637037 -0.02535855240915641 -2.358675512094769 0.0 0.0 0.0 0.6970371520793092 0.7170350494197957
1638453785993636847 -0.02464056103583663 -2.3328940385676296 0.0 0.0 0.0 0.6972522432554388 0.7168258706454215
1638453786160636902 -0.02405930588822794 -2.3114130788191556 0.0 0.0 0.0 0.6975548001181049 0.7165314154098449
1638453786395637035 -0.02323868359976132 -2.280975468272528 0.0 0.0 0.0 0.6974610820163629 0.7166226551316179
1638453786569031954 -0.02265983170755187 -2.2591144282438953 0.0 0.0 0.0 0.6977614957273122 0.7163301660882971
1638453786708031893 -0.02218889855647857 -2.2409219923074444 0.0 0.0 0.0 0.6980303903281687 0.7160681419272485
1638453786830348730 -0.021797820654184702 -2.2251102199924273 0.0 0.0 0.0 0.6985314332906236 0.7155793897876372
1638453786941031933 -0.02145170849638972 -2.2106594356798364 0.0 0.0 0.0 0.6987550352400423 0.7153610609268656
163845378742032003 -0.02114158236677688 -2.197552292558496 0.0 0.0 0.0 0.6988031871566435 0.715314017071133
1638453787241031885 -0.020505710128631727 -2.171059732896785 0.0 0.0 0.0 0.6985515739417147 0.715559719292787
1638453787407031775 -0.019944071720781886 -2.1480339995441144 0.0 0.0 0.0 0.6984465017490887 0.715662262473477
1638453787540031910 -0.019495308611677115 -2.1295372496942018 0.0 0.0 0.0 0.6984796226841828 0.7156299948297241
1638453787686031818 -0.018995915040185052 -2.109295082792546 0.0 0.0 0.0 0.6983006399268392 0.7158046061019541
1638453787788031816 -0.01861588122631433 -2.0943411758578043 0.0 0.0 0.0 0.6980857768652877 0.7160141491630979
1638453787955031872 -0.017975288203923467 -2.069292000473434 0.0 0.0 0.0 0.6980215572849421 0.7160767744364192
1638453788156031847 -0.017214232152283432 -2.038675700868555 0.0 0.0 0.0 0.6984179786284196 0.7156901295955376
1638453788356031895 0.005810221930976717 -2.0223040770287226 0.0 0.0 0.0 0.698275126542264 0.7158294676919386
1638453788525031805 0.028783160770899985 -2.0110765282078726 0.0 0.0 0.0 0.6979731054015289 0.716123974969629
1638453788658031940 0.029345180884362596 -1.9895445502819462 0.0 0.0 0.0 0.6975848433585937 0.7165021969283307
1638453788794031858 0.029942193928847588 -1.9673552233881986 0.0 0.0 0.0 0.6973874357760969 0.7166943144738851
1638453788892031908 0.030405727400021024 -1.9506313272203601 0.0 0.0 0.0 0.6969803587601948 0.7170902423186647
1638453788993031979 0.03088019787408855 -1.933882387779862 0.0 0.0 0.0 0.6970019507120909 0.7170692769934752
163845378990357065 0.03135248424101149 -1.917184070399889 0.0 0.0 0.0 0.6971456797392673 0.7169294621612077
1638453789237902641 0.03205969825894525 -1.8922167660102336 0.0 0.0 0.0 0.696908231290314 0.717160302485992
1638453789458357096 0.03313063596423506 -1.854843884670375 0.0 0.0 0.0 0.6970363664165965 0.7170357406225998
1638453789591356993 0.033766444468327036 -1.8322502107194198 0.0 0.0 0.0 0.6970974017400453 0.7169764341731208
1638453789693356991 0.03424349946244691 -1.8150202124443486 0.0 0.0 0.0 0.6974188430298015 0.7166637923735865
1638453789792357206 0.03471071310596684 -1.7980938954216723 0.0 0.0 0.0 0.6970949483426139 0.7169788084718853
1638453789957357168 0.03551577567601666 -1.7701623445130106 0.0 0.0 0.0 0.6967977431269179 0.717267698723359
163845379089357138 0.036146784424564773 -1.74792327008512 0.0 0.0 0.0 0.6969991312739402 0.7170719389199962
1638453790192357063 0.03663731499297221 -1.7307697505247666 0.0 0.0 0.0 0.6968882856479265 0.7171796640805845
1638453790360357046 0.03746270087341727 -1.7024591788540702 0.0 0.0 0.0 0.6965185187634779 0.7175388591195937
1638453790559357166 0.038460223424670426 -1.6685828299479484 0.0 0.0 0.0 0.6968279245379484 0.7172383339824173
1638453790692357063 0.039104367754790856 -1.6460402637491292 0.0 0.0 0.0 0.697167332983297 0.7169084389680502
1638453790859357119 0.03988575402862529 -1.6176778464444461 0.0 0.0 0.0 0.6976763103978567 0.7164131155258863
1638453790990357161 0.04048829101110776 -1.5953873419059301 0.0 0.0 0.0 0.6975720230301502 0.7165146488139151
1638453791156357050 0.04123918192908936 -1.5673276566648353 0.0 0.0 0.0 0.6976693775384155 0.7164198929264559
1638453791389357090 0.04069976163983577 -1.5260255482518923 0.0 0.0 0.0 0.6977226194639691 0.7163679921545955
1638453791646304131 0.02133778125010355 -1.4509214167477409 0.0 0.0 0.0 0.694424569412315 0.7195655229932071
1638453791812304020 0.02233320270329646 -1.422742851375 0.0 0.0 0.0 0.69460701454961 0.7193893885376572
1638453791983304024 0.023329058754292933 -1.393703438449261 0.0 0.0 0.0 0.6953368858485092 0.7186839592684425
163845379282304001 0.023879833810411463 -1.3768300485980112 0.0 0.0 0.0 0.695685145946509 0.7183467955784998
1638453792185303926 0.02443396425182326 -1.3594504522635296 0.0 0.0 0.0 0.6957843417838105 0.7182507165047275
1638453792351304054 0.025320157644560942 -1.3312683171404949 0.0 0.0 0.0 0.6956977365144182 0.7183346507154759
1638453792550303936 0.026420137122078594 -1.2976737901698212 0.0 0.0 0.0 0.6954274365348803 0.7185963457214334
1638453792750303984 0.02752697470786597 -1.264003381943934 0.0 0.0 0.0 0.6952243021879854 0.7187928114336475
1638453792918303967 0.028486272172185897 -1.2356463882781001 0.0 0.0 0.0 0.6951399861778066 0.7188743802545814
163845379384304094 0.0294278239966234 -1.207440636550557 0.0 0.0 0.0 0.6953686119749773 0.7186532777997896
1638453793352303982 0.030898344118798562 -1.161905154177905 0.0 0.0 0.0 0.695658168728599 0.7183729907773295
1638453793487303972 0.03165811911090734 -1.1389609515870462 0.0 0.0 0.0 0.6950645577496082 0.7189473727270054
1638453793588304043 0.032231826417110365 -1.1220883277190563 0.0 0.0 0.0 0.6948938338839915 0.7191123458794926
1638453793687304020 0.03281190194091842 -1.1053173653467387 0.0 0.0 0.0 0.6948221125992333 0.7191816507006333
1638453793853303909 0.03377754605918426 -1.0774670171331622 0.0 0.0 0.0 0.6947999542520445 0.7192030638664717
1638453793985304117 0.03454692990089195 -1.055232240435309 0.0 0.0 0.0 0.6948419262763352 0.7191624817090844
1638453794161897898 0.03553642955568864 -1.0267496117805122 0.0 0.0 0.0 0.6947811906550831 0.7192211959659418
1638453794397897959 0.03774207434056673 -0.9860907222641297 0.0 0.0 0.0 0.6937745424627648 0.7201922506026311
1638453794563897848 0.04228412340545848 -0.9560007563784344 0.0 0.0 0.0 0.688615378257637 0.7251267732655419
1638453794765897989 0.04407554548559636 -0.9217516952571859 0.0 0.0 0.0 0.6881006681355082 0.7256152043693351
1638453794999897957 0.046184507766305255 -0.8825008031859656 0.0 0.0 0.0 0.6875522420169725 0.7261349033867609
1638453795203897953 0.048083185475092466 -0.8481560269000531 0.0 0.0 0.0 0.6870895826661924 0.7265727091709494
1638453795339897871 0.04937601160419408 -0.8251850085323956 0.0 0.0 0.0 0.6867497196154279 0.7268939201772286
1638453795439898014 0.050336206409919135 -0.808178041514101 0.0 0.0 0.0 0.6870434496571822 0.7266163166235444
1638453795613897800 0.05196406080892521 -0.7787106948221428 0.0 0.0 0.0 0.6875017464136993 0.7261827334840752
1638453795812897921 0.05375989154282493 -0.744943411351114 0.0 0.0 0.0 0.6885068405183137 0.7252298568007388
163845379615897989 0.055542532330344396 -0.7104656553836091 0.0 0.0 0.0 0.6884334259644914 0.7252995269626089
1638453796150897980 0.056722085366049696 -0.6878940313438884 0.0 0.0 0.0 0.6882341686473259 0.7254885810227301
1638453796283897877 0.057916041539728236 -0.6655258690736746 0.0 0.0 0.0 0.6879598233647697 0.7257487230134059
1638453796484897852 0.0597360033550037 -0.6316838276111547 0.0 0.0 0.0 0.6876275786732471 0.7260635877729128
1638453796633381128 0.06096518535425138 -0.6090134304104917 0.0 0.0 0.0 0.687712630029686 0.7259830352299975
1638453796800381184 0.062485374803333854 -0.5807316324570642 0.0 0.0 0.0 0.6878576456246273 0.7258455837972216
163845379734381151 0.06457750092424316 -0.5410235943981099 0.0 0.0 0.0 0.6883338568526808 0.7253940566186182
1638453797202381134 0.06604717484365236 -0.5126883259606624 0.0 0.0 0.0 0.6886872384934349 0.7250585261242541
1638453797368381023 0.06748115786689107 -0.4846807418854081 0.0 0.0 0.0 0.6890097457013048 0.7247520620130558
1638453797468381166 0.05354314403772055 -0.503807963556518 0.0 0.0 0.0 0.6990763840611167 0.7150469415401037
1638453797602380991 0.05404482896192586 -0.48131232467451235 0.0 0.0 0.0 0.699312252094935 0.7148163507869997
1638453797736381054 0.05453268459659076 -0.45884173784662236 0.0 0.0 0.0 0.69977737261906 0.7143609929109851
1638453797832612991 0.054863933988846134 -0.4423856646442223 0.0 0.0 0.0 0.7000893231188047 0.7140552970391384
1638453797933230639 0.05520036027314376 -0.4253110417261402 0.0 0.0 0.0 0.7000764167134024 0.7140678934165277
163845379836381006 0.05554139525843606 -0.40767346402229504 0.0 0.0 0.0 0.7003194411994516 0.7138295956322497
1638453798236950874 0.056148219750077194 -0.37372882535885726 0.0 0.0 0.0 0.7010769025518211 0.7130856929681242
1638453798405380964 0.05663669036200798 -0.3451657247246928 0.0 0.0 0.0 0.7010390029582475 0.7131229176657621
1638453798573381186 0.05711915956449899 -0.31674589676494874 0.0 0.0 0.0 0.7011538529710802 0.7130100339719929
1638453798705381155 0.05749580750878338 -0.29452632826035996 0.0 0.0 0.0 0.7009557372467266 0.7132047896668527
1638453798804381132 0.05779016112831547 -0.2778491780395938 0.0 0.0 0.0 0.7006077522098115 0.7135466170754186
1638453798938381195 0.05821038508130589 -0.2553265957867813 0.0 0.0 0.0 0.7002836186920907 0.7138647135773517
163845379939381027 0.05853869055224885 -0.2381943903148263 0.0 0.0 0.0 0.7004874979364835 0.7136647049179197
1638453799214974880 0.05916382760811475 -0.20433444301702774 0.0 0.0 0.0 0.7007400496044045 0.7134167269445228
1638453799446974993 0.059879031658617556 -0.1650081422569977 0.0 0.0 0.0 0.7005032305094879 0.7136491972779451
1638453799611974955 0.06041811091919386 -0.13694379258306108 0.0 0.0 0.0 0.6999669886140576 0.7141752242304407
1638453799811975002 0.061121697400041995 -0.10328792428977027 0.0 0.0 0.0 0.6993543416480749 0.7147751005616353
1638453799944974899 0.0616061927301938 -0.08094384548809855 0.0 0.0 0.0 0.6995414938234306 0.7145919411299979
163845380083975077 0.0621158179321993 -0.057511694436547946 0.0 0.0 0.0 0.6992109360505987 0.7149154495994703
1638453800284975052 0.06284577417749991 -0.02342601283951358 0.0 0.0 0.0 0.6998950367429025 0.7142457490407259
1638453800550975084 0.12950396381444362 0.019403914776026987 0.0 0.0 0.0 0.6937611083205335 0.720205145273975
1638453800752974987 0.13012713666066453 0.036198652625081484 0.0 0.0 0.0 0.6941580804827794 0.7198226162015414
1638453800918974876 0.13012896353534326 0.03624924112827135 0.0 0.0 0.0 0.6943686165706973 0.7196195193801215
1638453801151974916 0.1301372272855612 0.036476887334380315 0.0 0.0 0.0 0.6934475599252801 0.720507107629968
1638453801388974905 0.13014007771793862 0.03655276843169269 0.0 0.0 0.0 0.681983908884264 0.7313671965952551
1638453801657464981 0.13014111911355927 0.036527175473647054 0.0 0.0 0.0 0.6549580685409955 0.755665192698895
1638453801890465021 0.13014455714834378 0.03652643046918908 0.0 0.0 0.0 0.6159401191277804 0.7877929973105009
163845380291464996 0.13011669628719993 0.03642914152578296 0.0 0.0 0.0 0.5700729462723503 0.8215940949986812
1638453802258465052 0.13004444490505634 0.036267459915964015 0.0 0.0 0.0 0.5247518088775234 0.8512552806165536
1638453802392465115 0.12998025228988783 0.03615842148787311 0.0 0.0 0.0 0.48477792685543086 0.8746372562566128
1638453802693464994 0.08216802601813697 0.0978022712368625 0.0 0.0 0.0 0.4241813289305942 0.9055772878796551
1638453802795464993 0.0821684524934573 0.097801901622262 0.0 0.0 0.0 0.39222705183115186 0.9198684299181292
1638453802960464954 0.08224313095941733 0.09787014350349633 0.0 0.0 0.0 0.3408125413733917 0.9401312640549145
1638453803158465147 0.08234555934270257 0.09794445647301439 0.0 0.0 0.0 0.2775798674596063 0.9607025390675571
1638453803359465122 0.08241293316692803 0.09797927376392412 0.0 0.0 0.0 0.21279972871634048 0.9770958498568612
1638453803594465017 0.04447253406370459 0.06485105282028887 0.0 0.0 0.0 0.14455900225807444 0.9894961639928269
1638453803763465166 0.044595662949990324 0.06488022903053722 0.0 0.0 0.0 0.09789306146952545 0.9951969314784244
1638453803961465120 0.044620498909372336 0.06488510885983534 0.0 0.0 0.0 0.09679510911662483 0.9953043380620906
1638453804162278891 0.04464533488808411 0.06488998519672728 0.0 0.0 0.0 0.09667513441460546 0.9953159950035144
1638453804360279083 0.04464533489066141 0.06488998473107313 0.0 0.0 0.0 0.09672760986323183 0.9953109025795646
1638453804560278893 0.04459566290231021 0.06488023764513909 0.0 0.0 0.0 0.09670244104571822 0.995313356426159
1638453804694278955 0.04462050264878073 0.06488510631935591 0.0 0.0 0.0 0.09648231228239312 0.9953347081018321
1638453804960278988 0.04462049889133121 0.06488511211941442 0.0 0.0 0.0 0.09680832293208326 0.995303049792113
1638453805159278870 0.044620498887465256 0.06488511281789565 0.0 0.0 0.0 0.09674156856894894 0.9953095526433199
1638453805392278910 0.04462049886040356 0.06488511770726428 0.0 0.0 0.0 0.09660436519359514 0.9953228665945955
1638453805592278957 0.04464533490225928 0.06488998263562944 0.0 0.0 0.0 0.09658070834330706 0.9953251374423834
1638453805794278860 0.04462049884493976 0.0648851205011892 0.0 0.0 0.0 0.09665612555417107 0.9953178357544388
1638453805960278988 0.044620498853960314 0.06488511887139967 0.0 0.0 0.0 0.09664354487069032 0.9953190626674266
1638453806162278891 0.044645334866177035 0.06488998915478761 0.0 0.0 0.0 0.09678780939002736 0.9953050139168087
1638453806294278860 0.044620498887465256 0.06488511281789565 0.0 0.0 0.0 0.0967464622620728 0.9953090622616289
1638453806460278988 0.08396417516871232 0.07978416487297427 0.0 0.0 0.0 0.07354816027185057 0.9972916398435258
1638453806612787008 0.12269637711406754 0.09442169643700835 0.0 0.0 0.0 0.050514248258918794 0.9987233240751863
1638453806746786833 0.12272155674916543 0.09442425803782738 0.0 0.0 0.0 0.05076149762482368 0.9987107985283256
1638453806847786903 0.12269637691213378 0.0944216941174753 0.0 0.0 0.0 0.0507000531722031 0.9987139160681976
1638453806947787046 0.12269637715445429 0.09442169690091497 0.0 0.0 0.0 0.05073999454229246 0.9987118927578937
1638453807181922436 0.12269637729580793 0.09442169852458811 0.0 0.0 0.0 0.05058619037923094 0.998719708000557
1638453807282549381 0.12269637701310065 0.09442169527724183 0.0 0.0 0.0 0.05067918302457135 0.9987149797976025
1638453807383211851 0.12269637725542117 0.0944216980606815 0.0 0.0 0.0 0.050675506168156234 0.9987151814989024
1638453807516787052 0.12269637725542117 0.0944216980606815 0.0 0.0 0.0 0.050722893826102365 0.9987127606300783
1638453807757786989 0.12269637717464767 0.09442169713286827 0.0 0.0 0.0 0.05071765519400901 0.9987130103152643
1638453807857786894 0.12269637697271388 0.0944216948133352 0.0 0.0 0.0 0.050681314555111025 0.9987148917614496
1638453807991786957 0.12269637693232716 0.0944216943494286 0.0 0.0 0.0 0.05067876595287093 0.9987150196763311
1638453808157786846 0.1226963768919404 0.09442169388552199 0.0 0.0 0.0 0.050641410402814606 0.9987169166887474
1638453808388637304 0.12269637707368079 0.09442169597310174 0.0 0.0 0.0 0.05072358486626647 0.998712746136932
1638453808489291668 0.12269637707368079 0.09442169597310174 0.0 0.0 0.0 0.0506744707912078 0.9987152046664699
1638453808588786840 0.1227215568905191 0.09442425966150052 0.0 0.0 0.0 0.05053072112899709 0.9987224885859706
1638453808693786860 0.12269637755832183 0.09442170153998108 0.0 0.0 0.0 0.0507355549581584 0.9987121174982834
