1638453712260460138 1.3196875883747516e-11 -3.1332632488556555e-08 0.0 0.0 0.0 0.00038696080446243286 0.9999999403953552
1638453712394460201 1.2288732531562374e-11 -2.954782374331444e-08 0.0 0.0 0.0 0.0003164447844028473 0.9999999403953552
1638453712560460091 2.531069185351953e-05 -1.2533068804998493e-08 0.0 0.0 0.0 0.00016548484563827515 1.0
1638453712725460052 2.531068639655132e-05 -5.432022387452662e-09 0.0 0.0 0.0 0.000310700386762619 0.9999999403953552
1638453712858460188 2.674786390641226e-12 -1.72911143181409e-08 0.0 0.0 0.0 0.0003314577043056488 0.9999999403953552
163845371325460005 2.5310688215540722e-05 -7.597478202114871e-09 0.0 0.0 0.0 0.00023370236158370972 1.0
1638453713158460140 2.5310688215540722e-05 -8.878402901757454e-09 0.0 0.0 0.0 0.0003007426857948303 0.9999999403953552
1638453713325460196 7.6481208519108e-12 -2.9503320675416944e-08 0.0 0.0 0.0 0.000293094664812088 0.9999999403953552
1638453713526460171 2.5310688215540722e-05 -1.0241549830425356e-08 0.0 0.0 0.0 0.00022201985120773315 1.0
1638453713658460140 5.961618351757458e-12 -2.3674525451156114e-08 0.0 0.0 0.0 0.0003390200436115265 0.9999999403953552
1638453713824460030 2.5310690034530126e-05 -1.2377021185727699e-08 0.0 0.0 0.0 0.00028983503580093384 0.9999999403953552
1638453713970249891 8.932153627849715e-12 -2.890684491774209e-08 0.0 0.0 0.0 0.00033184513449668884 0.9999999403953552
1638453714104249954 4.720024284615709e-12 -2.2311285263754144e-08 0.0 0.0 0.0 0.00030859559774398804 0.9999999403953552
1638453714272249937 2.8164161541138766e-12 -1.7700804377795976e-08 0.0 0.0 0.0 0.00015899911522865295 1.0
1638453714471250057 1.2160329167232309e-12 -1.6791663171034088e-08 0.0 0.0 0.0 0.00044371929834596813 0.9999998807907104
1638453714606250048 5.04486686800365e-12 -2.091174344798219e-08 0.0 0.0 0.0 0.0005041323602199554 0.9999998807907104
1638453714771250010 5.04486686800365e-12 -2.091174344798219e-08 0.0 0.0 0.0 0.00036284327507019043 0.9999999403953552
1638453714905249834 2.981875597135586e-12 -1.6748101572261476e-08 0.0 0.0 0.0 0.0002863556146621704 0.9999999403953552
163845371573250055 2.531068639655132e-05 -3.3140894473149274e-09 0.0 0.0 0.0 0.0003715045750141144 0.9999999403953552
1638453715207249880 2.994315949703119e-13 -1.2051724063155689e-08 0.0 0.0 0.0 0.00017252936959266663 1.0
1638453715374249935 -1.2355484474077527e-12 -9.581335724817563e-09 0.0 0.0 0.0 0.00033102184534072876 0.9999999403953552
1638453715508249998 0.00022779613209422678 1.418106876371894e-07 0.0 0.0 0.0 0.0002520419657230377 0.9999999403953552
1638453715674249887 0.001822368591092527 1.7006882444547955e-06 0.0 0.0 0.0 0.0006025172187946737 0.9999998211860657
1638453715807250023 0.004328124690800905 4.9310092435916886e-06 0.0 0.0 0.0 0.0006278715445660055 0.9999998211860657
1638453715975250006 0.009187774732708931 1.0055782695417292e-05 0.0 0.0 0.0 0.0005813761963509023 0.9999998211860657
1638453716109250069 0.014148665592074394 1.588431405252777e-05 0.0 0.0 0.0 0.0007219649269245565 0.9999997615814209
1638453716242249966 0.019868874922394753 2.3743566998746246e-05 0.0 0.0 0.0 0.0006154849543236196 0.9999998211860657
1638453716408953905 0.029132572934031487 3.910278246621601e-05 0.0 0.0 0.0 0.0011394356843084097 0.9999993443489075
1638453716575953960 0.04014269635081291 6.198361370479688e-05 0.0 0.0 0.0 0.0011910793837159872 0.9999992847442627
1638453716709954023 0.05029226094484329 8.253932173829526e-05 0.0 0.0 0.0 0.0009671708685345948 0.9999995231628418
1638453716880954027 0.0641118660569191 0.0001114646001951769 0.0 0.0 0.0 0.0009914225665852427 0.9999995231628418
163845371712953997 0.07469171285629272 0.00013196785585023463 0.0 0.0 0.0 0.0007770954980514944 0.9999997019767761
1638453717145954132 0.0853981152176857 0.00015280926891136914 0.0 0.0 0.0 0.0008252187399193645 0.9999996423721313
1638453717348953962 0.10162223875522614 0.00017711201508063823 0.0 0.0 0.0 0.0005269385874271393 0.9999998807907104
1638453717516953945 0.11493564397096634 0.00019338064885232598 0.0 0.0 0.0 0.0004029311239719391 0.9999999403953552
1638453717655954123 0.12597109377384186 0.00020350850536487997 0.0 0.0 0.0 0.0004068836569786072 0.9999999403953552
1638453717824954033 0.13938575983047485 0.0002186204364988953 0.0 0.0 0.0 0.0005666836514137685 0.9999998211860657
163845371831954050 0.15593892335891724 0.00024306618433911353 0.0 0.0 0.0 0.0009110680548474193 0.9999995827674866
1638453718196954012 0.16910044848918915 0.0002630603557918221 0.0 0.0 0.0 0.0007288380875252187 0.9999997615814209
1638453718364953995 0.1824391633272171 0.00028446470969356596 0.0 0.0 0.0 0.0008526368765160441 0.9999996423721313
1638453718496953964 0.19291777908802032 0.00029857942718081176 0.0 0.0 0.0 0.0003213174641132355 0.9999999403953552
1638453718665954113 0.20638306438922882 0.0003077596484217793 0.0 0.0 0.0 0.0001401565968990326 1.0
1638453718833954096 0.21977241337299347 0.00031785320607014 0.0 0.0 0.0 0.0003324449062347412 0.9999999403953552
1638453718999311924 0.2333642691373825 0.0003290321328677237 0.0 0.0 0.0 0.000670023204293102 0.9999997615814209
1638453719165312052 0.2467283010482788 0.0003490460803732276 0.0 0.0 0.0 0.0007995701744221151 0.9999997019767761
1638453719300312042 0.2575865685939789 0.00036669839755631983 0.0 0.0 0.0 0.0009121372131630778 0.9999995827674866
1638453719466311932 0.27102649211883545 0.0003896341659128666 0.0 0.0 0.0 0.0007178149535320699 0.9999997615814209
1638453719667311907 0.28798460960388184 0.00041525636333972216 0.0 0.0 0.0 0.0009458995191380382 0.9999995231628418
1638453719800312042 0.300310879945755 0.00043931431719101965 0.0 0.0 0.0 0.0011091192718595266 0.9999994039535522
1638453719967311859 0.316864013671875 0.0004814994754269719 0.0 0.0 0.0 0.0014911399921402335 0.9999988675117493
1638453720104311943 0.33177193999290466 0.000530625693500042 0.0 0.0 0.0 0.0017344459192827344 0.9999985098838806
1638453720271311998 0.3516659736633301 0.0006082739564590156 0.0 0.0 0.0 0.002312266966328025 0.9999973177909851
1638453720470311880 0.3777357041835785 0.0007300772704184055 0.0 0.0 0.0 0.002447237726300955 0.9999970197677612
1638453720671311855 0.40560248494148254 0.0008596713887527585 0.0 0.0 0.0 0.0024855260271579027 0.9999969005584717
1638453720872312069 0.43351975083351135 0.0010104088578373194 0.0 0.0 0.0 0.0031662045512348413 0.9999949932098389
16384537218311987 0.45240113139152527 0.0011331980349496007 0.0 0.0 0.0 0.0031426534987986088 0.9999950528144836
1638453721141311884 0.47125717997550964 0.0012568553211167455 0.0 0.0 0.0 0.00346015440300107 0.9999940395355225
1638453721309311867 0.49469420313835144 0.001433601719327271 0.0 0.0 0.0 0.0040915715508162975 0.9999916553497314
1638453721449784994 0.5132715106010437 0.0015944343758746982 0.0 0.0 0.0 0.004431251902133226 0.9999901652336121
1638453721619785070 0.537037193775177 0.0018150684190914035 0.0 0.0 0.0 0.004849049728363752 0.9999882578849792
1638453721752785206 0.5565507411956787 0.002010240452364087 0.0 0.0 0.0 0.0051821088418364525 0.9999865889549255
1638453721918785095 0.5819609761238098 0.0023048827424645424 0.0 0.0 0.0 0.006164958700537682 0.9999809861183167
163845372253785086 0.6033720374107361 0.0025781348813325167 0.0 0.0 0.0 0.00641216803342104 0.9999794363975525
1638453722220785141 0.6306549310684204 0.0029085080605000257 0.0 0.0 0.0 0.005557773169130087 0.9999845623970032
1638453722358785152 0.6539645791053772 0.0031748893670737743 0.0 0.0 0.0 0.006103515159338713 0.9999813437461853
1638453722523785114 0.6821840405464172 0.0035128749441355467 0.0 0.0 0.0 0.005826846230775118 0.999983012676239
1638453722655785084 0.7055443525314331 0.0037733851931989193 0.0 0.0 0.0 0.005519097670912743 0.9999847412109375
1638453722862785101 0.7427741289138794 0.004186070058494806 0.0 0.0 0.0 0.005803053267300129 0.9999831914901733
1638453722996785164 0.767779529094696 0.004467970225960016 0.0 0.0 0.0 0.005887288134545088 0.9999826550483704
1638453723162785053 0.7994657754898071 0.004883360117673874 0.0 0.0 0.0 0.007164100185036659 0.9999743103981018
1638453723304785013 0.8275068998336792 0.005300833843648434 0.0 0.0 0.0 0.007755559403449297 0.9999698996543884
1638453723469785213 0.8606340885162354 0.005849460139870644 0.0 0.0 0.0 0.008897805586457253 0.9999604225158691
1638453723602785110 0.8882938623428345 0.006366463843733072 0.0 0.0 0.0 0.009690468199551105 0.999953031539917
1638453723769785166 0.9235696792602539 0.007084763143211603 0.0 0.0 0.0 0.0107490886002779 0.9999422430992126
1638453723899856091 0.9513540863990784 0.007694953121244907 0.0 0.0 0.0 0.011167383752763271 0.9999376535415649
163845372464856052 0.9857684969902039 0.008441174402832985 0.0 0.0 0.0 0.010669595561921597 0.9999430775642395
1638453724196856022 1.0133512020111084 0.009011991322040558 0.0 0.0 0.0 0.010235123336315155 0.9999476075172424
1638453724366856098 1.0487288236618042 0.009703927673399448 0.0 0.0 0.0 0.009335322305560112 0.9999564290046692
1638453724499855995 1.0767171382904053 0.010243351571261883 0.0 0.0 0.0 0.010139142163097858 0.9999486207962036
1638453724665856123 1.1118909120559692 0.011004562489688396 0.0 0.0 0.0 0.011263802647590637 0.999936580657959
1638453724798856020 1.139674425125122 0.011653635650873184 0.0 0.0 0.0 0.012085501104593277 0.9999269843101501
1638453724963855982 1.1742124557495117 0.012526974081993103 0.0 0.0 0.0 0.013126361183822155 0.9999138712882996
163845372596856117 1.2019423246383667 0.013297393918037415 0.0 0.0 0.0 0.014404990710318089 0.999896228313446
1638453725262856007 1.2365775108337402 0.014323696494102478 0.0 0.0 0.0 0.014985395595431328 0.9998877048492432
1638453725429856062 1.2714146375656128 0.015373540110886097 0.0 0.0 0.0 0.01537233404815197 0.9998818635940552
1638453725561856031 1.2994201183319092 0.016240769997239113 0.0 0.0 0.0 0.015750546008348465 0.9998759627342224
1638453725697855949 1.3281341791152954 0.0171204824000597 0.0 0.0 0.0 0.014720593579113483 0.9998916387557983
1638453725864856005 1.3630728721618652 0.018156638368964195 0.0 0.0 0.0 0.014966592192649841 0.999888002872467
163845372663856125 1.4046655893325806 0.019379451870918274 0.0 0.0 0.0 0.014607066288590431 0.999893307685852
1638453726230856180 1.4393020868301392 0.020359382033348083 0.0 0.0 0.0 0.013686423189938068 0.9999063611030579
1638453726400067091 1.4768249988555908 0.021344339475035667 0.0 0.0 0.0 0.01273430697619915 0.9999189376831055
1638453726566066980 1.5119704008102417 0.0222328994423151 0.0 0.0 0.0 0.012417011894285679 0.9999229311943054
1638453726767067194 1.5542768239974976 0.02328767068684101 0.0 0.0 0.0 0.012386497110128403 0.9999232888221741
1638453726901067019 1.5821105241775513 0.023959891870617867 0.0 0.0 0.0 0.011921138502657413 0.9999289512634277
163845372769067001 1.6172822713851929 0.024806592613458633 0.0 0.0 0.0 0.012045196257531643 0.9999274611473083
1638453727283066988 1.661917805671692 0.025861311703920364 0.0 0.0 0.0 0.011664766818284988 0.9999319911003113
1638453727452067137 1.6972678899765015 0.026650365442037582 0.0 0.0 0.0 0.010620610788464546 0.9999436140060425
1638453727617067099 1.7322651147842407 0.027373667806386948 0.0 0.0 0.0 0.010246648453176022 0.9999474883079529
1638453727815067053 1.7714614868164062 0.02825537696480751 0.0 0.0 0.0 0.011754614301025867 0.9999309182167053
163845372816067028 1.7736629247665405 0.028306107968091965 0.0 0.0 0.0 0.010711316019296646 0.9999426603317261
1638453728150067091 1.773890733718872 0.02831088751554489 0.0 0.0 0.0 0.009102665819227695 0.9999585747718811
1638453728315067053 1.7738654613494873 0.028310921043157578 0.0 0.0 0.0 0.000803586037363857 0.9999997019767761
1638453728515067101 1.7738654613494873 0.028309719637036324 0.0 0.0 0.0 -0.018804283812642097 0.9998232126235962
1638453728649067163 1.7739665508270264 0.028304165229201317 0.0 0.0 0.0 -0.03648121654987335 0.9993343353271484
1638453728813067198 1.7738908529281616 0.028310108929872513 0.0 0.0 0.0 -0.06647417694330215 0.99778813123703
1638453728953502893 1.7738412618637085 0.02832062728703022 0.0 0.0 0.0 -0.09743215888738632 0.995242178440094
1638453729123502970 1.773793339729309 0.028337303549051285 0.0 0.0 0.0 -0.1438821256160736 0.9895948171615601
1638453729325502872 1.773769736289978 0.028346873819828033 0.0 0.0 0.0 -0.21170365810394287 0.9773339033126831
1638453729524502993 1.7736350297927856 0.0284170750528574 0.0 0.0 0.0 -0.2867518365383148 0.958004891872406
1638453729658502817 1.7734919786453247 0.028521286323666573 0.0 0.0 0.0 -0.3424336016178131 0.9395420551300049
1638453729858502865 1.773523211479187 0.02848106622695923 0.0 0.0 0.0 -0.4270537793636322 0.9042262434959412
1638453729993502855 1.773595929145813 0.028377575799822807 0.0 0.0 0.0 -0.4853052496910095 0.8743447661399841
1638453730160502911 1.7736797332763672 0.028221525251865387 0.0 0.0 0.0 -0.5548849105834961 0.8319271206855774
1638453730326502800 1.7737178802490234 0.02812768518924713 0.0 0.0 0.0 -0.619177520275116 0.7852510213851929
1638453730460502863 1.773710012435913 0.028151990845799446 0.0 0.0 0.0 -0.6690649390220642 0.7432039380073547
1638453730627502918 1.7737116813659668 0.02815212681889534 0.0 0.0 0.0 -0.6850577592849731 0.7284887433052063
1638453730759502888 1.7737116813659668 0.02815212495625019 0.0 0.0 0.0 -0.6846726536750793 0.7288507223129272
1638453730925503016 1.773717999458313 0.02805108018219471 0.0 0.0 0.0 -0.6847156286239624 0.7288103103637695
163845373157502985 1.7737767696380615 0.027091067284345627 0.0 0.0 0.0 -0.6852751970291138 0.7282841801643372
1638453731224502802 1.7739384174346924 0.024438366293907166 0.0 0.0 0.0 -0.6852799654006958 0.728279709815979
1638453731357502937 1.774155616760254 0.02087618038058281 0.0 0.0 0.0 -0.6851481795310974 0.7284036874771118
1638453731568046808 1.7745883464813232 0.01380241010338068 0.0 0.0 0.0 -0.685208797454834 0.7283467054367065
1638453731700047016 1.77497398853302 0.007486504502594471 0.0 0.0 0.0 -0.6851410865783691 0.7284104228019714
1638453731866046906 1.7755389213562012 -0.001734606339596212 0.0 0.0 0.0 -0.6852630376815796 0.7282956838607788
16384537323046989 1.7760984897613525 -0.010829259641468525 0.0 0.0 0.0 -0.6850115656852722 0.7285321950912476
1638453732169046879 1.7768601179122925 -0.02315736748278141 0.0 0.0 0.0 -0.6848208904266357 0.7287114262580872
1638453732301046848 1.7775284051895142 -0.03391898423433304 0.0 0.0 0.0 -0.6847012639045715 0.7288238406181335
1638453732466046810 1.7784618139266968 -0.04884844645857811 0.0 0.0 0.0 -0.6846931576728821 0.7288314700126648
1638453732601046801 1.7792718410491943 -0.06195969507098198 0.0 0.0 0.0 -0.6851502060890198 0.7284018397331238
1638453732766047001 1.7803386449813843 -0.07959432154893875 0.0 0.0 0.0 -0.6856226921081543 0.7279570698738098
1638453732901046991 1.7812790870666504 -0.09525874257087708 0.0 0.0 0.0 -0.6856514811515808 0.7279300093650818
163845373368046808 1.7824989557266235 -0.11582549661397934 0.0 0.0 0.0 -0.6860771775245667 0.7275287508964539
1638453733201046944 1.783521294593811 -0.1333613395690918 0.0 0.0 0.0 -0.6863606572151184 0.7272613048553467
1638453733368046999 1.7848663330078125 -0.15638013184070587 0.0 0.0 0.0 -0.68605637550354 0.7275484204292297
1638453733501046896 1.7859936952590942 -0.17558319866657257 0.0 0.0 0.0 -0.6859641075134277 0.727635383605957
1638453733601046801 1.7868729829788208 -0.19049058854579926 0.0 0.0 0.0 -0.6860083341598511 0.7275936603546143
1638453733767046928 1.7883342504501343 -0.2153787612915039 0.0 0.0 0.0 -0.6861949563026428 0.7274176478385925
1638453733925662994 1.7898130416870117 -0.24084903299808502 0.0 0.0 0.0 -0.6864021420478821 0.7272221446037292
163845373457662964 1.7909278869628906 -0.2603316903114319 0.0 0.0 0.0 -0.6868703365325928 0.7267799973487854
1638453734256663084 1.7925777435302734 -0.29005134105682373 0.0 0.0 0.0 -0.6874611973762512 0.7262211441993713
1638453734458662987 1.7942317724227905 -0.32032838463783264 0.0 0.0 0.0 -0.6877065896987915 0.7259887456893921
1638453734624663115 1.7955877780914307 -0.34545060992240906 0.0 0.0 0.0 -0.6879686713218689 0.725740373134613
1638453734757663012 1.796704888343811 -0.3662513196468353 0.0 0.0 0.0 -0.687795102596283 0.7259048819541931
1638453734925662994 1.7981996536254883 -0.3938501477241516 0.0 0.0 0.0 -0.6875057816505432 0.7261788845062256
163845373556663036 1.7994301319122314 -0.4160895347595215 0.0 0.0 0.0 -0.6873009204864502 0.7263727784156799
1638453735224663019 1.8010241985321045 -0.44451940059661865 0.0 0.0 0.0 -0.6865929365158081 0.727042019367218
1638453735426662922 1.8030614852905273 -0.48019999265670776 0.0 0.0 0.0 -0.6867561340332031 0.7268878817558289
1638453735590662956 1.8047524690628052 -0.5096638202667236 0.0 0.0 0.0 -0.6863526701927185 0.7272688746452332
1638453735756663084 1.8064837455749512 -0.539530873298645 0.0 0.0 0.0 -0.686227560043335 0.7273869514465332
1638453735922662973 1.808262825012207 -0.5695726871490479 0.0 0.0 0.0 -0.685403048992157 0.7281638979911804
163845373656663036 1.809725284576416 -0.5935225486755371 0.0 0.0 0.0 -0.6849664449691772 0.7285745739936829
1638453736224663019 1.8115888833999634 -0.6235084533691406 0.0 0.0 0.0 -0.6848376393318176 0.7286956906318665
1638453736360662937 1.8131026029586792 -0.6478608846664429 0.0 0.0 0.0 -0.6848008036613464 0.728730320930481
1638453736519744873 1.8149257898330688 -0.6774182319641113 0.0 0.0 0.0 -0.6851449608802795 0.7284067273139954
1638453736718744993 1.817062497138977 -0.7128647565841675 0.0 0.0 0.0 -0.6857581734657288 0.7278294563293457
1638453736852745056 1.8185129165649414 -0.7371957302093506 0.0 0.0 0.0 -0.6858778595924377 0.7277166843414307
163845373718744946 1.8202744722366333 -0.7671117186546326 0.0 0.0 0.0 -0.6859750151634216 0.7276250720024109
1638453737153744936 1.8217127323150635 -0.7914180755615234 0.0 0.0 0.0 -0.6857709288597107 0.7278174757957458
1638453737321744919 1.8235191106796265 -0.8213061094284058 0.0 0.0 0.0 -0.6850304007530212 0.7285144925117493
1638453737519744873 1.8256864547729492 -0.8568521738052368 0.0 0.0 0.0 -0.6852560043334961 0.7283022403717041
1638453737722744942 1.827887773513794 -0.8929794430732727 0.0 0.0 0.0 -0.6854578852653503 0.7281122803688049
1638453737855745077 1.829310655593872 -0.9167542457580566 0.0 0.0 0.0 -0.6857644319534302 0.7278236150741577
163845373822744894 1.8310763835906982 -0.9469489455223083 0.0 0.0 0.0 -0.6862843036651611 0.7273333668708801
1638453738224745035 1.8331842422485352 -0.9832847118377686 0.0 0.0 0.0 -0.6863070726394653 0.727311909198761
1638453738356745005 1.8345744609832764 -1.0070360898971558 0.0 0.0 0.0 -0.686040461063385 0.7275633811950684
1638453738526745081 1.836357831954956 -1.0373820066452026 0.0 0.0 0.0 -0.6861405968666077 0.7274689674377441
1638453738694745064 1.8381147384643555 -1.067348837852478 0.0 0.0 0.0 -0.6860214471817017 0.7275813221931458
1638453738861744881 1.839858889579773 -1.0971137285232544 0.0 0.0 0.0 -0.6862857341766357 0.7273320555686951
163845373911444807 1.8412221670150757 -1.1209174394607544 0.0 0.0 0.0 -0.68684321641922 0.726805567741394
1638453739178444862 1.8429019451141357 -1.1509902477264404 0.0 0.0 0.0 -0.6875936388969421 0.7260957360267639
1638453739310444832 1.8441994190216064 -1.1748735904693604 0.0 0.0 0.0 -0.6876441240310669 0.7260478734970093
1638453739479444981 1.8458396196365356 -1.2051260471343994 0.0 0.0 0.0 -0.6878026723861694 0.7258976697921753
1638453739646445036 1.8474767208099365 -1.2352772951126099 0.0 0.0 0.0 -0.6875725388526917 0.7261157035827637
1638453739815444946 1.8491803407669067 -1.2668699026107788 0.0 0.0 0.0 -0.6880046129226685 0.7257062792778015
1638453739951444864 1.8505182266235352 -1.2925254106521606 0.0 0.0 0.0 -0.6886929273605347 0.7250531315803528
1638453740119444847 1.852131724357605 -1.3240466117858887 0.0 0.0 0.0 -0.6892135739326477 0.7245582342147827
1638453740251444817 1.8533769845962524 -1.3492759466171265 0.0 0.0 0.0 -0.689610481262207 0.7241804599761963
1638453740418444872 1.8549224138259888 -1.381155252456665 0.0 0.0 0.0 -0.6897308826446533 0.7240657806396484
1638453740552444935 1.8561631441116333 -1.4066128730773926 0.0 0.0 0.0 -0.6896535754203796 0.7241394519805908
1638453740741444826 1.8579388856887817 -1.4424341917037964 0.0 0.0 0.0 -0.6890944242477417 0.7246715426445007
1638453740843444824 1.8588969707489014 -1.4616717100143433 0.0 0.0 0.0 -0.6896408200263977 0.724151611328125
163845374110444880 1.8604446649551392 -1.493272304534912 0.0 0.0 0.0 -0.6896255016326904 0.724166214466095
1638453741177444935 1.8619481325149536 -1.5248241424560547 0.0 0.0 0.0 -0.6903366446495056 0.7234883308410645
1638453741312444925 1.8631391525268555 -1.5504869222640991 0.0 0.0 0.0 -0.6908378601074219 0.7230097055435181
1638453741467624903 1.8645868301391602 -1.582700252532959 0.0 0.0 0.0 -0.6911376118659973 0.7227231860160828
1638453741600625038 1.8657547235488892 -1.608972191810608 0.0 0.0 0.0 -0.6913439035415649 0.7225258946418762
1638453741766624928 1.8671951293945312 -1.6419965028762817 0.0 0.0 0.0 -0.6914172172546387 0.7224556803703308
1638453741968624830 1.868966817855835 -1.6822013854980469 0.0 0.0 0.0 -0.6911318898200989 0.7227286696434021
1638453742170624971 1.8708224296569824 -1.7222758531570435 0.0 0.0 0.0 -0.6902962923049927 0.7235267758369446
1638453742303624868 1.8720459938049316 -1.748393177986145 0.0 0.0 0.0 -0.6904095411300659 0.7234187126159668
1638453742504624844 1.8739013671875 -1.7887462377548218 0.0 0.0 0.0 -0.6909313201904297 0.7229204177856445
1638453742668624878 1.8753782510757446 -1.8216931819915771 0.0 0.0 0.0 -0.6913994550704956 0.7224727272987366
1638453742802624941 1.8765459060668945 -1.8482943773269653 0.0 0.0 0.0 -0.6915231943130493 0.7223542332649231
1638453742970624924 1.8780001401901245 -1.8817236423492432 0.0 0.0 0.0 -0.6916093230247498 0.7222718000411987
1638453743171624899 1.8797707557678223 -1.92154860496521 0.0 0.0 0.0 -0.6905695199966431 0.7232660055160522
1638453743304625034 1.8810025453567505 -1.9478429555892944 0.0 0.0 0.0 -0.6900837421417236 0.7237295508384705
1638453743470624924 1.8826178312301636 -1.9809858798980713 0.0 0.0 0.0 -0.689252495765686 0.7245212197303772
1638453743603624821 1.8839771747589111 -2.0076792240142822 0.0 0.0 0.0 -0.6885899305343628 0.725151002407074
1638453743770624876 1.8857282400131226 -2.0408403873443604 0.0 0.0 0.0 -0.6879382729530334 0.7257692217826843
1638453743903625011 1.8871725797653198 -2.067453384399414 0.0 0.0 0.0 -0.6874237656593323 0.7262565493583679
163845374446423912 1.8887007236480713 -2.0949490070343018 0.0 0.0 0.0 -0.6869317889213562 0.7267218828201294
1638453744211423874 1.8905842304229736 -2.1277737617492676 0.0 0.0 0.0 -0.6862261295318604 0.7273882627487183
1638453744378423929 1.8925114870071411 -2.160646677017212 0.0 0.0 0.0 -0.6858829855918884 0.7277118563652039
1638453744560423851 1.8946903944015503 -2.197206497192383 0.0 0.0 0.0 -0.6857942342758179 0.7277954816818237
1638453744730423927 1.8966941833496094 -2.23124098777771 0.0 0.0 0.0 -0.6861016154289246 0.7275056838989258
1638453744929424047 1.8990228176116943 -2.2706823348999023 0.0 0.0 0.0 -0.6856003403663635 0.7279781103134155
1638453745129423857 1.901419997215271 -2.3105506896972656 0.0 0.0 0.0 -0.685448408126831 0.7281212210655212
1638453745330424070 1.9037808179855347 -2.3500661849975586 0.0 0.0 0.0 -0.6859238147735596 0.727673351764679
1638453745463423967 1.9053313732147217 -2.3765971660614014 0.0 0.0 0.0 -0.6866161823272705 0.7270200848579407
1638453745595423937 1.9068284034729004 -2.403080463409424 0.0 0.0 0.0 -0.6870714426040649 0.7265898585319519
1638453745761424065 1.9086865186691284 -2.4363629817962646 0.0 0.0 0.0 -0.6872758865356445 0.7263965010643005
1638453745931423903 1.910537838935852 -2.470101833343506 0.0 0.0 0.0 -0.6877251863479614 0.7259711027145386
163845374666423893 1.9119988679885864 -2.4969167709350586 0.0 0.0 0.0 -0.687536895275116 0.7261494398117065
1638453746201423883 1.9134857654571533 -2.523806095123291 0.0 0.0 0.0 -0.6871784925460815 0.7264886498451233
1638453746369423866 1.9153387546539307 -2.556962251663208 0.0 0.0 0.0 -0.6871540546417236 0.7265117168426514
1638453746551862001 1.9172265529632568 -2.5909526348114014 0.0 0.0 0.0 -0.6873801350593567 0.7262977957725525
1638453746719861984 1.9190664291381836 -2.6244637966156006 0.0 0.0 0.0 -0.6875180602073669 0.7261672616004944
1638453746854861975 1.920530915260315 -2.6515321731567383 0.0 0.0 0.0 -0.6882104873657227 0.7255110740661621
1638453746955862045 1.9215844869613647 -2.6714236736297607 0.0 0.0 0.0 -0.6880654096603394 0.7256487011909485
1638453747122861862 1.9233545064926147 -2.704786777496338 0.0 0.0 0.0 -0.6882473230361938 0.7254761457443237
1638453747257861853 1.9247549772262573 -2.7315287590026855 0.0 0.0 0.0 -0.688166618347168 0.7255526781082153
1638453747423861980 1.9264777898788452 -2.7642862796783447 0.0 0.0 0.0 -0.6882290840148926 0.7254934310913086
1638453747556861877 1.9278790950775146 -2.790699005126953 0.0 0.0 0.0 -0.6878049373626709 0.7258955836296082
1638453747756861925 1.9300785064697266 -2.830857515335083 0.0 0.0 0.0 -0.6870555281639099 0.7266049385070801
1638453747921861887 1.9319523572921753 -2.8638346195220947 0.0 0.0 0.0 -0.6865474581718445 0.7270849943161011
163845374858861971 1.933542013168335 -2.8909971714019775 0.0 0.0 0.0 -0.6858689188957214 0.727725088596344
1638453748226861954 1.9355524778366089 -2.924321413040161 0.0 0.0 0.0 -0.6851206421852112 0.7284296154975891
1638453748395861864 1.9376530647277832 -2.9578680992126465 0.0 0.0 0.0 -0.6844148635864258 0.7290927767753601
1638453748567862034 1.9398081302642822 -2.991893768310547 0.0 0.0 0.0 -0.6844045519828796 0.7291024923324585
1638453748700861931 1.941499948501587 -3.018644332885742 0.0 0.0 0.0 -0.6844396591186523 0.7290695309638977
1638453748870862007 1.9436589479446411 -3.0525174140930176 0.0 0.0 0.0 -0.6839916706085205 0.729489803314209
163845374940889025 1.9457423686981201 -3.0844674110412598 0.0 0.0 0.0 -0.6831619739532471 0.7302668690681458
1638453749205888987 1.9458705186843872 -3.0863614082336426 0.0 0.0 0.0 -0.682562530040741 0.7308272123336792
1638453749373888969 1.9458774328231812 -3.0864624977111816 0.0 0.0 0.0 -0.682363748550415 0.7310128211975098
1638453749572888851 1.945892095565796 -3.0866899490356445 0.0 0.0 0.0 -0.6881437301635742 0.7255744338035583
1638453749706888914 1.9458916187286377 -3.0866899490356445 0.0 0.0 0.0 -0.6972493529319763 0.7168287038803101
1638453749908889055 1.9458917379379272 -3.086639404296875 0.0 0.0 0.0 -0.7183881402015686 0.6956425309181213
163845375076889038 1.9458931684494019 -3.086639404296875 0.0 0.0 0.0 -0.7408604621887207 0.6716589331626892
1638453750246888876 1.9459080696105957 -3.0865392684936523 0.0 0.0 0.0 -0.7682533264160156 0.6401459574699402
1638453750381888866 1.9459147453308105 -3.086514711380005 0.0 0.0 0.0 -0.7922952175140381 0.610137939453125
1638453750514889002 1.9459514617919922 -3.0863935947418213 0.0 0.0 0.0 -0.8159545063972473 0.5781161189079285
1638453750684889078 1.9460119009017944 -3.086254119873047 0.0 0.0 0.0 -0.846386194229126 0.5325696468353271
1638453750850888968 1.9460480213165283 -3.0861873626708984 0.0 0.0 0.0 -0.8748880624771118 0.48432520031929016
163845375119888878 1.9459853172302246 -3.0862667560577393 0.0 0.0 0.0 -0.9009714722633362 0.4338782727718353
1638453751155889034 1.9459346532821655 -3.0863232612609863 0.0 0.0 0.0 -0.9197628498077393 0.39247459173202515
1638453751322888851 1.945823073387146 -3.0864264965057373 0.0 0.0 0.0 -0.9403239488601685 0.34028056263923645
1638453751451977015 1.9457426071166992 -3.0864877700805664 0.0 0.0 0.0 -0.954844057559967 0.2971074879169464
1638453751622977018 1.9456567764282227 -3.086541175842285 0.0 0.0 0.0 -0.9701316952705383 0.24257872998714447
1638453751757977009 1.945634126663208 -3.086552143096924 0.0 0.0 0.0 -0.9801989793777466 0.19801513850688934
1638453751924977064 1.9457298517227173 -3.086519241333008 0.0 0.0 0.0 -0.9898125529289246 0.14237645268440247
163845375265977097 1.9456560611724854 -3.0865368843078613 0.0 0.0 0.0 -0.9955238699913025 0.09451074153184891
1638453752200977087 1.945555329322815 -3.0865468978881836 0.0 0.0 0.0 -0.9987196922302246 0.0505867525935173
1638453752367977142 1.9456307888031006 -3.0865392684936523 0.0 0.0 0.0 -0.9989667534828186 0.04544726386666298
1638453752500977039 1.9456307888031006 -3.0865392684936523 0.0 0.0 0.0 -0.9989606142044067 0.04558194801211357
1638453752666977167 1.9455552101135254 -3.0865461826324463 0.0 0.0 0.0 -0.9989689588546753 0.04539891332387924
1638453752799977064 1.9445469379425049 -3.086636781692505 0.0 0.0 0.0 -0.9990016222000122 0.044674381613731384
1638453752967977047 1.9416730403900146 -3.0868942737579346 0.0 0.0 0.0 -0.9989951848983765 0.04481740668416023
1638453753102977037 1.937866449356079 -3.087236166000366 0.0 0.0 0.0 -0.9990005493164062 0.0446976013481617
1638453753270977020 1.9315640926361084 -3.087799310684204 0.0 0.0 0.0 -0.9990087151527405 0.044515155255794525
1638453753404977083 1.925337314605713 -3.0883567333221436 0.0 0.0 0.0 -0.9990061521530151 0.04457231983542442
1638453753572977066 1.9160600900650024 -3.089186429977417 0.0 0.0 0.0 -0.9989916682243347 0.04489564895629883
1638453753706977129 1.9077157974243164 -3.089935302734375 0.0 0.0 0.0 -0.9990161061286926 0.04434831067919731
1638453753842977047 1.8979086875915527 -3.090808629989624 0.0 0.0 0.0 -0.9990159273147583 0.04435271397233009
1638453753973474979 1.8874458074569702 -3.091736316680908 0.0 0.0 0.0 -0.9990225434303284 0.044203970581293106
1638453754107474804 1.876907467842102 -3.092672348022461 0.0 0.0 0.0 -0.9990044832229614 0.044609952718019485
1638453754274474859 1.8627904653549194 -3.0939409732818604 0.0 0.0 0.0 -0.998987078666687 0.04499806463718414
1638453754408474922 1.8509172201156616 -3.0950121879577637 0.0 0.0 0.0 -0.9989840984344482 0.04506392031908035
1638453754575474977 1.8359932899475098 -3.096351385116577 0.0 0.0 0.0 -0.998997688293457 0.04476143419742584
1638453754776474953 1.818144679069519 -3.0979490280151367 0.0 0.0 0.0 -0.999008297920227 0.04452468454837799
1638453754911474943 1.8061195611953735 -3.0990257263183594 0.0 0.0 0.0 -0.9990006685256958 0.044695816934108734
163845375579474926 1.7911707162857056 -3.100370407104492 0.0 0.0 0.0 -0.9989946484565735 0.044829197227954865
1638453755213474989 1.779197096824646 -3.101454496383667 0.0 0.0 0.0 -0.9989708662033081 0.04535592347383499
1638453755345474958 1.7673507928848267 -3.1025397777557373 0.0 0.0 0.0 -0.99895179271698 0.045774150639772415
1638453755517474890 1.7520517110824585 -3.1039459705352783 0.0 0.0 0.0 -0.998963475227356 0.04551847651600838
1638453755650474787 1.7401551008224487 -3.1050376892089844 0.0 0.0 0.0 -0.9989543557167053 0.04571889713406563
1638453755817474842 1.7252599000930786 -3.106412887573242 0.0 0.0 0.0 -0.9989399313926697 0.04603220522403717
1638453755949474812 1.713541030883789 -3.107503652572632 0.0 0.0 0.0 -0.9989226460456848 0.046405766159296036
1638453756118474960 1.6985974311828613 -3.108905553817749 0.0 0.0 0.0 -0.9989004135131836 0.04688303545117378
1638453756251474857 1.686779260635376 -3.1100223064422607 0.0 0.0 0.0 -0.9988932013511658 0.047035813331604004
1638453756417474985 1.6719882488250732 -3.1114261150360107 0.0 0.0 0.0 -0.9988728165626526 0.04746687039732933
1638453756663476944 1.6508235931396484 -3.1134464740753174 0.0 0.0 0.0 -0.9988860487937927 0.04718739911913872
1638453756833476782 1.6356784105300903 -3.114868402481079 0.0 0.0 0.0 -0.9989235997200012 0.0463859997689724
1638453756967476845 1.6237825155258179 -3.1159682273864746 0.0 0.0 0.0 -0.9989525079727173 0.04575926437973976
1638453757100476980 1.6119111776351929 -3.1170578002929688 0.0 0.0 0.0 -0.9989494681358337 0.04582488164305687
1638453757270476818 1.5967881679534912 -3.1184446811676025 0.0 0.0 0.0 -0.9989619255065918 0.04555312916636467
1638453757472476959 1.5787912607192993 -3.120089054107666 0.0 0.0 0.0 -0.9989600777626038 0.04559326171875
1638453757605476856 1.5668691396713257 -3.121180534362793 0.0 0.0 0.0 -0.9989492297172546 0.04583023861050606
1638453757772476912 1.551948070526123 -3.122551918029785 0.0 0.0 0.0 -0.9989395141601562 0.046041615307331085
1638453757905476809 1.5396738052368164 -3.1236836910247803 0.0 0.0 0.0 -0.9989317059516907 0.046211306005716324
163845375873476791 1.523115873336792 -3.12522029876709 0.0 0.0 0.0 -0.9989181160926819 0.04650353267788887
1638453758209476948 1.5086256265640259 -3.1265785694122314 0.0 0.0 0.0 -0.9989020228385925 0.04684862121939659
1638453758377476931 1.4895501136779785 -3.128378391265869 0.0 0.0 0.0 -0.9988918304443359 0.04706522449851036
1638453758513476849 1.4731453657150269 -3.129923105239868 0.0 0.0 0.0 -0.9988850951194763 0.04720799997448921
1638453758646476984 1.4562119245529175 -3.131521224975586 0.0 0.0 0.0 -0.9989049434661865 0.046786464750766754
1638453758814476967 1.4346157312393188 -3.1335480213165283 0.0 0.0 0.0 -0.9989027380943298 0.04683242738246918
1638453758959861040 1.4132440090179443 -3.1355299949645996 0.0 0.0 0.0 -0.9989432692527771 0.045960281044244766
1638453759150861025 1.3884936571121216 -3.1378095149993896 0.0 0.0 0.0 -0.9989490509033203 0.04583500325679779
1638453759319860935 1.3667176961898804 -3.1398186683654785 0.0 0.0 0.0 -0.998936653137207 0.046104252338409424
1638453759518861055 1.3408855199813843 -3.142219066619873 0.0 0.0 0.0 -0.99892258644104 0.0464080274105072
1638453759717860937 1.314928650856018 -3.1446444988250732 0.0 0.0 0.0 -0.9989084005355835 0.04671216011047363
1638453759918860912 1.2874358892440796 -3.147230863571167 0.0 0.0 0.0 -0.9988964796066284 0.04696591570973396
1638453760123861074 1.2591367959976196 -3.149892807006836 0.0 0.0 0.0 -0.998918354511261 0.046498171985149384
1638453760291861057 1.2353711128234863 -3.1521008014678955 0.0 0.0 0.0 -0.9989492297172546 0.04583107307553291
1638453760457860947 1.210668921470642 -3.154350757598877 0.0 0.0 0.0 -0.9989953637123108 0.04481383413076401
1638453760657860994 1.1807703971862793 -3.157031536102295 0.0 0.0 0.0 -0.9990054368972778 0.04458911344408989
1638453760825860977 1.155763030052185 -3.159278154373169 0.0 0.0 0.0 -0.9989838004112244 0.045070234686136246
163845376127861118 1.1255912780761719 -3.1620285511016846 0.0 0.0 0.0 -0.9989596605300903 0.04560231417417526
1638453761230860949 1.095396637916565 -3.164807081222534 0.0 0.0 0.0 -0.9989404082298279 0.046022679656744
1638453761400861025 1.0701441764831543 -3.167154312133789 0.0 0.0 0.0 -0.9989191293716431 0.04648245498538017
1638453761553249836 1.0500845909118652 -3.1690316200256348 0.0 0.0 0.0 -0.9988976716995239 0.04694126546382904
1638453761719249964 1.0254406929016113 -3.1713626384735107 0.0 0.0 0.0 -0.9988890886306763 0.04712357372045517
1638453761853250027 1.0054833889007568 -3.1732466220855713 0.0 0.0 0.0 -0.998898983001709 0.04691304266452789
163845376220249844 0.9807122349739075 -3.1755759716033936 0.0 0.0 0.0 -0.9989038705825806 0.04680861160159111
1638453762154249907 0.960703432559967 -3.1774535179138184 0.0 0.0 0.0 -0.9989054203033447 0.04677562788128853
1638453762320250034 0.935859203338623 -3.1798160076141357 0.0 0.0 0.0 -0.9988531470298767 0.04787922278046608
1638453762453249931 0.9160571098327637 -3.181727409362793 0.0 0.0 0.0 -0.9988319873809814 0.048318833112716675
1638453762619249821 0.8912436366081238 -3.18414568901062 0.0 0.0 0.0 -0.9988157153129578 0.048653893172740936
1638453762752249956 0.871545135974884 -3.186077117919922 0.0 0.0 0.0 -0.9988006949424744 0.0489610880613327
1638453762918249846 0.8469868302345276 -3.1885037422180176 0.0 0.0 0.0 -0.998781681060791 0.049347810447216034
1638453763119249821 0.8170655369758606 -3.191481590270996 0.0 0.0 0.0 -0.9987708330154419 0.04956652969121933
1638453763256249905 0.7967126369476318 -3.1934828758239746 0.0 0.0 0.0 -0.9988198280334473 0.04856911674141884
1638453763423249960 0.771874189376831 -3.195905923843384 0.0 0.0 0.0 -0.9988325238227844 0.04830704629421234
1638453763557250023 0.7519981861114502 -3.197842597961426 0.0 0.0 0.0 -0.9988171458244324 0.048623889684677124
1638453763723249912 0.7272104620933533 -3.200263738632202 0.0 0.0 0.0 -0.9987982511520386 0.049010973423719406
1638453763857249975 0.7071612477302551 -3.202249765396118 0.0 0.0 0.0 -0.9987727403640747 0.049527715891599655
16384537646937981 0.6823282837867737 -3.2047276496887207 0.0 0.0 0.0 -0.9987514615058899 0.04995538666844368
1638453764174937963 0.6573725938796997 -3.2072510719299316 0.0 0.0 0.0 -0.9987297058105469 0.050388403236866
1638453764343937874 0.6323419213294983 -3.209787368774414 0.0 0.0 0.0 -0.9987231492996216 0.05051853135228157
1638453764510937929 0.6075882315635681 -3.2122957706451416 0.0 0.0 0.0 -0.998725175857544 0.050478409975767136
1638453764675937891 0.582986056804657 -3.2147927284240723 0.0 0.0 0.0 -0.9987115859985352 0.05074604973196983
1638453764876937866 0.5526454448699951 -3.217900514602661 0.0 0.0 0.0 -0.9986830353736877 0.05130476877093315
163845376540937901 0.5264372229576111 -3.2206149101257324 0.0 0.0 0.0 -0.9986547231674194 0.0518527589738369
1638453765208937883 0.4996532201766968 -3.2234206199645996 0.0 0.0 0.0 -0.9986228346824646 0.052464187145233154
1638453765408937931 0.4678642153739929 -3.2267932891845703 0.0 0.0 0.0 -0.9985753893852234 0.05335938185453415
1638453765548938036 0.44574373960494995 -3.229172706604004 0.0 0.0 0.0 -0.9985566735267639 0.05370780825614929
1638453765747937918 0.41421395540237427 -3.232588529586792 0.0 0.0 0.0 -0.9985387325286865 0.05404087156057358
1638453765913938046 0.38784170150756836 -3.23543643951416 0.0 0.0 0.0 -0.9985657334327698 0.05353972688317299
1638453766116937876 0.3556833565235138 -3.2389252185821533 0.0 0.0 0.0 -0.998521089553833 0.054365240037441254
1638453766318938017 0.3235035538673401 -3.242450475692749 0.0 0.0 0.0 -0.9984790682792664 0.055132631212472916
1638453766528631926 0.2915332615375519 -3.2460286617279053 0.0 0.0 0.0 -0.9984070658683777 0.05642082169651985
1638453766663631916 0.27018293738365173 -3.2484641075134277 0.0 0.0 0.0 -0.9983718395233154 0.05704126134514809
1638453766797631979 0.24901136755943298 -3.2509031295776367 0.0 0.0 0.0 -0.9983404278755188 0.05758848413825035
1638453766964632034 0.22256231307983398 -3.2539749145507812 0.0 0.0 0.0 -0.9983065724372864 0.058171629905700684
1638453767100631952 0.20104451477527618 -3.2565042972564697 0.0 0.0 0.0 -0.9982851147651672 0.0585387647151947
1638453767266631842 0.17467516660690308 -3.2596042156219482 0.0 0.0 0.0 -0.9982888698577881 0.05847533419728279
1638453767400631905 0.15353500843048096 -3.262094259262085 0.0 0.0 0.0 -0.9982792139053345 0.05863967910408974
1638453767567631960 0.12689150869846344 -3.2652463912963867 0.0 0.0 0.0 -0.9982598423957825 0.05896848440170288
1638453767767632008 0.0951012447476387 -3.2690587043762207 0.0 0.0 0.0 -0.9981809854507446 0.06028899550437927
1638453767967631817 0.06334269046783447 -3.2729222774505615 0.0 0.0 0.0 -0.998153567314148 0.06074080616235733
163845376899632025 0.04236558452248573 -3.275496006011963 0.0 0.0 0.0 -0.9981253743171692 0.061202239245176315
1638453768266631842 0.016088994219899178 -3.278730869293213 0.0 0.0 0.0 -0.9981040358543396 0.061549555510282516
1638453768400631905 0.0059914011508226395 -3.279982566833496 0.0 0.0 0.0 -0.9981048107147217 0.061536822468042374
1638453768568631887 0.0056648594327270985 -3.2800228595733643 0.0 0.0 0.0 -0.9980819225311279 0.061906736344099045
1638453768700631857 0.0055141448974609375 -3.280041456222534 0.0 0.0 0.0 -0.9982385039329529 0.059328462928533554
1638453768868631840 0.005413525737822056 -3.280052661895752 0.0 0.0 0.0 -0.9986918568611145 0.05113261938095093
16384537697196188 0.005413512233644724 -3.280052423477173 0.0 0.0 0.0 -0.9991589188575745 0.041005391627550125
1638453769177196026 0.0053629507310688496 -3.280055046081543 0.0 0.0 0.0 -0.9997358322143555 0.022982914000749588
1638453769377196074 0.005211141426116228 -3.280057907104492 0.0 0.0 0.0 -0.9999807476997375 -0.006204608827829361
1638453769511196136 0.005185834597796202 -3.280057430267334 0.0 0.0 0.0 -0.9996777772903442 -0.025383412837982178
1638453769676196098 0.005084911826997995 -3.2800495624542236 0.0 0.0 0.0 0.9985076785087585 0.05461139976978302
1638453769844196081 0.005035083740949631 -3.2800402641296387 0.0 0.0 0.0 0.9961641430854797 0.08750458061695099
163845377078196049 0.005011257715523243 -3.2800309658050537 0.0 0.0 0.0 0.9893692135810852 0.1454254686832428
1638453770283196211 0.005082339514046907 -3.280057668685913 0.0 0.0 0.0 0.9788305759429932 0.20467230677604675
1638453770449196100 0.005173100624233484 -3.280102491378784 0.0 0.0 0.0 0.9680966138839722 0.2505771815776825
1638453770650196075 0.005237872712314129 -3.280142068862915 0.0 0.0 0.0 0.9514644145965576 0.30775880813598633
1638453770817196131 0.005298745818436146 -3.2801873683929443 0.0 0.0 0.0 0.9355213046073914 0.3532702922821045
1638453770951196194 0.005407562013715506 -3.2802932262420654 0.0 0.0 0.0 0.9206261038780212 0.39044544100761414
1638453771118196011 0.005456213373690844 -3.280351400375366 0.0 0.0 0.0 0.9003956913948059 0.4350719153881073
1638453771252196074 0.005485321395099163 -3.28039288520813 0.0 0.0 0.0 0.8828145265579224 0.46972179412841797
1638453771420196056 0.005459092557430267 -3.2803494930267334 0.0 0.0 0.0 0.8594748973846436 0.5111779570579529
1638453771621536970 0.005483285523951054 -3.2803943157196045 0.0 0.0 0.0 0.8281404376029968 0.5605207085609436
1638453771821537018 0.005454003345221281 -3.2802975177764893 0.0 0.0 0.0 0.7939465641975403 0.6079875230789185
163845377219536972 0.005407270975410938 -3.2800745964050293 0.0 0.0 0.0 0.7583264112472534 0.6518750190734863
1638453772225537062 0.0053956289775669575 -3.2799739837646484 0.0 0.0 0.0 0.7182436585426331 0.6957916617393494
1638453772362537146 0.005396515596657991 -3.279898166656494 0.0 0.0 0.0 0.6902156472206116 0.7236037254333496
1638453772530537128 0.005398126319050789 -3.2798728942871094 0.0 0.0 0.0 0.6595927476882935 0.7516232132911682
1638453772666537046 0.005398108623921871 -3.2798728942871094 0.0 0.0 0.0 0.6586571931838989 0.7524431347846985
1638453772800537109 0.005401466507464647 -3.2798478603363037 0.0 0.0 0.0 0.6586094498634338 0.7524849772453308
1638453772968537092 0.005381572525948286 -3.2799980640411377 0.0 0.0 0.0 0.6612352728843689 0.7501785755157471
1638453773172537088 0.005378516390919685 -3.2800230979919434 0.0 0.0 0.0 0.6686493158340454 0.7435778975486755
1638453773304537058 0.005378526169806719 -3.2800230979919434 0.0 0.0 0.0 0.673413097858429 0.7392663955688477
1638453773471537113 0.005378438625484705 -3.2800230979919434 0.0 0.0 0.0 0.6794663667678833 0.7337066531181335
1638453773669537067 0.005378429312258959 -3.2800230979919434 0.0 0.0 0.0 0.6810686588287354 0.7322195172309875
1638453773804537058 0.005380256101489067 -3.2799978256225586 0.0 0.0 0.0 0.681115984916687 0.7321755290031433
1638453773966861010 0.005457806866616011 -3.27891206741333 0.0 0.0 0.0 0.6814850568771362 0.7318320274353027
1638453774166860819 0.0057136183604598045 -3.27532696723938 0.0 0.0 0.0 0.6814553737640381 0.7318596839904785
1638453774299860954 0.0059810057282447815 -3.2715904712677 0.0 0.0 0.0 0.6814908385276794 0.7318266034126282
1638453774465860844 0.006323760375380516 -3.266768217086792 0.0 0.0 0.0 0.6816229224205017 0.7317036390304565
1638453774598860979 0.006596085149794817 -3.2629306316375732 0.0 0.0 0.0 0.6816438436508179 0.731684148311615
1638453774764860868 0.006941317580640316 -3.2580831050872803 0.0 0.0 0.0 0.6817468404769897 0.7315881848335266
1638453774930860996 0.007287313230335712 -3.2531850337982178 0.0 0.0 0.0 0.6818244457244873 0.7315158247947693
163845377595860958 0.007705946918576956 -3.2472517490386963 0.0 0.0 0.0 0.6819248199462891 0.7314222455024719
1638453775261860847 0.008175874128937721 -3.240561008453369 0.0 0.0 0.0 0.6818172931671143 0.7315225005149841
1638453775461860895 0.008844788186252117 -3.2310426235198975 0.0 0.0 0.0 0.6819307208061218 0.7314167618751526
1638453775660861015 0.009535813704133034 -3.2212212085723877 0.0 0.0 0.0 0.6817069053649902 0.7316253781318665
1638453775859860897 0.010234637185931206 -3.2113242149353027 0.0 0.0 0.0 0.6814794540405273 0.7318372130393982
1638453775994860888 0.010721517726778984 -3.204482078552246 0.0 0.0 0.0 0.6817061901092529 0.731626033782959
1638453776195860863 0.011536595411598682 -3.1929690837860107 0.0 0.0 0.0 0.681816816329956 0.7315229773521423
1638453776362860918 0.012228820472955704 -3.1830971240997314 0.0 0.0 0.0 0.6818445920944214 0.731497049331665
1638453776572290897 0.013066085055470467 -3.1711037158966064 0.0 0.0 0.0 0.6820017695426941 0.7313505411148071
1638453776706290960 0.013617180287837982 -3.163175582885742 0.0 0.0 0.0 0.6822434067726135 0.7311251163482666
1638453776874290943 0.01431143656373024 -3.1531765460968018 0.0 0.0 0.0 0.6823341846466064 0.731040358543396
16384537778291006 0.014856277965009212 -3.1452476978302 0.0 0.0 0.0 0.6823864579200745 0.7309916019439697
1638453777174290895 0.015534432604908943 -3.135324001312256 0.0 0.0 0.0 0.6826924681663513 0.7307057976722717
1638453777306290865 0.016068613156676292 -3.127495765686035 0.0 0.0 0.0 0.6827124357223511 0.730687141418457
1638453777472290993 0.016744017601013184 -3.1175971031188965 0.0 0.0 0.0 0.6824467778205872 0.730935275554657
1638453777674290895 0.01757180690765381 -3.105526924133301 0.0 0.0 0.0 0.6823597550392151 0.7310165166854858
1638453777807291031 0.01811588555574417 -3.097598075866699 0.0 0.0 0.0 0.6824789047241211 0.730905294418335
1638453777975291014 0.018803240731358528 -3.0875985622406006 0.0 0.0 0.0 0.6826448440551758 0.730750322341919
1638453778176290989 0.01961638778448105 -3.0757558345794678 0.0 0.0 0.0 0.6825295686721802 0.7308579683303833
1638453778312290907 0.020164549350738525 -3.067751169204712 0.0 0.0 0.0 0.6825012564659119 0.7308843731880188
1638453778477290869 0.02083110250532627 -3.057978630065918 0.0 0.0 0.0 0.6826567649841309 0.730739176273346
1638453778646291018 0.02150767482817173 -3.0480546951293945 0.0 0.0 0.0 0.6827144622802734 0.730685293674469
1638453778813290834 0.022170836105942726 -3.0382819175720215 0.0 0.0 0.0 0.6828091144561768 0.7305967807769775
1638453778950290918 0.02271701581776142 -3.0301754474639893 0.0 0.0 0.0 0.6829056143760681 0.7305065989494324
1638453779107846022 0.023378297686576843 -3.020301103591919 0.0 0.0 0.0 0.6832249760627747 0.7302079200744629
1638453779272845984 0.024028992280364037 -3.0105783939361572 0.0 0.0 0.0 0.6832302212715149 0.7302030324935913
1638453779470845938 0.024811770766973495 -2.9988605976104736 0.0 0.0 0.0 0.6831443905830383 0.7302833199501038
1638453779604846001 0.025335242971777916 -2.99100661277771 0.0 0.0 0.0 0.6830882430076599 0.7303358912467957
1638453779769845963 0.02598636969923973 -2.9812333583831787 0.0 0.0 0.0 0.6832054257392883 0.7302262187004089
1638453779971846104 0.026777446269989014 -2.969313144683838 0.0 0.0 0.0 0.6835059523582458 0.7299449443817139
1638453780171846151 0.027562417089939117 -2.9573922157287598 0.0 0.0 0.0 0.6834443807601929 0.7300025820732117
1638453780408846140 0.02848627418279648 -2.943324089050293 0.0 0.0 0.0 0.6837708950042725 0.7296967506408691
1638453780609846115 0.029261816293001175 -2.9314279556274414 0.0 0.0 0.0 0.6840301752090454 0.7294537425041199
1638453780776845932 0.029909972101449966 -2.9214260578155518 0.0 0.0 0.0 0.6839169859886169 0.7295598387718201
1638453780942846060 0.030545556917786598 -2.9115755558013916 0.0 0.0 0.0 0.683901846408844 0.7295740246772766
1638453781110846043 0.03119511716067791 -2.9014976024627686 0.0 0.0 0.0 0.6838638782501221 0.7296096086502075
1638453781278846025 0.031845346093177795 -2.891495704650879 0.0 0.0 0.0 0.683832585811615 0.729638934135437
1638453781484398127 0.03262968361377716 -2.8794987201690674 0.0 0.0 0.0 0.683685302734375 0.729776918888092
1638453781652398109 0.03330962359905243 -2.869143486022949 0.0 0.0 0.0 0.6832541227340698 0.7301806211471558
1638453781818397999 0.034075215458869934 -2.8576018810272217 0.0 0.0 0.0 0.6832230687141418 0.7302097082138062
163845378253398132 0.035309433937072754 -2.8390395641326904 0.0 0.0 0.0 0.6832512617111206 0.7301833629608154
1638453782257398129 0.036528341472148895 -2.820704460144043 0.0 0.0 0.0 0.6832374930381775 0.7301962375640869
1638453782425398111 0.037614982575178146 -2.8043394088745117 0.0 0.0 0.0 0.6832320094108582 0.7302013635635376
1638453782625398159 0.03885098919272423 -2.7844581604003906 0.0 0.0 0.0 0.6873583197593689 0.7263185381889343
1638453782799398184 0.03966399282217026 -2.767139434814453 0.0 0.0 0.0 0.6933785676956177 0.7205734848976135
1638453782970398188 0.04018391668796539 -2.7500884532928467 0.0 0.0 0.0 0.6991519331932068 0.7149731516838074
1638453783203398228 0.04042312502861023 -2.726778984069824 0.0 0.0 0.0 0.7077120542526245 0.7065010070800781
1638453783407398224 0.04018476605415344 -2.7063040733337402 0.0 0.0 0.0 0.713965117931366 0.700181245803833
1638453783577398062 0.03981667011976242 -2.689349889755249 0.0 0.0 0.0 0.7148563265800476 0.6992713809013367
1638453783778398037 0.03936467692255974 -2.669283390045166 0.0 0.0 0.0 0.7151080369949341 0.6990139484405518
1638453783944398165 0.03898606821894646 -2.6527092456817627 0.0 0.0 0.0 0.7150722146034241 0.6990506052970886
1638453784159636974 0.03849894553422928 -2.6316819190979004 0.0 0.0 0.0 0.7152938842773438 0.6988237500190735
1638453784359637022 0.038038723170757294 -2.6118690967559814 0.0 0.0 0.0 0.7152298092842102 0.6988893151283264
1638453784558636904 0.03752510994672775 -2.5902090072631836 0.0 0.0 0.0 0.7153596878051758 0.6987563967704773
1638453784723636866 0.037058498710393906 -2.5705230236053467 0.0 0.0 0.0 0.71561199426651 0.698498010635376
1638453784924636841 0.03642137348651886 -2.545372486114502 0.0 0.0 0.0 0.716250479221344 0.6978432536125183
163845378558636904 0.03595877066254616 -2.5278637409210205 0.0 0.0 0.0 0.7166075110435486 0.6974766254425049
1638453785260637045 0.03523614630103111 -2.501626491546631 0.0 0.0 0.0 0.7171050906181335 0.6969650387763977
1638453785458636999 0.0344933457672596 -2.4757442474365234 0.0 0.0 0.0 0.7173238396644592 0.696739912033081
1638453785626636982 0.03386157378554344 -2.4540367126464844 0.0 0.0 0.0 0.7173380851745605 0.6967252492904663
1638453785760637045 0.0333559587597847 -2.436579704284668 0.0 0.0 0.0 0.7173160910606384 0.696747899055481
1638453785927636862 0.03273027762770653 -2.4150748252868652 0.0 0.0 0.0 0.7173778414726257 0.6966843008995056
163845378661636925 0.03221965208649635 -2.3978965282440186 0.0 0.0 0.0 0.7177165150642395 0.6963354349136353
1638453786193636894 0.03170466423034668 -2.3807942867279053 0.0 0.0 0.0 0.7175995707511902 0.6964559555053711
1638453786361636877 0.03104613721370697 -2.3589611053466797 0.0 0.0 0.0 0.7177067995071411 0.6963454484939575
1638453786495636940 0.03051733411848545 -2.341580629348755 0.0 0.0 0.0 0.7177715301513672 0.6962786912918091
1638453786675031900 0.029816927388310432 -2.3189635276794434 0.0 0.0 0.0 0.7182018756866455 0.695834755897522
1638453786807031870 0.029264044016599655 -2.3017356395721436 0.0 0.0 0.0 0.718541145324707 0.695484459400177
16384537878031845 0.02839728258550167 -2.2756295204162598 0.0 0.0 0.0 0.7188053131103516 0.6952114701271057
1638453787174031973 0.027670027688145638 -2.253798723220825 0.0 0.0 0.0 0.7186734676361084 0.6953477263450623
1638453787308031797 0.02706959657371044 -2.2354583740234375 0.0 0.0 0.0 0.7185123562812805 0.6955142021179199
1638453787454031944 0.026469947770237923 -2.2171685695648193 0.0 0.0 0.0 0.7186830639839172 0.6953378319740295
1638453787619031906 0.025659017264842987 -2.192352056503296 0.0 0.0 0.0 0.7185210585594177 0.6955052018165588
1638453787755031824 0.02503667026758194 -2.1729488372802734 0.0 0.0 0.0 0.7180511951446533 0.695990264415741
1638453787922031879 0.02425105683505535 -2.1480302810668945 0.0 0.0 0.0 0.7181280851364136 0.6959109306335449
1638453788123031855 0.023276768624782562 -2.1176226139068604 0.0 0.0 0.0 0.7185996770858765 0.69542396068573
1638453788256031990 0.022582897916436195 -2.0963478088378906 0.0 0.0 0.0 0.718453586101532 0.6955748796463013
1638453788423031807 0.021719831973314285 -2.0696842670440674 0.0 0.0 0.0 0.7182137966156006 0.6958224773406982
1638453788592031956 0.020863045006990433 -2.0426151752471924 0.0 0.0 0.0 0.7180573344230652 0.6959839463233948
1638453788759031773 0.020023107528686523 -2.0153939723968506 0.0 0.0 0.0 0.7177046537399292 0.6963475942611694
1638453788959031820 0.019030515104532242 -1.9818973541259766 0.0 0.0 0.0 0.7173187136650085 0.6967451572418213
1638453789124357224 0.01821603626012802 -1.9539916515350342 0.0 0.0 0.0 0.7173052430152893 0.6967591047286987
1638453789358357191 0.017070341855287552 -1.9142704010009766 0.0 0.0 0.0 0.7171608209609985 0.6969076991081238
1638453789524357080 0.01625075191259384 -1.886086106300354 0.0 0.0 0.0 0.7172916531562805 0.6967730522155762
1638453789657357216 0.015577239915728569 -1.863366961479187 0.0 0.0 0.0 0.7174967527389526 0.696561872959137
1638453789825357199 0.014730257913470268 -1.8348544836044312 0.0 0.0 0.0 0.7171469926834106 0.6969219446182251
163845379024357080 0.013769719749689102 -1.8014581203460693 0.0 0.0 0.0 0.7173968553543091 0.6966646909713745
1638453790158357143 0.013112885877490044 -1.778764009475708 0.0 0.0 0.0 0.7173149585723877 0.6967490911483765
1638453790327357054 0.01230570487678051 -1.750452995300293 0.0 0.0 0.0 0.7169898152351379 0.6970836520195007
1638453790493357182 0.011517319828271866 -1.7222425937652588 0.0 0.0 0.0 0.7169029116630554 0.697172999382019
1638453790659357071 0.01071135327219963 -1.694007396697998 0.0 0.0 0.0 0.7172624468803406 0.696803092956543
1638453790826357126 0.009873202070593834 -1.665747880935669 0.0 0.0 0.0 0.7176874876022339 0.6963653564453125
163845379124357080 0.008847502060234547 -1.6321256160736084 0.0 0.0 0.0 0.717886745929718 0.6961598992347717
1638453791223357201 0.0078174052760005 -1.5985287427902222 0.0 0.0 0.0 0.7178820967674255 0.6961647272109985
1638453791422357082 0.0067678713239729404 -1.5651097297668457 0.0 0.0 0.0 0.7182835340499878 0.6957504749298096
1638453791613304138 0.005644266027957201 -1.5308828353881836 0.0 0.0 0.0 0.7190491557121277 0.6949592232704163
1638453791745304108 0.004870072938501835 -1.5083189010620117 0.0 0.0 0.0 0.7191709280014038 0.6948332190513611
1638453791912303925 0.003882736200466752 -1.4800388813018799 0.0 0.0 0.0 0.7196561098098755 0.6943306922912598
1638453792117304087 0.002601917600259185 -1.4453109502792358 0.0 0.0 0.0 0.7203349471092224 0.693626344203949
1638453792251303911 0.0017325648805126548 -1.4225479364395142 0.0 0.0 0.0 0.7205541133880615 0.6933987140655518
1638453792417304039 0.000672052672598511 -1.3945491313934326 0.0 0.0 0.0 0.7199394106864929 0.6940369009971619
1638453792651304007 -0.0007870005210861564 -1.3551673889160156 0.0 0.0 0.0 0.7199567556381226 0.6940189599990845
1638453792819303989 -0.0018197158351540565 -1.326812982559204 0.0 0.0 0.0 0.7196047902107239 0.6943838596343994
163845379318304110 -0.00303519144654274 -1.2930957078933716 0.0 0.0 0.0 0.7198607325553894 0.6941184997558594
1638453793218303919 -0.004298078361898661 -1.2591015100479126 0.0 0.0 0.0 0.7203423380851746 0.6936187148094177
1638453793421303988 -0.005585739854723215 -1.2246778011322021 0.0 0.0 0.0 0.7199183106422424 0.6940587759017944
1638453793621304035 -0.006801092531532049 -1.190859079360962 0.0 0.0 0.0 0.7194228172302246 0.694572389125824
1638453793820303917 -0.007973892614245415 -1.1574442386627197 0.0 0.0 0.0 0.719475269317627 0.6945180892944336
163845379418304110 -0.009149912744760513 -1.124029517173767 0.0 0.0 0.0 0.7193129658699036 0.6946861743927002
1638453794195897818 -0.0101549057289958 -1.0954208374023438 0.0 0.0 0.0 0.7196325659751892 0.6943550705909729
1638453794364897966 -0.011203048750758171 -1.0666110515594482 0.0 0.0 0.0 0.7199982404708862 0.6939759254455566
1638453794497897863 -0.012032244354486465 -1.0440744161605835 0.0 0.0 0.0 0.7200400233268738 0.6939325332641602
1638453794664897919 -0.01306927390396595 -1.0157455205917358 0.0 0.0 0.0 0.7196987271308899 0.6942864656448364
1638453794799897909 -0.013875780627131462 -0.9928789138793945 0.0 0.0 0.0 0.7192386388778687 0.6947631239891052
1638453794966897964 -0.014846627600491047 -0.9647501707077026 0.0 0.0 0.0 0.719074547290802 0.6949329376220703
1638453795170897961 -0.01598340831696987 -0.9304983615875244 0.0 0.0 0.0 0.7183785438537598 0.695652425289154
1638453795372897863 -0.017074894160032272 -0.8963211178779602 0.0 0.0 0.0 0.7183142900466919 0.6957187056541443
1638453795547897816 -0.018035277724266052 -0.8665965795516968 0.0 0.0 0.0 0.7187181115150452 0.6953015923500061
1638453795713897943 -0.018988030031323433 -0.8384925723075867 0.0 0.0 0.0 0.7194673418998718 0.6945262551307678
1638453795845897913 -0.01980084553360939 -0.8159047961235046 0.0 0.0 0.0 0.7198183536529541 0.6941624879837036
163845379648897982 -0.021051909774541855 -0.781631588935852 0.0 0.0 0.0 0.7198984622955322 0.6940793991088867
1638453796216897964 -0.022056011483073235 -0.753377377986908 0.0 0.0 0.0 0.7194178104400635 0.6945775747299194
1638453796349897861 -0.022829802706837654 -0.7310160994529724 0.0 0.0 0.0 0.7192363142967224 0.6947655081748962
1638453796517897844 -0.023802094161510468 -0.7026342153549194 0.0 0.0 0.0 0.7190654277801514 0.6949423551559448
1638453796700381041 -0.02476727031171322 -0.6743533611297607 0.0 0.0 0.0 0.7192450165748596 0.6947565078735352
1638453796866381168 -0.025745688006281853 -0.646098256111145 0.0 0.0 0.0 0.7192819714546204 0.6947183012962341
16384537971381159 -0.02656562253832817 -0.6231814026832581 0.0 0.0 0.0 0.7197620868682861 0.694220781326294
1638453797169381142 -0.02759799174964428 -0.5946748852729797 0.0 0.0 0.0 0.7198507785797119 0.6941288709640503
1638453797401381016 -0.02904502861201763 -0.555596649646759 0.0 0.0 0.0 0.7202886343002319 0.6936745047569275
1638453797568381071 -0.03010415844619274 -0.5275723934173584 0.0 0.0 0.0 0.7203781008720398 0.6935815215110779
1638453797769381046 -0.031417228281497955 -0.49360552430152893 0.0 0.0 0.0 0.721121609210968 0.6928085088729858
1638453797901381016 -0.03232371062040329 -0.47114792466163635 0.0 0.0 0.0 0.7213544249534607 0.6925660967826843
163845379869380999 -0.03349550813436508 -0.4425202012062073 0.0 0.0 0.0 0.7217059135437012 0.6921998262405396
1638453798205381155 -0.03446498140692711 -0.4196345806121826 0.0 0.0 0.0 0.7222055792808533 0.6916784644126892
1638453798405380964 -0.03592882677912712 -0.38569921255111694 0.0 0.0 0.0 0.722180962562561 0.6917041540145874
1638453798573381186 -0.03715688735246658 -0.35730183124542236 0.0 0.0 0.0 0.7222923636436462 0.6915878653526306
1638453798705381155 -0.03811758756637573 -0.33509984612464905 0.0 0.0 0.0 0.7221001982688904 0.6917884945869446
1638453798870381117 -0.03929027542471886 -0.3073588013648987 0.0 0.0 0.0 0.7216042876243591 0.6923057436943054
16384537994381180 -0.04021923989057541 -0.28477543592453003 0.0 0.0 0.0 0.721409022808075 0.6925092339515686
1638453799214974880 -0.04187827557325363 -0.24497096240520477 0.0 0.0 0.0 0.7218909859657288 0.6920068264007568
1638453799380975008 -0.04306492209434509 -0.21677450835704803 0.0 0.0 0.0 0.7217053771018982 0.6922003626823425
1638453799578974962 -0.04445382207632065 -0.18321597576141357 0.0 0.0 0.0 0.7214170694351196 0.6925008296966553
1638453799745975018 -0.0455751046538353 -0.15506750345230103 0.0 0.0 0.0 0.720657467842102 0.6932913064956665
1638453799911974907 -0.046651747077703476 -0.12711992859840393 0.0 0.0 0.0 0.7205695509910583 0.6933826804161072
163845380050975084 -0.04755115509033203 -0.103826142847538 0.0 0.0 0.0 0.7204698324203491 0.6934863328933716
1638453800216974974 -0.04863237962126732 -0.0756254494190216 0.0 0.0 0.0 0.720738410949707 0.6932071447372437
1638453800417974949 -0.050008244812488556 -0.04145840182900429 0.0 0.0 0.0 0.7217355370521545 0.6921688914299011
1638453800617974997 -0.05145386606454849 -0.0077249156311154366 0.0 0.0 0.0 0.7223239541053772 0.691554844379425
1638453800819974899 -0.05169772356748581 -0.0021619070321321487 0.0 0.0 0.0 0.7227222323417664 0.6911386251449585
163845380118975019 -0.05169772729277611 -0.0021619070321321487 0.0 0.0 0.0 0.7228515148162842 0.6910033822059631
1638453801222975016 -0.05171087011694908 -0.001858463860116899 0.0 0.0 0.0 0.7198805212974548 0.6940979957580566
1638453801355974913 -0.05171109735965729 -0.0018584707286208868 0.0 0.0 0.0 0.7132822871208191 0.7008768320083618
1638453801525974989 -0.05171192064881325 -0.001934399944730103 0.0 0.0 0.0 0.6999863386154175 0.7141562700271606
1638453801724465132 -0.051706258207559586 -0.0018586457008495927 0.0 0.0 0.0 0.6756100654602051 0.7372590899467468
1638453801923465014 -0.05170881748199463 -0.0019093039445579052 0.0 0.0 0.0 0.6410980820655823 0.767458975315094
1638453802124464989 -0.051731597632169724 -0.002007858594879508 0.0 0.0 0.0 0.5951367020606995 0.8036245107650757
1638453802324465036 -0.05179375410079956 -0.002173667773604393 0.0 0.0 0.0 0.5392701625823975 0.8421328067779541
1638453802527465105 -0.05185100808739662 -0.002286538714542985 0.0 0.0 0.0 0.4809883236885071 0.8767269849777222
1638453802726464987 -0.05180711671710014 -0.002224663272500038 0.0 0.0 0.0 0.42115360498428345 0.906989336013794
1638453802926465034 -0.05175492912530899 -0.002169595565646887 0.0 0.0 0.0 0.35877132415771484 0.9334254860877991
1638453803125465155 -0.05161568522453308 -0.0020602368749678135 0.0 0.0 0.0 0.2974141836166382 0.9547485709190369
1638453803359465122 -0.05154885724186897 -0.0020243830513209105 0.0 0.0 0.0 0.22033993899822235 0.9754231572151184
1638453803561465025 -0.05164291337132454 -0.0020614436361938715 0.0 0.0 0.0 0.1527521312236786 0.9882645606994629
1638453803730465174 -0.05139731243252754 -0.0020010960288345814 0.0 0.0 0.0 0.09796752780675888 0.9951896071434021
1638453803928465128 -0.0514221265912056 -0.0020060832612216473 0.0 0.0 0.0 0.09400444477796555 0.9955717921257019
1638453804195278883 -0.05139726400375366 -0.00200134445913136 0.0 0.0 0.0 0.09400735050439835 0.995571494102478
1638453804360279083 -0.05139726400375366 -0.0020013449247926474 0.0 0.0 0.0 0.09397284686565399 0.9955747723579407
1638453804560278893 -0.05144698917865753 -0.002010816941037774 0.0 0.0 0.0 0.09394767135381699 0.9955771565437317
1638453804760278940 -0.0514221228659153 -0.0020060858223587275 0.0 0.0 0.0 0.09405261278152466 0.9955672025680542
1638453804960278988 -0.0514221265912056 -0.002006080001592636 0.0 0.0 0.0 0.09405358135700226 0.9955671429634094
1638453805159278870 -0.0514221265912056 -0.002006079303100705 0.0 0.0 0.0 0.09398680925369263 0.9955734610557556
1638453805357279062 -0.05139726400375366 -0.0020013407338410616 0.0 0.0 0.0 0.09400220960378647 0.9955719709396362
1638453805559278965 -0.0514221265912056 -0.0020060797687619925 0.0 0.0 0.0 0.09398742765188217 0.9955734014511108
1638453805758279085 -0.05139726400375366 -0.002001336310058832 0.0 0.0 0.0 0.09402196854352951 0.9955701231956482
1638453805960278988 -0.0514221265912056 -0.00200607324950397 0.0 0.0 0.0 0.09388875961303711 0.9955826997756958
1638453806127279043 -0.05139726400375366 -0.002001340501010418 0.0 0.0 0.0 0.0939599871635437 0.9955759644508362
1638453806294278860 -0.0514221265912056 -0.002006079303100705 0.0 0.0 0.0 0.0939917042851448 0.9955729842185974
1638453806495279074 0.08307835064036895 0.10023827831657565 0.0028760271447341662 0.0009664727126460705 -0.0014447235310002511 0.04481793159633085 0.9989936834137384
1638453806713786840 0.0831035584304801 0.10024054394397439 0.0028761023930209996 0.0009665728235523975 -0.001444656526148861 0.04474869559464371 0.9989967733106789
1638453806847786903 0.08307835036543558 0.10023827553617551 0.002876027138235326 0.000966435623446274 -0.0014447482725001605 0.04484355408411784 0.9989925004231307
163845380748786879 0.08310355879705791 0.1002405476511746 0.00287610240168612 0.000966463966221113 -0.0014447293212950657 0.04482395882690081 0.9989933839221055
1638453807216786861 0.08310355849921344 0.10024054463907442 0.0028761023946457095 0.0009664371398105683 -0.0014447473042284128 0.04484252128134406 0.9989925688366699
1638453807416786909 0.08307835075492451 0.10023827947507573 0.002876027147442016 0.0009663491341616443 -0.001444806182885158 0.04490337716378574 0.9989898414118882
1638453807558786869 0.08307835075492451 0.10023827947507574 0.002876027147442016 0.0009664709051309048 -0.0014447247365060177 0.04481918020327989 0.998993625644215
1638453807757786989 0.08307835066328007 0.10023827854827567 0.0028760271452757356 0.0009664101475593043 -0.0014447652886491126 0.04486116108730036 0.9989916978893981
1638453807924787045 0.08310355831592454 0.10024054278547431 0.0028761023903131496 0.000966527354562067 -0.0014446868928465642 0.0447801191310219 0.9989953393495739
1638453808157786846 0.08307835034252448 0.10023827530447549 0.002876027137693756 0.0009665204810961425 -0.0014446915579530938 0.04478489481836262 0.9989951571596507
1638453808357786894 0.08307835054872448 0.1002382773897756 0.002876027142567886 0.0009665231773093632 -0.0014446897619651688 0.04478303307022397 0.9989952443644884
1638453808522786856 0.08307835054872448 0.1002382773897756 0.002876027142567886 0.0009664531010507478 -0.0014447365706906326 0.044831465351641675 0.9989930380390349
1638453808660786867 0.08307835109859121 0.10023828295057592 0.002876027155565566 0.0009665364824950628 -0.00144468079169338 0.0447738091225671 0.9989956248938758
