1638453711774460077 1.2179131834988421e-11 -2.9201308038295792e-08 0.0 0.0 0.0 0.00029947608709335327 0.9999999403953552
1638453711941460133 1.2179131834988421e-11 -2.9201308038295792e-08 0.0 0.0 0.0 0.0003455132246017456 0.9999999403953552
163845371291459990 1.3196875883747516e-11 -3.1332632488556555e-08 0.0 0.0 0.0 0.0003030039370059967 0.9999999403953552
1638453712260460138 1.3196875883747516e-11 -3.1332632488556555e-08 0.0 0.0 0.0 0.00038696080446243286 0.9999999403953552
1638453712394460201 1.2288732531562374e-11 -2.954782374331444e-08 0.0 0.0 0.0 0.0003164447844028473 0.9999999403953552
1638453712560460091 2.531069185351953e-05 -1.2533068804998493e-08 0.0 0.0 0.0 0.00016548484563827515 1.0
1638453712692460060 2.531068639655132e-05 -5.432022387452662e-09 0.0 0.0 0.0 0.00018794089555740356 1.0
1638453712858460188 2.674786390641226e-12 -1.72911143181409e-08 0.0 0.0 0.0 0.0003314577043056488 0.9999999403953552
1638453712991460085 2.5310688215540722e-05 -7.597478202114871e-09 0.0 0.0 0.0 0.00027904659509658813 0.9999999403953552
1638453713158460140 2.5310688215540722e-05 -8.878402901757454e-09 0.0 0.0 0.0 0.0003007426857948303 0.9999999403953552
1638453713292460203 2.5310690034530126e-05 -1.5072949111072376e-08 0.0 0.0 0.0 0.0002770349383354187 0.9999999403953552
1638453711976459980 2.5310695491498336e-05 -1.6742156105920003e-08 0.0 0.0 0.0 0.00014673545956611633 1.0
163845371291459990 1.3196875883747516e-11 -3.1332632488556555e-08 0.0 0.0 0.0 0.0003030039370059967 0.9999999403953552
1638453712223460197 1.3196875883747516e-11 -3.1332632488556555e-08 0.0 0.0 0.0 0.00033731013536453247 0.9999999403953552
1638453712394460201 1.2288732531562374e-11 -2.954782374331444e-08 0.0 0.0 0.0 0.0003164447844028473 0.9999999403953552
1638453712526460171 2.531069185351953e-05 -1.2533068804998493e-08 0.0 0.0 0.0 0.00037783384323120117 0.9999999403953552
1638453712692460060 2.531068639655132e-05 -5.432022387452662e-09 0.0 0.0 0.0 0.00018794089555740356 1.0
1638453712858460188 2.674786390641226e-12 -1.72911143181409e-08 0.0 0.0 0.0 0.0003314577043056488 0.9999999403953552
163845371358459997 5.146404136180394e-12 -2.077605998351828e-08 0.0 0.0 0.0 0.0002869702875614166 0.9999999403953552
1638453713192460060 5.641294289343568e-12 -2.297545975693538e-08 0.0 0.0 0.0 0.0002562180161476135 0.9999999403953552
1638453713359460115 2.5310690034530126e-05 -1.393298809659882e-08 0.0 0.0 0.0 0.00032207369804382324 0.9999999403953552
1638453713526460171 2.5310688215540722e-05 -1.0241549830425356e-08 0.0 0.0 0.0 0.00022201985120773315 1.0
1638453713691460133 5.961618351757458e-12 -2.3674525451156114e-08 0.0 0.0 0.0 0.0003182739019393921 0.9999999403953552
1638453713854249954 2.5310690034530126e-05 -1.2377021185727699e-08 0.0 0.0 0.0 0.0003708451986312866 0.9999999403953552
16384537144250050 8.932153627849715e-12 -2.890684491774209e-08 0.0 0.0 0.0 0.0004151836037635803 0.9999999403953552
1638453714138249874 4.720024284615709e-12 -2.2311285263754144e-08 0.0 0.0 0.0 0.00034115463495254517 0.9999999403953552
1638453714305249929 2.8164161541138766e-12 -1.7700804377795976e-08 0.0 0.0 0.0 0.000327378511428833 0.9999999403953552
1638453714438250065 1.2160329167232309e-12 -1.6791663171034088e-08 0.0 0.0 0.0 0.00029145926237106323 0.9999999403953552
1638453714606250048 5.04486686800365e-12 -2.091174344798219e-08 0.0 0.0 0.0 0.0005041323602199554 0.9999998807907104
1638453714738250017 5.04486686800365e-12 -2.091174344798219e-08 0.0 0.0 0.0 0.00039845332503318787 0.9999999403953552
1638453714938250065 2.5310684577561915e-05 -1.625267587179735e-09 0.0 0.0 0.0 0.0003111325204372406 0.9999999403953552
1638453715108249903 2.531068639655132e-05 -3.3140894473149274e-09 0.0 0.0 0.0 0.00017268583178520203 1.0
1638453715240249872 2.994315949703119e-13 -1.2051724063155689e-08 0.0 0.0 0.0 0.00032984837889671326 0.9999999403953552
1638453715374249935 -1.2355484474077527e-12 -9.581335724817563e-09 0.0 0.0 0.0 0.00033102184534072876 0.9999999403953552
1638453715541249990 0.0004049709241371602 2.3859448106122727e-07 0.0 0.0 0.0 0.0002942197024822235 0.9999999403953552
1638453715707249880 0.0022526499815285206 2.257659389215405e-06 0.0 0.0 0.0 0.0006919167353771627 0.9999997615814209
1638453715840250015 0.005188687238842249 5.94330367675866e-06 0.0 0.0 0.0 0.0005484446883201599 0.9999998211860657
16384537168249998 0.010326755233108997 1.1335854651406407e-05 0.0 0.0 0.0 0.0005424991250038147 0.9999998807907104
1638453716143249989 0.015515441074967384 1.786382563295774e-05 0.0 0.0 0.0 0.0007263421430252492 0.9999997615814209
1638453716309249878 0.023437678813934326 2.854849662980996e-05 0.0 0.0 0.0 0.0007271021022461355 0.9999997615814209
1638453716441954136 0.031132113188505173 4.335042103775777e-05 0.0 0.0 0.0 0.0009848697809502482 0.9999995231628418
1638453716575953960 0.04014269635081291 6.198361370479688e-05 0.0 0.0 0.0 0.0011910793837159872 0.9999992847442627
1638453716742954016 0.052975188940763474 8.831083687255159e-05 0.0 0.0 0.0 0.0011840274091809988 0.9999992847442627
1638453716880954027 0.0641118660569191 0.0001114646001951769 0.0 0.0 0.0 0.0009914225665852427 0.9999995231628418
163845371746953917 0.07745057344436646 0.0001366892975056544 0.0 0.0 0.0 0.000934276613406837 0.9999995827674866
1638453717178954124 0.08805573731660843 0.00015723673277534544 0.0 0.0 0.0 0.0008407308487221599 0.9999996423721313
1638453717348953962 0.10162223875522614 0.00017711201508063823 0.0 0.0 0.0 0.0005269385874271393 0.9999998807907104
1638453717482954025 0.11222740262746811 0.00019060443446505815 0.0 0.0 0.0 0.0006221643998287618 0.9999998211860657
1638453717655954123 0.12597109377384186 0.00020350850536487997 0.0 0.0 0.0 0.0004068836569786072 0.9999999403953552
1638453717824954033 0.13938575983047485 0.0002186204364988953 0.0 0.0 0.0 0.0005666836514137685 0.9999998211860657
1638453717998954058 0.15330661833286285 0.00023866354604251683 0.0 0.0 0.0 0.0007614716305397451 0.9999997019767761
1638453718130954027 0.16378521919250488 0.00025617756182327867 0.0 0.0 0.0 0.0008224135963246226 0.9999996423721313
1638453718296953917 0.1769973784685135 0.00027593757840804756 0.0 0.0 0.0 0.0008436179487034678 0.9999996423721313
1638453718430953979 0.1876278519630432 0.0002926967281382531 0.0 0.0 0.0 0.0006676911725662649 0.9999997615814209
1638453718599954128 0.2010931372642517 0.0003050350060220808 0.0 0.0 0.0 0.0003456138074398041 0.9999999403953552
1638453718800954103 0.2171401083469391 0.00031589079299010336 0.0 0.0 0.0 0.0004130639135837555 0.9999999403953552
1638453718932312012 0.22794777154922485 0.0003241960075683892 0.0 0.0 0.0 0.0003253519535064697 0.9999999403953552
163845371998311901 0.24126119911670685 0.00034074950963258743 0.0 0.0 0.0 0.0008609144715592265 0.9999996423721313
1638453719233311892 0.2521700859069824 0.0003577822935767472 0.0 0.0 0.0 0.0007556788041256368 0.9999997019767761
1638453719400311947 0.26563534140586853 0.00038137714727781713 0.0 0.0 0.0 0.0007409303798340261 0.9999997019767761
1638453719601311922 0.2821884751319885 0.00040610655560158193 0.0 0.0 0.0 0.0005679167225025594 0.9999998211860657
1638453719733311892 0.2939072847366333 0.00042586299241520464 0.0 0.0 0.0 0.0009380242554470897 0.9999995827674866
1638453719901311874 0.31013140082359314 0.00046149143599905074 0.0 0.0 0.0 0.0012418251717463136 0.9999992251396179
163845372034312010 0.3240269124507904 0.0005032249027863145 0.0 0.0 0.0 0.0016119808424264193 0.9999986886978149
1638453720204311848 0.3435666263103485 0.0005752334836870432 0.0 0.0 0.0 0.001990808639675379 0.9999980330467224
1638453720337311983 0.3599424958229065 0.0006457885028794408 0.0 0.0 0.0 0.002290950855240226 0.9999973773956299
1638453720505311966 0.38254469633102417 0.0007522589294239879 0.0 0.0 0.0 0.0021652712021023035 0.9999976754188538
1638453720638311863 0.40099599957466125 0.0008375150500796735 0.0 0.0 0.0 0.00232424377463758 0.9999973177909851
1638453720805311918 0.424079030752182 0.0009534050477668643 0.0 0.0 0.0 0.0026980419643223286 0.9999963641166687
1638453720939311981 0.4428085684776306 0.001070841564796865 0.0 0.0 0.0 0.0033577356953173876 0.9999943375587463
1638453721108311892 0.4665241837501526 0.0012252932647243142 0.0 0.0 0.0 0.003208247944712639 0.9999948740005493
1638453721309311867 0.49469420313835144 0.001433601719327271 0.0 0.0 0.0 0.0040915715508162975 0.9999916553497314
1638453721449784994 0.5132715106010437 0.0015944343758746982 0.0 0.0 0.0 0.004431251902133226 0.9999901652336121
1638453721584785223 0.532025933265686 0.0017663551261648536 0.0 0.0 0.0 0.004871345590800047 0.9999881386756897
1638453721752785206 0.5565507411956787 0.002010240452364087 0.0 0.0 0.0 0.0051821088418364525 0.9999865889549255
1638453721885785103 0.5767979621887207 0.002241813577711582 0.0 0.0 0.0 0.006049972493201494 0.999981701374054
163845372253785086 0.6033720374107361 0.0025781348813325167 0.0 0.0 0.0 0.00641216803342104 0.9999794363975525
1638453722187785149 0.6250110268592834 0.002843716647475958 0.0 0.0 0.0 0.005921526812016964 0.999982476234436
1638453722358785152 0.6539645791053772 0.0031748893670737743 0.0 0.0 0.0 0.006103515159338713 0.9999813437461853
1638453722489785194 0.6764135956764221 0.003445241367444396 0.0 0.0 0.0 0.005893252324312925 0.9999826550483704
1638453722655785084 0.7055443525314331 0.0037733851931989193 0.0 0.0 0.0 0.005519097670912743 0.9999847412109375
1638453722796785116 0.7308535575866699 0.004051595460623503 0.0 0.0 0.0 0.005803213454782963 0.9999831318855286
1638453722930785179 0.7552768588066101 0.004327030852437019 0.0 0.0 0.0 0.0054452260956168175 0.9999851584434509
163845372329785156 0.7740055322647095 0.0045423973351716995 0.0 0.0 0.0 0.006066318601369858 0.9999815821647644
1638453723195785046 0.8059952259063721 0.004977680277079344 0.0 0.0 0.0 0.007280035875737667 0.999973475933075
1638453723337785006 0.8340109586715698 0.005403398536145687 0.0 0.0 0.0 0.008012324571609497 0.9999678730964661
1638453723503785133 0.8673909306526184 0.005970977246761322 0.0 0.0 0.0 0.009084248915314674 0.9999587535858154
1638453723635785103 0.89527827501297 0.006503515411168337 0.0 0.0 0.0 0.00992919597774744 0.9999507069587708
1638453723802785158 0.9305791258811951 0.007235174998641014 0.0 0.0 0.0 0.010705631226301193 0.9999427199363708
1638453723932856083 0.9581862688064575 0.007846341468393803 0.0 0.0 0.0 0.010986621491611004 0.9999396204948425
163845372497856045 0.9926008582115173 0.008585065603256226 0.0 0.0 0.0 0.010387084446847439 0.9999460577964783
1638453724263856173 1.0271934270858765 0.009290879592299461 0.0 0.0 0.0 0.009951874613761902 0.9999504685401917
1638453724433856010 1.0627989768981934 0.009969296865165234 0.0 0.0 0.0 0.009611704386770725 0.9999538064002991
1638453724599856138 1.0979734659194946 0.010693811811506748 0.0 0.0 0.0 0.010846111923456192 0.9999411702156067
1638453724731856108 1.1258081197738647 0.01132455188781023 0.0 0.0 0.0 0.011558029800653458 0.9999331831932068
1638453724897855997 1.160372257232666 0.012166742235422134 0.0 0.0 0.0 0.012742137536406517 0.9999188184738159
163845372529855967 1.1880775690078735 0.012903422117233276 0.0 0.0 0.0 0.013785953633487225 0.999904990196228
1638453725195856094 1.2226881980895996 0.013907508924603462 0.0 0.0 0.0 0.014987749047577381 0.9998877048492432
1638453725329856157 1.2505680322647095 0.014744983054697514 0.0 0.0 0.0 0.015040128491818905 0.9998868703842163
1638453725495856047 1.285404920578003 0.015801388770341873 0.0 0.0 0.0 0.015433749184012413 0.9998809099197388
1638453725697855949 1.3281341791152954 0.0171204824000597 0.0 0.0 0.0 0.014720593579113483 0.9998916387557983
1638453725831856012 1.3561155796051025 0.017949046567082405 0.0 0.0 0.0 0.014861290343105793 0.9998895525932312
1638453725998856068 1.390978455543518 0.018978301435709 0.0 0.0 0.0 0.014669816009700298 0.9998924136161804
1638453726130856037 1.4185047149658203 0.019780993461608887 0.0 0.0 0.0 0.014284541830420494 0.9998979568481445
1638453726277856112 1.449169635772705 0.020626453682780266 0.0 0.0 0.0 0.013371702283620834 0.9999105930328369
1638453726433067083 1.48378324508667 0.02151999995112419 0.0 0.0 0.0 0.012504564598202705 0.9999217987060547
1638453726599066973 1.5188781023025513 0.022405171766877174 0.0 0.0 0.0 0.012516544200479984 0.9999216794967651
1638453726733067036 1.5469895601272583 0.023106219246983528 0.0 0.0 0.0 0.012507686391472816 0.9999217987060547
1638453726934067011 1.58901846408844 0.024123234674334526 0.0 0.0 0.0 0.011719770729541779 0.9999313354492188
1638453727103067160 1.6242660284042358 0.024973690509796143 0.0 0.0 0.0 0.011876340955495834 0.9999294877052307
1638453727283066988 1.661917805671692 0.025861311703920364 0.0 0.0 0.0 0.011664766818284988 0.9999319911003113
1638453727452067137 1.6972678899765015 0.026650365442037582 0.0 0.0 0.0 0.010620610788464546 0.9999436140060425
1638453727649067163 1.7389709949493408 0.027515510097146034 0.0 0.0 0.0 0.01090192049741745 0.9999405741691589
1638453727782067060 1.766805648803711 0.028145847842097282 0.0 0.0 0.0 0.011765536852180958 0.9999307990074158
1638453727950067043 1.7736629247665405 0.028306104242801666 0.0 0.0 0.0 0.01085537951439619 0.9999410510063171
1638453728150067091 1.773890733718872 0.02831088751554489 0.0 0.0 0.0 0.009102665819227695 0.9999585747718811
1638453728348067045 1.7738401889801025 0.028310947120189667 0.0 0.0 0.0 -0.0018495832337066531 0.9999982714653015
1638453728548067093 1.773890733718872 0.028308667242527008 0.0 0.0 0.0 -0.02281433902680874 0.9997397065162659
1638453728682067156 1.7738908529281616 0.028310108929872513 0.0 0.0 0.0 -0.04186409339308739 0.9991233348846436
1638453728846067190 1.7739158868789673 0.02830657549202442 0.0 0.0 0.0 -0.07349631190299988 0.9972954988479614
1638453728986502886 1.7738412618637085 0.02832062728703022 0.0 0.0 0.0 -0.1054566353559494 0.9944239258766174
1638453729123502970 1.773793339729309 0.028337303549051285 0.0 0.0 0.0 -0.1438821256160736 0.9895948171615601
1638453729292502880 1.7737466096878052 0.028357073664665222 0.0 0.0 0.0 -0.200090691447258 0.9797773957252502
1638453729425503016 1.7737236022949219 0.02836780436336994 0.0 0.0 0.0 -0.2481689155101776 0.9687168002128601
1638453729591502905 1.773490071296692 0.02851889096200466 0.0 0.0 0.0 -0.3139493465423584 0.9494397044181824
1638453729791502953 1.7734558582305908 0.028556572273373604 0.0 0.0 0.0 -0.39719516038894653 0.9177341461181641
1638453729926502943 1.7735533714294434 0.0284404419362545 0.0 0.0 0.0 -0.45664429664611816 0.8896493911743164
163845373094502926 1.773668885231018 0.02824440598487854 0.0 0.0 0.0 -0.5283688902854919 0.849014937877655
1638453730259502888 1.7737178802490234 0.02812768518924713 0.0 0.0 0.0 -0.5933845043182373 0.8049191236495972
1638453730392503023 1.7737029790878296 0.028202127665281296 0.0 0.0 0.0 -0.6440677046775818 0.7649685144424438
1638453730560503006 1.7737101316452026 0.02817738614976406 0.0 0.0 0.0 -0.6844272017478943 0.7290812134742737
1638453730726502895 1.773713231086731 0.02812686376273632 0.0 0.0 0.0 -0.6846628785133362 0.7288599014282227
1638453730891502857 1.7737149000167847 0.02810160256922245 0.0 0.0 0.0 -0.6846656799316406 0.7288572788238525
163845373190502977 1.7738044261932373 0.026636317372322083 0.0 0.0 0.0 -0.6852841973304749 0.7282757759094238
1638453731290502787 1.7740384340286255 0.022796213626861572 0.0 0.0 0.0 -0.6852522492408752 0.7283058166503906
1638453731436046839 1.7742857933044434 0.01875407062470913 0.0 0.0 0.0 -0.685110867023468 0.7284387946128845
1638453731601046801 1.774679183959961 0.012311846017837524 0.0 0.0 0.0 -0.6853089928627014 0.7282524108886719
1638453731800046921 1.7752916812896729 0.0023075458593666553 0.0 0.0 0.0 -0.6851170659065247 0.7284330129623413
1638453731936046839 1.7758193016052246 -0.006307257805019617 0.0 0.0 0.0 -0.6849817633628845 0.728560209274292
1638453732102046967 1.776548147201538 -0.018130214884877205 0.0 0.0 0.0 -0.6849316358566284 0.7286073565483093
1638453732235046864 1.7771857976913452 -0.028411900624632835 0.0 0.0 0.0 -0.6848904490470886 0.7286460399627686
1638453732401046991 1.778075933456421 -0.042684704065322876 0.0 0.0 0.0 -0.6847087144851685 0.72881680727005
1638453732533046961 1.7788504362106323 -0.05511345714330673 0.0 0.0 0.0 -0.6849900484085083 0.7285524010658264
1638453732700047016 1.7799042463302612 -0.07236851006746292 0.0 0.0 0.0 -0.6854730844497681 0.7280979752540588
1638453732834046841 1.7808016538619995 -0.08730018138885498 0.0 0.0 0.0 -0.6855388879776001 0.7280360460281372
16384537331046896 1.7820037603378296 -0.10741160064935684 0.0 0.0 0.0 -0.6860417127609253 0.7275622487068176
1638453733134047031 1.7830017805099487 -0.12444178014993668 0.0 0.0 0.0 -0.6862058043479919 0.7274074554443359
1638453733302047014 1.7843225002288818 -0.14710703492164612 0.0 0.0 0.0 -0.6861642599105835 0.7274466156959534
1638453733435046911 1.7854264974594116 -0.16593115031719208 0.0 0.0 0.0 -0.6860945820808411 0.7275123596191406
1638453733601046801 1.7868729829788208 -0.19049058854579926 0.0 0.0 0.0 -0.6860083341598511 0.7275936603546143
1638453733733047009 1.7880287170410156 -0.21014836430549622 0.0 0.0 0.0 -0.6861687302589417 0.7274423837661743
1638453733887662888 1.7894883155822754 -0.2352394461631775 0.0 0.0 0.0 -0.686342716217041 0.7272782325744629
163845373457662964 1.7909278869628906 -0.2603316903114319 0.0 0.0 0.0 -0.6868703365325928 0.7267799973487854
1638453734223663092 1.7923011779785156 -0.285022109746933 0.0 0.0 0.0 -0.6873739361763 0.7263036966323853
1638453734392663002 1.79369056224823 -0.310345321893692 0.0 0.0 0.0 -0.6875267028808594 0.7261590957641602
1638453734557662964 1.7950352430343628 -0.3351893424987793 0.0 0.0 0.0 -0.6877814531326294 0.7259178161621094
1638453734690663099 1.7961393594741821 -0.35573726892471313 0.0 0.0 0.0 -0.6879871487617493 0.7257228493690491
1638453734825663090 1.7973040342330933 -0.37739723920822144 0.0 0.0 0.0 -0.6878080368041992 0.7258926033973694
1638453734990663052 1.798809289932251 -0.40491944551467896 0.0 0.0 0.0 -0.687202513217926 0.7264658808708191
1638453735191663027 1.8006998300552368 -0.43883374333381653 0.0 0.0 0.0 -0.6867514252662659 0.726892352104187
1638453735357662916 1.8023624420166016 -0.46791887283325195 0.0 0.0 0.0 -0.6867744326591492 0.726870596408844
1638453735558662891 1.8044105768203735 -0.5037509799003601 0.0 0.0 0.0 -0.6864408850669861 0.7271856069564819
1638453735756663084 1.8064837455749512 -0.539530873298645 0.0 0.0 0.0 -0.686227560043335 0.7273869514465332
1638453735890662909 1.8079088926315308 -0.563685953617096 0.0 0.0 0.0 -0.685722827911377 0.7278627753257751
163845373656663036 1.809725284576416 -0.5935225486755371 0.0 0.0 0.0 -0.6849664449691772 0.7285745739936829
1638453736224663019 1.8115888833999634 -0.6235084533691406 0.0 0.0 0.0 -0.6848376393318176 0.7286956906318665
1638453736386744976 1.8134676218032837 -0.6537469625473022 0.0 0.0 0.0 -0.6849478483200073 0.7285920977592468
1638453736584744930 1.815633773803711 -0.6890395879745483 0.0 0.0 0.0 -0.6854742765426636 0.7280968427658081
1638453736752744913 1.8174375295639038 -0.7191559672355652 0.0 0.0 0.0 -0.685727596282959 0.727858304977417
1638453736884744883 1.8188544511795044 -0.7429817914962769 0.0 0.0 0.0 -0.6860359907150269 0.7275676131248474
163845373751744938 1.820628046989441 -0.7730998992919922 0.0 0.0 0.0 -0.6859240531921387 0.7276731133460999
1638453737253745079 1.8227808475494385 -0.8092301487922668 0.0 0.0 0.0 -0.6854785680770874 0.7280927896499634
1638453737453744888 1.8249648809432983 -0.8450034260749817 0.0 0.0 0.0 -0.6853062510490417 0.7282549738883972
1638453737621744871 1.8267946243286133 -0.8749660849571228 0.0 0.0 0.0 -0.6851406693458557 0.7284107804298401
1638453737788744926 1.8285928964614868 -0.9047277569770813 0.0 0.0 0.0 -0.6857016086578369 0.7278827428817749
1638453737955744982 1.8303654193878174 -0.9346938729286194 0.0 0.0 0.0 -0.6862607002258301 0.7273556590080261
1638453738157744884 1.8324822187423706 -0.971206545829773 0.0 0.0 0.0 -0.6862932443618774 0.727324903011322
1638453738356745005 1.8345744609832764 -1.0070360898971558 0.0 0.0 0.0 -0.686040461063385 0.7275633811950684
1638453738526745081 1.836357831954956 -1.0373820066452026 0.0 0.0 0.0 -0.6861405968666077 0.7274689674377441
1638453738727745056 1.8384642601013184 -1.073286533355713 0.0 0.0 0.0 -0.6860108971595764 0.7275912761688232
1638453738893744946 1.8401904106140137 -1.1028497219085693 0.0 0.0 0.0 -0.6865178346633911 0.7271129488945007
163845373945444965 1.8415578603744507 -1.1268559694290161 0.0 0.0 0.0 -0.6868765354156494 0.7267741560935974
1638453739211444855 1.843226671218872 -1.1569547653198242 0.0 0.0 0.0 -0.6876472234725952 0.7260449528694153
1638453739377444983 1.8448530435562134 -1.186903715133667 0.0 0.0 0.0 -0.6876578330993652 0.726034939289093
1638453739546444893 1.8464950323104858 -1.21723210811615 0.0 0.0 0.0 -0.6875649094581604 0.7261229157447815
1638453739680444956 1.8478115797042847 -1.241418719291687 0.0 0.0 0.0 -0.6876044273376465 0.7260855436325073
1638453739849444866 1.849517822265625 -1.273239254951477 0.0 0.0 0.0 -0.6882840394973755 0.7254412770271301
1638453739985445023 1.8508490324020386 -1.2989205121994019 0.0 0.0 0.0 -0.6885133385658264 0.7252237200737
1638453740152444839 1.8524457216262817 -1.330341100692749 0.0 0.0 0.0 -0.6893200278282166 0.7244569659233093
1638453740284444809 1.853691577911377 -1.3557478189468384 0.0 0.0 0.0 -0.6898425817489624 0.7239593863487244
1638453740451444864 1.855228066444397 -1.3874248266220093 0.0 0.0 0.0 -0.6896178126335144 0.7241734862327576
1638453740585444927 1.8564702272415161 -1.4128824472427368 0.0 0.0 0.0 -0.6895290017127991 0.7242580652236938
1638453740741444826 1.8579388856887817 -1.4424341917037964 0.0 0.0 0.0 -0.6890944242477417 0.7246715426445007
1638453740909444809 1.8595103025436401 -1.4742108583450317 0.0 0.0 0.0 -0.689601719379425 0.7241888046264648
1638453741111444950 1.8613630533218384 -1.5123343467712402 0.0 0.0 0.0 -0.6903401017189026 0.723484992980957
1638453741245445013 1.862546443939209 -1.5376173257827759 0.0 0.0 0.0 -0.6905489563941956 0.7232856750488281
1638453741379444838 1.8637179136276245 -1.5632810592651367 0.0 0.0 0.0 -0.6910891532897949 0.7227694988250732
1638453741533624887 1.8651680946350098 -1.5957223176956177 0.0 0.0 0.0 -0.6911579966545105 0.7227036952972412
1638453741700624943 1.8666207790374756 -1.6288728713989258 0.0 0.0 0.0 -0.6916224956512451 0.7222592234611511
1638453741834625006 1.8677892684936523 -1.6555752754211426 0.0 0.0 0.0 -0.6914514303207397 0.7224228978157043
16384537423624916 1.8692810535430908 -1.68912935256958 0.0 0.0 0.0 -0.6906754970550537 0.7231648564338684
1638453742204624891 1.8711282014846802 -1.7287734746932983 0.0 0.0 0.0 -0.6902838349342346 0.7235386967658997
1638453742402624846 1.8729723691940308 -1.7683924436569214 0.0 0.0 0.0 -0.6906573176383972 0.723182201385498
1638453742537624836 1.8742033243179321 -1.7954214811325073 0.0 0.0 0.0 -0.6909635066986084 0.7228896617889404
1638453742702625036 1.8756685256958008 -1.8282928466796875 0.0 0.0 0.0 -0.6913995146751404 0.722472608089447
1638453742903625011 1.877424955368042 -1.8684226274490356 0.0 0.0 0.0 -0.6915552616119385 0.7223235368728638
1638453743104624987 1.8791604042053223 -1.9081730842590332 0.0 0.0 0.0 -0.6909837126731873 0.7228703498840332
1638453743304625034 1.8810025453567505 -1.9478429555892944 0.0 0.0 0.0 -0.6900837421417236 0.7237295508384705
1638453743503624916 1.8829493522644043 -1.9875836372375488 0.0 0.0 0.0 -0.6890233755111694 0.724739134311676
1638453743703624964 1.8850260972976685 -2.027672290802002 0.0 0.0 0.0 -0.6880627870559692 0.725651204586029
1638453743903625011 1.8871725797653198 -2.067453384399414 0.0 0.0 0.0 -0.6874237656593323 0.7262565493583679
163845374480424070 1.8890783786773682 -2.1016204357147217 0.0 0.0 0.0 -0.686735212802887 0.7269076108932495
1638453744245424032 1.8909655809402466 -2.1343181133270264 0.0 0.0 0.0 -0.6862368583679199 0.7273781299591064
1638453744378423929 1.8925114870071411 -2.160646677017212 0.0 0.0 0.0 -0.6858829855918884 0.7277118563652039
1638453744560423851 1.8946903944015503 -2.197206497192383 0.0 0.0 0.0 -0.6857942342758179 0.7277954816818237
1638453744693423986 1.896264672279358 -2.2239134311676025 0.0 0.0 0.0 -0.6861141324043274 0.727493941783905
1638453744896424055 1.8986330032348633 -2.2641637325286865 0.0 0.0 0.0 -0.6857547163963318 0.7278327345848083
163845374529423952 1.9002201557159424 -2.2906670570373535 0.0 0.0 0.0 -0.6856454610824585 0.7279356718063354
1638453745197423935 1.9022293090820312 -2.3239662647247314 0.0 0.0 0.0 -0.6855097413063049 0.7280634641647339
1638453745330424070 1.9037808179855347 -2.3500661849975586 0.0 0.0 0.0 -0.6859238147735596 0.727673351764679
1638453745496423960 1.9057148694992065 -2.3833189010620117 0.0 0.0 0.0 -0.6867357492446899 0.7269071340560913
1638453745695423841 1.9079501628875732 -2.4231207370758057 0.0 0.0 0.0 -0.687089741230011 0.726572573184967
1638453745895423889 1.9101502895355225 -2.4630000591278076 0.0 0.0 0.0 -0.6874179840087891 0.7262620329856873
163845374633423901 1.9116389751434326 -2.4903204441070557 0.0 0.0 0.0 -0.6876167058944702 0.7260738611221313
1638453746201423883 1.9134857654571533 -2.523806095123291 0.0 0.0 0.0 -0.6871784925460815 0.7264886498451233
1638453746402423859 1.9157065153121948 -2.5635833740234375 0.0 0.0 0.0 -0.6872802972793579 0.7263922691345215
1638453746584861994 1.9175876379013062 -2.5975234508514404 0.0 0.0 0.0 -0.6874839663505554 0.7261995673179626
1638453746752861977 1.9194297790527344 -2.631110668182373 0.0 0.0 0.0 -0.6875510215759277 0.7261360883712769
1638453746955862045 1.9215844869613647 -2.6714236736297607 0.0 0.0 0.0 -0.6880654096603394 0.7256487011909485
163845374789861870 1.9230034351348877 -2.6981394290924072 0.0 0.0 0.0 -0.6881739497184753 0.7255457043647766
1638453747257861853 1.9247549772262573 -2.7315287590026855 0.0 0.0 0.0 -0.688166618347168 0.7255526781082153
1638453747390861988 1.926133155822754 -2.757739782333374 0.0 0.0 0.0 -0.6883132457733154 0.7254136204719543
1638453747556861877 1.9278790950775146 -2.790699005126953 0.0 0.0 0.0 -0.6878049373626709 0.7258955836296082
1638453747689862013 1.9293328523635864 -2.8174381256103516 0.0 0.0 0.0 -0.6872766613960266 0.7263957858085632
1638453747822861910 1.9308276176452637 -2.8441243171691895 0.0 0.0 0.0 -0.6866574287414551 0.7269811630249023
1638453747990861893 1.9327442646026611 -2.8774795532226562 0.0 0.0 0.0 -0.686152458190918 0.7274577617645264
1638453748126862049 1.9343522787094116 -2.90456485748291 0.0 0.0 0.0 -0.6855494379997253 0.7280260920524597
1638453748226861954 1.9355524778366089 -2.924321413040161 0.0 0.0 0.0 -0.6851206421852112 0.7284296154975891
1638453748395861864 1.9376530647277832 -2.9578680992126465 0.0 0.0 0.0 -0.6844148635864258 0.7290927767753601
1638453748529861927 1.939329743385315 -2.9843409061431885 0.0 0.0 0.0 -0.6843819618225098 0.7291236519813538
1638453748700861931 1.941499948501587 -3.018644332885742 0.0 0.0 0.0 -0.6844396591186523 0.7290695309638977
1638453748837862015 1.9432348012924194 -3.0459249019622803 0.0 0.0 0.0 -0.684075117111206 0.7294115424156189
16384537495888939 1.9454394578933716 -3.0798962116241455 0.0 0.0 0.0 -0.6834906339645386 0.72995924949646
1638453749172888994 1.9458705186843872 -3.0863614082336426 0.0 0.0 0.0 -0.6825677156448364 0.7308223843574524
1638453749338888884 1.9458739757537842 -3.086411952972412 0.0 0.0 0.0 -0.6824591755867004 0.7309237122535706
1638453749539888859 1.9458906650543213 -3.0866646766662598 0.0 0.0 0.0 -0.6865150928497314 0.7271155118942261
1638453749742888927 1.9458916187286377 -3.0866899490356445 0.0 0.0 0.0 -0.7004094123840332 0.7137413024902344
1638453749908889055 1.9458917379379272 -3.086639404296875 0.0 0.0 0.0 -0.7183881402015686 0.6956425309181213
163845375043889046 1.9458931684494019 -3.086639404296875 0.0 0.0 0.0 -0.7359569072723389 0.6770283579826355
1638453750179888964 1.9458954334259033 -3.0866141319274902 0.0 0.0 0.0 -0.7568824291229248 0.6535510420799255
1638453750345888853 1.945908546447754 -3.0865392684936523 0.0 0.0 0.0 -0.7857917547225952 0.6184911727905273
1638453750480888844 1.9459433555603027 -3.0864176750183105 0.0 0.0 0.0 -0.8094260096549988 0.5872218608856201
1638453750648889065 1.9459798336029053 -3.0863230228424072 0.0 0.0 0.0 -0.8399571180343628 0.5426527261734009
1638453750784888983 1.9460612535476685 -3.0861656665802 0.0 0.0 0.0 -0.8638067245483398 0.5038233399391174
1638453750950888872 1.9460315704345703 -3.0862066745758057 0.0 0.0 0.0 -0.8908211588859558 0.4543541669845581
163845375187888956 1.9459683895111084 -3.0862855911254883 0.0 0.0 0.0 -0.9107150435447693 0.4130353033542633
1638453751256888866 1.9458613395690918 -3.086393117904663 0.0 0.0 0.0 -0.9325664639472961 0.3609982430934906
1638453751388889074 1.9457628726959229 -3.086472749710083 0.0 0.0 0.0 -0.9475825428962708 0.3195111155509949
1638453751554977179 1.9456787109375 -3.0865285396575928 0.0 0.0 0.0 -0.96433025598526 0.2647019326686859
1638453751691977024 1.9456113576889038 -3.0865633487701416 0.0 0.0 0.0 -0.9754731059074402 0.22011861205101013
1638453751857977152 1.9456814527511597 -3.086534023284912 0.0 0.0 0.0 -0.9863510727882385 0.16465604305267334
1638453751993977070 1.9456809759140015 -3.0865323543548584 0.0 0.0 0.0 -0.9929827451705933 0.11825927346944809
1638453752131977081 1.9456809759140015 -3.0865323543548584 0.0 0.0 0.0 -0.9973306059837341 0.07301820069551468
1638453752333976984 1.9456056356430054 -3.0865416526794434 0.0 0.0 0.0 -0.9989761114120483 0.04524112492799759
1638453752500977039 1.9456307888031006 -3.0865392684936523 0.0 0.0 0.0 -0.9989606142044067 0.04558194801211357
1638453752633977175 1.9456056356430054 -3.0865416526794434 0.0 0.0 0.0 -0.998969554901123 0.04538474231958389
1638453752799977064 1.9445469379425049 -3.086636781692505 0.0 0.0 0.0 -0.9990016222000122 0.044674381613731384
1638453752932977200 1.9424545764923096 -3.0868241786956787 0.0 0.0 0.0 -0.9990012645721436 0.04468140751123428
1638453753102977037 1.937866449356079 -3.087236166000366 0.0 0.0 0.0 -0.9990005493164062 0.0446976013481617
1638453753303977013 1.9301271438598633 -3.08792781829834 0.0 0.0 0.0 -0.9990015029907227 0.0446770004928112
1638453753437977076 1.923597812652588 -3.0885121822357178 0.0 0.0 0.0 -0.9990063309669495 0.044568270444869995
1638453753605977058 1.914068579673767 -3.0893657207489014 0.0 0.0 0.0 -0.9989940524101257 0.04484277218580246
1638453753741976976 1.9053207635879517 -3.0901479721069336 0.0 0.0 0.0 -0.9990224242210388 0.04420623183250427
1638453753908977032 1.8926645517349243 -3.091273307800293 0.0 0.0 0.0 -0.9990295171737671 0.04404629021883011
163845375439474964 1.8822270631790161 -3.0921995639801025 0.0 0.0 0.0 -0.9990209341049194 0.04424029216170311
1638453754173474789 1.8714874982833862 -3.0931591987609863 0.0 0.0 0.0 -0.998997151851654 0.04477429762482643
1638453754342474937 1.856765627861023 -3.094484567642212 0.0 0.0 0.0 -0.9989842176437378 0.04506189748644829
1638453754475474834 1.8449175357818604 -3.0955522060394287 0.0 0.0 0.0 -0.9990006685256958 0.044694624841213226
1638453754642474890 1.8300690650939941 -3.0968823432922363 0.0 0.0 0.0 -0.9990062117576599 0.04457160457968712
1638453754776474953 1.818144679069519 -3.0979490280151367 0.0 0.0 0.0 -0.999008297920227 0.04452468454837799
1638453754944474936 1.8031448125839233 -3.099292278289795 0.0 0.0 0.0 -0.9990019202232361 0.04466770961880684
163845375579474926 1.7911707162857056 -3.100370407104492 0.0 0.0 0.0 -0.9989946484565735 0.044829197227954865
1638453755246474981 1.7761975526809692 -3.1017277240753174 0.0 0.0 0.0 -0.9989677667617798 0.04542475566267967
1638453755378474951 1.7644017934799194 -3.1028106212615967 0.0 0.0 0.0 -0.9989531636238098 0.04574462026357651
1638453755550474882 1.7490522861480713 -3.104220390319824 0.0 0.0 0.0 -0.9989545941352844 0.04571317881345749
1638453755751474857 1.731056571006775 -3.1058762073516846 0.0 0.0 0.0 -0.9989302754402161 0.046241432428359985
1638453755883474827 1.7193877696990967 -3.1069586277008057 0.0 0.0 0.0 -0.9989222288131714 0.046415410935878754
163845375650474882 1.704569697380066 -3.108344078063965 0.0 0.0 0.0 -0.9988983273506165 0.04692697525024414
1638453756184474945 1.6926757097244263 -3.1094651222229004 0.0 0.0 0.0 -0.9988882541656494 0.04714084044098854
1638453756351475000 1.6778844594955444 -3.110866069793701 0.0 0.0 0.0 -0.9988770484924316 0.04737744480371475
1638453756528476954 1.662766456604004 -3.112306833267212 0.0 0.0 0.0 -0.9988776445388794 0.047364939004182816
1638453756696476936 1.6479508876800537 -3.113717555999756 0.0 0.0 0.0 -0.9989016652107239 0.046855174005031586
1638453756833476782 1.6356784105300903 -3.114868402481079 0.0 0.0 0.0 -0.9989235997200012 0.0463859997689724
163845375733476830 1.617884635925293 -3.116508960723877 0.0 0.0 0.0 -0.9989524483680725 0.04576045647263527
1638453757201476812 1.6029130220413208 -3.1178834438323975 0.0 0.0 0.0 -0.998950719833374 0.04579820856451988
1638453757336476803 1.5908647775650024 -3.1189863681793213 0.0 0.0 0.0 -0.998956024646759 0.045682694762945175
1638453757505476952 1.5758674144744873 -3.120356559753418 0.0 0.0 0.0 -0.9989584684371948 0.045628391206264496
1638453757638476849 1.563920259475708 -3.1214518547058105 0.0 0.0 0.0 -0.9989476203918457 0.045865606516599655
1638453757805476904 1.5490496158599854 -3.122819662094116 0.0 0.0 0.0 -0.9989407062530518 0.04601553454995155
1638453757941476822 1.5362714529037476 -3.1239988803863525 0.0 0.0 0.0 -0.9989343285560608 0.04615367203950882
163845375873476791 1.523115873336792 -3.12522029876709 0.0 0.0 0.0 -0.9989181160926819 0.04650353267788887
1638453758243476868 1.5049464702606201 -3.126924753189087 0.0 0.0 0.0 -0.9988977909088135 0.04693852737545967
1638453758377476931 1.4895501136779785 -3.128378391265869 0.0 0.0 0.0 -0.9988918304443359 0.04706522449851036
1638453758546476841 1.4690380096435547 -3.1303110122680664 0.0 0.0 0.0 -0.9988981485366821 0.04693102464079857
1638453758679476976 1.4519531726837158 -3.1319212913513184 0.0 0.0 0.0 -0.9989017844200134 0.046853743493556976
1638453758847476959 1.4303315877914429 -3.133948564529419 0.0 0.0 0.0 -0.9989250898361206 0.04635313153266907
1638453758994861126 1.4088082313537598 -3.135939359664917 0.0 0.0 0.0 -0.9989401698112488 0.04602779820561409
1638453759150861025 1.3884936571121216 -3.1378095149993896 0.0 0.0 0.0 -0.9989490509033203 0.04583500325679779
1638453759352860928 1.3624080419540405 -3.1402175426483154 0.0 0.0 0.0 -0.9989336729049683 0.04616807773709297
1638453759551861048 1.336575984954834 -3.142620325088501 0.0 0.0 0.0 -0.9989226460456848 0.04640660062432289
1638453759750860929 1.3104933500289917 -3.1450600624084473 0.0 0.0 0.0 -0.9989098310470581 0.04668155685067177
1638453759953860998 1.2826480865478516 -3.1476826667785645 0.0 0.0 0.0 -0.998889684677124 0.04711083322763443
163845376090861082 1.2636477947235107 -3.1494717597961426 0.0 0.0 0.0 -0.9989160299301147 0.04654818773269653
1638453760258861065 1.2402101755142212 -3.1516542434692383 0.0 0.0 0.0 -0.9989348649978638 0.04614200070500374
1638453760457860947 1.210668921470642 -3.154350757598877 0.0 0.0 0.0 -0.9989953637123108 0.04481383413076401
1638453760624861002 1.1857872009277344 -3.156583309173584 0.0 0.0 0.0 -0.9990100860595703 0.04448407515883446
1638453760825860977 1.155763030052185 -3.159278154373169 0.0 0.0 0.0 -0.9989838004112244 0.045070234686136246
1638453760994861126 1.1305568218231201 -3.1615748405456543 0.0 0.0 0.0 -0.9989639520645142 0.04550907015800476
1638453761195861101 1.1005128622055054 -3.164334297180176 0.0 0.0 0.0 -0.9989373087882996 0.04608912765979767
1638453761400861025 1.0701441764831543 -3.167154312133789 0.0 0.0 0.0 -0.9989191293716431 0.04648245498538017
1638453761586249828 1.045170783996582 -3.1694953441619873 0.0 0.0 0.0 -0.9988899230957031 0.047105949372053146
1638453761752249956 1.0205018520355225 -3.171830177307129 0.0 0.0 0.0 -0.9988844990730286 0.0472203828394413
1638453761886250019 1.000619888305664 -3.173703670501709 0.0 0.0 0.0 -0.9989055395126343 0.04677265137434006
163845376253249836 0.9757982492446899 -3.176037311553955 0.0 0.0 0.0 -0.9989068508148193 0.046745263040065765
1638453762187249899 0.9557642936706543 -3.17791748046875 0.0 0.0 0.0 -0.9989015460014343 0.046857792884111404
1638453762353250027 0.9310219287872314 -3.180281639099121 0.0 0.0 0.0 -0.9988455176353455 0.04803746938705444
1638453762486249924 0.9110690355300903 -3.182211399078369 0.0 0.0 0.0 -0.9988287687301636 0.048385392874479294
1638453762652249813 0.8863818049430847 -3.1846206188201904 0.0 0.0 0.0 -0.998813271522522 0.04870413988828659
1638453762785249949 0.8665829300880432 -3.186565637588501 0.0 0.0 0.0 -0.9987933039665222 0.049111586064100266
1638453762951249838 0.8420501947402954 -3.1889939308166504 0.0 0.0 0.0 -0.9987698793411255 0.049585938453674316
163845376386249828 0.8220776319503784 -3.190983295440674 0.0 0.0 0.0 -0.9987748265266418 0.049486398696899414
1638453763223249912 0.8016499876976013 -3.193000078201294 0.0 0.0 0.0 -0.9988048076629639 0.04887702688574791
1638453763390249968 0.7768117785453796 -3.195425510406494 0.0 0.0 0.0 -0.9988164305686951 0.04863865301012993
1638453763557250023 0.7519981861114502 -3.197842597961426 0.0 0.0 0.0 -0.9988171458244324 0.048623889684677124
1638453763756249905 0.7222231030464172 -3.2007553577423096 0.0 0.0 0.0 -0.9987881183624268 0.049216244369745255
1638453763940937996 0.6921504735946655 -3.2037453651428223 0.0 0.0 0.0 -0.9987677335739136 0.04962844401597977
1638453764139937878 0.6626607179641724 -3.206714630126953 0.0 0.0 0.0 -0.9987166523933411 0.05064592510461807
1638453764343937874 0.6323419213294983 -3.209787368774414 0.0 0.0 0.0 -0.9987231492996216 0.05051853135228157
1638453764477937937 0.6125490665435791 -3.2117931842803955 0.0 0.0 0.0 -0.9987273812294006 0.05043411999940872
1638453764642937899 0.5878962278366089 -3.214292526245117 0.0 0.0 0.0 -0.9987121224403381 0.05073545500636101
1638453764843937874 0.5576809644699097 -3.2173821926116943 0.0 0.0 0.0 -0.9986875653266907 0.05121619626879692
1638453764975937843 0.5369100570678711 -3.2195262908935547 0.0 0.0 0.0 -0.9986700415611267 0.05155763402581215
1638453765208937883 0.4996532201766968 -3.2234206199645996 0.0 0.0 0.0 -0.9986228346824646 0.052464187145233154
1638453765375937939 0.47319966554641724 -3.2262227535247803 0.0 0.0 0.0 -0.9985891580581665 0.0531013049185276
1638453765582937956 0.4404088258743286 -3.229748249053955 0.0 0.0 0.0 -0.9985564351081848 0.05371316522359848
1638453765747937918 0.41421395540237427 -3.232588529586792 0.0 0.0 0.0 -0.9985387325286865 0.05404087156057358
1638453765950937986 0.3820034861564636 -3.2360661029815674 0.0 0.0 0.0 -0.9985487461090088 0.053855057805776596
1638453766151937962 0.35009750723838806 -3.239534378051758 0.0 0.0 0.0 -0.9985286593437195 0.05422680452466011
1638453766285938025 0.32881176471710205 -3.24186372756958 0.0 0.0 0.0 -0.9984906911849976 0.05492135509848595
1638453766462631941 0.3020716607570648 -3.244840145111084 0.0 0.0 0.0 -0.9984304904937744 0.0560053214430809
1638453766630631924 0.2754133343696594 -3.2478647232055664 0.0 0.0 0.0 -0.998375415802002 0.056978777050971985
1638453766830631971 0.24373134970664978 -3.251513957977295 0.0 0.0 0.0 -0.9983429908752441 0.057543378323316574
1638453766998631954 0.21720775961875916 -3.2546021938323975 0.0 0.0 0.0 -0.9982942938804626 0.058382511138916016
1638453767133631945 0.19569027423858643 -3.257134199142456 0.0 0.0 0.0 -0.9982863068580627 0.05851889029145241
1638453767300632000 0.16937114298343658 -3.260227918624878 0.0 0.0 0.0 -0.9982879757881165 0.058490090072155
1638453767500631809 0.13749848306179047 -3.2639904022216797 0.0 0.0 0.0 -0.9982677102088928 0.05883508175611496
1638453767700631857 0.10568023473024368 -3.2677814960479736 0.0 0.0 0.0 -0.9982091784477234 0.059820517897605896
1638453767834631920 0.08432197570800781 -3.2703661918640137 0.0 0.0 0.0 -0.9981693029403687 0.06048176437616348
1638453768631809 0.058091990649700165 -3.2735652923583984 0.0 0.0 0.0 -0.9981344938278198 0.06105326861143112
1638453768200631857 0.026463577523827553 -3.2774503231048584 0.0 0.0 0.0 -0.9981281161308289 0.06115737929940224
1638453768400631905 0.0059914011508226395 -3.279982566833496 0.0 0.0 0.0 -0.9981048107147217 0.061536822468042374
1638453768601631880 0.005589507520198822 -3.280032157897949 0.0 0.0 0.0 -0.99809330701828 0.06172291189432144
1638453768734632015 0.005489008501172066 -3.2800443172454834 0.0 0.0 0.0 -0.9983112812042236 0.0580914169549942
1638453768902631998 0.005413525737822056 -3.280052661895752 0.0 0.0 0.0 -0.9988011717796326 0.048951443284749985
163845376940196180 0.005438744090497494 -3.28005051612854 0.0 0.0 0.0 -0.9992811679840088 0.03790896013379097
1638453769177196026 0.0053629507310688496 -3.280055046081543 0.0 0.0 0.0 -0.9997358322143555 0.022982914000749588
1638453769344196081 0.005211141426116228 -3.280057907104492 0.0 0.0 0.0 -0.9999991655349731 -0.0012994245626032352
1638453769511196136 0.005185834597796202 -3.280057430267334 0.0 0.0 0.0 -0.9996777772903442 -0.025383412837982178
1638453769643196106 0.005084911826997995 -3.2800495624542236 0.0 0.0 0.0 -0.9988487958908081 -0.04796980321407318
1638453769844196081 0.005035083740949631 -3.2800402641296387 0.0 0.0 0.0 0.9961641430854797 0.08750458061695099
163845377012196064 0.005059998016804457 -3.2800447940826416 0.0 0.0 0.0 0.9918702840805054 0.12725287675857544
1638453770148196220 0.005059406161308289 -3.2800467014312744 0.0 0.0 0.0 0.9862034916877747 0.165537491440773
1638453770350196123 0.005082339514046907 -3.280057668685913 0.0 0.0 0.0 0.9748285412788391 0.22295597195625305
1638453770482196093 0.005173100624233484 -3.280102491378784 0.0 0.0 0.0 0.9656832814216614 0.259722501039505
1638453770650196075 0.005237872712314129 -3.280142068862915 0.0 0.0 0.0 0.9514644145965576 0.30775880813598633
1638453770852196217 0.005336386617273092 -3.2802212238311768 0.0 0.0 0.0 0.9318453073501587 0.3628557622432709
163845377150196171 0.005423911847174168 -3.2803125381469727 0.0 0.0 0.0 0.909237802028656 0.416277140378952
1638453771185196161 0.005455818492919207 -3.2803516387939453 0.0 0.0 0.0 0.891686201095581 0.45265403389930725
1638453771353196144 0.00548410601913929 -3.280393600463867 0.0 0.0 0.0 0.8689494729042053 0.49490079283714294
1638453771555536985 0.005493357311934233 -3.2804174423217773 0.0 0.0 0.0 0.8386805057525635 0.5446237921714783
1638453771755537033 0.005468177609145641 -3.280346155166626 0.0 0.0 0.0 0.8057072162628174 0.5923140048980713
1638453771952537060 0.005424358882009983 -3.280174493789673 0.0 0.0 0.0 0.7702466249465942 0.6377461552619934
1638453772157536983 0.0053956289775669575 -3.2799739837646484 0.0 0.0 0.0 0.7312078475952148 0.6821547150611877
1638453772362537146 0.005396515596657991 -3.279898166656494 0.0 0.0 0.0 0.6902156472206116 0.7236037254333496
1638453772530537128 0.005398126319050789 -3.2798728942871094 0.0 0.0 0.0 0.6595927476882935 0.7516232132911682
1638453772700536966 0.005398108623921871 -3.2798728942871094 0.0 0.0 0.0 0.6586120128631592 0.7524827122688293
1638453772900537014 0.005388063844293356 -3.2799479961395264 0.0 0.0 0.0 0.6592845916748047 0.7518935203552246
1638453773104537010 0.005378516390919685 -3.2800230979919434 0.0 0.0 0.0 0.6661712527275085 0.7457988262176514
1638453773304537058 0.005378526169806719 -3.2800230979919434 0.0 0.0 0.0 0.673413097858429 0.7392663955688477
1638453773471537113 0.005378438625484705 -3.2800230979919434 0.0 0.0 0.0 0.6794663667678833 0.7337066531181335
1638453773636537075 0.0053802598267793655 -3.2799978256225586 0.0 0.0 0.0 0.6810438632965088 0.7322425842285156
1638453773804537058 0.005380256101489067 -3.2799978256225586 0.0 0.0 0.0 0.681115984916687 0.7321755290031433
16384537741860857 0.005490242037922144 -3.2784576416015625 0.0 0.0 0.0 0.6814574599266052 0.7318577170372009
1638453774133860826 0.005659566726535559 -3.2760844230651855 0.0 0.0 0.0 0.6814942955970764 0.7318234443664551
1638453774299860954 0.0059810057282447815 -3.2715904712677 0.0 0.0 0.0 0.6814908385276794 0.7318266034126282
1638453774498860836 0.00639356579631567 -3.2657835483551025 0.0 0.0 0.0 0.6816698908805847 0.7316598296165466
1638453774730860949 0.006871560588479042 -3.2590677738189697 0.0 0.0 0.0 0.6815819144248962 0.7317417860031128
1638453774896860838 0.0072108167223632336 -3.2542707920074463 0.0 0.0 0.0 0.68178391456604 0.7315536141395569
163845377528861046 0.0075243692845106125 -3.2498271465301514 0.0 0.0 0.0 0.6816809177398682 0.73164963722229
1638453775193861008 0.00797522533684969 -3.2434139251708984 0.0 0.0 0.0 0.6818454265594482 0.731496274471283
1638453775394860983 0.008610556833446026 -3.234375238418579 0.0 0.0 0.0 0.6819210648536682 0.7314257621765137
1638453775593860865 0.00930343009531498 -3.2245032787323 0.0 0.0 0.0 0.6817378997802734 0.7315964698791504
1638453775727860928 0.00976760033518076 -3.2179391384124756 0.0 0.0 0.0 0.6818332672119141 0.7315075993537903
1638453775960860968 0.01059449091553688 -3.2062747478485107 0.0 0.0 0.0 0.681609034538269 0.7317165732383728
1638453776128860950 0.011259454302489758 -3.196882486343384 0.0 0.0 0.0 0.6815685629844666 0.7317543029785156
1638453776294860840 0.011948970146477222 -3.187086343765259 0.0 0.0 0.0 0.6818957924842834 0.7314493656158447
1638453776503290892 0.012780251912772655 -3.175194025039673 0.0 0.0 0.0 0.6821081042289734 0.7312513589859009
1638453776639291048 0.013341098092496395 -3.1671650409698486 0.0 0.0 0.0 0.6821668744087219 0.7311965227127075
1638453776805290937 0.014027932658791542 -3.1572670936584473 0.0 0.0 0.0 0.6821385025978088 0.7312229871749878
1638453776941290855 0.014586000703275204 -3.149186849594116 0.0 0.0 0.0 0.6824872493743896 0.7308974862098694
1638453777141290903 0.015398847870528698 -3.1373188495635986 0.0 0.0 0.0 0.682732105255127 0.7306687831878662
1638453777339290857 0.01620233990252018 -3.125525951385498 0.0 0.0 0.0 0.6827649474143982 0.7306380867958069
1638453777538290977 0.017018809914588928 -3.113582134246826 0.0 0.0 0.0 0.6826162338256836 0.7307770252227783
1638453777707290888 0.01771092228591442 -3.1035068035125732 0.0 0.0 0.0 0.6824081540107727 0.7309713363647461
1638453777907290936 0.018524646759033203 -3.0916640758514404 0.0 0.0 0.0 0.6823778748512268 0.7309996485710144
163845377843290854 0.019081084057688713 -3.0835330486297607 0.0 0.0 0.0 0.682463526725769 0.730919599533081
1638453778176290989 0.01961638778448105 -3.0757558345794678 0.0 0.0 0.0 0.6825295686721802 0.7308579683303833
1638453778345290899 0.020297901704907417 -3.0658068656921387 0.0 0.0 0.0 0.6824725270271301 0.7309112548828125
1638453778477290869 0.02083110250532627 -3.057978630065918 0.0 0.0 0.0 0.6826567649841309 0.730739176273346
1638453778646291018 0.02150767482817173 -3.0480546951293945 0.0 0.0 0.0 0.6827144622802734 0.730685293674469
1638453778846290827 0.022303970530629158 -3.0363121032714844 0.0 0.0 0.0 0.6828877329826355 0.7305233478546143
16384537795846024 0.022975431755185127 -3.026336908340454 0.0 0.0 0.0 0.683037281036377 0.7303835153579712
1638453779205846071 0.023765573278069496 -3.0145180225372314 0.0 0.0 0.0 0.6829988956451416 0.730419397354126
1638453779405846119 0.024549536406993866 -3.002774953842163 0.0 0.0 0.0 0.6830176711082458 0.7304018139839172
1638453779571846008 0.025207005441188812 -2.9929258823394775 0.0 0.0 0.0 0.6831728219985962 0.7302567362785339
1638453779736845970 0.02585696242749691 -2.983177900314331 0.0 0.0 0.0 0.6832502484321594 0.7301842570304871
1638453779937845945 0.02664945088326931 -2.9712579250335693 0.0 0.0 0.0 0.6834799647331238 0.7299692630767822
1638453780104846001 0.02730034850537777 -2.9613828659057617 0.0 0.0 0.0 0.6835012435913086 0.7299493551254272
1638453780304846048 0.02808198146522045 -2.94948673248291 0.0 0.0 0.0 0.6834303736686707 0.7300156950950623
1638453780509845972 0.02887529507279396 -2.937363386154175 0.0 0.0 0.0 0.6836260557174683 0.7298324108123779
1638453780709846020 0.02964756079018116 -2.9254672527313232 0.0 0.0 0.0 0.6837148070335388 0.729749321937561
1638453780909846067 0.0304196085780859 -2.913520336151123 0.0 0.0 0.0 0.6838523149490356 0.7296204566955566
163845378176846123 0.03106294572353363 -2.903543472290039 0.0 0.0 0.0 0.6840043067932129 0.7294779419898987
1638453781243845940 0.03171280771493912 -2.8935415744781494 0.0 0.0 0.0 0.6839046478271484 0.7295714020729065
1638453781377846003 0.03222924843430519 -2.885610818862915 0.0 0.0 0.0 0.6835206747055054 0.7299311757087708
1638453781584398031 0.033020421862602234 -2.8735127449035645 0.0 0.0 0.0 0.6835870146751404 0.72986900806427
1638453781752398014 0.03375796228647232 -2.862375020980835 0.0 0.0 0.0 0.6833481192588806 0.7300927042961121
1638453781954398155 0.034764934331178665 -2.847222089767456 0.0 0.0 0.0 0.6832274794578552 0.7302055954933167
1638453782153398037 0.03588736802339554 -2.8303518295288086 0.0 0.0 0.0 0.6833136081695557 0.7301249504089355
1638453782358398199 0.03718031197786331 -2.810854911804199 0.0 0.0 0.0 0.6832852363586426 0.7301515340805054
1638453782492398024 0.03805481642484665 -2.797621011734009 0.0 0.0 0.0 0.6839877367019653 0.7294935584068298
1638453782663398027 0.03905240818858147 -2.7806923389434814 0.0 0.0 0.0 0.6885712742805481 0.7251686453819275
1638453782836398125 0.039801012724637985 -2.7634212970733643 0.0 0.0 0.0 0.6945496201515198 0.7194448113441467
16384537833398180 0.04025127738714218 -2.746824026107788 0.0 0.0 0.0 0.7003967761993408 0.7137537002563477
1638453783203398228 0.04042312502861023 -2.726778984069824 0.0 0.0 0.0 0.7077120542526245 0.7065010070800781
1638453783407398224 0.04018476605415344 -2.7063040733337402 0.0 0.0 0.0 0.713965117931366 0.700181245803833
1638453783611398220 0.03974180296063423 -2.6859843730926514 0.0 0.0 0.0 0.7149965167045593 0.6991280317306519
1638453783778398037 0.03936467692255974 -2.669283390045166 0.0 0.0 0.0 0.7151080369949341 0.6990139484405518
1638453783981398106 0.038901858031749725 -2.6490402221679688 0.0 0.0 0.0 0.7152737379074097 0.6988443732261658
1638453784159636974 0.03849894553422928 -2.6316819190979004 0.0 0.0 0.0 0.7152938842773438 0.6988237500190735
1638453784292636871 0.03819505497813225 -2.6185998916625977 0.0 0.0 0.0 0.715327262878418 0.6987895965576172
1638453784525636911 0.03761542961001396 -2.5940046310424805 0.0 0.0 0.0 0.7155767679214478 0.6985340714454651
1638453784691637039 0.037152957171201706 -2.574470281600952 0.0 0.0 0.0 0.715417742729187 0.6986969709396362
1638453784889636993 0.036537375301122665 -2.5498762130737305 0.0 0.0 0.0 0.7160540819168091 0.6980448365211487
163845378558636904 0.03595877066254616 -2.5278637409210205 0.0 0.0 0.0 0.7166075110435486 0.6974766254425049
1638453785260637045 0.03523614630103111 -2.501626491546631 0.0 0.0 0.0 0.7171050906181335 0.6969650387763977
1638453785458636999 0.0344933457672596 -2.4757442474365234 0.0 0.0 0.0 0.7173238396644592 0.696739912033081
1638453785592636824 0.03398678079247475 -2.4583377838134766 0.0 0.0 0.0 0.7173036932945251 0.6967606544494629
1638453785727636814 0.03348284214735031 -2.4409565925598145 0.0 0.0 0.0 0.7172412276268005 0.6968249678611755
1638453785894636869 0.03285486251115799 -2.4193506240844727 0.0 0.0 0.0 0.7172829508781433 0.6967819929122925
163845378627637005 0.032350052148103714 -2.4022226333618164 0.0 0.0 0.0 0.7176432013511658 0.6964109539985657
1638453786193636894 0.03170466423034668 -2.3807942867279053 0.0 0.0 0.0 0.7175995707511902 0.6964559555053711
1638453786395637035 0.030916642397642136 -2.3546602725982666 0.0 0.0 0.0 0.7176297307014465 0.6964248418807983
1638453786528636932 0.030386248603463173 -2.3373050689697266 0.0 0.0 0.0 0.7179480791091919 0.696096658706665
1638453786741031885 0.029544390738010406 -2.310387372970581 0.0 0.0 0.0 0.7184313535690308 0.6955978274345398
1638453786908031940 0.02883368916809559 -2.288707971572876 0.0 0.0 0.0 0.7186941504478455 0.6953263282775879
163845378742032003 0.02825038880109787 -2.2712533473968506 0.0 0.0 0.0 0.7189339399337769 0.695078432559967
1638453787208031893 0.02752395160496235 -2.2493464946746826 0.0 0.0 0.0 0.7185403108596802 0.6954852938652039
1638453787407031775 0.026620546355843544 -2.221747398376465 0.0 0.0 0.0 0.718587338924408 0.6954367160797119
1638453787574031830 0.0258624367415905 -2.1986258029937744 0.0 0.0 0.0 0.7184247970581055 0.6956046223640442
1638453787755031824 0.02503667026758194 -2.1729488372802734 0.0 0.0 0.0 0.7180511951446533 0.695990264415741
1638453787955031872 0.024093281477689743 -2.14302134513855 0.0 0.0 0.0 0.718174397945404 0.6958631873130798
1638453788156031847 0.023106200620532036 -2.1124114990234375 0.0 0.0 0.0 0.7185596227645874 0.6954653859138489
1638453788289031982 0.02241268940269947 -2.091111183166504 0.0 0.0 0.0 0.7185481190681458 0.6954772472381592
1638453788456031799 0.021549608558416367 -2.0643210411071777 0.0 0.0 0.0 0.7182565331459045 0.6957783699035645
1638453788658031940 0.020530980080366135 -2.0319392681121826 0.0 0.0 0.0 0.7178778052330017 0.6961691379547119
1638453788860031843 0.01951737143099308 -1.9985194206237793 0.0 0.0 0.0 0.7176477313041687 0.6964063048362732
163845378926031971 0.018702294677495956 -1.9706642627716064 0.0 0.0 0.0 0.7174924612045288 0.6965662837028503
1638453789190357208 0.017886504530906677 -1.942707896232605 0.0 0.0 0.0 0.7173604369163513 0.696702241897583
1638453789358357191 0.017070341855287552 -1.9142704010009766 0.0 0.0 0.0 0.7171608209609985 0.6969076991081238
1638453789557357073 0.016085797920823097 -1.8804948329925537 0.0 0.0 0.0 0.7176225781440735 0.6964322328567505
1638453789693356991 0.015399283729493618 -1.857421636581421 0.0 0.0 0.0 0.7177165150642395 0.6963354349136353
1638453789858357191 0.014573364518582821 -1.8293895721435547 0.0 0.0 0.0 0.7172154188156128 0.6968515515327454
163845379057357073 0.013604786247015 -1.7957909107208252 0.0 0.0 0.0 0.717239499092102 0.696826696395874
1638453790225357056 0.012790560722351074 -1.7675813436508179 0.0 0.0 0.0 0.7171666622161865 0.6969016790390015
1638453790393357038 0.01199099887162447 -1.7391941547393799 0.0 0.0 0.0 0.7169961333274841 0.6970771551132202
1638453790592357159 0.011039817705750465 -1.705367088317871 0.0 0.0 0.0 0.717086136341095 0.696984589099884
1638453790758357048 0.01021792832762003 -1.6772336959838867 0.0 0.0 0.0 0.7175400853157043 0.6965172290802002
1638453790958357096 0.009187404066324234 -1.6432318687438965 0.0 0.0 0.0 0.7177420854568481 0.6963090896606445
1638453791156357050 0.008159859105944633 -1.6097360849380493 0.0 0.0 0.0 0.7179599404335022 0.6960844397544861
1638453791356357098 0.007121700327843428 -1.57624089717865 0.0 0.0 0.0 0.7181063294410706 0.6959334015846252
1638453791490357161 0.0063998084515333176 -1.55364990234375 0.0 0.0 0.0 0.718420684337616 0.695608913898468
1638453791646304131 0.00545247457921505 -1.5252671241760254 0.0 0.0 0.0 0.7190974950790405 0.6949092149734497
1638453791846303940 0.004278258886188269 -1.491269826889038 0.0 0.0 0.0 0.7193759083747864 0.6946209669113159
163845379249304008 0.0030376131180673838 -1.4568697214126587 0.0 0.0 0.0 0.7202380299568176 0.6937270164489746
1638453792185303926 0.0021647734101861715 -1.433802843093872 0.0 0.0 0.0 0.7204105854034424 0.693547785282135
1638453792351304054 0.0010842616902664304 -1.4056274890899658 0.0 0.0 0.0 0.7203269600868225 0.6936346888542175
1638453792550303936 -0.00016027659876272082 -1.3720380067825317 0.0 0.0 0.0 0.7200659513473511 0.6939056515693665
1638453792750303984 -0.001403263071551919 -1.3383723497390747 0.0 0.0 0.0 0.7198697924613953 0.6941090822219849
1638453792951303959 -0.002627978101372719 -1.3043262958526611 0.0 0.0 0.0 0.7196466326713562 0.6943404674530029
1638453793185303926 -0.004087380599230528 -1.2646912336349487 0.0 0.0 0.0 0.7202597260475159 0.6937044858932495
1638453793388303995 -0.0053791175596416 -1.230318307876587 0.0 0.0 0.0 0.719947874546051 0.6940281391143799
1638453793588304043 -0.00660261744633317 -1.196474552154541 0.0 0.0 0.0 0.7195506691932678 0.6944399476051331
1638453793787303925 -0.007780473213642836 -1.1629586219787598 0.0 0.0 0.0 0.7193117737770081 0.6946873664855957
1638453793985304117 -0.008953618817031384 -1.1296197175979614 0.0 0.0 0.0 0.7195005416870117 0.6944918632507324
1638453794195897818 -0.0101549057289958 -1.0954208374023438 0.0 0.0 0.0 0.7196325659751892 0.6943550705909729
1638453794331897974 -0.010998410172760487 -1.0722010135650635 0.0 0.0 0.0 0.7198517322540283 0.6941278576850891
1638453794497897863 -0.012032244354486465 -1.0440744161605835 0.0 0.0 0.0 0.7200400233268738 0.6939325332641602
1638453794699898005 -0.013279716484248638 -1.0098519325256348 0.0 0.0 0.0 0.7195260524749756 0.6944654583930969
1638453794900897980 -0.014461815357208252 -0.9759308695793152 0.0 0.0 0.0 0.7192607522010803 0.6947402358055115
1638453795103897810 -0.01561388373374939 -0.9417808651924133 0.0 0.0 0.0 0.7186145186424255 0.6954086422920227
1638453795306897879 -0.016720207408070564 -0.9075534343719482 0.0 0.0 0.0 0.718186616897583 0.6958505511283875
1638453795477897882 -0.017643606290221214 -0.8785114884376526 0.0 0.0 0.0 0.7183892726898193 0.6956413388252258
1638453795646898031 -0.018596120178699493 -0.8498502969741821 0.0 0.0 0.0 0.7188254594802856 0.6951906085014343
1638453795845897913 -0.01980084553360939 -0.8159047961235046 0.0 0.0 0.0 0.7198183536529541 0.6941624879837036
163845379683897829 -0.021264199167490005 -0.7757633328437805 0.0 0.0 0.0 0.7196516990661621 0.6943352222442627
1638453796250897884 -0.022253455594182014 -0.7476859092712402 0.0 0.0 0.0 0.7191024422645569 0.694904088973999
1638453796448897839 -0.023407980799674988 -0.7142198085784912 0.0 0.0 0.0 0.7191431522369385 0.6948619484901428
1638453796633381128 -0.024381713941693306 -0.6855846643447876 0.0 0.0 0.0 0.719028890132904 0.6949802041053772
1638453796800381184 -0.025356978178024292 -0.657278835773468 0.0 0.0 0.0 0.7191677093505859 0.6948364973068237
1638453796934381008 -0.026154112070798874 -0.6345891356468201 0.0 0.0 0.0 0.7196679711341858 0.694318413734436
1638453797103381157 -0.02718840166926384 -0.605930745601654 0.0 0.0 0.0 0.7197365164756775 0.6942473649978638
1638453797268381119 -0.02820773422718048 -0.5780569314956665 0.0 0.0 0.0 0.719963550567627 0.6940118670463562
1638453797434381008 -0.029255874454975128 -0.5500069856643677 0.0 0.0 0.0 0.7203319668769836 0.6936295032501221
1638453797602380991 -0.03032580204308033 -0.5217551589012146 0.0 0.0 0.0 0.720505952835083 0.6934487819671631
1638453797736381054 -0.031190596520900726 -0.4992959201335907 0.0 0.0 0.0 0.7209571599960327 0.692979633808136
1638453797936381102 -0.03256275877356529 -0.46525537967681885 0.0 0.0 0.0 0.7212366461753845 0.6926887035369873
1638453798103381157 -0.03373294323682785 -0.4368302524089813 0.0 0.0 0.0 0.7216877341270447 0.6922187209129333
1638453798305381060 -0.03519939258694649 -0.4026416838169098 0.0 0.0 0.0 0.7221577763557434 0.6917283535003662
1638453798438381195 -0.03617320582270622 -0.38006022572517395 0.0 0.0 0.0 0.7223235368728638 0.6915552616119385
1638453798606381178 -0.037396904081106186 -0.35178932547569275 0.0 0.0 0.0 0.7223526239395142 0.6915249228477478
1638453798738381147 -0.03835514932870865 -0.32956188917160034 0.0 0.0 0.0 0.7221002578735352 0.6917884349822998
1638453798903381109 -0.03952178359031677 -0.3017699420452118 0.0 0.0 0.0 0.7215778231620789 0.6923333406448364
163845379939381027 -0.04046536237001419 -0.2788071930408478 0.0 0.0 0.0 0.7216460108757019 0.6922622919082642
1638453799214974880 -0.04187827557325363 -0.24497096240520477 0.0 0.0 0.0 0.7218909859657288 0.6920068264007568
1638453799446974993 -0.04353012517094612 -0.20567286014556885 0.0 0.0 0.0 0.7216612696647644 0.6922463178634644
1638453799646975040 -0.04491463676095009 -0.17178483307361603 0.0 0.0 0.0 0.7211353182792664 0.6927942633628845
1638453799844974995 -0.04621635749936104 -0.1384000927209854 0.0 0.0 0.0 0.7204319834709167 0.6935256123542786
163845380050975084 -0.04755115509033203 -0.103826142847538 0.0 0.0 0.0 0.7204698324203491 0.6934863328933716
1638453800183974981 -0.04841655120253563 -0.08118961751461029 0.0 0.0 0.0 0.7206220626831055 0.6933280825614929
1638453800384974957 -0.049774765968322754 -0.04709785431623459 0.0 0.0 0.0 0.7214314341545105 0.6924858689308167
1638453800583975077 -0.051208462566137314 -0.013363861478865147 0.0 0.0 0.0 0.7223061323165894 0.691573441028595
1638453800752974987 -0.05169547349214554 -0.0022124783135950565 0.0 0.0 0.0 0.7226072549819946 0.6912588477134705
1638453800951974869 -0.05169772729277611 -0.0021619070321321487 0.0 0.0 0.0 0.7227889895439148 0.6910687685012817
1638453801151974916 -0.05170782655477524 -0.0019343348685652018 0.0 0.0 0.0 0.721924901008606 0.6919714212417603
1638453801355974913 -0.05171109735965729 -0.0018584707286208868 0.0 0.0 0.0 0.7132822871208191 0.7008768320083618
1638453801557465076 -0.05171315744519234 -0.0019850062672048807 0.0 0.0 0.0 0.6968365907669067 0.717229962348938
1638453801757465124 -0.05171101912856102 -0.0019090428249910474 0.0 0.0 0.0 0.6704757213592529 0.7419314384460449
1638453801990465164 -0.05172394961118698 -0.0019837094005197287 0.0 0.0 0.0 0.6261295676231384 0.7797190546989441
1638453802124464989 -0.051731597632169724 -0.002007858594879508 0.0 0.0 0.0 0.5951367020606995 0.8036245107650757
1638453802291465044 -0.05178343877196312 -0.0021505551412701607 0.0 0.0 0.0 0.549196183681488 0.8356934785842896
1638453802494465113 -0.0518643856048584 -0.0023080247920006514 0.0 0.0 0.0 0.4900204539299011 0.8717109560966492
1638453802693464994 -0.051791001111269 -0.002205147407948971 0.0 0.0 0.0 0.43116286396980286 0.9022741317749023
1638453802894464970 -0.0517735481262207 -0.0021867407485842705 0.0 0.0 0.0 0.36837148666381836 0.9296786785125732
163845380392465162 -0.05161568522453308 -0.0020602368749678135 0.0 0.0 0.0 0.3063379228115082 0.9519228339195251
1638453803291465044 -0.051594328135252 -0.0020466267596930265 0.0 0.0 0.0 0.2423195242881775 0.9701964855194092
1638453803493464947 -0.05157117545604706 -0.0020365705713629723 0.0 0.0 0.0 0.17633570730686188 0.9843300580978394
1638453803660465002 -0.05157041922211647 -0.002038798062130809 0.0 0.0 0.0 0.12065353244543076 0.9926946759223938
1638453803829465151 -0.0514221265912056 -0.002006078138947487 0.0 0.0 0.0 0.0939362496137619 0.9955782294273376
163845380495278978 -0.0514221265912056 -0.0020060816314071417 0.0 0.0 0.0 0.09396694600582123 0.9955753087997437
1638453804294278860 -0.0514221265912056 -0.0020060816314071417 0.0 0.0 0.0 0.09389527142047882 0.995582103729248
1638453804494278908 -0.0514221265912056 -0.0020060783717781305 0.0 0.0 0.0 0.09398413449525833 0.9955736994743347
1638453804694278955 -0.0514221228659153 -0.0020060858223587275 0.0 0.0 0.0 0.0937274843454361 0.9955978989601135
1638453804893279076 -0.0514221265912056 -0.0020060790702700615 0.0 0.0 0.0 0.09401349723339081 0.9955708980560303
1638453805126278877 -0.05139726400375366 -0.00200134189799428 0.0 0.0 0.0 0.09401571750640869 0.995570719242096
1638453805324279070 -0.0514221265912056 -0.0020060769747942686 0.0 0.0 0.0 0.09395337104797363 0.9955766201019287
1638453805526278973 -0.0514221265912056 -0.0020060797687619925 0.0 0.0 0.0 0.09408095479011536 0.9955645799636841
1638453805692278862 -0.0514221265912056 -0.002006079303100705 0.0 0.0 0.0 0.0942407101392746 0.9955494403839111
1638453805827279091 -0.0514221265912056 -0.0020060716196894646 0.0 0.0 0.0 0.09397190064191818 0.9955748319625854
1638453805993278980 -0.05139726400375366 -0.0020013388711959124 0.0 0.0 0.0 0.09398965537548065 0.9955731630325317
1638453806195278883 -0.0514221265912056 -0.002006079303100705 0.0 0.0 0.0 0.094023197889328 0.9955700039863586
1638453806394279003 -0.0514221265912056 -0.0020060832612216473 0.0 0.0 0.0 0.09411410987377167 0.995561420917511
1638453806561279058 -0.0514221265912056 -0.0020060825627297163 0.0 0.0 0.0 0.09399091452360153 0.9955730438232422
1638453806746786833 -0.05139726400375366 -0.0020013467874377966 0.0 0.0 0.0 0.09406355023384094 0.995566189289093
1638453806947787046 0.022528247215726223 0.0328739812192434 -0.004093148359062422 -0.0005287790102204637 -0.0014319146123199665 0.07226743282384235 0.9973841185564161
1638453807149786949 0.09139830585634717 0.06531558166364966 -0.00790175590803622 -0.001020311981582054 -0.0027631636913026418 0.051960447343397 0.9986447802508714
1638453807383786917 0.09139830581711425 0.06531558119964441 -0.007901755907444552 -0.0010202024885334682 -0.0027632042120284087 0.0519208660054217 0.9986468683666423
1638453807558786869 0.09139830581711425 0.06531558119964441 -0.007901755907444552 -0.0010201975967795171 -0.0027632060560241 0.05191909425654262 0.9986469725724795
1638453807690786839 0.09139830573864843 0.06531558027163394 -0.007901755906261217 -0.0010202197276510908 -0.00276319781753938 0.051927099367641345 0.9986465348354806
1638453807891787052 0.09142347837363446 0.06531820283937652 -0.007901618902436472 -0.0010201796364978479 -0.002763212642023324 0.051912607800932715 0.9986472954232913
163845380857786942 0.09139830546401806 0.06531557702359725 -0.00790175590211954 -0.00102024997166431 -0.0027631866979447774 0.05193802510482207 0.9986459817169605
1638453808223787069 0.09139830546401809 0.06531557702359725 -0.00790175590211954 -0.0010202498019786519 -0.002763186743006 0.051937965553436126 0.998645979203937
1638453808390786886 0.09139830564056615 0.06531557911162084 -0.007901755904782046 -0.0010203463139821568 -0.0027631511227041183 0.0519728445595036 0.9986441699127827
1638453808660786867 0.0913983061113611 0.06531558467968372 -0.007901755911882063 -0.0010200720683440057 -0.0027632522882757573 0.05187373866171249 0.9986492942784442
