1638453106961461235 0.0 0.0 0.0 0.0 0.0 0.0 1.0
1638453107162169593 -0.006641387939453125 0.00104522705078125 0.0 0.0 0.0 -0.00012293655890971422 1.0
1638453107362987692 -0.00156402587890625 0.00222015380859375 0.0 0.0 0.0 0.0006559851462952793 0.9999997615814209
1638453107563578132 -0.0017242431640625 -0.000102996826171875 0.0 0.0 0.0 0.0010035143932327628 0.9999995231628418
1638453107766924606 -0.00177764892578125 0.00286102294921875 0.0 0.0 0.0 -0.001674087019637227 0.9999985694885254
1638453108165445650 -0.003253936767578125 0.000946044921875 0.0 0.0 0.0 -0.0013908460969105363 0.9999990463256836
1638453108366255051 -0.00313568115234375 0.002044677734375 0.0 0.0 0.0 -0.0010477619944140315 0.999999463558197
1638453108566835334 -0.00626373291015625 -0.000568389892578125 0.0 0.0 0.0 2.341772778891027e-05 1.0
1638453108767384211 -0.006076812744140625 -0.003101348876953125 0.0 0.0 0.0 0.0005843985709361732 0.9999998211860657
1638453108968114757 -0.00146484375 0.001880645751953125 0.0 0.0 0.0 -0.00030842621345072985 0.9999999403953552
1638453109168740613 -0.00106048583984375 0.00244903564453125 0.0 0.0 0.0 -0.0013000087346881628 0.9999991655349731
1638453109369511368 -0.00490570068359375 0.000640869140625 0.0 0.0 0.0 -0.0008544046431779861 0.9999996423721313
1638453109570172538 -0.00206756591796875 0.00193023681640625 0.0 0.0 0.0 -0.0002616961719468236 0.9999999403953552
1638453109770872979 -0.004581451416015625 0.001209259033203125 0.0 0.0 0.0 -0.0021132533438503742 0.9999977946281433
1638453109971636547 -0.006610870361328125 -0.00138092041015625 0.0 0.0 0.0 0.0007926793186925352 0.9999997019767761
1638453110172192402 -0.00067138671875 -0.00176239013671875 0.0 0.0 0.0 -0.0005177577259019017 0.9999998807907104
1638453110372834041 -0.00313568115234375 0.00070953369140625 0.0 0.0 0.0 -0.0010353642283007503 0.999999463558197
1638453110576181504 0.007946014404296875 0.001861572265625 0.0 0.0 0.0 0.0001607307931408286 1.0
1638453110974648745 0.00693511962890625 0.001659393310546875 0.0 0.0 0.0 -0.0003882964374497533 0.9999999403953552
1638453111175210122 0.02407073974609375 0.000133514404296875 0.0 0.0 0.0 -0.004520074930042028 0.9999898076057434
1638453111375807697 0.03232574462890625 0.00807952880859375 0.0 0.0 0.0 -0.00512445904314518 0.9999868869781494
1638453111576477148 0.040111541748046875 0.005138397216796875 0.0 0.0 0.0 -0.0032669566571712494 0.9999946355819702
1638453111777094046 0.048389434814453125 -0.0013885498046875 0.0 0.0 0.0 -0.0019473142456263304 0.9999980926513672
1638453111977801623 0.058277130126953125 0.00439453125 0.0 0.0 0.0 -0.0024282035883516073 0.999997079372406
1638453112178432011 0.07007980346679688 -0.001361846923828125 0.0 0.0 0.0 -0.002556233899667859 0.9999967217445374
1638453112379019794 0.07958221435546875 -0.000438690185546875 0.0 0.0 0.0 -0.0024599130265414715 0.9999969601631165
1638453112579796487 0.090423583984375 0.001995086669921875 0.0 0.0 0.0 -0.0028764288872480392 0.9999958872795105
1638453112780488959 0.09542083740234375 0.003002166748046875 0.0 0.0 0.0 -0.0018571922555565834 0.9999982714653015
1638453112981278569 0.12467193603515625 -0.00041961669921875 0.0 0.0 0.0 -0.001389415585435927 0.9999990463256836
1638453113181905259 0.13689422607421875 0.00032806396484375 0.0 0.0 0.0 -0.0013155059423297644 0.9999991059303284
1638453113382616325 0.15122222900390625 0.00196075439453125 0.0 0.0 0.0 -0.004310268443077803 0.999990701675415
1638453113583388174 0.17087936401367188 -0.00531768798828125 0.0 0.0 0.0 -0.0028900187462568283 0.9999958276748657
1638453113784072365 0.18828582763671875 -0.003429412841796875 0.0 0.0 0.0 -0.0053137606009840965 0.9999858736991882
1638453113984701139 0.20830535888671875 -0.002704620361328125 0.0 0.0 0.0 -0.006164900958538055 0.9999809861183167
1638453114185135742 0.22757720947265625 -0.003326416015625 0.0 0.0 0.0 -0.004715814255177975 0.999988853931427
1638453114385811912 0.24385833740234375 -0.00168609619140625 0.0 0.0 0.0 -0.0067819152027368546 0.9999769926071167
1638453114586738451 0.2658805847167969 -0.00337982177734375 0.0 0.0 0.0 -0.002985385712236166 0.9999955296516418
1638453114787363579 0.2843132019042969 -0.00621795654296875 0.0 0.0 0.0 -0.002644686959683895 0.9999964833259583
1638453114988102354 0.304046630859375 -0.003124237060546875 0.0 0.0 0.0 -0.005602958146482706 0.9999843239784241
1638453115188776909 0.32425689697265625 -0.00580596923828125 0.0 0.0 0.0 -0.005297310184687376 0.9999859929084778
1638453115389464798 0.35286712646484375 -0.00579071044921875 0.0 0.0 0.0 -0.004408019129186869 0.9999902844429016
1638453115590348263 0.36730194091796875 -0.004825592041015625 0.0 0.0 0.0 -0.000863226130604744 0.9999996423721313
1638453115791010787 0.3914070129394531 -0.0041351318359375 0.0 0.0 0.0 -0.004214186687022448 0.9999911189079285
1638453115991720760 0.41355133056640625 -0.00774383544921875 0.0 0.0 0.0 -0.003232624614611268 0.9999947547912598
1638453116192477921 0.43323516845703125 -0.00826263427734375 0.0 0.0 0.0 -0.0009173471480607986 0.9999995827674866
1638453116393144351 0.4603271484375 -0.0078582763671875 0.0 0.0 0.0 -0.003538752207532525 0.9999937415122986
1638453116593712186 0.4811515808105469 -0.0087127685546875 0.0 0.0 0.0 -0.0021616523154079914 0.9999976754188538
1638453116794291376 0.5037956237792969 -0.0100250244140625 0.0 0.0 0.0 -0.00039234955329447985 0.9999999403953552
1638453116994968848 0.5228347778320312 -0.009403228759765625 0.0 0.0 0.0 -0.0006360132829286158 0.9999998211860657
1638453117195699758 0.5423355102539062 -0.008686065673828125 0.0 0.0 0.0 -0.0012876109685748816 0.9999991655349731
1638453117396148946 0.5666007995605469 -0.012958526611328125 0.0 0.0 0.0 -0.0033885494340211153 0.9999942779541016
1638453117596602091 0.5876655578613281 -0.01042938232421875 0.0 0.0 0.0 -0.004485743120312691 0.999989926815033
1638453117797158364 0.6095771789550781 -0.0123138427734375 0.0 0.0 0.0 -5.5940941820153967e-05 1.0
1638453117997919900 0.6285285949707031 -0.011524200439453125 0.0 0.0 0.0 -0.0013481691712513566 0.9999991059303284
1638453118198643466 0.6524772644042969 -0.010959625244140625 0.0 0.0 0.0 -0.0014785840176045895 0.999998927116394
1638453118399284532 0.6746711730957031 -0.01239776611328125 0.0 0.0 0.0 -0.0035895351320505142 0.9999935626983643
1638453118599825491 0.6962394714355469 -0.012088775634765625 0.0 0.0 0.0 -0.004254717379808426 0.9999909400939941
1638453118800509630 0.7256851196289062 -0.0125732421875 0.0 0.0 0.0 -0.0036841866094619036 0.9999932050704956
1638453119001154185 0.7482109069824219 -0.01214599609375 0.0 0.0 0.0 -0.0058335051871836185 0.999983012676239
1638453119201821970 0.7657051086425781 -0.013523101806640625 0.0 0.0 0.0 -0.0037487975787371397 0.9999929666519165
1638453119402419753 0.7925949096679688 -0.0114288330078125 0.0 0.0 0.0 -0.00791675690561533 0.9999686479568481
1638453119603054829 0.8077163696289062 -0.01267242431640625 0.0 0.0 0.0 -0.0055376323871314526 0.9999846816062927
1638453119803727145 0.8292350769042969 -0.013622283935546875 0.0 0.0 0.0 -0.006308187730610371 0.999980092048645
1638453120004444357 0.8495292663574219 -0.01287078857421875 0.0 0.0 0.0 -0.005897638853639364 0.9999825954437256
1638453120205070057 0.8722419738769531 -0.0156097412109375 0.0 0.0 0.0 -0.004042765125632286 0.9999918341636658
1638453120405678518 0.8973503112792969 -0.01519012451171875 0.0 0.0 0.0 -0.005734086502343416 0.999983549118042
1638453120606337292 0.9192008972167969 -0.015781402587890625 0.0 0.0 0.0 -0.003920457325875759 0.999992311000824
1638453120807044713 0.9359359741210938 -0.016338348388671875 0.0 0.0 0.0 -0.0011407452402636409 0.9999993443489075
1638453121007679632 0.9583244323730469 -0.0161590576171875 0.0 0.0 0.0 -0.0030068433843553066 0.9999954700469971
1638453121208383823 0.9813728332519531 -0.0152130126953125 0.0 0.0 0.0 -0.0022610726300626993 0.9999974370002747
1638453121409026347 1.0051345825195312 -0.01715850830078125 0.0 0.0 0.0 -0.002646832726895809 0.9999964833259583
1638453121609566994 1.0200576782226562 -0.01969146728515625 0.0 0.0 0.0 -0.0026413490995764732 0.9999964833259583
1638453121810401396 1.0464553833007812 -0.016292572021484375 0.0 0.0 0.0 -0.001943737966939807 0.9999980926513672
1638453122010812874 1.0694198608398438 -0.018672943115234375 0.0 0.0 0.0 -0.0022703709546476603 0.9999974370002747
1638453122211459044 1.093505859375 -0.01611328125 0.0 0.0 0.0 -0.002955822041258216 0.9999956488609314
1638453122412218392 1.1134262084960938 -0.016727447509765625 0.0 0.0 0.0 -0.00023713905829936266 1.0
1638453122612919615 1.1354293823242188 -0.019939422607421875 0.0 0.0 0.0 -0.0007223208085633814 0.9999997615814209
1638453122814130585 1.1554985046386719 -0.01959991455078125 0.0 0.0 0.0 9.931908425642177e-05 1.0
1638453123014351800 1.1830062866210938 -0.01963043212890625 0.0 0.0 0.0 -0.002056509954854846 0.9999979138374329
1638453123214976250 1.2071304321289062 -0.02165985107421875 0.0 0.0 0.0 -0.0017758916364982724 0.9999984502792358
1638453123415608930 1.22772216796875 -0.02054595947265625 0.0 0.0 0.0 -0.0021108691580593586 0.9999977946281433
1638453123616191818 1.250762939453125 -0.018596649169921875 0.0 0.0 0.0 -0.004304546397179365 0.9999907612800598
1638453123816802101 1.2703971862792969 -0.019989013671875 0.0 0.0 0.0 -0.0024670655839145184 0.9999969601631165
1638453124017462854 1.2907180786132812 -0.01836395263671875 0.0 0.0 0.0 -0.001004369929432869 0.9999995231628418
1638453124218128035 1.3155937194824219 -0.020542144775390625 0.0 0.0 0.0 -0.0020088262390345335 0.9999979734420776
1638453124418818684 1.3380661010742188 -0.02194976806640625 0.0 0.0 0.0 -0.0024389324244111776 0.9999970197677612
1638453124619541834 1.3584976196289062 -0.021518707275390625 0.0 0.0 0.0 -0.0021940770093351603 0.999997615814209
1638453124822816900 1.3802375793457031 -0.02036285400390625 0.0 0.0 0.0 -0.0024947221390902996 0.9999969005584717
1638453125221482114 1.423614501953125 -0.0246429443359375 0.0 0.0 0.0 -0.003232147777453065 0.9999947547912598
1638453125422162450 1.4426689147949219 -0.0243682861328125 0.0 0.0 0.0 -0.003659152891486883 0.9999933242797852
1638453125622711327 1.4661369323730469 -0.02474212646484375 0.0 0.0 0.0 -0.005587938241660595 0.9999843835830688
1638453125823406039 1.4871139526367188 -0.025737762451171875 0.0 0.0 0.0 -0.004744186066091061 0.9999887347221375
1638453126024055958 1.5100898742675781 -0.026866912841796875 0.0 0.0 0.0 -0.004784478340297937 0.9999885559082031
1638453126224419571 1.534027099609375 -0.02599334716796875 0.0 0.0 0.0 -0.007196038495749235 0.9999741315841675
1638453126425018188 1.55572509765625 -0.02693939208984375 0.0 0.0 0.0 -0.004576579667627811 0.9999895095825195
1638453126625533731 1.57928466796875 -0.029300689697265625 0.0 0.0 0.0 -0.007136196829378605 0.9999745488166809
1638453126826046044 1.60369873046875 -0.02915191650390625 0.0 0.0 0.0 -0.008377366699278355 0.9999648928642273
1638453127026408042 1.6245002746582031 -0.025348663330078125 0.0 0.0 0.0 -0.007929869927465916 0.9999685287475586
1638453127229784621 1.6449661254882812 -0.0262298583984375 0.0 0.0 0.0 -0.009314791299402714 0.9999566078186035
1638453127628406239 1.6898918151855469 -0.030254364013671875 0.0 0.0 0.0 -0.008525657467544079 0.999963641166687
1638453127829061159 1.7086906433105469 -0.030086517333984375 0.0 0.0 0.0 -0.008908065967261791 0.9999603033065796
1638453128029703422 1.7306632995605469 -0.029529571533203125 0.0 0.0 0.0 -0.0074883317574858665 0.9999719858169556
1638453128230391416 1.7533683776855469 -0.03073883056640625 0.0 0.0 0.0 -0.008669895119965076 0.9999623894691467
1638453128431095190 1.7746200561523438 -0.03108978271484375 0.0 0.0 0.0 -0.005918380804359913 0.999982476234436
1638453128631696203 1.7949447631835938 -0.03125762939453125 0.0 0.0 0.0 -0.005767702590674162 0.9999833703041077
1638453128832379561 1.8198928833007812 -0.03035736083984375 0.0 0.0 0.0 -0.008742371574044228 0.999961793422699
1638453129032941458 1.8417892456054688 -0.032550811767578125 0.0 0.0 0.0 -0.005335218273103237 0.9999857544898987
1638453129233724453 1.8619918823242188 -0.030475616455078125 0.0 0.0 0.0 -0.005930062849074602 0.9999824166297913
1638453129434450571 1.88372802734375 -0.032970428466796875 0.0 0.0 0.0 -0.007186740171164274 0.9999741911888123
1638453129635074814 1.910247802734375 -0.033718109130859375 0.0 0.0 0.0 -0.005413656588643789 0.9999853372573853
1638453129835838745 1.9287910461425781 -0.03186798095703125 0.0 0.0 0.0 -0.005181916989386082 0.9999865889549255
1638453130036716533 1.9506111145019531 -0.03429412841796875 0.0 0.0 0.0 -0.005331641994416714 0.9999858140945435
1638453130237533852 1.9726638793945312 -0.03375244140625 0.0 0.0 0.0 -0.007860968820750713 0.9999691247940063
1638453130437785171 1.9943122863769531 -0.03314971923828125 0.0 0.0 0.0 -0.006031150463968515 0.9999818205833435
1638453130638393580 1.9909896850585938 -0.03296661376953125 0.0 0.0 0.0 -0.0036124230828136206 0.9999935030937195
1638453130839242148 1.9993476867675781 -0.035648345947265625 0.0 0.0 0.0 -0.009544378146529198 0.9999544620513916
1638453131039885245 1.9968376159667969 -0.0327301025390625 0.0 0.0 0.0 -0.021208038553595543 0.9997751116752625
1638453131240474539 2.001434326171875 -0.03258514404296875 0.0 0.0 0.0 -0.047631505876779556 0.9988649487495422
1638453131441175605 2.0050735473632812 -0.02671051025390625 0.0 0.0 0.0 -0.08320039510726929 0.9965328574180603
1638453131642051674 2.00909423828125 -0.02136993408203125 0.0 0.0 0.0 -0.12652596831321716 0.991963267326355
1638453131842784720 2.0114669799804688 -0.01363372802734375 0.0 0.0 0.0 -0.17405471205711365 0.9847359657287598
1638453132043293023 2.0129165649414062 -0.0089263916015625 0.0 0.0 0.0 -0.22236961126327515 0.9749624133110046
1638453132243918202 2.015827178955078 -0.0007476806640625 0.0 0.0 0.0 -0.2684698700904846 0.9632880687713623
1638453132444313170 2.020954132080078 0.00255584716796875 0.0 0.0 0.0 -0.31785356998443604 0.9481398463249207
1638453132645054602 2.018627166748047 0.00783538818359375 0.0 0.0 0.0 -0.3596140742301941 0.9331011176109314
1638453132845563165 2.025146484375 0.00923919677734375 0.0 0.0 0.0 -0.4072011113166809 0.9133385419845581
1638453133046178240 2.029247283935547 0.014362335205078125 0.0 0.0 0.0 -0.45083633065223694 0.8926066160202026
1638453133246752169 2.0239334106445312 0.01502227783203125 0.0 0.0 0.0 -0.49292659759521484 0.8700709342956543
1638453133447531934 2.032848358154297 0.02083587646484375 0.0 0.0 0.0 -0.5320043563842773 0.8467416167259216
1638453133648308314 2.038257598876953 0.02288818359375 0.0 0.0 0.0 -0.5708259344100952 0.8210710883140564
1638453133848918390 2.042858123779297 0.02426910400390625 0.0 0.0 0.0 -0.6112467646598816 0.7914400696754456
1638453134049568049 2.0491714477539062 0.02382659912109375 0.0 0.0 0.0 -0.6485264301300049 0.7611921429634094
1638453134250200885 2.0534439086914062 0.023998260498046875 0.0 0.0 0.0 -0.684664249420166 0.7288585901260376
1638453134450678666 2.063396453857422 0.027355194091796875 0.0 0.0 0.0 -0.7179895639419556 0.6960538625717163
1638453134651390149 2.051410675048828 0.03173828125 0.0 0.0 0.0 -0.7279298305511475 0.6856516599655151
1638453134851851160 2.050060272216797 0.03000640869140625 0.0 0.0 0.0 -0.7291784882545471 0.6843235492706299
1638453135052291180 2.0516433715820312 0.030712127685546875 0.0 0.0 0.0 -0.729887843132019 0.6835669279098511
1638453135253063810 2.050457000732422 0.029987335205078125 0.0 0.0 0.0 -0.7290456891059875 0.6844650506973267
1638453135453776179 2.050098419189453 0.03070831298828125 0.0 0.0 0.0 -0.7299184799194336 0.6835342049598694
1638453135654432296 2.0503921508789062 0.02371978759765625 0.0 0.0 0.0 -0.7298674583435059 0.6835886836051941
1638453135854914661 2.052562713623047 0.010761260986328125 0.0 0.0 0.0 -0.7310513854026794 0.6823223829269409
1638453136055523851 2.0545272827148438 0.000286102294921875 0.0 0.0 0.0 -0.7319255471229553 0.6813846230506897
1638453136256350232 2.05010986328125 -0.008808135986328125 0.0 0.0 0.0 -0.7307287454605103 0.6826679706573486
1638453136456999474 2.051189422607422 -0.0222015380859375 0.0 0.0 0.0 -0.7318347096443176 0.681482195854187
1638453136657866168 2.050048828125 -0.03475189208984375 0.0 0.0 0.0 -0.731941282749176 0.6813676953315735
1638453136858413378 2.045940399169922 -0.0446014404296875 0.0 0.0 0.0 -0.7314603924751282 0.6818839311599731
1638453137059284395 2.047283172607422 -0.05596160888671875 0.0 0.0 0.0 -0.7312493324279785 0.6821102499961853
1638453137259993378 2.043506622314453 -0.06737518310546875 0.0 0.0 0.0 -0.7314560413360596 0.6818886399269104
1638453137460660069 2.0411300659179688 -0.08563232421875 0.0 0.0 0.0 -0.7319929599761963 0.6813122034072876
1638453137661532857 2.0462265014648438 -0.10267257690429688 0.0 0.0 0.0 -0.731633186340332 0.6816985011100769
1638453137862261111 2.0398178100585938 -0.11565017700195312 0.0 0.0 0.0 -0.7303801774978638 0.6830408573150635
1638453138063048637 2.039264678955078 -0.13883590698242188 0.0 0.0 0.0 -0.730045735836029 0.6833983063697815
1638453138263680275 2.0392532348632812 -0.15811920166015625 0.0 0.0 0.0 -0.7304525971412659 0.6829633712768555
1638453138464403633 2.0353012084960938 -0.1762542724609375 0.0 0.0 0.0 -0.730292022228241 0.6831350922584534
1638453138665103189 2.034313201904297 -0.19649124145507812 0.0 0.0 0.0 -0.7296912670135498 0.6837767958641052
1638453138865956237 2.033069610595703 -0.21926116943359375 0.0 0.0 0.0 -0.7299611568450928 0.6834886074066162
1638453139066505322 2.0319442749023438 -0.237152099609375 0.0 0.0 0.0 -0.7317139506340027 0.6816118359565735
1638453139267290817 2.030559539794922 -0.2564735412597656 0.0 0.0 0.0 -0.730472981929779 0.6829416155815125
1638453139467725733 2.0276107788085938 -0.2808837890625 0.0 0.0 0.0 -0.7307865023612976 0.6826061010360718
1638453139668340704 2.028045654296875 -0.29555511474609375 0.0 0.0 0.0 -0.7306408286094666 0.6827620267868042
1638453139868984999 2.0292739868164062 -0.32073211669921875 0.0 0.0 0.0 -0.7310883402824402 0.6822828054428101
1638453140069620178 2.027263641357422 -0.34174346923828125 0.0 0.0 0.0 -0.7304368019104004 0.6829802393913269
1638453140270147700 2.025676727294922 -0.360870361328125 0.0 0.0 0.0 -0.7299885749816895 0.6834594011306763
1638453140470882777 2.021465301513672 -0.378326416015625 0.0 0.0 0.0 -0.7278642654418945 0.6857212781906128
1638453140671837025 2.0196151733398438 -0.40166473388671875 0.0 0.0 0.0 -0.7273269891738892 0.6862910985946655
1638453140872521268 2.0179824829101562 -0.4185371398925781 0.0 0.0 0.0 -0.7270973324775696 0.6865343451499939
1638453141073272335 2.018543243408203 -0.4394340515136719 0.0 0.0 0.0 -0.7281203866004944 0.6854493021965027
1638453141273910223 2.0137405395507812 -0.45616912841796875 0.0 0.0 0.0 -0.7274355888366699 0.6861759424209595
1638453141474579570 2.013275146484375 -0.4763526916503906 0.0 0.0 0.0 -0.7279598712921143 0.6856197118759155
1638453141675397201 2.012561798095703 -0.4973258972167969 0.0 0.0 0.0 -0.7276817560195923 0.6859148740768433
1638453141875995922 2.008502960205078 -0.5191116333007812 0.0 0.0 0.0 -0.7266159653663635 0.6870438456535339
1638453142076715114 2.0076904296875 -0.5379295349121094 0.0 0.0 0.0 -0.7273220419883728 0.686296284198761
1638453142277344512 2.005035400390625 -0.5567131042480469 0.0 0.0 0.0 -0.7250464558601379 0.6886999607086182
1638453142478025891 2.00537109375 -0.5768547058105469 0.0 0.0 0.0 -0.7255080342292786 0.6882137060165405
1638453142678764093 2.0035171508789062 -0.5944633483886719 0.0 0.0 0.0 -0.7257472276687622 0.6879614591598511
1638453142882050462 2.0018997192382812 -0.615203857421875 0.0 0.0 0.0 -0.7265413999557495 0.687122642993927
1638453143280563433 2.0023422241210938 -0.6531791687011719 0.0 0.0 0.0 -0.7267024517059326 0.6869523525238037
1638453143481263145 2.0017013549804688 -0.6698150634765625 0.0 0.0 0.0 -0.7261435389518738 0.6875431537628174
1638453143681919054 2.00079345703125 -0.6861534118652344 0.0 0.0 0.0 -0.7261512279510498 0.6875349879264832
1638453143882667621 1.9970588684082031 -0.7077407836914062 0.0 0.0 0.0 -0.7255769371986389 0.6881410479545593
1638453144083474366 1.9964675903320312 -0.7305564880371094 0.0 0.0 0.0 -0.7249650359153748 0.6887856721878052
1638453144284096161 1.9968185424804688 -0.7494888305664062 0.0 0.0 0.0 -0.7260948419570923 0.6875945329666138
1638453144484731080 1.9960517883300781 -0.766754150390625 0.0 0.0 0.0 -0.7257593274116516 0.6879486441612244
1638453144685408969 1.9939041137695312 -0.7863235473632812 0.0 0.0 0.0 -0.7254632115364075 0.6882609128952026
1638453144885975606 1.9930038452148438 -0.8049964904785156 0.0 0.0 0.0 -0.7263365983963013 0.687339186668396
1638453145086589223 1.99249267578125 -0.8259162902832031 0.0 0.0 0.0 -0.7257639169692993 0.6879438161849976
1638453145287160079 1.9915695190429688 -0.8495254516601562 0.0 0.0 0.0 -0.7261038422584534 0.6875850558280945
1638453145487715153 1.9890213012695312 -0.8643646240234375 0.0 0.0 0.0 -0.7266169190406799 0.6870428323745728
1638453145688374135 1.98553466796875 -0.8852653503417969 0.0 0.0 0.0 -0.7259013652801514 0.687798798084259
1638453145889056035 1.9897956848144531 -0.9055213928222656 0.0 0.0 0.0 -0.726245641708374 0.6874352693557739
1638453146089815435 1.9873123168945312 -0.9259567260742188 0.0 0.0 0.0 -0.724199116230011 0.6895908713340759
1638453146290545356 1.9872550964355469 -0.9452667236328125 0.0 0.0 0.0 -0.7251221537590027 0.6886202692985535
1638453146491064024 1.986328125 -0.9589385986328125 0.0 0.0 0.0 -0.7259190678596497 0.6877800822257996
1638453146691834779 1.9856185913085938 -0.9829521179199219 0.0 0.0 0.0 -0.7236900925636292 0.6901251077651978
1638453146892655951 1.9851570129394531 -1.0047645568847656 0.0 0.0 0.0 -0.7246047854423523 0.6891646385192871
1638453147093386601 1.9841995239257812 -1.0268707275390625 0.0 0.0 0.0 -0.7254919409751892 0.6882306337356567
1638453147294180065 1.9833755493164062 -1.0461616516113281 0.0 0.0 0.0 -0.7249429821968079 0.6888088583946228
1638453147494910298 1.9805793762207031 -1.0646133422851562 0.0 0.0 0.0 -0.7259984612464905 0.6876963376998901
1638453147695620583 1.9802742004394531 -1.0849990844726562 0.0 0.0 0.0 -0.7271628379821777 0.6864650249481201
1638453147896268524 1.9784774780273438 -1.1035881042480469 0.0 0.0 0.0 -0.7262004017829895 0.6874830722808838
1638453148097028341 1.9752922058105469 -1.1300544738769531 0.0 0.0 0.0 -0.7246562242507935 0.6891105771064758
1638453148297731283 1.9757461547851562 -1.1556167602539062 0.0 0.0 0.0 -0.7261794209480286 0.6875052452087402
1638453148498560893 1.9714469909667969 -1.1786994934082031 0.0 0.0 0.0 -0.724827229976654 0.6889306902885437
1638453148699207218 1.971588134765625 -1.2041015625 0.0 0.0 0.0 -0.7273496985435486 0.6862670183181763
1638453148899700886 1.9690475463867188 -1.2290840148925781 0.0 0.0 0.0 -0.7267982363700867 0.6868510246276855
1638453149100356482 1.967041015625 -1.2530708312988281 0.0 0.0 0.0 -0.7263531684875488 0.687321662902832
1638453149301187759 1.9646224975585938 -1.2724380493164062 0.0 0.0 0.0 -0.7266525030136108 0.6870052218437195
1638453149501849866 1.9624710083007812 -1.2991409301757812 0.0 0.0 0.0 -0.7266590595245361 0.6869983077049255
1638453149702434525 1.964202880859375 -1.3231582641601562 0.0 0.0 0.0 -0.7278923988342285 0.6856914162635803
1638453149903168821 1.9602546691894531 -1.3454856872558594 0.0 0.0 0.0 -0.726859986782074 0.6867856979370117
1638453150103830563 1.9615478515625 -1.3702278137207031 0.0 0.0 0.0 -0.7279719710350037 0.6856068968772888
1638453150304424336 1.9600753784179688 -1.3953399658203125 0.0 0.0 0.0 -0.727310299873352 0.6863088011741638
1638453150505107017 1.9544792175292969 -1.4164390563964844 0.0 0.0 0.0 -0.7258997559547424 0.6878005266189575
1638453150705653654 1.9561347961425781 -1.4330825805664062 0.0 0.0 0.0 -0.7264626026153564 0.687205970287323
1638453150906360293 1.9582633972167969 -1.4644012451171875 0.0 0.0 0.0 -0.7285722494125366 0.6849689483642578
1638453151107058755 1.9555778503417969 -1.4826011657714844 0.0 0.0 0.0 -0.7278352975845337 0.6857519745826721
1638453151307705862 1.9586982727050781 -1.5128097534179688 0.0 0.0 0.0 -0.7303811311721802 0.6830398440361023
1638453151508339688 1.9577827453613281 -1.5419425964355469 0.0 0.0 0.0 -0.7293339967727661 0.6841578483581543
1638453151709104036 1.9511032104492188 -1.5646591186523438 0.0 0.0 0.0 -0.7248319983482361 0.6889256834983826
1638453151909755362 1.9558601379394531 -1.5925216674804688 0.0 0.0 0.0 -0.7282463908195496 0.6853154301643372
1638453152110561951 1.9582099914550781 -1.6305465698242188 0.0 0.0 0.0 -0.7272981405258179 0.6863216161727905
1638453152311142963 1.9510612487792969 -1.6536941528320312 0.0 0.0 0.0 -0.7288838028907776 0.6846374273300171
1638453152511749132 1.9495429992675781 -1.6788787841796875 0.0 0.0 0.0 -0.7283329367637634 0.685223400592804
1638453152712403531 1.9517822265625 -1.7038383483886719 0.0 0.0 0.0 -0.7286787033081055 0.6848556995391846
1638453152912986523 1.9447441101074219 -1.7304000854492188 0.0 0.0 0.0 -0.7292286157608032 0.6842701435089111
1638453153113713944 1.947021484375 -1.7573738098144531 0.0 0.0 0.0 -0.7272497415542603 0.6863729357719421
1638453153314367197 1.9439506530761719 -1.7773666381835938 0.0 0.0 0.0 -0.7281162738800049 0.6854535937309265
1638453153514966438 1.9455070495605469 -1.8097763061523438 0.0 0.0 0.0 -0.7264713048934937 0.6871967911720276
1638453153715602243 1.9423828125 -1.8433151245117188 0.0 0.0 0.0 -0.7259517312049866 0.6877456903457642
1638453153916237215 1.9410171508789062 -1.8688011169433594 0.0 0.0 0.0 -0.7254776954650879 0.6882457137107849
1638453154116893905 1.9423141479492188 -1.8907279968261719 0.0 0.0 0.0 -0.7238481640815735 0.6899592876434326
1638453154317506012 1.9402389526367188 -1.923248291015625 0.0 0.0 0.0 -0.7252037525177002 0.6885343194007874
1638453154518098795 1.9385261535644531 -1.9413795471191406 0.0 0.0 0.0 -0.7267093062400818 0.6869450807571411
1638453154718854133 1.9366950988769531 -1.9729385375976562 0.0 0.0 0.0 -0.7248342633247375 0.6889232397079468
1638453154919421395 1.9331741333007812 -1.9978561401367188 0.0 0.0 0.0 -0.7252181768417358 0.6885191202163696
1638453155119998032 1.9352035522460938 -2.020061492919922 0.0 0.0 0.0 -0.7237274646759033 0.6900859475135803
1638453155320648837 1.93182373046875 -2.0527305603027344 0.0 0.0 0.0 -0.7258736491203308 0.6878280639648438
1638453155521266673 1.9272575378417969 -2.070476531982422 0.0 0.0 0.0 -0.7281056642532349 0.6854649186134338
1638453155721764195 1.9286880493164062 -2.0954971313476562 0.0 0.0 0.0 -0.7263779044151306 0.6872955560684204
1638453155922302967 1.9293441772460938 -2.119701385498047 0.0 0.0 0.0 -0.7268887758255005 0.6867551803588867
1638453156122965543 1.9254570007324219 -2.1478500366210938 0.0 0.0 0.0 -0.7258267402648926 0.6878775358200073
1638453156323609160 1.9197616577148438 -2.168071746826172 0.0 0.0 0.0 -0.726024329662323 0.6876689791679382
1638453156524316320 1.9152107238769531 -2.1947708129882812 0.0 0.0 0.0 -0.7257519960403442 0.6879564523696899
1638453156725086867 1.921722412109375 -2.2206192016601562 0.0 0.0 0.0 -0.7228677272796631 0.6909864544868469
1638453156925742932 1.914337158203125 -2.2375106811523438 0.0 0.0 0.0 -0.7266321778297424 0.6870266795158386
1638453157126509781 1.909942626953125 -2.2629165649414062 0.0 0.0 0.0 -0.7253378629684448 0.6883930563926697
1638453157327231160 1.9045333862304688 -2.2950439453125 0.0 0.0 0.0 -0.7251715660095215 0.6885682344436646
1638453157527825193 1.9162521362304688 -2.3145713806152344 0.0 0.0 0.0 -0.7253019213676453 0.688430905342102
1638453157728563292 1.9018173217773438 -2.3371047973632812 0.0 0.0 0.0 -0.7277357578277588 0.6858576536178589
1638453157929248420 1.9006576538085938 -2.3641891479492188 0.0 0.0 0.0 -0.7270994782447815 0.6865320801734924
1638453158129662971 1.8989982604980469 -2.393871307373047 0.0 0.0 0.0 -0.7281720042228699 0.6853944063186646
1638453158330373569 1.8929672241210938 -2.4150733947753906 0.0 0.0 0.0 -0.7252800464630127 0.6884539127349854
1638453158531084479 1.8848686218261719 -2.4387168884277344 0.0 0.0 0.0 -0.7277334332466125 0.6858600974082947
1638453158731478926 1.8923110961914062 -2.4639434814453125 0.0 0.0 0.0 -0.7270580530166626 0.6865759491920471
1638453158932145513 1.8868217468261719 -2.4891738891601562 0.0 0.0 0.0 -0.7244823575019836 0.6892933249473572
1638453159132818610 1.8842964172363281 -2.5133285522460938 0.0 0.0 0.0 -0.7270290851593018 0.6866066455841064
1638453159333358580 1.8790092468261719 -2.537364959716797 0.0 0.0 0.0 -0.7277141213417053 0.6858805418014526
1638453159534101001 1.8790664672851562 -2.570362091064453 0.0 0.0 0.0 -0.7256141901016235 0.6881017684936523
1638453159734881391 1.8741645812988281 -2.5954322814941406 0.0 0.0 0.0 -0.7253711819648743 0.688357949256897
1638453159935584229 1.8755378723144531 -2.6183700561523438 0.0 0.0 0.0 -0.7251310348510742 0.6886109113693237
1638453160136253576 1.8753738403320312 -2.6436691284179688 0.0 0.0 0.0 -0.7247774600982666 0.6889830827713013
1638453160337022716 1.8690605163574219 -2.6701087951660156 0.0 0.0 0.0 -0.7246185541152954 0.6891501545906067
1638453160537736439 1.87261962890625 -2.6902427673339844 0.0 0.0 0.0 -0.7243168354034424 0.6894672513008118
1638453160738475474 1.8671379089355469 -2.7180099487304688 0.0 0.0 0.0 -0.7277821898460388 0.6858083605766296
1638453160939062216 1.8689651489257812 -2.740703582763672 0.0 0.0 0.0 -0.7277023792266846 0.6858930587768555
1638453161139711615 1.8701286315917969 -2.7800827026367188 0.0 0.0 0.0 -0.7242856025695801 0.689500093460083
1638453161340502526 1.8630180358886719 -2.8031692504882812 0.0 0.0 0.0 -0.7259024977684021 0.6877976059913635
1638453161540969162 1.8612174987792969 -2.8263626098632812 0.0 0.0 0.0 -0.725851833820343 0.687851071357727
1638453161741672572 1.8602790832519531 -2.849700927734375 0.0 0.0 0.0 -0.725509524345398 0.6882121562957764
1638453161945002483 1.861114501953125 -2.8739166259765625 0.0 0.0 0.0 -0.7257813215255737 0.6879254579544067
1638453162343446599 1.8558845520019531 -2.9224929809570312 0.0 0.0 0.0 -0.7252743244171143 0.6884599924087524
1638453162544288344 1.8517074584960938 -2.9291763305664062 0.0 0.0 0.0 -0.7248589396476746 0.6888973712921143
1638453162745016182 1.8535232543945312 -2.930095672607422 0.0 0.0 0.0 -0.7258172631263733 0.6878876090049744
1638453162945889074 1.8558769226074219 -2.9367218017578125 0.0 0.0 0.0 -0.7299952507019043 0.6834522485733032
1638453163146658318 1.86517333984375 -2.936908721923828 0.0 0.0 0.0 -0.7416952848434448 0.6707369685173035
1638453163347443865 1.8637199401855469 -2.9379234313964844 0.0 0.0 0.0 -0.7617281675338745 0.6478967666625977
1638453163548029669 1.8676033020019531 -2.9412765502929688 0.0 0.0 0.0 -0.7877658605575562 0.6159747838973999
1638453163748722558 1.8801994323730469 -2.9409866333007812 0.0 0.0 0.0 -0.8136105537414551 0.5814102292060852
1638453163949526126 1.8856735229492188 -2.9470748901367188 0.0 0.0 0.0 -0.8429638147354126 0.5379703044891357
1638453164150135681 1.888336181640625 -2.9502487182617188 0.0 0.0 0.0 -0.8735392689704895 0.4867537021636963
1638453164350727006 1.8881454467773438 -2.952106475830078 0.0 0.0 0.0 -0.9008960723876953 0.4340348541736603
1638453164551265569 1.8953666687011719 -2.9578285217285156 0.0 0.0 0.0 -0.9244914054870605 0.38120293617248535
1638453164752030178 1.9010391235351562 -2.9566421508789062 0.0 0.0 0.0 -0.9444628357887268 0.32861828804016113
1638453164952671921 1.9036788940429688 -2.965862274169922 0.0 0.0 0.0 -0.9618881940841675 0.2734430730342865
1638453165153435384 1.900177001953125 -2.9745140075683594 0.0 0.0 0.0 -0.9768247604370117 0.21404068171977997
1638453165354276036 1.9000015258789062 -2.9776687622070312 0.0 0.0 0.0 -0.9872270226478577 0.1593196541070938
1638453165554768401 1.8985481262207031 -2.9848403930664062 0.0 0.0 0.0 -0.9949860572814941 0.10001368820667267
1638453165755555979 1.9108657836914062 -2.9848899841308594 0.0 0.0 0.0 -0.9974644184112549 0.07116682082414627
1638453165956191523 1.9176864624023438 -2.9803314208984375 0.0 0.0 0.0 -0.9973897337913513 0.0722060278058052
1638453166157125510 1.9128494262695312 -2.9792327880859375 0.0 0.0 0.0 -0.9973459839820862 0.07280799746513367
1638453166357848243 1.91558837890625 -2.9803810119628906 0.0 0.0 0.0 -0.9974485039710999 0.07138965278863907
1638453166558674781 1.91741943359375 -2.9812164306640625 0.0 0.0 0.0 -0.9980958104133606 0.06168293207883835
1638453166759544287 1.9115219116210938 -2.9859848022460938 0.0 0.0 0.0 -0.9987183213233948 0.05061354115605354
1638453166960349105 1.9100570678710938 -2.9867630004882812 0.0 0.0 0.0 -0.9992483258247375 0.038765087723731995
1638453167160814855 1.9117431640625 -2.9903182983398438 0.0 0.0 0.0 -0.9995951652526855 0.028451373800635338
1638453167361392117 1.9124870300292969 -2.9871292114257812 0.0 0.0 0.0 -0.9998092651367188 0.01952996477484703
1638453167562087142 1.9099845886230469 -2.9896697998046875 0.0 0.0 0.0 -0.9999131560325623 0.013181022368371487
1638453167762525235 1.9149703979492188 -2.991260528564453 0.0 0.0 0.0 -0.9999987483024597 0.0015871081268414855
1638453167963275417 1.9089546203613281 -2.995067596435547 0.0 0.0 0.0 0.9999957084655762 0.002935719210654497
1638453168163767626 1.9087715148925781 -2.9928131103515625 0.0 0.0 0.0 0.9999974370002747 0.002250983379781246
1638453168364437181 1.905181884765625 -2.990550994873047 0.0 0.0 0.0 0.9999980330467224 0.001983955269679427
1638453168565186946 1.9011116027832031 -2.9903831481933594 0.0 0.0 0.0 -0.9999993443489075 0.001137451035901904
1638453168765757593 1.8935356140136719 -2.9887008666992188 0.0 0.0 0.0 0.9999998807907104 0.0004924098611809313
1638453168966427878 1.8814773559570312 -2.9940414428710938 0.0 0.0 0.0 0.9999971389770508 0.0023895041085779667
1638453169167156080 1.8659477233886719 -2.9923629760742188 0.0 0.0 0.0 -0.9999988675117493 0.001497939694672823
1638453169367860636 1.8513374328613281 -2.9900283813476562 0.0 0.0 0.0 0.9999959468841553 0.0028451206162571907
1638453169568552952 1.8348388671875 -2.9921340942382812 0.0 0.0 0.0 0.9999991655349731 0.0012889659265056252
1638453169769119329 1.8071479797363281 -2.993274688720703 0.0 0.0 0.0 0.9999966025352478 0.002613855293020606
1638453169969699352 1.7887496948242188 -2.990863800048828 0.0 0.0 0.0 -0.9999990463256836 0.0013974463799968362
1638453170170446148 1.7670783996582031 -2.991741180419922 0.0 0.0 0.0 -0.9999999403953552 0.00040657917270436883
1638453170371142891 1.7405204772949219 -2.9917564392089844 0.0 0.0 0.0 0.9999990463256836 0.0013671672204509377
1638453170571830624 1.7194595336914062 -2.9918556213378906 0.0 0.0 0.0 0.9999992251396179 0.0012609518598765135
1638453170772376375 1.6917190551757812 -2.995128631591797 0.0 0.0 0.0 0.9999911189079285 0.004210058134049177
1638453170972912855 1.6682357788085938 -2.9919662475585938 0.0 0.0 0.0 0.9999920725822449 0.003975337371230125
1638453171173515483 1.6419296264648438 -2.9879798889160156 0.0 0.0 0.0 0.9999945163726807 0.003318736795336008
1638453171374208736 1.6141738891601562 -2.9851531982421875 0.0 0.0 0.0 0.9999907612800598 0.00430316012352705
1638453171574852198 1.5914192199707031 -2.9927291870117188 0.0 0.0 0.0 0.9999910593032837 0.004224720876663923
1638453171775420605 1.5631828308105469 -2.990680694580078 0.0 0.0 0.0 0.9999939203262329 0.0034794299863278866
1638453171975926617 1.5367622375488281 -2.9880752563476562 0.0 0.0 0.0 0.999997615814209 0.002178861992433667
1638453172176698621 1.5130195617675781 -2.990917205810547 0.0 0.0 0.0 0.9999901056289673 0.004445613827556372
1638453172377420834 1.4968070983886719 -2.9896774291992188 0.0 0.0 0.0 0.999999463558197 0.0010281362337991595
1638453172577987471 1.4658699035644531 -2.9935340881347656 0.0 0.0 0.0 0.9999995231628418 0.0009736575884744525
1638453172778430512 1.4326400756835938 -2.9944305419921875 0.0 0.0 0.0 0.9999921917915344 0.0039452966302633286
1638453172978858085 1.4077949523925781 -2.991943359375 0.0 0.0 0.0 0.9999971985816956 0.0023724574130028486
1638453173179455451 1.3750534057617188 -2.9931602478027344 0.0 0.0 0.0 0.9999969601631165 0.002455307636409998
1638453173380149747 1.35382080078125 -2.9908370971679688 0.0 0.0 0.0 -0.9999999403953552 0.00025589863071218133
1638453173580779301 1.3257865905761719 -2.9926300048828125 0.0 0.0 0.0 0.9999857544898987 0.005339315161108971
1638453173781275677 1.291473388671875 -2.9890365600585938 0.0 0.0 0.0 0.9999991059303284 0.0013523852685466409
1638453173982136329 1.2651786804199219 -2.9908065795898438 0.0 0.0 0.0 0.9999980330467224 0.001991584664210677
1638453174182808332 1.2311782836914062 -2.9891014099121094 0.0 0.0 0.0 0.9999935626983643 0.0035834989976137877
1638453174383432158 1.2013778686523438 -2.9894485473632812 0.0 0.0 0.0 -1.0 8.960167178884149e-05
1638453174583952596 1.17083740234375 -2.9863243103027344 0.0 0.0 0.0 0.9999984502792358 0.0017514975043013692
1638453174784760383 1.1495132446289062 -2.989727020263672 0.0 0.0 0.0 0.9999971985816956 0.0023720997851341963
1638453174985244675 1.1245803833007812 -2.9879989624023438 0.0 0.0 0.0 0.9999905228614807 0.0043479823507368565
1638453175186002409 1.095550537109375 -2.990497589111328 0.0 0.0 0.0 0.9999886155128479 0.004766640719026327
1638453175386582640 1.0616874694824219 -2.9893875122070312 0.0 0.0 0.0 0.9999768733978271 0.006799840368330479
1638453175587239956 1.0393180847167969 -2.985828399658203 0.0 0.0 0.0 0.9999948740005493 0.0032104954589158297
1638453175787826957 1.0079460144042969 -2.990184783935547 0.0 0.0 0.0 0.9999939799308777 0.003461668035015464
1638453175988601046 0.9821357727050781 -2.9964523315429688 0.0 0.0 0.0 0.999997079372406 0.0024272934533655643
1638453176189246017 0.94317626953125 -2.9848365783691406 0.0 0.0 0.0 0.9999896287918091 0.00455707311630249
1638453176390117764 0.9240608215332031 -2.9859161376953125 0.0 0.0 0.0 -0.999999463558197 0.001063899020664394
1638453176590949770 0.896514892578125 -2.9855728149414062 0.0 0.0 0.0 1.0 9.210506686940789e-05
1638453176791620262 0.8683853149414062 -2.98468017578125 0.0 0.0 0.0 1.0 3.846089020953514e-05
1638453176992540134 0.84356689453125 -2.9869537353515625 0.0 0.0 0.0 -0.9999983310699463 0.0018215924501419067
1638453177193350682 0.8109626770019531 -2.990886688232422 0.0 0.0 0.0 0.9999989867210388 0.0014131818898022175
1638453177393927163 0.7849006652832031 -2.9828453063964844 0.0 0.0 0.0 0.9999988675117493 0.0015019928105175495
1638453177594488956 0.7614974975585938 -2.992828369140625 0.0 0.0 0.0 0.9999998211860657 0.0005663196207024157
1638453177795271325 0.73321533203125 -2.9865074157714844 0.0 0.0 0.0 -0.9999982118606567 0.001894548418931663
1638453177995981975 0.7043991088867188 -2.9839248657226562 0.0 0.0 0.0 -0.9999993443489075 0.0011258877348154783
1638453178196629551 0.6781806945800781 -2.9865188598632812 0.0 0.0 0.0 -0.9999976754188538 0.0021649145055562258
1638453178397293273 0.6463737487792969 -2.9834213256835938 0.0 0.0 0.0 -0.9999957084655762 0.0029321429319679737
1638453178597783190 0.620391845703125 -2.9815673828125 0.0 0.0 0.0 1.0 0.00013323227176442742
1638453178798318941 0.5866584777832031 -2.9765472412109375 0.0 0.0 0.0 -0.9999998211860657 0.000578717328608036
1638453178998666304 0.5594100952148438 -2.974933624267578 0.0 0.0 0.0 0.9999999403953552 0.0003691474557854235
1638453179199199347 0.53082275390625 -2.9764747619628906 0.0 0.0 0.0 -0.999994695186615 0.0032482845708727837
1638453179399945830 0.5073127746582031 -2.9708786010742188 0.0 0.0 0.0 -0.999998927116394 0.0014823232777416706
1638453179600668616 0.48033905029296875 -2.978229522705078 0.0 0.0 0.0 -0.9999949336051941 0.003185223089531064
1638453179801432756 0.45348358154296875 -2.9755401611328125 0.0 0.0 0.0 -0.9999985694885254 0.0016930850688368082
1638453180002772062 0.43310546875 -2.9772415161132812 0.0 0.0 0.0 -0.9999909996986389 0.004243198316544294
1638453180202904942 0.40047454833984375 -2.979778289794922 0.0 0.0 0.0 -0.9999834895133972 0.00574855413287878
1638453180403543611 0.373870849609375 -2.975147247314453 0.0 0.0 0.0 -0.9999920725822449 0.0039785560220479965
1638453180604452806 0.34515380859375 -2.974231719970703 0.0 0.0 0.0 -0.9999832510948181 0.005785985384136438
1638453180805176841 0.31656646728515625 -2.979290008544922 0.0 0.0 0.0 -0.9999971389770508 0.0023912922479212284
1638453181005853428 0.2888984680175781 -2.975128173828125 0.0 0.0 0.0 -0.9999988675117493 0.0015053306706249714
1638453181206777102 0.26448822021484375 -2.9759292602539062 0.0 0.0 0.0 -0.9999999403953552 0.0002878467203117907
1638453181407418532 0.23435592651367188 -2.9745445251464844 0.0 0.0 0.0 0.9999999403953552 0.0003382722497917712
1638453181608152984 0.21110916137695312 -2.978717803955078 0.0 0.0 0.0 -0.9999984502792358 0.0017768889665603638
1638453181808986813 0.182403564453125 -2.973052978515625 0.0 0.0 0.0 -0.9999995827674866 0.0009026089101098478
1638453182009568451 0.15590286254882812 -2.9769554138183594 0.0 0.0 0.0 -0.9999974370002747 0.0022556325420737267
1638453182210229256 0.13034820556640625 -2.9777488708496094 0.0 0.0 0.0 -0.9999983906745911 0.0017939358949661255
1638453182411071627 0.11989593505859375 -2.9717750549316406 0.0 0.0 0.0 -0.9999836683273315 0.005715533625334501
1638453182611729619 0.119140625 -2.9787063598632812 0.0 0.0 0.0 -0.999996542930603 0.002630663802847266
1638453182812369903 0.12028884887695312 -2.9824295043945312 0.0 0.0 0.0 -0.9999984502792358 0.0017538816900923848
1638453183013009094 0.11641693115234375 -2.9864883422851562 0.0 0.0 0.0 0.999981701374054 0.006047287490218878
1638453183213383123 0.10902023315429688 -2.98040771484375 0.0 0.0 0.0 0.9996086955070496 0.027972223237156868
1638453183414184973 0.10618209838867188 -2.9879074096679688 0.0 0.0 0.0 0.9985461235046387 0.053903862833976746
1638453183614809163 0.10544586181640625 -2.9946670532226562 0.0 0.0 0.0 0.9956344366073608 0.09333875775337219
1638453183815631429 0.101470947265625 -3.000019073486328 0.0 0.0 0.0 0.9901806116104126 0.13979412615299225
1638453184016470310 0.09551239013671875 -3.0042800903320312 0.0 0.0 0.0 0.9807084202766418 0.19547641277313232
1638453184216769130 0.08969879150390625 -3.014118194580078 0.0 0.0 0.0 0.9657220244407654 0.25957849621772766
1638453184417367070 0.09173583984375 -3.022369384765625 0.0 0.0 0.0 0.946704089641571 0.3221046030521393
1638453184618017458 0.08596038818359375 -3.027179718017578 0.0 0.0 0.0 0.9227138757705688 0.38548558950424194
1638453184818762171 0.08259963989257812 -3.032733917236328 0.0 0.0 0.0 0.8943977952003479 0.4472724199295044
1638453185019500009 0.08068084716796875 -3.041431427001953 0.0 0.0 0.0 0.8648884296417236 0.5019641518592834
1638453185220120292 0.07889938354492188 -3.0486373901367188 0.0 0.0 0.0 0.8280832767486572 0.5606051683425903
1638453185420630262 0.07640457153320312 -3.042613983154297 0.0 0.0 0.0 0.7907597422599792 0.6121266484260559
1638453185620772621 0.06076812744140625 -3.0465621948242188 0.0 0.0 0.0 0.745379626750946 0.6666402220726013
1638453185821286601 0.05757904052734375 -3.0529022216796875 0.0 0.0 0.0 0.7111486792564392 0.703041672706604
1638453186021968761 0.057941436767578125 -3.0569496154785156 0.0 0.0 0.0 0.7128688097000122 0.701297402381897
1638453186222524981 0.055004119873046875 -3.0473060607910156 0.0 0.0 0.0 0.710700511932373 0.7034947276115417
1638453186423118650 0.056957244873046875 -3.046344757080078 0.0 0.0 0.0 0.7111135721206665 0.7030771970748901
1638453186623446950 0.059314727783203125 -3.042591094970703 0.0 0.0 0.0 0.7100329995155334 0.704168438911438
1638453186823950356 0.055614471435546875 -3.0391006469726562 0.0 0.0 0.0 0.7089700698852539 0.7052385210990906
1638453187024659860 0.05429840087890625 -3.019256591796875 0.0 0.0 0.0 0.709872841835022 0.7043298482894897
1638453187225353583 0.054523468017578125 -3.0058937072753906 0.0 0.0 0.0 0.7098861932754517 0.7043163776397705
1638453187425826520 0.059581756591796875 -3.0096092224121094 0.0 0.0 0.0 0.7099159359931946 0.7042863965034485
1638453187626419148 0.05719757080078125 -2.992694854736328 0.0 0.0 0.0 0.7094290256500244 0.7047768831253052
1638453187827212142 0.05853271484375 -2.979290008544922 0.0 0.0 0.0 0.7105417251586914 0.7036550641059875
1638453188027846020 0.061229705810546875 -2.9670944213867188 0.0 0.0 0.0 0.7114965319633484 0.7026895880699158
1638453188228651255 0.05962371826171875 -2.9420814514160156 0.0 0.0 0.0 0.7099791169166565 0.7042227387428284
1638453188429312998 0.05512237548828125 -2.9218788146972656 0.0 0.0 0.0 0.7092035412788391 0.7050037384033203
1638453188629994532 0.05853271484375 -2.9044418334960938 0.0 0.0 0.0 0.7092910408973694 0.7049157619476318
1638453188830557940 0.058238983154296875 -2.885540008544922 0.0 0.0 0.0 0.7106171250343323 0.7035789489746094
1638453189031258850 0.05792236328125 -2.858814239501953 0.0 0.0 0.0 0.7106362581253052 0.7035595774650574
1638453189232046480 0.05316925048828125 -2.8350257873535156 0.0 0.0 0.0 0.71009761095047 0.7041032910346985
1638453189432797079 0.05230712890625 -2.809368133544922 0.0 0.0 0.0 0.7090082168579102 0.7052001953125
1638453189633570802 0.05478668212890625 -2.7839393615722656 0.0 0.0 0.0 0.7114099264144897 0.7027772665023804
1638453189834561405 0.053302764892578125 -2.7573585510253906 0.0 0.0 0.0 0.7115015387535095 0.7026845216751099
1638453190035354504 0.05324554443359375 -2.7223854064941406 0.0 0.0 0.0 0.7110564708709717 0.7031348943710327
1638453190236074425 0.051136016845703125 -2.6952133178710938 0.0 0.0 0.0 0.7103221416473389 0.7038767337799072
1638453190436777158 0.05055999755859375 -2.6630630493164062 0.0 0.0 0.0 0.7100391387939453 0.7041621804237366
1638453190637704113 0.050884246826171875 -2.6410369873046875 0.0 0.0 0.0 0.7127212285995483 0.7014473676681519
1638453190838423930 0.054332733154296875 -2.609130859375 0.0 0.0 0.0 0.7107633352279663 0.7034311890602112
1638453191039139475 0.052379608154296875 -2.5904464721679688 0.0 0.0 0.0 0.7107099890708923 0.7034851312637329
1638453191239642101 0.051177978515625 -2.539112091064453 0.0 0.0 0.0 0.7091652154922485 0.70504230260849
1638453191440353532 0.05057525634765625 -2.523639678955078 0.0 0.0 0.0 0.7112812399864197 0.7029075026512146
1638453191641072151 0.051746368408203125 -2.4923782348632812 0.0 0.0 0.0 0.7124329209327698 0.7017402052879333
1638453191841762488 0.049732208251953125 -2.4605484008789062 0.0 0.0 0.0 0.7110875844955444 0.7031034231185913
1638453192042353083 0.049022674560546875 -2.4290695190429688 0.0 0.0 0.0 0.7117123007774353 0.7024710774421692
1638453192243035191 0.04638671875 -2.406810760498047 0.0 0.0 0.0 0.7097127437591553 0.7044911980628967
1638453192443575109 0.0467529296875 -2.3663711547851562 0.0 0.0 0.0 0.7102057933807373 0.7039941549301147
1638453192644302894 0.045612335205078125 -2.33441162109375 0.0 0.0 0.0 0.7119601964950562 0.7022198438644409
1638453192844795572 0.046234130859375 -2.3041305541992188 0.0 0.0 0.0 0.7107105255126953 0.7034845352172852
1638453193045474554 0.044055938720703125 -2.2649765014648438 0.0 0.0 0.0 0.7098919749259949 0.7043105959892273
1638453193246133433 0.046306610107421875 -2.2340431213378906 0.0 0.0 0.0 0.7101550102233887 0.7040453553199768
1638453193446869239 0.045501708984375 -2.1936569213867188 0.0 0.0 0.0 0.7113521695137024 0.702835738658905
1638453193647412699 0.041126251220703125 -2.1557960510253906 0.0 0.0 0.0 0.7086529731750488 0.7055571675300598
1638453193847868657 0.045879364013671875 -2.123401641845703 0.0 0.0 0.0 0.707537829875946 0.7066754698753357
1638453194048484565 0.042041778564453125 -2.0893173217773438 0.0 0.0 0.0 0.7087727785110474 0.7054368257522583
1638453194249159069 0.042865753173828125 -2.0516281127929688 0.0 0.0 0.0 0.7096140384674072 0.7045906186103821
1638453194449859770 0.04476165771484375 -2.012928009033203 0.0 0.0 0.0 0.7113704085350037 0.7028172612190247
1638453194650661724 0.04268646240234375 -1.9826164245605469 0.0 0.0 0.0 0.7102009057998657 0.7039990425109863
1638453194851060442 0.04373931884765625 -1.9404220581054688 0.0 0.0 0.0 0.7058678269386292 0.7083435654640198
1638453195051824061 0.046527862548828125 -1.9060211181640625 0.0 0.0 0.0 0.7103517055511475 0.7038469314575195
1638453195252385542 0.04293060302734375 -1.871978759765625 0.0 0.0 0.0 0.7106214165687561 0.7035745978355408
1638453195453135827 0.04354095458984375 -1.8198814392089844 0.0 0.0 0.0 0.7093625068664551 0.7048438191413879
1638453195653845227 0.046375274658203125 -1.7812538146972656 0.0 0.0 0.0 0.7096347808837891 0.7045696973800659
1638453195854478272 0.042327880859375 -1.7320785522460938 0.0 0.0 0.0 0.708935558795929 0.7052732706069946
1638453196055157046 0.046588897705078125 -1.7016372680664062 0.0 0.0 0.0 0.7088289856910706 0.705380380153656
1638453196255923009 0.04663848876953125 -1.6630744934082031 0.0 0.0 0.0 0.7085005044937134 0.7057103514671326
1638453196456627409 0.048786163330078125 -1.6203079223632812 0.0 0.0 0.0 0.7078343629837036 0.7063784003257751
1638453196657313475 0.04415130615234375 -1.587738037109375 0.0 0.0 0.0 0.7074252963066101 0.7067881226539612
1638453196858020635 0.046192169189453125 -1.5495643615722656 0.0 0.0 0.0 0.7069454193115234 0.7072681188583374
1638453197058598106 0.04642486572265625 -1.5154495239257812 0.0 0.0 0.0 0.7049885392189026 0.7092186808586121
1638453197259335110 0.04261016845703125 -1.4773788452148438 0.0 0.0 0.0 0.7076382040977478 0.7065749764442444
1638453197460003467 0.043914794921875 -1.4367790222167969 0.0 0.0 0.0 0.707618772983551 0.7065944075584412
1638453197660583073 0.04473114013671875 -1.4032058715820312 0.0 0.0 0.0 0.7074428200721741 0.7067705392837524
1638453197861450913 0.045757293701171875 -1.3661575317382812 0.0 0.0 0.0 0.7093209624290466 0.7048856616020203
1638453198061920570 0.043262481689453125 -1.3258399963378906 0.0 0.0 0.0 0.7083992958068848 0.7058118581771851
1638453198262467831 0.04343414306640625 -1.2849807739257812 0.0 0.0 0.0 0.7092203497886658 0.7049868702888489
1638453198463270097 0.042949676513671875 -1.2523384094238281 0.0 0.0 0.0 0.7120277881622314 0.7021512389183044
1638453198664142937 0.043262481689453125 -1.2127799987792969 0.0 0.0 0.0 0.7129499316215515 0.7012149095535278
1638453198864929838 0.04581451416015625 -1.1720657348632812 0.0 0.0 0.0 0.7122128009796143 0.7019636631011963
1638453199065827991 0.04323577880859375 -1.1370582580566406 0.0 0.0 0.0 0.7131478786468506 0.7010136246681213
1638453199266590412 0.043163299560546875 -1.1018791198730469 0.0 0.0 0.0 0.7130050659179688 0.701158881187439
1638453199467347886 0.04320526123046875 -1.0609016418457031 0.0 0.0 0.0 0.7137244939804077 0.7004265785217285
1638453199667881866 0.04315948486328125 -1.0172386169433594 0.0 0.0 0.0 0.7130555510520935 0.7011075615882874
1638453199868638298 0.04039764404296875 -0.9788475036621094 0.0 0.0 0.0 0.7135344743728638 0.7006201148033142
1638453200069439574 0.038555145263671875 -0.9433021545410156 0.0 0.0 0.0 0.7129917144775391 0.701172411441803
1638453200270121734 0.035663604736328125 -0.9086494445800781 0.0 0.0 0.0 0.7125635147094727 0.7016075849533081
1638453200470952229 0.03693389892578125 -0.8653068542480469 0.0 0.0 0.0 0.7121936082839966 0.7019830942153931
1638453200671505637 0.03652191162109375 -0.8273544311523438 0.0 0.0 0.0 0.7114258408546448 0.702761173248291
1638453200872319778 0.03672027587890625 -0.7890396118164062 0.0 0.0 0.0 0.712590754032135 0.7015799283981323
1638453201072884176 0.036304473876953125 -0.7527236938476562 0.0 0.0 0.0 0.711175262928009 0.7030147910118103
1638453201273448052 0.03578948974609375 -0.7120704650878906 0.0 0.0 0.0 0.7117468118667603 0.702436089515686
1638453201474259172 0.032306671142578125 -0.681549072265625 0.0 0.0 0.0 0.7133435010910034 0.7008145451545715
1638453201674976593 0.03408050537109375 -0.6457328796386719 0.0 0.0 0.0 0.7134741544723511 0.7006815671920776
1638453201876588560 0.033336639404296875 -0.6108627319335938 0.0 0.0 0.0 0.7135114669799805 0.7006435394287109
1638453202076365392 0.03594207763671875 -0.5689163208007812 0.0 0.0 0.0 0.7111309170722961 0.7030596137046814
1638453202276903747 0.03517913818359375 -0.5272407531738281 0.0 0.0 0.0 0.7131945490837097 0.7009661197662354
1638453202477706690 0.03723907470703125 -0.4978141784667969 0.0 0.0 0.0 0.7118874192237854 0.7022935748100281
1638453202678175722 0.037731170654296875 -0.45981597900390625 0.0 0.0 0.0 0.7124190926551819 0.7017542719841003
1638453202878878923 0.034393310546875 -0.4199180603027344 0.0 0.0 0.0 0.7133969068527222 0.7007602453231812
1638453203079400976 0.03603363037109375 -0.38176727294921875 0.0 0.0 0.0 0.7123017907142639 0.7018733024597168
1638453203280102824 0.037181854248046875 -0.34235382080078125 0.0 0.0 0.0 0.7141705751419067 0.6999717354774475
1638453203480885298 0.03331756591796875 -0.30640411376953125 0.0 0.0 0.0 0.7146896123886108 0.6994417309761047
1638453203681640063 0.03444671630859375 -0.2703514099121094 0.0 0.0 0.0 0.7140705585479736 0.700073778629303
1638453203882459308 0.037384033203125 -0.23006820678710938 0.0 0.0 0.0 0.7161067724227905 0.6979907751083374
1638453204083126989 0.033233642578125 -0.18996429443359375 0.0 0.0 0.0 0.7158324718475342 0.6982720494270325
1638453204283800346 0.035076141357421875 -0.150909423828125 0.0 0.0 0.0 0.7148243188858032 0.6993040442466736
1638453204484481360 0.033985137939453125 -0.11722564697265625 0.0 0.0 0.0 0.7170867323875427 0.6969839334487915
1638453204685049039 0.034923553466796875 -0.076873779296875 0.0 0.0 0.0 0.7170159220695496 0.697056770324707
1638453204885740886 0.03490447998046875 -0.04102325439453125 0.0 0.0 0.0 0.7185342907905579 0.6954914927482605
1638453205086319607 0.03340911865234375 -0.01659393310546875 0.0 0.0 0.0 0.7198646664619446 0.6941144466400146
1638453205286912025 0.03031158447265625 -0.012645721435546875 0.0 0.0 0.0 0.7179915904998779 0.6960517764091492
1638453205487334025 0.03433990478515625 -0.00738525390625 0.0 0.0 0.0 0.7119607329368591 0.7022193074226379
1638453205687727794 0.03305816650390625 -0.003902435302734375 0.0 0.0 0.0 0.7002025842666626 0.7139441967010498
1638453205888318130 0.028331756591796875 -0.00264739990234375 0.0 0.0 0.0 0.6864515542984009 0.7271755933761597
1638453206088989612 0.02706146240234375 0.003528594970703125 0.0 0.0 0.0 0.6629870533943176 0.7486308813095093
1638453206289723700 0.02068328857421875 0.004009246826171875 0.0 0.0 0.0 0.6338735222816467 0.7734367251396179
1638453206490388984 0.017139434814453125 0.011932373046875 0.0 0.0 0.0 0.5961923599243164 0.8028416037559509
1638453206690976924 0.00905609130859375 0.019824981689453125 0.0 0.0 0.0 0.5510513782501221 0.8344713449478149
1638453206891499966 -0.000782012939453125 0.02153778076171875 0.0 0.0 0.0 0.5032750964164734 0.8641262650489807
1638453207092126604 -0.00466156005859375 0.01983642578125 0.0 0.0 0.0 0.4542003273963928 0.8908995985984802
1638453207292804545 -0.01456451416015625 0.026683807373046875 0.0 0.0 0.0 0.4021073877811432 0.9155924916267395
1638453207493468319 -0.014514923095703125 0.030689239501953125 0.0 0.0 0.0 0.34974420070648193 0.9368452429771423
1638453207693954695 -0.02426910400390625 0.041461944580078125 0.0 0.0 0.0 0.2943772077560425 0.9556893110275269
1638453207894375965 -0.023807525634765625 0.038471221923828125 0.0 0.0 0.0 0.23747044801712036 0.9713947772979736
1638453208095078646 -0.02848052978515625 0.04302978515625 0.0 0.0 0.0 0.18595360219478607 0.98255854845047
1638453208295813827 -0.02419281005859375 0.05667877197265625 0.0 0.0 0.0 0.12520575523376465 0.9921308159828186
1638453208496314369 -0.01340484619140625 0.06336593627929688 0.0 0.0 0.0 0.06419084966182709 0.9979376196861267
1638453208696548553 -0.02089691162109375 0.07529449462890625 0.0 0.0 0.0 0.009809223935008049 0.9999518990516663
1638453208897410508 -0.032794952392578125 0.06406402587890625 0.0 0.0 0.0 -0.015907960012555122 0.9998734593391418
1638453209098118918 -0.03691864013671875 0.06250762939453125 0.0 0.0 0.0 -0.019682956859469414 0.99980628490448
1638453209298789567 -0.033336639404296875 0.06534957885742188 0.0 0.0 0.0 -0.018648171797394753 0.9998261332511902
1638453209499454695 -0.03467559814453125 0.06647872924804688 0.0 0.0 0.0 -0.0172355305403471 0.9998514652252197
1638453209700254617 -0.036651611328125 0.061969757080078125 0.0 0.0 0.0 -0.016450529918074608 0.9998646974563599
1638453209901013653 -0.032993316650390625 0.06212615966796875 0.0 0.0 0.0 -0.01869918406009674 0.9998251795768738
1638453210101532373 -0.03023529052734375 0.06478118896484375 0.0 0.0 0.0 -0.020979685708880424 0.9997798800468445
1638453210302226981 -0.032833099365234375 0.06531524658203125 0.0 0.0 0.0 -0.019241012632846832 0.9998148679733276
1638453210505580017 -0.0323333740234375 0.060314178466796875 0.0 0.0 0.0 -0.018345430493354797 0.9998317360877991
1638453210904204448 -0.034976959228515625 0.06105804443359375 0.0 0.0 0.0 -0.016894163563847542 0.9998573064804077
1638453211104946140 -0.035320281982421875 0.060882568359375 0.0 0.0 0.0 -0.017189759761095047 0.9998522400856018
1638453211305608248 -0.02820587158203125 0.06376266479492188 0.0 0.0 0.0 -0.019656019285321236 0.999806821346283
1638453211506166343 -0.03400421142578125 0.06258392333984375 0.0 0.0 0.0 -0.018876535817980766 0.9998218417167664
1638453211706874961 -0.0352325439453125 0.06709671020507812 0.0 0.0 0.0 -0.019455071538686752 0.9998107552528381
1638453211907435817 -0.0319366455078125 0.06352996826171875 0.0 0.0 0.0 -0.02010868676006794 0.9997978210449219
1638453212108114018 -0.03562164306640625 0.058757781982421875 0.0 0.0 0.0 -0.017451981082558632 0.9998477101325989
1638453212308555237 -0.0322265625 0.061290740966796875 0.0 0.0 0.0 -0.01927057094871998 0.9998143315315247
1638453212509041091 -0.033069610595703125 0.05892181396484375 0.0 0.0 0.0 -0.01880478486418724 0.9998231530189514
1638453212709734553 -0.02883148193359375 0.06367874145507812 0.0 0.0 0.0 -0.020252663642168045 0.9997949004173279
1638453212910178480 -0.03409576416015625 0.061664581298828125 0.0 0.0 0.0 -0.019128261134028435 0.9998170137405396
1638453213110837410 -0.034572601318359375 0.06145477294921875 0.0 0.0 0.0 -0.01751992106437683 0.9998465180397034
1638453213311443787 -0.033084869384765625 0.06354522705078125 0.0 0.0 0.0 -0.019185947254300117 0.9998159408569336
1638453213512087457 -0.029201507568359375 0.07188034057617188 0.0 0.0 0.0 -0.021587276831269264 0.9997669458389282
1638453213712804513 -0.032764434814453125 0.06586456298828125 0.0 0.0 0.0 -0.019552327692508698 0.9998088479042053
1638453213913336462 -0.03316497802734375 0.06361770629882812 0.0 0.0 0.0 -0.020672667771577835 0.9997863173484802
1638453214113884245 -0.028087615966796875 0.06494903564453125 0.0 0.0 0.0 -0.02071843482553959 0.9997853636741638
1638453214314428069 -0.029445648193359375 0.06267166137695312 0.0 0.0 0.0 -0.019096318632364273 0.9998176693916321
1638453214515079968 -0.03505706787109375 0.064849853515625 0.0 0.0 0.0 -0.018336372449994087 0.9998318552970886
1638453214715773534 -0.03697967529296875 0.06180572509765625 0.0 0.0 0.0 -0.018915867432951927 0.9998210668563843
1638453214916456162 -0.03627777099609375 0.06346511840820312 0.0 0.0 0.0 -0.01722528040409088 0.999851644039154
1638453215116936704 -0.026611328125 0.06351852416992188 0.0 0.0 0.0 -0.02199416048824787 0.9997581243515015
1638453215317696626 -0.03421783447265625 0.06366729736328125 0.0 0.0 0.0 -0.017863905057311058 0.9998404383659363
1638453215518352535 -0.030975341796875 0.06320953369140625 0.0 0.0 0.0 -0.018412891775369644 0.9998304843902588
1638453215719019695 -0.0315399169921875 0.06134796142578125 0.0 0.0 0.0 -0.018164025619626045 0.9998350143432617
1638453215919692948 -0.03289031982421875 0.06480789184570312 0.0 0.0 0.0 -0.017192382365465164 0.999852180480957
1638453216120328388 -0.031833648681640625 0.06431961059570312 0.0 0.0 0.0 -0.01921788975596428 0.9998153448104858
1638453216321031902 -0.032928466796875 0.06282806396484375 0.0 0.0 0.0 -0.018390007317066193 0.9998309016227722
1638453216521732708 -0.032520294189453125 0.063873291015625 0.0 0.0 0.0 -0.018129698932170868 0.9998356699943542
1638453216722376795 -0.03104400634765625 0.061481475830078125 0.0 0.0 0.0 -0.019107522442936897 0.999817430973053
1638453216923016818 -0.03540802001953125 0.06502532958984375 0.0 0.0 0.0 -0.017567358911037445 0.9998456835746765
1638453217123664134 -0.03415679931640625 0.06465911865234375 0.0 0.0 0.0 -0.018415037542581558 0.999830424785614
1638453217324318793 -0.03469085693359375 0.06745529174804688 0.0 0.0 0.0 -0.01870347373187542 0.9998250603675842
1638453217524839908 -0.030727386474609375 0.05991363525390625 0.0 0.0 0.0 -0.02112484909594059 0.9997768402099609
1638453217725463473 -0.031375885009765625 0.06877899169921875 0.0 0.0 0.0 -0.020166611298918724 0.9997966289520264
1638453217928779738 -0.035858154296875 0.061725616455078125 0.0 0.0 0.0 -0.018055561929941177 0.9998369812965393
1638453218327412764 -0.03398895263671875 0.06546783447265625 0.0 0.0 0.0 -0.019303465262055397 0.9998136758804321
1638453218528029141 -0.02791595458984375 0.06510543823242188 0.0 0.0 0.0 -0.02016589604318142 0.9997966289520264
1638453218728675571 -0.035015106201171875 0.062957763671875 0.0 0.0 0.0 -0.01938069984316826 0.9998121857643127
1638453218929297782 -0.032466888427734375 0.06328201293945312 0.0 0.0 0.0 -0.018334703519940376 0.9998319149017334
1638453219130165465 -0.03295135498046875 0.06315231323242188 0.0 0.0 0.0 -0.016683192923665047 0.9998608231544495
1638453219330908720 -0.033657073974609375 0.06217193603515625 0.0 0.0 0.0 -0.017382612451910973 0.9998489022254944
1638453219534213735 -0.029460906982421875 0.0584716796875 0.0 0.0 0.0 -0.017854847013950348 0.9998406171798706
