1638453107519268036 2.531069731048774e-05 2.2578228175973436e-09 0.0 0.0 0.0 0.00026483088731765747 0.9999999403953552
1638453107722268105 1.4704690590172653e-11 -1.2471635280064675e-08 0.0 0.0 0.0 0.00011888332664966583 1.0
1638453107855268002 2.531070276745595e-05 -9.295158420741245e-09 0.0 0.0 0.0 0.00020373985171318054 1.0
163845310825268078 5.0621387345017865e-05 -4.745020487639806e-10 0.0 0.0 0.0 0.0002749040722846985 0.9999999403953552
1638453108159268141 5.0621387345017865e-05 2.1743298272980383e-09 0.0 0.0 0.0 0.0003630947321653366 0.9999999403953552
1638453108326268196 2.531070822442416e-05 -1.8704275461800535e-08 0.0 0.0 0.0 0.0002663377672433853 0.9999999403953552
1638453108460268021 2.531070822442416e-05 -1.8268940138455037e-08 0.0 0.0 0.0 0.00028353743255138397 0.9999999403953552
1638453108627127886 2.441754784476835e-11 -2.994496739461283e-08 0.0 0.0 0.0 0.000231914222240448 1.0
1638453108759127855 2.531070822442416e-05 -1.9123817196486925e-08 0.0 0.0 0.0 0.0002621859312057495 0.9999999403953552
1638453108928128004 1.650663980501399e-11 -1.837694973971793e-08 0.0 0.0 0.0 0.00010927766561508179 1.0
163845310961127901 2.5310700948466547e-05 -3.991272201631091e-09 0.0 0.0 0.0 0.00020091235637664795 1.0
1638453109196127892 2.5310700948466547e-05 -3.774452750349155e-09 0.0 0.0 0.0 0.0002771541476249695 0.9999999403953552
1638453109364127874 2.531070276745595e-05 -8.269806173188954e-09 0.0 0.0 0.0 9.202957153320312e-05 1.0
1638453109499127865 1.595299066459166e-11 -1.4066688258651538e-08 0.0 0.0 0.0 0.00024416111409664154 0.9999999403953552
1638453109668128014 5.062138370703906e-05 5.2948907480754315e-09 0.0 0.0 0.0 0.00016129203140735626 1.0
1638453109801127911 5.062138006906025e-05 9.878264428664352e-09 0.0 0.0 0.0 0.00022751837968826294 1.0
1638453109968127966 0.0007340098964050412 8.312906629726058e-08 0.0 0.0 0.0 -0.000112876296043396 1.0
1638453110100127935 0.0019995442125946283 -5.679705950001335e-08 0.0 0.0 0.0 -7.480382919311523e-05 1.0
1638453110265127897 0.003619428025558591 -2.1719473863868188e-07 0.0 0.0 0.0 -7.57761299610138e-05 1.0
1638453110433127880 0.006403603591024876 3.9037452381762705e-08 0.0 0.0 0.0 -2.6149675250053406e-05 1.0
1638453110567127943 0.00903591513633728 8.185393198800739e-07 0.0 0.0 0.0 0.000327523797750473 0.9999999403953552
1638453110732127905 0.012655342929065228 1.457288249184785e-06 0.0 0.0 0.0 5.765445530414581e-05 1.0
1638453110932127953 0.018375558778643608 -3.5246225138507725e-07 0.0 0.0 0.0 -3.6928802728652954e-05 1.0
163845311176650143 0.02308334782719612 1.6170199046428024e-07 0.0 0.0 0.0 -0.00010636076331138611 1.0
1638453111209650040 0.02839859388768673 -1.7126170632764115e-06 0.0 0.0 0.0 -0.00016175396740436554 1.0
1638453111375650167 0.035257790237665176 -3.5389118693274213e-06 0.0 0.0 0.0 -0.00011760741472244263 1.0
1638453111509649992 0.041863877326250076 -6.832883627794217e-06 0.0 0.0 0.0 -0.00026906654238700867 0.9999999403953552
1638453111608649969 0.04677415266633034 -8.316917046613526e-06 0.0 0.0 0.0 -9.614787995815277e-05 1.0
1638453111776650190 0.05520261451601982 -1.1187841664650477e-05 0.0 0.0 0.0 -0.00017525255680084229 1.0
1638453111911650181 0.06198587641119957 -1.1753803846659139e-05 0.0 0.0 0.0 7.789954543113708e-05 1.0
163845311280650091 0.07147737592458725 -1.4447180546994787e-05 0.0 0.0 0.0 1.9533559679985046e-05 1.0
1638453112212650061 0.07929837703704834 -1.595172579982318e-05 0.0 0.0 0.0 -0.00038147903978824615 0.9999999403953552
1638453112381649971 0.08954920619726181 -2.198331458203029e-05 0.0 0.0 0.0 -0.00020941346883773804 1.0
1638453112514650106 0.09863574802875519 -2.6640698706614785e-05 0.0 0.0 0.0 -0.00019025057554244995 1.0
1638453112647650003 0.10787414759397507 -3.1335246603703126e-05 0.0 0.0 0.0 -0.00020037218928337097 1.0
1638453112815649986 0.12009920179843903 -3.858328636852093e-05 0.0 0.0 0.0 -0.00039329007267951965 0.9999999403953552
1638453112949650049 0.13067905604839325 -4.397980228532106e-05 0.0 0.0 0.0 -0.0006638001068495214 0.9999997615814209
163845311381650019 0.14115767180919647 -5.901512486161664e-05 0.0 0.0 0.0 -0.0007968078716658056 0.9999997019767761
1638453113214650154 0.1520918756723404 -7.91761776781641e-05 0.0 0.0 0.0 -0.0008572431979700923 0.9999996423721313
1638453113381649971 0.16684797406196594 -0.00010915433813352138 0.0 0.0 0.0 -0.001063152914866805 0.999999463558197
1638453113509747982 0.17879459261894226 -0.0001332454412477091 0.0 0.0 0.0 -0.0012487020576372743 0.9999992251396179
1638453113675748110 0.19360129535198212 -0.000171945575857535 0.0 0.0 0.0 -0.0012926846975460649 0.9999991655349731
1638453113877748013 0.2117743194103241 -0.00021750471205450594 0.0 0.0 0.0 -0.0013030354166403413 0.9999991655349731
163845311410747910 0.22422713041305542 -0.0002526406606193632 0.0 0.0 0.0 -0.0015614250442013144 0.9999988079071045
1638453114179748058 0.24098274111747742 -0.0003006983024533838 0.0 0.0 0.0 -0.0012497432762756944 0.9999992251396179
1638453114377748013 0.2608262300491333 -0.00035753435804508626 0.0 0.0 0.0 -0.0016680239932611585 0.9999986290931702
1638453114557748079 0.278847336769104 -0.0004187243466731161 0.0 0.0 0.0 -0.0016616705106571317 0.9999986290931702
1638453114723747969 0.29633691906929016 -0.0004788594087585807 0.0 0.0 0.0 -0.001560098840855062 0.9999988079071045
1638453114861747980 0.31132081151008606 -0.0005198954604566097 0.0 0.0 0.0 -0.0014530862681567669 0.999998927116394
163845311527748108 0.3293673098087311 -0.0005612397217191756 0.0 0.0 0.0 -0.000978037598542869 0.9999995231628418
1638453115233747959 0.3517419099807739 -0.000603409658651799 0.0 0.0 0.0 -0.000790383608546108 0.9999997019767761
1638453115368747950 0.3664220869541168 -0.0006232596351765096 0.0 0.0 0.0 -0.0008109713671728969 0.9999996423721313
1638453115503747940 0.38107696175575256 -0.0006474718102253973 0.0 0.0 0.0 -0.0008239577291533351 0.9999996423721313
1638453115672748089 0.3994777798652649 -0.0006789698381908238 0.0 0.0 0.0 -0.0006896629347465932 0.9999997615814209
1638453115804748058 0.4138542413711548 -0.0006988815148361027 0.0 0.0 0.0 -0.0007491167052648962 0.9999997019767761
1638453115970747948 0.43222981691360474 -0.0007195529178716242 0.0 0.0 0.0 -0.00042749568819999695 0.9999998807907104
1638453116108079910 0.44711247086524963 -0.0007281732396222651 0.0 0.0 0.0 0.00015060976147651672 1.0
1638453116277080059 0.46561455726623535 -0.0007249832269735634 0.0 0.0 0.0 0.00012097880244255066 1.0
1638453116409080029 0.48014289140701294 -0.0007186068687587976 0.0 0.0 0.0 0.0002936292439699173 0.9999999403953552
1638453116576079845 0.4982653260231018 -0.0007003731443546712 0.0 0.0 0.0 0.0006505082710646093 0.9999997615814209
1638453116708080053 0.5126165151596069 -0.0006765739526599646 0.0 0.0 0.0 0.0011334174778312445 0.9999993443489075
1638453116875079870 0.530865490436554 -0.0006316886865533888 0.0 0.0 0.0 0.0013996749185025692 0.9999990463256836
163845311777080011 0.5527591109275818 -0.0005705318762920797 0.0 0.0 0.0 0.0013284549349918962 0.9999991059303284
1638453117211079836 0.567388653755188 -0.0005475960788317025 0.0 0.0 0.0 0.000519895926117897 0.9999998807907104
1638453117378079891 0.5854858160018921 -0.000540669250767678 0.0 0.0 0.0 -4.086829721927643e-05 1.0
1638453117514080048 0.6001912951469421 -0.000536642037332058 0.0 0.0 0.0 2.9632821679115295e-05 1.0
1638453117684079885 0.6187440752983093 -0.0005293984431773424 0.0 0.0 0.0 0.0006825159653089941 0.9999997615814209
1638453117816079855 0.6333484053611755 -0.0005129239289090037 0.0 0.0 0.0 0.0005384422838687897 0.9999998807907104
1638453117984079838 0.651901125907898 -0.0004943676758557558 0.0 0.0 0.0 0.0003425236791372299 0.9999999403953552
1638453118149080038 0.669998288154602 -0.00048569991486147046 0.0 0.0 0.0 0.0002382807433605194 1.0
1638453118321079969 0.6888294816017151 -0.0004814596613869071 0.0 0.0 0.0 7.58543610572815e-05 1.0
1638453118454079866 0.7032818794250488 -0.00047334987903013825 0.0 0.0 0.0 0.0003911703824996948 0.9999999403953552
1638453118607506990 0.7213031053543091 -0.0004583504924084991 0.0 0.0 0.0 0.00016409344971179962 1.0
1638453118773507118 0.7393496036529541 -0.0004554082697723061 0.0 0.0 0.0 -5.7250261306762695e-05 1.0
1638453118908507109 0.754131019115448 -0.0004556653439067304 0.0 0.0 0.0 -9.256228804588318e-05 1.0
163845311976507092 0.7722535133361816 -0.00046185252722352743 0.0 0.0 0.0 -0.0003392845392227173 0.9999999403953552
1638453119274507046 0.7938181757926941 -0.0005069382023066282 0.0 0.0 0.0 -0.0017179764108732343 0.9999985098838806
1638453119473507166 0.8155092597007751 -0.0005876339273527265 0.0 0.0 0.0 -0.001982173416763544 0.9999980330467224
1638453119607506990 0.8301386833190918 -0.0006456837872974575 0.0 0.0 0.0 -0.002237895503640175 0.9999974966049194
1638453119775506973 0.8486658930778503 -0.0007375878631137311 0.0 0.0 0.0 -0.002624214394018054 0.999996542930603
1638453119973507166 0.8703821897506714 -0.0008410278824158013 0.0 0.0 0.0 -0.0018174619181081653 0.9999983310699463
1638453120173506975 0.8923264145851135 -0.0009068044018931687 0.0 0.0 0.0 -0.00122153724078089 0.9999992251396179
1638453120306507111 0.9067788124084473 -0.0009367830352857709 0.0 0.0 0.0 -0.0009397807298228145 0.9999995827674866
1638453120473507166 0.9249012470245361 -0.0009548628586344421 0.0 0.0 0.0 3.405846655368805e-05 1.0
1638453120607506990 0.9395055174827576 -0.0009543549967929721 0.0 0.0 0.0 6.938725709915161e-05 1.0
1638453120773507118 0.9576533436775208 -0.0009510201052762568 0.0 0.0 0.0 6.880424916744232e-05 1.0
1638453120976507187 0.9796736240386963 -0.000937026459723711 0.0 0.0 0.0 0.0004810411192011088 0.9999998807907104
1638453121154102087 0.9979226589202881 -0.0009304254781454802 0.0 0.0 0.0 0.000107521191239357 1.0
1638453121320101976 1.0160198211669922 -0.0009221211075782776 0.0 0.0 0.0 0.00036354735493659973 0.9999999403953552
1638453121454102039 1.0306240320205688 -0.0009086706559173763 0.0 0.0 0.0 0.0006319581880234182 0.9999998211860657
1638453121619102001 1.0488224029541016 -0.0008880261448211968 0.0 0.0 0.0 0.0005680135800503194 0.9999998211860657
1638453121753102064 1.0635532140731812 -0.0008733696886338294 0.0 0.0 0.0 0.00036132149398326874 0.9999999403953552
1638453121920102119 1.081852912902832 -0.0008444376289844513 0.0 0.0 0.0 0.0010792759712785482 0.9999994039535522
163845312286102009 1.1001780033111572 -0.0008100440027192235 0.0 0.0 0.0 0.0010680609848350286 0.9999994039535522
1638453122219102144 1.1145544052124023 -0.0007760251755826175 0.0 0.0 0.0 0.0012075096601620317 0.9999992847442627
1638453122354102135 1.1291838884353638 -0.0007307046907953918 0.0 0.0 0.0 0.0016568388091400266 0.9999986290931702
1638453122520102024 1.147204875946045 -0.0006582027999684215 0.0 0.0 0.0 0.002261003479361534 0.9999974370002747
1638453122655102015 1.161986231803894 -0.0005915493238717318 0.0 0.0 0.0 0.002398946788161993 0.9999971389770508
1638453122822102070 1.1801085472106934 -0.0005195059929974377 0.0 0.0 0.0 0.0017016391502693295 0.9999985694885254
1638453122956102133 1.1946368217468262 -0.0004705017199739814 0.0 0.0 0.0 0.001419698353856802 0.9999989867210388
1638453123124102116 1.212885856628418 -0.000410912383813411 0.0 0.0 0.0 0.0018393126083537936 0.9999983310699463
1638453123258102179 1.2274900674819946 -0.0003658178320620209 0.0 0.0 0.0 0.0014727500965818763 0.999998927116394
1638453123425101995 1.2457389831542969 -0.0003075186104979366 0.0 0.0 0.0 0.0015631610294803977 0.9999988079071045
1638453123560911894 1.2605456113815308 -0.00026191637152805924 0.0 0.0 0.0 0.0013028063112869859 0.9999991655349731
1638453123731911898 1.27932608127594 -0.00021653654403053224 0.0 0.0 0.0 0.00131979922298342 0.9999991059303284
1638453123866911888 1.2941581010818481 -0.0001801597245503217 0.0 0.0 0.0 0.0012410912895575166 0.9999992251396179
163845312430911922 1.3122045993804932 -0.00013489874254446477 0.0 0.0 0.0 0.001105177914723754 0.9999994039535522
1638453124164911985 1.3267076015472412 -0.00010262925206916407 0.0 0.0 0.0 0.0010264606680721045 0.999999463558197
1638453124298912048 1.341185212135315 -7.58173264330253e-05 0.0 0.0 0.0 0.0009538790909573436 0.9999995231628418
1638453124465911865 1.3594088554382324 -4.3174448364879936e-05 0.0 0.0 0.0 0.0007812901749275625 0.9999997019767761
1638453124630912066 1.3774046897888184 -1.2772187801601831e-05 0.0 0.0 0.0 0.0005426350980997086 0.9999998807907104
1638453124764911890 1.391907811164856 6.646407086918771e-07 0.0 0.0 0.0 0.0003954693675041199 0.9999999403953552
1638453124896911860 1.4062589406967163 9.456754014536273e-06 0.0 0.0 0.0 0.00030824169516563416 0.9999999403953552
163845312564911842 1.4244827032089233 1.2525827514764387e-05 0.0 0.0 0.0 -0.00017305836081504822 1.0
1638453125230911970 1.4426305294036865 3.981528152507963e-06 0.0 0.0 0.0 -0.00027765892446041107 0.9999999403953552
1638453125364912033 1.4573614597320557 -6.87806414134684e-06 0.0 0.0 0.0 -0.0003912299871444702 0.9999999403953552
1638453125531911850 1.475838303565979 -2.273908830829896e-05 0.0 0.0 0.0 -0.0005265139043331146 0.9999998807907104
1638453125665911913 1.4904425144195557 -3.9750397263560444e-05 0.0 0.0 0.0 -0.0007212608470581472 0.9999997615814209
1638453125832911968 1.5088181495666504 -7.324756006710231e-05 0.0 0.0 0.0 -0.0009085050551220775 0.9999995827674866
1638453125997911930 1.5267888307571411 -0.00010564112744759768 0.0 0.0 0.0 -0.0008796657202765346 0.9999996423721313
1638453126166863918 1.5448861122131348 -0.00014058296801522374 0.0 0.0 0.0 -0.001104380702599883 0.9999994039535522
1638453126330863953 1.5627301931381226 -0.0001819786411942914 0.0 0.0 0.0 -0.0014454103074967861 0.999998927116394
1638453126467864037 1.5776634216308594 -0.00022870308021083474 0.0 0.0 0.0 -0.0014485581777989864 0.999998927116394
1638453126599864006 1.5919638872146606 -0.00027392597985453904 0.0 0.0 0.0 -0.001686948467977345 0.9999985694885254
1638453126765863895 1.6099848747253418 -0.000342151994118467 0.0 0.0 0.0 -0.0020962378475815058 0.9999977946281433
1638453126897863865 1.6244118213653564 -0.00040434623952023685 0.0 0.0 0.0 -0.002281678607687354 0.9999973773956299
163845312764863920 1.6425087451934814 -0.0004857888852711767 0.0 0.0 0.0 -0.002246646210551262 0.9999974966049194
1638453127231863976 1.660833477973938 -0.0005721414927393198 0.0 0.0 0.0 -0.0024471445940434933 0.9999970197677612
1638453127364863873 1.6755388975143433 -0.0006461166776716709 0.0 0.0 0.0 -0.0026645869947969913 0.9999964237213135
1638453127531863928 1.6938635110855103 -0.0007442437345162034 0.0 0.0 0.0 -0.002652062801644206 0.9999964833259583
1638453127730864048 1.7157062292099 -0.0008748968248255551 0.0 0.0 0.0 -0.003183735767379403 0.9999949336051941
1638453127864863873 1.7303354740142822 -0.0009668850689195096 0.0 0.0 0.0 -0.0030378447845578194 0.9999954104423523
163845312832863855 1.7486348152160645 -0.0010799948358908296 0.0 0.0 0.0 -0.0030350396409630775 0.9999954104423523
1638453128165863991 1.763112187385559 -0.001153011922724545 0.0 0.0 0.0 -0.0021083971951156855 0.9999977946281433
1638453128298863888 1.777640461921692 -0.0012153834104537964 0.0 0.0 0.0 -0.0022498536854982376 0.9999974966049194
1638453128464864016 1.7956868410110474 -0.0012903010938316584 0.0 0.0 0.0 -0.00192137504927814 0.999998152256012
1638453128618016005 1.8138092756271362 -0.0013594587799161673 0.0 0.0 0.0 -0.0018684443784877658 0.9999982714653015
1638453128752016068 1.8283121585845947 -0.0014097602106630802 0.0 0.0 0.0 -0.001860993797890842 0.9999982714653015
1638453128924015999 1.8470165729522705 -0.0014765298692509532 0.0 0.0 0.0 -0.0015259733190760016 0.9999988079071045
163845312957016134 1.8615448474884033 -0.001516339834779501 0.0 0.0 0.0 -0.0011400764342397451 0.9999993443489075
1638453129225016117 1.8800468444824219 -0.0015631209826096892 0.0 0.0 0.0 -0.001306267105974257 0.9999991655349731
1638453129357016087 1.894600510597229 -0.0015898278215900064 0.0 0.0 0.0 -0.0006589944823645055 0.9999997615814209
1638453129523015976 1.912824273109436 -0.0016009598039090633 0.0 0.0 0.0 2.8889626264572144e-05 1.0
1638453129722016096 1.9346673488616943 -0.0015932192327454686 0.0 0.0 0.0 0.00017652474343776703 1.0
1638453129855015993 1.9490437507629395 -0.001583095989190042 0.0 0.0 0.0 0.00046872158418409526 0.9999998807907104
163845313022016048 1.967140793800354 -0.0015622936189174652 0.0 0.0 0.0 0.0008084940491244197 0.9999997019767761
1638453130156016111 1.9817451238632202 -0.0015362966805696487 0.0 0.0 0.0 0.0009237880585715175 0.9999995827674866
1638453130321016073 1.998652696609497 -0.0015046776970848441 0.0 0.0 0.0 0.0006865672185085714 0.9999997615814209
1638453130453016043 1.9995638132095337 -0.0015033329837024212 0.0 0.0 0.0 0.0007405429496429861 0.9999997019767761
1638453130654016018 1.999690294265747 -0.001503152772784233 0.0 0.0 0.0 0.0005153883248567581 0.9999998807907104
1638453130820016146 1.9998421669006348 -0.0015036476543173194 0.0 0.0 0.0 -0.004698713775724173 0.9999889731407166
1638453130986016035 1.9998421669006348 -0.0015041661681607366 0.0 0.0 0.0 -0.017683623358607292 0.9998436570167542
1638453131166613102 1.999917984008789 -0.0015072331298142672 0.0 0.0 0.0 -0.037931740283966064 0.9992803335189819
1638453131300613165 1.9999181032180786 -0.0015072684036567807 0.0 0.0 0.0 -0.06044085696339607 0.9981718063354492
1638453131469613075 1.9999933242797852 -0.0015171511331573129 0.0 0.0 0.0 -0.09466815739870071 0.9955089092254639
1638453131601613045 2.0000176429748535 -0.0015240914653986692 0.0 0.0 0.0 -0.12598931789398193 0.9920315742492676
1638453131768613100 1.9999927282333374 -0.0015187814133241773 0.0 0.0 0.0 -0.16579443216323853 0.9861603379249573
1638453131933613062 1.9999927282333374 -0.0015187751268967986 0.0 0.0 0.0 -0.20509767532348633 0.9787415266036987
1638453132102612972 2.000014305114746 -0.0015324684791266918 0.0 0.0 0.0 -0.24471226334571838 0.969595730304718
1638453132269613028 1.9999929666519165 -0.0015185148222371936 0.0 0.0 0.0 -0.28359273076057434 0.9589447975158691
1638453132434612989 1.999994158744812 -0.0015167880337685347 0.0 0.0 0.0 -0.3219098150730133 0.9467703700065613
1638453132601613045 1.9999762773513794 -0.0014989901101216674 0.0 0.0 0.0 -0.36019548773765564 0.9328768253326416
1638453132768613100 1.9999231100082397 -0.0014448534930124879 0.0 0.0 0.0 -0.39800527691841125 0.9173831343650818
1638453132899613142 1.9999078512191772 -0.0014246341306716204 0.0 0.0 0.0 -0.42705225944519043 0.9042269587516785
163845313366613197 1.999891996383667 -0.0014049463206902146 0.0 0.0 0.0 -0.4635161757469177 0.8860884308815002
1638453133232613087 1.9998213052749634 -0.0012999809114262462 0.0 0.0 0.0 -0.49944132566452026 0.8663477301597595
1638453133437613010 1.999796986579895 -0.001255583600141108 0.0 0.0 0.0 -0.5405299663543701 0.8413247466087341
1638453133566479921 1.9998053312301636 -0.0012794813374057412 0.0 0.0 0.0 -0.5672330260276794 0.8235573172569275
1638453133700479984 1.999813437461853 -0.001303462078794837 0.0 0.0 0.0 -0.5940045118331909 0.8044617176055908
1638453133865479946 1.999834418296814 -0.0013763877796009183 0.0 0.0 0.0 -0.6247746348381042 0.7808051109313965
163845313432480001 1.999854564666748 -0.0014755986630916595 0.0 0.0 0.0 -0.6551157236099243 0.7555285096168518
1638453134201479912 1.9998621940612793 -0.0015257156919687986 0.0 0.0 0.0 -0.6857003569602966 0.7278839349746704
1638453134406480074 1.9998645782470703 -0.0016015854198485613 0.0 0.0 0.0 -0.719111442565918 0.6948947906494141
1638453134572479963 1.9998655319213867 -0.0015762922121211886 0.0 0.0 0.0 -0.7216827273368835 0.6922239661216736
1638453134708480120 1.9998655319213867 -0.0015762922121211886 0.0 0.0 0.0 -0.7217461466789246 0.6921578645706177
1638453134875479937 1.9998655319213867 -0.0015762922121211886 0.0 0.0 0.0 -0.7218431234359741 0.6920567154884338
16384531358480072 1.999858021736145 -0.0017533110221847892 0.0 0.0 0.0 -0.7220059633255005 0.6918867826461792
1638453135178479910 1.9997907876968384 -0.003270459594205022 0.0 0.0 0.0 -0.7229506969451904 0.6908996105194092
1638453135312479973 1.9996837377548218 -0.005596579052507877 0.0 0.0 0.0 -0.7232532501220703 0.6905828714370728
1638453135480479956 1.999494194984436 -0.009717864915728569 0.0 0.0 0.0 -0.7230184078216553 0.6908287405967712
1638453135614480019 1.9993003606796265 -0.013965639285743237 0.0 0.0 0.0 -0.7230532765388489 0.6907922625541687
1638453135748480082 1.9990414381027222 -0.019578639417886734 0.0 0.0 0.0 -0.7233059406280518 0.6905276775360107
1638453135916480064 1.9986426830291748 -0.028175022453069687 0.0 0.0 0.0 -0.7234206199645996 0.6904075145721436
1638453136131201982 1.9980828762054443 -0.040108539164066315 0.0 0.0 0.0 -0.7234688997268677 0.6903570294380188
1638453136287202120 1.9976428747177124 -0.04936179891228676 0.0 0.0 0.0 -0.7237502932548523 0.6900619268417358
1638453136423202038 1.9972535371780396 -0.05745185539126396 0.0 0.0 0.0 -0.7240752577781677 0.6897209286689758
1638453136558202028 1.9968653917312622 -0.06541526317596436 0.0 0.0 0.0 -0.7241916656494141 0.6895987391471863
1638453136726202011 1.99636709690094 -0.07547659426927567 0.0 0.0 0.0 -0.7244234681129456 0.6893552541732788
1638453136860202074 1.9959735870361328 -0.08336372673511505 0.0 0.0 0.0 -0.7245900630950928 0.6891801357269287
163845313727202129 1.9954309463500977 -0.09423378854990005 0.0 0.0 0.0 -0.7246080040931702 0.6891613006591797
1638453137228202105 1.9947173595428467 -0.10846583545207977 0.0 0.0 0.0 -0.7247435450553894 0.689018726348877
1638453137363202095 1.9941973686218262 -0.11880483478307724 0.0 0.0 0.0 -0.7246882319450378 0.6890769004821777
1638453137530201912 1.9935177564620972 -0.13243035972118378 0.0 0.0 0.0 -0.7243524193763733 0.6894299387931824
1638453137731202126 1.9926573038101196 -0.15002556145191193 0.0 0.0 0.0 -0.7240999341011047 0.6896950602531433
1638453137865201950 1.9920791387557983 -0.16203424334526062 0.0 0.0 0.0 -0.723913311958313 0.6898909211158752
163845313832202005 1.9913221597671509 -0.177885964512825 0.0 0.0 0.0 -0.7236632108688354 0.6901532411575317
1638453138165201902 1.990702748298645 -0.19103291630744934 0.0 0.0 0.0 -0.7234106063842773 0.6904180645942688
1638453138299201965 1.990070104598999 -0.20440731942653656 0.0 0.0 0.0 -0.7235655784606934 0.6902556419372559
1638453138465202093 1.9892845153808594 -0.2209164947271347 0.0 0.0 0.0 -0.723559558391571 0.690261960029602
1638453138616036892 1.9885108470916748 -0.23740091919898987 0.0 0.0 0.0 -0.7235909700393677 0.690229058265686
1638453138750036955 1.9878876209259033 -0.2506490647792816 0.0 0.0 0.0 -0.7235857844352722 0.6902344226837158
1638453138918036938 1.9870994091033936 -0.26738619804382324 0.0 0.0 0.0 -0.7236341238021851 0.6901838183403015
163845313984036827 1.9863229990005493 -0.2839212119579315 0.0 0.0 0.0 -0.7232749462127686 0.6905601620674133
1638453139251036882 1.9855507612228394 -0.3006337285041809 0.0 0.0 0.0 -0.7230916619300842 0.6907520890235901
1638453139419036865 1.9847912788391113 -0.3173721730709076 0.0 0.0 0.0 -0.7229477167129517 0.6909027099609375
1638453139619036913 1.9838957786560059 -0.3373982310295105 0.0 0.0 0.0 -0.7225011587142944 0.6913697123527527
1638453139819036961 1.9830255508422852 -0.35734936594963074 0.0 0.0 0.0 -0.722165584564209 0.6917202472686768
163845314019037008 1.9821809530258179 -0.377250999212265 0.0 0.0 0.0 -0.7218237519264221 0.6920769810676575
1638453140226036787 1.9813259840011597 -0.3978614807128906 0.0 0.0 0.0 -0.7213123440742493 0.6926099061965942
1638453140426036835 1.9805269241333008 -0.4177396297454834 0.0 0.0 0.0 -0.7210720181465149 0.6928601264953613
1638453140625036955 1.979750156402588 -0.4374160170555115 0.0 0.0 0.0 -0.7207739353179932 0.6931701898574829
1638453140830036879 1.9789578914642334 -0.4577503502368927 0.0 0.0 0.0 -0.7207701802253723 0.6931740641593933
1638453140999036789 1.9783084392547607 -0.47462010383605957 0.0 0.0 0.0 -0.7205009460449219 0.6934539079666138
1638453141164664030 1.9776675701141357 -0.49133822321891785 0.0 0.0 0.0 -0.7205188274383545 0.6934353709220886
1638453141363663912 1.976901888847351 -0.5112429857254028 0.0 0.0 0.0 -0.7205902338027954 0.693361222743988
1638453141564664125 1.976133942604065 -0.5312996506690979 0.0 0.0 0.0 -0.7203989624977112 0.6935598850250244
1638453141767663956 1.9753721952438354 -0.5515846014022827 0.0 0.0 0.0 -0.7200055122375488 0.6939682960510254
1638453141967664003 1.9746536016464233 -0.5715165734291077 0.0 0.0 0.0 -0.7195237874984741 0.6944678425788879
1638453142101664066 1.9741790294647217 -0.5849987864494324 0.0 0.0 0.0 -0.7193771600723267 0.6946196556091309
1638453142267663956 1.973611831665039 -0.6013903617858887 0.0 0.0 0.0 -0.7190795540809631 0.6949277520179749
1638453142433664083 1.9730455875396729 -0.6179845333099365 0.0 0.0 0.0 -0.7189326882362366 0.6950796842575073
1638453142634664059 1.972369909286499 -0.6377912759780884 0.0 0.0 0.0 -0.7189359664916992 0.6950762867927551
1638453142835664034 1.9716911315917969 -0.6577244997024536 0.0 0.0 0.0 -0.7190330028533936 0.6949759125709534
1638453143663996 1.9711154699325562 -0.6742169857025146 0.0 0.0 0.0 -0.7195287346839905 0.6944626569747925
1638453143169664145 1.9705116748809814 -0.6910884380340576 0.0 0.0 0.0 -0.7197854518890381 0.6941965818405151
1638453143368664026 1.969793677330017 -0.7109190225601196 0.0 0.0 0.0 -0.719739556312561 0.6942441463470459
1638453143578984976 1.9690650701522827 -0.7309518456459045 0.0 0.0 0.0 -0.7200642824172974 0.6939073801040649
1638453143779984951 1.9683314561843872 -0.7511110305786133 0.0 0.0 0.0 -0.7197005748748779 0.6942845582962036
1638453143912985086 1.9678587913513184 -0.7643147706985474 0.0 0.0 0.0 -0.719382107257843 0.694614589214325
163845314478984976 1.967278242111206 -0.7809084057807922 0.0 0.0 0.0 -0.7192063331604004 0.6947965621948242
1638453144279984951 1.9665831327438354 -0.8010690808296204 0.0 0.0 0.0 -0.7190480828285217 0.694960355758667
1638453144414984941 1.9661264419555664 -0.8143240213394165 0.0 0.0 0.0 -0.7191020846366882 0.6949044466018677
1638453144548985004 1.9656649827957153 -0.8276801109313965 0.0 0.0 0.0 -0.7189981341362 0.6950119733810425
1638453144714985132 1.9651061296463013 -0.8440971970558167 0.0 0.0 0.0 -0.7190197110176086 0.6949896812438965
1638453144881984949 1.9645525217056274 -0.8606917858123779 0.0 0.0 0.0 -0.7188695073127747 0.6951450109481812
163845314582984924 1.963879108428955 -0.8806759119033813 0.0 0.0 0.0 -0.7190403342247009 0.6949683427810669
1638453145282984972 1.9631915092468262 -0.9005329012870789 0.0 0.0 0.0 -0.7194440364837646 0.6945503950119019
1638453145482985020 1.9624980688095093 -0.9205417037010193 0.0 0.0 0.0 -0.7191582322120667 0.6948463916778564
1638453145684985161 1.961794376373291 -0.9407273530960083 0.0 0.0 0.0 -0.71925950050354 0.6947414875030518
1638453145818984985 1.961330771446228 -0.954108715057373 0.0 0.0 0.0 -0.7192861437797546 0.6947139501571655
1638453145954985142 1.9608622789382935 -0.9676418304443359 0.0 0.0 0.0 -0.719090461730957 0.6949164867401123
1638453146127758026 1.9602937698364258 -0.9844891428947449 0.0 0.0 0.0 -0.718754231929779 0.6952642202377319
1638453146322757959 1.9596532583236694 -1.003942608833313 0.0 0.0 0.0 -0.7185778617858887 0.6954465508460999
1638453146456758022 1.9592230319976807 -1.0171985626220703 0.0 0.0 0.0 -0.7184714674949646 0.6955564618110657
1638453146622758150 1.9586822986602783 -1.033793568611145 0.0 0.0 0.0 -0.7186018228530884 0.6954217553138733
1638453146756757975 1.9582405090332031 -1.046998381614685 0.0 0.0 0.0 -0.7187403440475464 0.6952785849571228
1638453146922758102 1.957689881324768 -1.0635677576065063 0.0 0.0 0.0 -0.7186986207962036 0.6953217387199402
163845314756757927 1.9572479724884033 -1.0767724514007568 0.0 0.0 0.0 -0.7189416885375977 0.6950703859329224
1638453147224758148 1.9566725492477417 -1.0934423208236694 0.0 0.0 0.0 -0.7195211052894592 0.6944705843925476
1638453147356758118 1.956203818321228 -1.1066207885742188 0.0 0.0 0.0 -0.7197744250297546 0.694208025932312
1638453147523757935 1.9555716514587402 -1.123820424079895 0.0 0.0 0.0 -0.7200595736503601 0.6939122080802917
1638453147657757998 1.955026626586914 -1.1384905576705933 0.0 0.0 0.0 -0.7200362682342529 0.6939364075660706
1638453147824758053 1.9543447494506836 -1.1567014455795288 0.0 0.0 0.0 -0.7203584313392639 0.6936019659042358
1638453147957757950 1.9537978172302246 -1.1712193489074707 0.0 0.0 0.0 -0.7203310132026672 0.6936304569244385
1638453148125757933 1.9531075954437256 -1.1896579265594482 0.0 0.0 0.0 -0.7200960516929626 0.6938743591308594
1638453148258758068 1.9525411128997803 -1.2048842906951904 0.0 0.0 0.0 -0.7198723554611206 0.6941065192222595
1638453148425758123 1.9518252611160278 -1.2246137857437134 0.0 0.0 0.0 -0.7198623418807983 0.6941168308258057
1638453148557212830 1.9512373208999634 -1.2405740022659302 0.0 0.0 0.0 -0.7198988795280457 0.6940789818763733
1638453148756212950 1.950356125831604 -1.264298915863037 0.0 0.0 0.0 -0.7200556397438049 0.6939163208007812
1638453148923213005 1.9496357440948486 -1.2840027809143066 0.0 0.0 0.0 -0.71992427110672 0.6940526366233826
163845314957212830 1.9490389823913574 -1.3000640869140625 0.0 0.0 0.0 -0.7204104661941528 0.6935479640960693
1638453149202213049 1.9483697414398193 -1.31746506690979 0.0 0.0 0.0 -0.720650315284729 0.6932987570762634
1638453149369212866 1.9476007223129272 -1.3373697996139526 0.0 0.0 0.0 -0.7205668687820435 0.6933854818344116
1638453149568212986 1.9466995000839233 -1.3612208366394043 0.0 0.0 0.0 -0.7202355265617371 0.6937296390533447
1638453149769212961 1.9458163976669312 -1.3851990699768066 0.0 0.0 0.0 -0.7197771072387695 0.6942052245140076
1638453149903213024 1.9452290534973145 -1.4012861251831055 0.0 0.0 0.0 -0.719849705696106 0.6941299438476562
163845315068212986 1.9445124864578247 -1.421066164970398 0.0 0.0 0.0 -0.7197405099868774 0.6942431926727295
1638453150235213041 1.9437806606292725 -1.4408708810806274 0.0 0.0 0.0 -0.7202473282814026 0.693717360496521
1638453150435212851 1.9428846836090088 -1.4647220373153687 0.0 0.0 0.0 -0.7201622724533081 0.6938056945800781
1638453150637212992 1.9419877529144287 -1.4886744022369385 0.0 0.0 0.0 -0.7202404737472534 0.6937244534492493
1638453150771213055 1.9413765668869019 -1.5046591758728027 0.0 0.0 0.0 -0.7206804752349854 0.6932673454284668
1638453150939213037 1.9405899047851562 -1.5247151851654053 0.0 0.0 0.0 -0.7209829688072205 0.6929527521133423
1638453151112624884 1.939798355102539 -1.5444670915603638 0.0 0.0 0.0 -0.7212216854095459 0.6927043199539185
1638453151280624866 1.938974380493164 -1.5646228790283203 0.0 0.0 0.0 -0.7214851379394531 0.6924299001693726
1638453151416625023 1.9382833242416382 -1.5814403295516968 0.0 0.0 0.0 -0.7213650345802307 0.6925550103187561
1638453151551625013 1.937592625617981 -1.598840355873108 0.0 0.0 0.0 -0.7205953598022461 0.6933558583259583
1638453151718624830 1.9367709159851074 -1.620617389678955 0.0 0.0 0.0 -0.7201591730117798 0.6938088536262512
1638453151884624958 1.9359896183013916 -1.6420413255691528 0.0 0.0 0.0 -0.7197186350822449 0.6942659020423889
163845315284625006 1.9350427389144897 -1.6679167747497559 0.0 0.0 0.0 -0.7199759483337402 0.6939989924430847
1638453152257624865 1.9342316389083862 -1.6903021335601807 0.0 0.0 0.0 -0.7198979258537292 0.6940799951553345
1638453152426625013 1.9334239959716797 -1.7120037078857422 0.0 0.0 0.0 -0.7204428315162659 0.6935142874717712
1638453152559624910 1.9327542781829834 -1.7293033599853516 0.0 0.0 0.0 -0.720740795135498 0.6932047009468079
1638453152724624872 1.9319101572036743 -1.7507755756378174 0.0 0.0 0.0 -0.7209932804107666 0.6929420828819275
1638453152857625008 1.9312145709991455 -1.768175482749939 0.0 0.0 0.0 -0.721215009689331 0.6927112340927124
163845315325624990 1.9303474426269531 -1.7898746728897095 0.0 0.0 0.0 -0.7210252285003662 0.6929088234901428
1638453153227624893 1.9293206930160522 -1.816152572631836 0.0 0.0 0.0 -0.7204645276069641 0.6934918165206909
1638453153360625029 1.9286707639694214 -1.8334529399871826 0.0 0.0 0.0 -0.7200875282287598 0.6938832402229309
1638453153528625011 1.927879810333252 -1.8551297187805176 0.0 0.0 0.0 -0.7198734879493713 0.6941052675247192
1638453153690356970 1.927074909210205 -1.877388596534729 0.0 0.0 0.0 -0.719505250453949 0.6944869756698608
1638453153859357119 1.9262937307357788 -1.8991671800613403 0.0 0.0 0.0 -0.7197757363319397 0.6942066550254822
163845315429356956 1.9254995584487915 -1.9211225509643555 0.0 0.0 0.0 -0.7199761867523193 0.6939988136291504
1638453154231357098 1.9245274066925049 -1.9473011493682861 0.0 0.0 0.0 -0.7203333973884583 0.6936280131340027
1638453154398357153 1.923721194267273 -1.9691294431686401 0.0 0.0 0.0 -0.719823956489563 0.6941566467285156
1638453154565356970 1.9229310750961304 -1.9907810688018799 0.0 0.0 0.0 -0.7198581695556641 0.6941211819648743
1638453154766356945 1.9219863414764404 -2.016935110092163 0.0 0.0 0.0 -0.7193610072135925 0.6946364045143127
163845315533357143 1.9207934141159058 -2.0515143871307373 0.0 0.0 0.0 -0.7193577885627747 0.6946397423744202
1638453155202357054 1.9200174808502197 -2.0734450817108154 0.0 0.0 0.0 -0.7198531627655029 0.6941264271736145
1638453155368356943 1.9192321300506592 -2.094919443130493 0.0 0.0 0.0 -0.7198545932769775 0.6941248774528503
1638453155572356939 1.9182521104812622 -2.121173858642578 0.0 0.0 0.0 -0.7204663157463074 0.6934899687767029
1638453155774357080 1.9172186851501465 -2.1473753452301025 0.0 0.0 0.0 -0.721219003200531 0.6927071213722229
1638453155975357056 1.9161559343338013 -2.1734485626220703 0.0 0.0 0.0 -0.7213613986968994 0.6925588250160217
1638453156151227951 1.9152742624282837 -2.194944381713867 0.0 0.0 0.0 -0.7215815186500549 0.6923295259475708
1638453156317228079 1.9143837690353394 -2.2165160179138184 0.0 0.0 0.0 -0.7214441299438477 0.6924726963043213
1638453156484227896 1.9135019779205322 -2.238163948059082 0.0 0.0 0.0 -0.7213062047958374 0.69261634349823
1638453156687227964 1.9124175310134888 -2.2644901275634766 0.0 0.0 0.0 -0.7214789390563965 0.6924363970756531
1638453156821228027 1.9116986989974976 -2.2819395065307617 0.0 0.0 0.0 -0.7215319871902466 0.6923811435699463
163845315722228003 1.9106260538101196 -2.3077850341796875 0.0 0.0 0.0 -0.7217071652412415 0.6921985149383545
1638453157155227900 1.9099050760269165 -2.324930429458618 0.0 0.0 0.0 -0.7220474481582642 0.6918435096740723
1638453157322227955 1.9089628458023071 -2.3466012477874756 0.0 0.0 0.0 -0.7226554155349731 0.6912084221839905
1638453157456228018 1.9081841707229614 -2.3639214038848877 0.0 0.0 0.0 -0.7229288220405579 0.6909224987030029
1638453157621227980 1.9072257280349731 -2.385464668273926 0.0 0.0 0.0 -0.7224361896514893 0.6914376020431519
1638453157822227955 1.9060887098312378 -2.4115607738494873 0.0 0.0 0.0 -0.7221323847770691 0.6917548775672913
1638453157957227945 1.9053535461425781 -2.429035186767578 0.0 0.0 0.0 -0.7216587066650391 0.692249059677124
1638453158124228001 1.9044703245162964 -2.450759172439575 0.0 0.0 0.0 -0.7211121320724487 0.6928183436393738
1638453158257227898 1.9037926197052002 -2.467982292175293 0.0 0.0 0.0 -0.7205631732940674 0.6933892965316772
1638453158425227880 1.902970314025879 -2.4897592067718506 0.0 0.0 0.0 -0.7203278541564941 0.6936337351799011
1638453158560228109 1.9023196697235107 -2.507084846496582 0.0 0.0 0.0 -0.7201530933380127 0.6938152313232422
1638453158718331099 1.9015244245529175 -2.5286855697631836 0.0 0.0 0.0 -0.7200247049331665 0.6939484477043152
1638453158853331089 1.9008731842041016 -2.5461630821228027 0.0 0.0 0.0 -0.720404326915741 0.6935543417930603
163845315924331093 1.9000134468078613 -2.568394422531128 0.0 0.0 0.0 -0.7210299968719482 0.6929038763046265
1638453159258331060 1.8988215923309326 -2.598769187927246 0.0 0.0 0.0 -0.7207748889923096 0.6931692361831665
1638453159423331022 1.8979943990707397 -2.620242118835449 0.0 0.0 0.0 -0.7205021977424622 0.6934526562690735
1638453159625330925 1.8970203399658203 -2.646547317504883 0.0 0.0 0.0 -0.7199389934539795 0.6940373182296753
1638453159758331060 1.8963943719863892 -2.663823366165161 0.0 0.0 0.0 -0.7196280360221863 0.6943597793579102
1638453159927330971 1.8956223726272583 -2.6856021881103516 0.0 0.0 0.0 -0.7193892002105713 0.6946071982383728
163845316061331034 1.895015835762024 -2.702878713607788 0.0 0.0 0.0 -0.7194024920463562 0.6945934295654297
1638453160227330923 1.894269347190857 -2.724303722381592 0.0 0.0 0.0 -0.7194327116012573 0.6945621371269226
1638453160361330986 1.8936625719070435 -2.7415802478790283 0.0 0.0 0.0 -0.7194839715957642 0.6945090293884277
1638453160528331041 1.8928860425949097 -2.763232469558716 0.0 0.0 0.0 -0.7196827530860901 0.694303035736084
1638453160661330938 1.8922730684280396 -2.7805593013763428 0.0 0.0 0.0 -0.7193386554718018 0.6946595907211304
1638453160829330921 1.8915274143218994 -2.8023390769958496 0.0 0.0 0.0 -0.7188718914985657 0.6951425671577454
163845316129330969 1.8906691074371338 -2.828369617462158 0.0 0.0 0.0 -0.7184621095657349 0.6955660581588745
1638453161321503878 1.8894338607788086 -2.867480754852295 0.0 0.0 0.0 -0.7180415987968445 0.6960002183914185
1638453161558503866 1.8884994983673096 -2.898066997528076 0.0 0.0 0.0 -0.7176423072814941 0.6964118480682373
1638453161725503922 1.88784921169281 -2.9196219444274902 0.0 0.0 0.0 -0.7178546786308289 0.6961929798126221
1638453161925503969 1.8870465755462646 -2.9454262256622314 0.0 0.0 0.0 -0.7182708978652954 0.6957635283470154
1638453162129503965 1.886172890663147 -2.9718360900878906 0.0 0.0 0.0 -0.719078779220581 0.6949285268783569
1638453162329504013 1.885269284248352 -2.997941255569458 0.0 0.0 0.0 -0.719385027885437 0.6946115493774414
1638453162531503916 1.8851255178451538 -3.002115249633789 0.0 0.0 0.0 -0.7188360691070557 0.6951796412467957
1638453162698503971 1.8851221799850464 -3.002216339111328 0.0 0.0 0.0 -0.7189950942993164 0.6950151324272156
1638453162865504026 1.8851176500320435 -3.002342700958252 0.0 0.0 0.0 -0.7227036356925964 0.6911580562591553
163845316369504023 1.8851162195205688 -3.0023679733276367 0.0 0.0 0.0 -0.7358080148696899 0.6771902441978455
1638453163273504019 1.8851275444030762 -3.0022671222686768 0.0 0.0 0.0 -0.7554265856742859 0.6552333235740662
1638453163406503916 1.8851275444030762 -3.002267360687256 0.0 0.0 0.0 -0.7710191607475281 0.6368119120597839
1638453163572504044 1.8851336240768433 -3.0022428035736084 0.0 0.0 0.0 -0.7943145632743835 0.6075066924095154
1638453163772934198 1.885125756263733 -3.0022666454315186 0.0 0.0 0.0 -0.8229883909225464 0.56805819272995
1638453163906934023 1.8851057291030884 -3.0023131370544434 0.0 0.0 0.0 -0.8435991406440735 0.5369734764099121
163845316471933985 1.885068655014038 -3.0023794174194336 0.0 0.0 0.0 -0.8682339787483215 0.4961550235748291
1638453164273934126 1.8849983215332031 -3.0024845600128174 0.0 0.0 0.0 -0.8955690264701843 0.44492265582084656
1638453164474934101 1.8849828243255615 -3.002504587173462 0.0 0.0 0.0 -0.9200243353843689 0.3918612599372864
1638453164709933996 1.8849629163742065 -3.0025200843811035 0.0 0.0 0.0 -0.9448578357696533 0.3274807929992676
1638453164880934000 1.8850229978561401 -3.0024733543395996 0.0 0.0 0.0 -0.9597829580307007 0.2807430922985077
163845316554934025 1.8849774599075317 -3.002495527267456 0.0 0.0 0.0 -0.972873866558075 0.23133613169193268
1638453165289934158 1.885069489479065 -3.0024538040161133 0.0 0.0 0.0 -0.9862843751907349 0.16505497694015503
1638453165523934126 1.885117769241333 -3.0024383068084717 0.0 0.0 0.0 -0.9952422976493835 0.09743106365203857
1638453165722934008 1.8851426839828491 -3.0024335384368896 0.0 0.0 0.0 -0.9964285492897034 0.08444048464298248
1638453165896934032 1.8851426839828491 -3.0024335384368896 0.0 0.0 0.0 -0.9964131116867065 0.08462246507406235
1638453166189960957 1.8851675987243652 -3.002429246902466 0.0 0.0 0.0 -0.9964057803153992 0.08470810204744339
1638453166459960938 1.8851674795150757 -3.0024287700653076 0.0 0.0 0.0 -0.9972018599510193 0.07475555688142776
1638453166658961058 1.8851674795150757 -3.0024287700653076 0.0 0.0 0.0 -0.9978550672531128 0.06546195596456528
1638453166858960867 1.885192632675171 -3.0024261474609375 0.0 0.0 0.0 -0.9984564781188965 0.05553922429680824
163845316727961016 1.8852429389953613 -3.0024211406707764 0.0 0.0 0.0 -0.9988787770271301 0.04734160006046295
1638453167265960932 1.8852430582046509 -3.0024213790893555 0.0 0.0 0.0 -0.9993612170219421 0.035738084465265274
1638453167435961008 1.8852177858352661 -3.002423048019409 0.0 0.0 0.0 -0.9996059536933899 0.028071129694581032
1638453167602961063 1.8852430582046509 -3.0024218559265137 0.0 0.0 0.0 0.9997979998588562 -0.02009737677872181
1638453167804960966 1.8852683305740356 -3.0024211406707764 0.0 0.0 0.0 0.9998929500579834 -0.014633653685450554
1638453167972960949 1.8851165771484375 -3.0024254322052 0.0 0.0 0.0 0.9999009966850281 -0.014070089906454086
1638453168106961012 1.8834214210510254 -3.002472400665283 0.0 0.0 0.0 0.9999042749404907 -0.013837297447025776
1638453168275960922 1.8798792362213135 -3.0025699138641357 0.0 0.0 0.0 0.9999054074287415 -0.01375600416213274
1638453168509960890 1.8730984926223755 -3.0027565956115723 0.0 0.0 0.0 0.9999060034751892 -0.013710947707295418
1638453168740097046 1.8634841442108154 -3.0030226707458496 0.0 0.0 0.0 0.9999027848243713 -0.013944575563073158
1638453168907097101 1.8540469408035278 -3.003284454345703 0.0 0.0 0.0 0.9999026656150818 -0.013950773514807224
163845316977096939 1.8426364660263062 -3.0036098957061768 0.0 0.0 0.0 0.9998956918716431 -0.014441270381212234
1638453169276097059 1.8268243074417114 -3.0040767192840576 0.0 0.0 0.0 0.9998903870582581 -0.014806965366005898
1638453169514096975 1.805497169494629 -3.004725456237793 0.0 0.0 0.0 0.9998804330825806 -0.015465044416487217
1638453169680097103 1.788268804550171 -3.005260467529297 0.0 0.0 0.0 0.999879777431488 -0.015506047755479813
1638453169813097000 1.7734440565109253 -3.005723476409912 0.0 0.0 0.0 0.9998785257339478 -0.01558805350214243
1638453169981096983 1.7537366151809692 -3.0063374042510986 0.0 0.0 0.0 0.9998806118965149 -0.015452767722308636
1638453170148097038 1.7337002754211426 -3.0069549083709717 0.0 0.0 0.0 0.9998837113380432 -0.015249539166688919
1638453170318097115 1.7133846282958984 -3.0075557231903076 0.0 0.0 0.0 0.9998968839645386 -0.014359620399773121
1638453170453097105 1.6973187923431396 -3.00801157951355 0.0 0.0 0.0 0.9999043345451355 -0.013833840377628803
1638453170686096907 1.6695376634597778 -3.0087594985961914 0.0 0.0 0.0 0.999911367893219 -0.013312228955328465
163845317157096958 1.6230337619781494 -3.0100197792053223 0.0 0.0 0.0 0.9999018311500549 -0.014010014943778515
1638453171214257002 1.6011998653411865 -3.0106518268585205 0.0 0.0 0.0 0.9998885989189148 -0.014927592128515244
1638453171448256969 1.5708913803100586 -3.011568784713745 0.0 0.0 0.0 0.9998893141746521 -0.014879555441439152
1638453171614257097 1.5495132207870483 -3.012202501296997 0.0 0.0 0.0 0.9998905062675476 -0.014797787182033062
1638453171748256922 1.53215754032135 -3.0127108097076416 0.0 0.0 0.0 0.9998937845230103 -0.01457477081567049
1638453171913257122 1.5101717710494995 -3.0133447647094727 0.0 0.0 0.0 0.9998976588249207 -0.01430502813309431
1638453172114257097 1.4823404550552368 -3.014113664627075 0.0 0.0 0.0 0.9999078512191772 -0.013576134108006954
1638453172314256907 1.4545596837997437 -3.0148746967315674 0.0 0.0 0.0 0.9999051094055176 -0.013777698390185833
1638453172515257120 1.4263993501663208 -3.015639305114746 0.0 0.0 0.0 0.9999086260795593 -0.01351939607411623
1638453172715256929 1.398390531539917 -3.0163934230804443 0.0 0.0 0.0 0.9999095797538757 -0.013449188321828842
1638453172917257071 1.3704073429107666 -3.0171568393707275 0.0 0.0 0.0 0.9999076724052429 -0.013590199872851372
1638453173119256973 1.3424489498138428 -3.0179009437561035 0.0 0.0 0.0 0.9999096393585205 -0.013441678136587143
1638453173356256962 1.3093795776367188 -3.018784999847412 0.0 0.0 0.0 0.999911904335022 -0.013273250311613083
1638453173521256924 1.2865827083587646 -3.0193874835968018 0.0 0.0 0.0 0.9999174475669861 -0.012850570492446423
1638453173719924927 1.258927345275879 -3.020103931427002 0.0 0.0 0.0 0.99991375207901 -0.01313331164419651
1638453173917924881 1.2312473058700562 -3.020846128463745 0.0 0.0 0.0 0.9999064803123474 -0.013677691109478474
1638453174152925014 1.1984070539474487 -3.02176570892334 0.0 0.0 0.0 0.9998969435691833 -0.0143565209582448
1638453174320924997 1.1749286651611328 -3.0224454402923584 0.0 0.0 0.0 0.9998925924301147 -0.014657135121524334
1638453174520924807 1.147275686264038 -3.023249864578247 0.0 0.0 0.0 0.9998947381973267 -0.01450730487704277
1638453174919924974 1.0918165445327759 -3.0248055458068848 0.0 0.0 0.0 0.9999065399169922 -0.013670181855559349
1638453175118924856 1.064111590385437 -3.025557518005371 0.0 0.0 0.0 0.999908983707428 -0.013492933474481106
1638453175420924902 1.0220869779586792 -3.026735782623291 0.0 0.0 0.0 0.9998955726623535 -0.014451521448791027
1638453175619925022 0.994282603263855 -3.027554750442505 0.0 0.0 0.0 0.9998890161514282 -0.014896600507199764
1638453175818924904 0.9665547609329224 -3.0283937454223633 0.0 0.0 0.0 0.9998837113380432 -0.015251684933900833
1638453175985924959 0.9434825778007507 -3.029114007949829 0.0 0.0 0.0 0.9998749494552612 -0.015812497586011887
1638453176216584921 0.9112024307250977 -3.0301401615142822 0.0 0.0 0.0 0.9998741149902344 -0.015867922455072403
1638453176420584917 0.8827928900718689 -3.0310420989990234 0.0 0.0 0.0 0.9998757243156433 -0.015764223411679268
1638453176622584820 0.854787290096283 -3.0319061279296875 0.0 0.0 0.0 0.9998891353607178 -0.014891713857650757
1638453176823585033 0.8268314599990845 -3.032742500305176 0.0 0.0 0.0 0.9998837113380432 -0.015248347073793411
163845317723584843 0.7988762855529785 -3.033599615097046 0.0 0.0 0.0 0.9998797178268433 -0.01551105361431837
1638453177311584949 0.7586027979850769 -3.0349042415618896 0.0 0.0 0.0 0.999862015247345 -0.016612881794571877
1638453177478585005 0.735582709312439 -3.0356664657592773 0.0 0.0 0.0 0.9998636841773987 -0.016509899869561195
1638453177812584877 0.6890877485275269 -3.0372257232666016 0.0 0.0 0.0 0.9998531937599182 -0.017133990302681923
163845317811584997 0.6614642143249512 -3.0381574630737305 0.0 0.0 0.0 0.9998652338981628 -0.016416333615779877
1638453178213584900 0.633510947227478 -3.039074182510376 0.0 0.0 0.0 0.9998646378517151 -0.016453759744763374
1638453178513584852 0.5914939045906067 -3.0404961109161377 0.0 0.0 0.0 0.9998517036437988 -0.01722290739417076
1638453178652698040 0.5732053518295288 -3.041134834289551 0.0 0.0 0.0 0.9998424649238586 -0.017751162871718407
1638453178918698072 0.5363268852233887 -3.042477607727051 0.0 0.0 0.0 0.9998257756233215 -0.01866522803902626
1638453179118698120 0.5085550546646118 -3.0435121059417725 0.0 0.0 0.0 0.9998272061347961 -0.018590258434414864
1638453179321698189 0.4803784191608429 -3.044560194015503 0.0 0.0 0.0 0.999833881855011 -0.018225181847810745
1638453179524698019 0.452175498008728 -3.045581817626953 0.0 0.0 0.0 0.9998399019241333 -0.017891807481646538
1638453179758697987 0.41957172751426697 -3.046771287918091 0.0 0.0 0.0 0.9998319149017334 -0.01833304762840271
1638453179925698042 0.3962765038013458 -3.0476324558258057 0.0 0.0 0.0 0.9998244643211365 -0.01873590610921383
163845318059698105 0.3776611387729645 -3.0483360290527344 0.0 0.0 0.0 0.9998202919960022 -0.018956881016492844
1638453180257698059 0.3499661684036255 -3.0493948459625244 0.0 0.0 0.0 0.9998193979263306 -0.019005032256245613
1638453180456698179 0.32244816422462463 -3.0504438877105713 0.0 0.0 0.0 0.9998263120651245 -0.018636144697666168
1638453180658698082 0.2942715883255005 -3.051492929458618 0.0 0.0 0.0 0.9998255372047424 -0.018677622079849243
1638453180998697996 0.24709847569465637 -3.0532116889953613 0.0 0.0 0.0 0.9998464584350586 -0.0175236277282238
1638453181230289936 0.214593768119812 -3.0543386936187744 0.0 0.0 0.0 0.9998565316200256 -0.01693720556795597
1638453181364289999 0.19589966535568237 -3.054965019226074 0.0 0.0 0.0 0.9998654127120972 -0.016405247151851654
1638453181531290054 0.1726263463497162 -3.0557281970977783 0.0 0.0 0.0 0.9998672008514404 -0.016297735273838043
1638453181733289957 0.14442001283168793 -3.0566508769989014 0.0 0.0 0.0 0.9998641014099121 -0.016486655920743942
1638453181902290106 0.1210203543305397 -3.0574231147766113 0.0 0.0 0.0 0.9998656511306763 -0.01639237441122532
163845318268289995 0.0978732705116272 -3.0581743717193604 0.0 0.0 0.0 0.9998684525489807 -0.016218949109315872
1638453182235290051 0.07601586729288101 -3.058868646621704 0.0 0.0 0.0 0.9998771548271179 -0.015674231573939323
1638453182473289967 0.07480158656835556 -3.0589075088500977 0.0 0.0 0.0 0.9998725652694702 -0.015963634476065636
1638453182676290035 0.0747256949543953 -3.0589098930358887 0.0 0.0 0.0 0.999871551990509 -0.016028357669711113
1638453182809289932 0.07452329993247986 -3.0589160919189453 0.0 0.0 0.0 0.9999147057533264 -0.013062864542007446
1638453182977289915 0.07447268813848495 -3.0589168071746826 0.0 0.0 0.0 0.9999957084655762 -0.0029323496855795383
1638453183111289978 0.07432083040475845 -3.058915615081787 0.0 0.0 0.0 0.9999475479125977 0.010244266130030155
1638453183279289961 0.07439668476581573 -3.0589189529418945 0.0 0.0 0.0 0.9994623064994812 0.03278890997171402
1638453183513289928 0.07427053153514862 -3.0589089393615723 0.0 0.0 0.0 0.9971235394477844 0.07579366117715836
1638453183666637182 0.07424549758434296 -3.0589051246643066 0.0 0.0 0.0 0.9935860633850098 0.11307863891124725
1638453183869637012 0.07426905632019043 -3.0589146614074707 0.0 0.0 0.0 0.9856804609298706 0.16862404346466064
16384531841636982 0.07429128140211105 -3.058927059173584 0.0 0.0 0.0 0.9778018593788147 0.20953169465065002
1638453184167637110 0.07435768097639084 -3.0589640140533447 0.0 0.0 0.0 0.9646711945533752 0.2634568512439728
1638453184434637070 0.07447873055934906 -3.0590553283691406 0.0 0.0 0.0 0.9368427395820618 0.3497508466243744
1638453184633637190 0.07456397265195847 -3.0591490268707275 0.0 0.0 0.0 0.911277711391449 0.4117923676967621
1638453184833636999 0.07461085915565491 -3.059208631515503 0.0 0.0 0.0 0.8814072608947754 0.4723570942878723
1638453184999637127 0.0746271163225174 -3.0592286586761475 0.0 0.0 0.0 0.8536925911903381 0.5207772254943848
1638453185164637089 0.07464668154716492 -3.0592753887176514 0.0 0.0 0.0 0.8233729004859924 0.5675007104873657
1638453185398637056 0.07457281649112701 -3.0590336322784424 0.0 0.0 0.0 0.7754337787628174 0.6314288973808289
1638453185564637184 0.0745377391576767 -3.0588088035583496 0.0 0.0 0.0 0.7396661639213562 0.6729739904403687
1638453185729637146 0.07453146576881409 -3.05875825881958 0.0 0.0 0.0 0.7208683490753174 0.6930720210075378
1638453185933637142 0.07453146576881409 -3.05875825881958 0.0 0.0 0.0 0.7210972309112549 0.6928339004516602
1638453186100637197 0.07452443987131119 -3.0585813522338867 0.0 0.0 0.0 0.7207632064819336 0.6931813359260559
1638453186311909914 0.07445500046014786 -3.0567352771759033 0.0 0.0 0.0 0.7200177907943726 0.6939556002616882
1638453186479909897 0.07432448863983154 -3.053194284439087 0.0 0.0 0.0 0.720035195350647 0.6939375400543213
1638453186681910038 0.07408183068037033 -3.0465164184570312 0.0 0.0 0.0 0.7197439670562744 0.694239616394043
1638453186813910007 0.07388275116682053 -3.041027545928955 0.0 0.0 0.0 0.7197822332382202 0.6941999197006226
1638453186947910070 0.07364851236343384 -3.0344760417938232 0.0 0.0 0.0 0.7194337248802185 0.6945610642433167
1638453187117909908 0.07331647723913193 -3.0250914096832275 0.0 0.0 0.0 0.7192898392677307 0.6947100758552551
1638453187249910116 0.07302827388048172 -3.016693353652954 0.0 0.0 0.0 0.7191638350486755 0.6948405504226685
1638453187419909954 0.07263276726007462 -3.0050318241119385 0.0 0.0 0.0 0.7190070748329163 0.6950027942657471
1638453187619910002 0.07213646918535233 -2.990182876586914 0.0 0.0 0.0 0.7188268303871155 0.6951891779899597
1638453187786910057 0.0716954842209816 -2.9768259525299072 0.0 0.0 0.0 0.7187822461128235 0.6952352523803711
1638453187918910027 0.0713408812880516 -2.9661757946014404 0.0 0.0 0.0 0.7190353274345398 0.6949735283851624
163845318851909924 0.07097150385379791 -2.955273151397705 0.0 0.0 0.0 0.71905517578125 0.6949529647827148
1638453188219909906 0.07046714425086975 -2.940373659133911 0.0 0.0 0.0 0.719043493270874 0.6949650645256042
1638453188353909969 0.07004822790622711 -2.927953004837036 0.0 0.0 0.0 0.718969464302063 0.6950416564941406
1638453188518909931 0.06948923319578171 -2.911384105682373 0.0 0.0 0.0 0.7190601229667664 0.6949478387832642
1638453188655910015 0.06899462640285492 -2.8969147205352783 0.0 0.0 0.0 0.7191747426986694 0.6948292255401611
1638453188861371994 0.06817346066236496 -2.873288869857788 0.0 0.0 0.0 0.7195313572883606 0.6944599747657776
163845318928372049 0.06741363555192947 -2.851914644241333 0.0 0.0 0.0 0.7196370959281921 0.6943503618240356
1638453189162372112 0.0667838305234909 -2.8345627784729004 0.0 0.0 0.0 0.7200626730918884 0.6939089894294739
1638453189329372168 0.06599848717451096 -2.813189744949341 0.0 0.0 0.0 0.7199000716209412 0.694077730178833
1638453189528372049 0.06505782157182693 -2.7875418663024902 0.0 0.0 0.0 0.7200414538383484 0.6939310431480408
1638453189663372040 0.06439750641584396 -2.769861936569214 0.0 0.0 0.0 0.7204750776290894 0.6934808492660522
1638453189830372095 0.06352140754461288 -2.7468206882476807 0.0 0.0 0.0 0.7205237150192261 0.6934303045272827
1638453189963371992 0.06280487030744553 -2.7281551361083984 0.0 0.0 0.0 0.7206868529319763 0.6932607293128967
1638453190131372213 0.06188130006194115 -2.7046852111816406 0.0 0.0 0.0 0.721168577671051 0.69275963306427
1638453190267372131 0.06109361723065376 -2.684983968734741 0.0 0.0 0.0 0.7209506034851074 0.6929864287376404
1638453190434372187 0.06009535491466522 -2.659921169281006 0.0 0.0 0.0 0.7210046648979187 0.6929302215576172
1638453190566372156 0.05929882451891899 -2.6401188373565674 0.0 0.0 0.0 0.7212791442871094 0.692644476890564
1638453190766372204 0.05810461565852165 -2.610478639602661 0.0 0.0 0.0 0.7211455702781677 0.692783534526825
1638453190899372101 0.05731168016791344 -2.590726613998413 0.0 0.0 0.0 0.7212371230125427 0.6926882266998291
163845319169372177 0.05630268529057503 -2.5654866695404053 0.0 0.0 0.0 0.721160352230072 0.6927682161331177
1638453191202784061 0.05549106374382973 -2.5451529026031494 0.0 0.0 0.0 0.7210837006568909 0.6928479671478271
1638453191434783936 0.054088715463876724 -2.5103025436401367 0.0 0.0 0.0 0.7213842272758484 0.6925350427627563
1638453191637784004 0.05281771719455719 -2.4799816608428955 0.0 0.0 0.0 0.7220626473426819 0.691827654838562
1638453191837784052 0.051509469747543335 -2.4500932693481445 0.0 0.0 0.0 0.7225207686424255 0.69134920835495
163845319269783926 0.04996910318732262 -2.4153759479522705 0.0 0.0 0.0 0.7227111458778381 0.6911501884460449
1638453192269783974 0.04857584461569786 -2.3844268321990967 0.0 0.0 0.0 0.7227655053138733 0.6910933256149292
1638453192402784109 0.047607745975255966 -2.362478494644165 0.0 0.0 0.0 0.7222689986228943 0.6916122436523438
1638453192569783926 0.04634350538253784 -2.33370304107666 0.0 0.0 0.0 0.7225194573402405 0.6913506388664246
1638453192735784054 0.045019444078207016 -2.3037896156311035 0.0 0.0 0.0 0.722764253616333 0.691094696521759
1638453192867784023 0.04390821233391762 -2.27901029586792 0.0 0.0 0.0 0.7229049205780029 0.6909475326538086
16384531932784014 0.0427604503929615 -2.253396511077881 0.0 0.0 0.0 0.7227147221565247 0.6911464333534241
1638453193169784069 0.04135175794363022 -2.2216122150421143 0.0 0.0 0.0 0.7225609421730042 0.6913072466850281
1638453193436784029 0.0391402505338192 -2.171292781829834 0.0 0.0 0.0 0.7220862507820129 0.6918030381202698
1638453193602783918 0.03779900446534157 -2.1398093700408936 0.0 0.0 0.0 0.7216090559959412 0.6923007965087891
1638453193769634962 0.03648647665977478 -2.1080210208892822 0.0 0.0 0.0 0.7216671109199524 0.6922402381896973
1638453193905635118 0.03541387990117073 -2.082251787185669 0.0 0.0 0.0 0.7216576337814331 0.69225013256073
163845319472634935 0.0340888649225235 -2.050565242767334 0.0 0.0 0.0 0.7217002511024475 0.6922057271003723
1638453194273635149 0.03249775245785713 -2.0122783184051514 0.0 0.0 0.0 0.7214478850364685 0.6924687623977661
1638453194476634979 0.030955547466874123 -1.9739634990692139 0.0 0.0 0.0 0.7206222414970398 0.6933279037475586
1638453194712635040 0.029257269576191902 -1.9291702508926392 0.0 0.0 0.0 0.7201880812644958 0.6937788724899292
1638453194878634930 0.028084101155400276 -1.8976550102233887 0.0 0.0 0.0 0.7202524542808533 0.6937119960784912
163845319582634926 0.026589911431074142 -1.8590091466903687 0.0 0.0 0.0 0.7208712697029114 0.6930689215660095
1638453195222635031 0.02552669681608677 -1.8323276042938232 0.0 0.0 0.0 0.7210571765899658 0.6928755640983582
1638453195357635021 0.024511683732271194 -1.8067585229873657 0.0 0.0 0.0 0.7208071947097778 0.6931356191635132
1638453195558634996 0.023008137941360474 -1.7688475847244263 0.0 0.0 0.0 0.7207679152488708 0.6931764483451843
1638453195723634958 0.021809451282024384 -1.73776376247406 0.0 0.0 0.0 0.7205402255058289 0.6934131979942322
1638453195855634928 0.020837882533669472 -1.7124210596084595 0.0 0.0 0.0 0.7204744219779968 0.6934815049171448
163845319655634975 0.019397955387830734 -1.6743557453155518 0.0 0.0 0.0 0.7202369570732117 0.6937281489372253
1638453196215948820 0.01821044646203518 -1.642764925956726 0.0 0.0 0.0 0.7206259369850159 0.693324089050293
1638453196414948940 0.016811450943350792 -1.6049513816833496 0.0 0.0 0.0 0.7196182012557983 0.6943699717521667
1638453196650949001 0.015284394845366478 -1.560379981994629 0.0 0.0 0.0 0.7186440825462341 0.6953780651092529
1638453196818948984 0.014240417629480362 -1.5286575555801392 0.0 0.0 0.0 0.7186015844345093 0.6954219937324524
163845319717948866 0.013005317188799381 -1.490635633468628 0.0 0.0 0.0 0.7186774611473083 0.695343554019928
1638453197217948914 0.011715819127857685 -1.4526407718658447 0.0 0.0 0.0 0.7195392847061157 0.6944517493247986
1638453197384948969 0.010561246424913406 -1.4208714962005615 0.0 0.0 0.0 0.7201251983642578 0.6938441395759583
1638453197584949017 0.009142204187810421 -1.3829066753387451 0.0 0.0 0.0 0.7202867865562439 0.6936764121055603
1638453197753948927 0.007948821410536766 -1.3511388301849365 0.0 0.0 0.0 0.7202312350273132 0.6937341094017029
1638453197921948910 0.006741117220371962 -1.3192702531814575 0.0 0.0 0.0 0.720579981803894 0.6933718323707581
163845319855948973 0.005754413083195686 -1.2938268184661865 0.0 0.0 0.0 0.7208336591720581 0.693108081817627
1638453198222949028 0.004491585306823254 -1.2621123790740967 0.0 0.0 0.0 0.7211605906486511 0.6927679181098938
1638453198355948925 0.0034536998718976974 -1.2368229627609253 0.0 0.0 0.0 0.7216501235961914 0.6922580003738403
1638453198522948980 0.0021198622416704893 -1.2050353288650513 0.0 0.0 0.0 0.7219118475914001 0.6919850707054138
1638453198730444908 0.0004958382342010736 -1.166875958442688 0.0 0.0 0.0 0.7225779891014099 0.6912894248962402
1638453198930444956 -0.0011649542720988393 -1.1290477514266968 0.0 0.0 0.0 0.7222683429718018 0.6916128993034363
1638453199132444859 -0.0028442037291824818 -1.0907388925552368 0.0 0.0 0.0 0.7225932478904724 0.6912735104560852
1638453199331444979 -0.0046119908802211285 -1.0528647899627686 0.0 0.0 0.0 0.7240033149719238 0.689796507358551
1638453199464444876 -0.005857421550899744 -1.027610182762146 0.0 0.0 0.0 0.7243948578834534 0.6893852949142456
1638453199666445017 -0.007749159354716539 -0.9892098307609558 0.0 0.0 0.0 0.7239395976066589 0.6898633241653442
1638453199831444979 -0.009239786304533482 -0.9580373167991638 0.0 0.0 0.0 0.7236947417259216 0.6901202201843262
163845320066444874 -0.011257771402597427 -0.9137389063835144 0.0 0.0 0.0 0.7226079702377319 0.6912580728530884
1638453200199445009 -0.012362468056380749 -0.8884523510932922 0.0 0.0 0.0 0.7222464680671692 0.69163578748703
1638453200365444899 -0.013730090111494064 -0.8567675352096558 0.0 0.0 0.0 0.7220219969749451 0.6918700933456421
1638453200533444881 -0.015086951665580273 -0.8250316381454468 0.0 0.0 0.0 0.7221697568893433 0.6917158365249634
1638453200733444929 -0.01674475520849228 -0.7868991494178772 0.0 0.0 0.0 0.7224559783935547 0.6914169192314148
1638453200865444899 -0.017844829708337784 -0.7618151307106018 0.0 0.0 0.0 0.7226929664611816 0.6911692023277283
163845320198444939 -0.019760528579354286 -0.7180188894271851 0.0 0.0 0.0 0.7222505807876587 0.6916314959526062
1638453201353709936 -0.021986626088619232 -0.6676998138427734 0.0 0.0 0.0 0.7225465774536133 0.6913222074508667
1638453201585710049 -0.02395467646420002 -0.6235765814781189 0.0 0.0 0.0 0.7229148745536804 0.6909371018409729
1638453201784709930 -0.025712959468364716 -0.5856512188911438 0.0 0.0 0.0 0.72370845079422 0.6901057958602905
163845320225709867 -0.02790050208568573 -0.5401192307472229 0.0 0.0 0.0 0.7235321402549744 0.6902907490730286
1638453202260710001 -0.029964521527290344 -0.4958483874797821 0.0 0.0 0.0 0.723078191280365 0.6907661557197571
1638453202460710049 -0.03170796111226082 -0.45771971344947815 0.0 0.0 0.0 0.7231845259666443 0.6906548738479614
1638453202729709864 -0.034132324159145355 -0.4066750109195709 0.0 0.0 0.0 0.7241582274436951 0.6896339058876038
1638453202932709932 -0.036040227860212326 -0.3679966628551483 0.0 0.0 0.0 0.724153459072113 0.6896389126777649
1638453203107709885 -0.037671200931072235 -0.3350065350532532 0.0 0.0 0.0 0.7244675159454346 0.6893089413642883
1638453203273710012 -0.03920509293675423 -0.303633451461792 0.0 0.0 0.0 0.7239446043968201 0.689858078956604
1638453203510710001 -0.0413905568420887 -0.25870949029922485 0.0 0.0 0.0 0.7243943214416504 0.6893858909606934
1638453203781559944 -0.04394860193133354 -0.20772197842597961 0.0 0.0 0.0 0.7249919772148132 0.6887573003768921
1638453203950560093 -0.04561787471175194 -0.17562079429626465 0.0 0.0 0.0 0.7252009510993958 0.6885372996330261
1638453204120559931 -0.04730728268623352 -0.1433432251214981 0.0 0.0 0.0 0.7255179286003113 0.6882032752037048
1638453204255559921 -0.048640213906764984 -0.11801697313785553 0.0 0.0 0.0 0.725570559501648 0.688147783279419
1638453204522559881 -0.051329828798770905 -0.06744177639484406 0.0 0.0 0.0 0.7261474132537842 0.6875390410423279
1638453204656559944 -0.05273640155792236 -0.04189135879278183 0.0 0.0 0.0 0.7265205979347229 0.6871446967124939
1638453204925559998 -0.055691909044981 0.009150695987045765 0.0 0.0 0.0 0.7279589176177979 0.6856207847595215
1638453205128560066 -0.0564444363117218 0.02160615287721157 0.0 0.0 0.0 0.7282980680465698 0.6852604746818542
1638453205428560019 -0.05645962059497833 0.021858803927898407 0.0 0.0 0.0 0.7230968475341797 0.6907466650009155
1638453205729559898 -0.05645998194813728 0.022010670974850655 0.0 0.0 0.0 0.7037168741226196 0.7104805111885071
1638453205928560019 -0.056461792439222336 0.0219347532838583 0.0 0.0 0.0 0.6843857169151306 0.729120135307312
1638453206128560066 -0.05646688491106033 0.021909844130277634 0.0 0.0 0.0 0.6580114364624023 0.7530079483985901
1638453206307819128 -0.05645764619112015 0.021959615871310234 0.0 0.0 0.0 0.6308761239051819 0.7758835554122925
1638453206473819017 -0.05645810440182686 0.021933648735284805 0.0 0.0 0.0 0.598146378993988 0.801386833190918
1638453206707818985 -0.056543316692113876 0.021695639938116074 0.0 0.0 0.0 0.5435646176338196 0.8393673300743103
1638453206975819111 -0.05662655830383301 0.021539345383644104 0.0 0.0 0.0 0.4760124981403351 0.8794385194778442
1638453207148818970 -0.056640565395355225 0.02151823602616787 0.0 0.0 0.0 0.43219298124313354 0.9017811417579651
1638453207314819098 -0.05662662163376808 0.021539725363254547 0.0 0.0 0.0 0.38842716813087463 0.9214794039726257
1638453207517818928 -0.056571416556835175 0.021591754630208015 0.0 0.0 0.0 0.33387067914009094 0.9426189064979553
1638453207719819069 -0.05650848522782326 0.021634219214320183 0.0 0.0 0.0 0.2778695523738861 0.960618793964386
1638453207918818951 -0.05646444484591484 0.02165919356048107 0.0 0.0 0.0 0.2230253964662552 0.9748126268386841
163845320884819078 -0.05648776888847351 0.02164931409060955 0.0 0.0 0.0 0.1763322651386261 0.9843307137489319
1638453208251819134 -0.0563671812415123 0.02168745920062065 0.0 0.0 0.0 0.12845388054847717 0.9917154908180237
1638453208418818951 -0.056218404322862625 0.021717460826039314 0.0 0.0 0.0 0.0802103728055954 0.9967779517173767
1638453208583819151 -0.05619316175580025 0.02171934023499489 0.0 0.0 0.0 0.032435838133096695 0.9994738101959229
1638453208760037899 -0.056218408048152924 0.021716637536883354 0.0 0.0 0.0 9.505078196525574e-05 1.0
1638453208927037954 -0.05619309842586517 0.021716631948947906 0.0 0.0 0.0 -0.000286271795630455 0.9999999403953552
1638453209164037943 -0.05619309842586517 0.021716628223657608 0.0 0.0 0.0 -4.0415674448013306e-05 1.0
1638453209330038071 -0.04228998665385287 0.03843342966559106 -2.3673684487234378e-05 -0.0004698274262208996 -9.776384964901273e-05 -0.009074557314434151 0.9999587247703158
1638453209466037989 -0.031966416666352436 0.05082785727255512 -4.178539680422421e-05 -0.0008182760267534551 -0.0001703049147342105 -0.015718410414605824 0.9998761310500011
1638453209666038036 -0.031966416319769105 0.050827868443035766 -4.178541503374293e-05 -0.0008182541289309698 -0.00017040999531274263 -0.015846817797539554 0.9998740799068312
1638453209837038040 -0.031941119449798355 0.050827064943944456 -4.177613135550719e-05 -0.0008182901859958037 -0.00017023681085115324 -0.01563519560356771 0.9998774216682152
1638453209972038031 -0.031966416666352436 0.05082785727255512 -4.178539680422421e-05 -0.0008182977119653777 -0.0001702006120391587 -0.015590964978753044 0.9998781076620822
1638453210170037985 -0.031941119449798355 0.050827064943944456 -4.177613135550719e-05 -0.0008183180795225995 -0.0001701026470703385 -0.015471263487402322 0.9998799641696327
1638453210372038126 -0.03196641678188021 0.050827853549061566 -4.178539072771798e-05 -0.0008182923643407804 -0.0001702263333306829 -0.015622393324946464 0.9998776202248636
1638453210572037935 -0.03194111956532613 0.0508270612204509 -4.1776125279000947e-05 -0.0008182918452646861 -0.0001702288300107135 -0.015625443969750307 0.9998775729109576
1638453210706037998 -0.031966416550824654 0.05082786099604867 -4.178540288073045e-05 -0.0008182567246283372 -0.00017039751038836487 -0.015831562711099832 0.9998743165052465
1638453210909038067 -0.03194111933427058 0.05082706866743801 -4.177613743201343e-05 -0.0008182846051355498 -0.00017026365397204403 -0.015667994691260293 0.9998769129715126
163845321177038050 -0.0319411192187428 0.05082707239093155 -4.1776143508519664e-05 -0.0008182693307620546 -0.00017033687673047857 -0.015757475623006546 0.9998754655572498
1638453211211038113 -0.03196641643529688 0.05082786471954222 -4.1785408957236694e-05 -0.0008182809646311721 -0.00017028116426520134 -0.015689390178138515 0.9998765811386967
1638453211405871153 -0.031966416319769105 0.050827868443035766 -4.178541503374293e-05 -0.0008182944488844604 -0.00017021630698071868 -0.015610142322797706 0.999877810231502
1638453211605871201 -0.03196641614647743 0.05082787402827609 -4.1785424148502284e-05 -0.0008182802655579951 -0.00017028452670485184 -0.01569349867779497 0.999876517418015
1638453211806871176 -0.03194111887215947 0.05082708356141221 -4.1776161738038376e-05 -0.0008182873938227472 -0.0001702502407948344 -0.015651605390726835 0.9998771671609955
1638453211971871138 -0.03196641614647743 0.05082787402827609 -4.1785424148502284e-05 -0.0008183010495169189 -0.00017018455890479827 -0.015571349965887321 0.9998784118806769
1638453212103871107 -0.03196641614647743 0.05082787402827609 -4.1785424148502284e-05 -0.0008182828938956787 -0.00017027188478533175 -0.015678051762042188 0.9998767569916026
1638453212301871061 -0.03194111892992336 0.05082708169966543 -4.177615869978526e-05 -0.0008182859300788648 -0.00017025728118864476 -0.015660207911086386 0.9998770337404022
1638453212500871181 -0.03194111887215947 0.050827083561412204 -4.1776161738038376e-05 -0.0008182842153531347 -0.00017026552876840402 -0.015670285468493948 0.9998768774427553
1638453212768871069 -0.03196641626200521 0.050827870304782544 -4.178541807199605e-05 -0.0008183361010967165 -0.0001700159659368459 -0.015365349495125372 0.9998816068402806
1638453212933871031 -0.03194111887215947 0.050827083561412204 -4.1776161738038376e-05 -0.0008182793113833189 -0.0001702891161453721 -0.015699106425966135 0.9998764304447726
1638453213100871086 -0.03194111858334003 0.050827092870146084 -4.177617692930397e-05 -0.000818334959319447 -0.0001700214577183784 -0.015372059796241514 0.9998815027670185
1638453213306871176 -0.031966416030949664 0.05082787775176964 -4.1785430225008526e-05 -0.000818282498726027 -0.00017027378549351135 -0.015680374200424597 0.9998767209717975
1638453213474871159 -0.03194111892992336 0.05082708169966543 -4.177615869978526e-05 -0.0008182634247662253 -0.00017036528370589402 -0.015792185554147686 0.9998749272243643
1638453213607871056 -0.031941118756631685 0.05082708728490576 -4.177616781454461e-05 -0.0008182929002123771 -0.0001702237558667441 -0.01561924397185532 0.9998776690696835
1638453213756905079 -0.03196641591542188 0.050827881475263195 -4.178543630151476e-05 -0.0008182899841328781 -0.00017023778178227626 -0.01563638196543587 0.9998774032683628
1638453213922904968 -0.03196641591542188 0.050827881475263195 -4.178543630151476e-05 -0.0008182856661042699 -0.00017025855086780564 -0.015661759307375518 0.9998770096790568
1638453214123904943 -0.03196641591542188 0.050827881475263195 -4.178543630151476e-05 -0.0008182789057560901 -0.00017029106715296623 -0.015701490324225548 0.9998763934717569
1638453214323904991 -0.03194111887215947 0.050827083561412204 -4.1776161738038376e-05 -0.0008182666203482365 -0.00017034991342419154 -0.015773404905672757 0.9998752185024036
1638453214524904966 -0.03194111887215947 0.050827083561412204 -4.1776161738038376e-05 -0.0008182925107468582 -0.00017022562913887937 -0.015621532886668458 0.9998776335698114
1638453214725904942 -0.03194111898768724 0.05082707983791866 -4.177615566153214e-05 -0.0008182927620456023 -0.00017022442042870584 -0.015620055987199932 0.99987765647575
1638453214902904987 -0.031966416030949664 0.05082787775176964 -4.1785430225008526e-05 -0.0008183016959853147 -0.00017018144948644512 -0.015567550628036383 0.9998784708064207
1638453215169904947 -0.031966416030949664 0.05082787775176964 -4.1785430225008526e-05 -0.0008182361790071979 -0.000170496087076359 -0.01595202311659503 0.9998723886155422
1638453215405905008 -0.03196641626200521 0.050827870304782544 -4.178541807199605e-05 -0.0008182756658086008 -0.00017030665082612434 -0.0157205317115726 0.9998760981497941
1638453215671905041 -0.03196641620424132 0.050827872166529314 -4.178542111024917e-05 -0.000818280890160548 -0.00017028152245800182 -0.01568982784695958 0.9998765743506821
1638453215870904922 -0.03194111898768724 0.05082707983791866 -4.177615566153214e-05 -0.00081827989193729 -0.000170286323765753 -0.015695694471582353 0.9998764833624013
163845321671904898 -0.031966416319769105 0.050827868443035766 -4.178541503374293e-05 -0.0008182995414075584 -0.00017019181269006426 -0.015580213225118994 0.99987827441616
1638453216423191071 -0.03196641614647743 0.05082787402827609 -4.1785424148502284e-05 -0.0008182836148346985 -0.00017026841717417813 -0.015673814755370184 0.9998768227053609
1638453216708191156 -0.031966415973185766 0.05082787961351641 -4.178543326326165e-05 -0.0008182770129346548 -0.00017030017134699727 -0.01571261456196263 0.9998762209406454
1638453216874191046 -0.03196641608871354 0.05082787589002287 -4.1785427186755405e-05 -0.0008182933020368505 -0.00017022182314984616 -0.01561688242264209 0.9998777056960771
163845321775191021 -0.03196641585765799 0.050827883337009966 -4.1785439339767875e-05 -0.0008182957956936182 -0.0001702098290258163 -0.015602227035608252 0.9998779329934682
1638453217277191162 -0.03196641579989411 0.05082788519875674 -4.1785442378020995e-05 -0.0008183057706375856 -0.00017016185100547223 -0.015543603625052384 0.9998788422119174
1638453217511191130 -0.0319411186988678 0.05082708914665253 -4.177617085279773e-05 -0.0008182895122743285 -0.0001702400513528291 -0.015639155109582956 0.999877360258347
1638453217678191185 -0.03196641591542188 0.050827881475263195 -4.178543630151476e-05 -0.0008182922981094594 -0.00017022665189364163 -0.015622782570834133 0.9998776141878634
1638453217879191160 -0.031941118294520586 0.05082710217887995 -4.177619212056956e-05 -0.0008183057414831286 -0.00017016199123414305 -0.01554377496773978 0.9998788395544819
1638453218111191034 -0.03196641562660243 0.05082789078399706 -4.178545149278036e-05 -0.0008182860096198292 -0.00017025689860824937 -0.01565974044353708 0.9998770409905794
1638453218279191017 -0.03196641562660243 0.05082789078399706 -4.178545149278036e-05 -0.0008182910561929678 -0.00017023262533017396 -0.015630081396833067 0.999877500986888
1638453218514191151 -0.031941118525576136 0.050827094731892855 -4.177617996755709e-05 -0.000818253104405321 -0.0001704149231311425 -0.015852839003065083 0.9998739865210814
1638453218777670145 -0.03194111858334003 0.050827092870146084 -4.177617692930397e-05 -0.0008182447196468486 -0.0001704552525920277 -0.01590211678747585 0.9998732222484078
1638453218977670193 -0.03196641539554688 0.050827898230984166 -4.178546364579283e-05 -0.0008182545161782147 -0.0001704081327101801 -0.01584454191967002 0.9998741152045071
1638453219178670168 -0.03196641539554688 0.050827898230984166 -4.178546364579283e-05 -0.0008182555559148845 -0.00017040313172899546 -0.015838431317959763 0.999874209976745
1638453219411669970 -0.031966415684366326 0.05082788892225029 -4.178544845452724e-05 -0.0008182879924398059 -0.00017024736153440837 -0.01564808727837369 0.9998772217250788
1638453219677670002 -0.03196641574213021 0.050827887060503514 -4.1785445416274116e-05 -0.0008182949853898497 -0.0001702137264683305 -0.01560698924486553 0.9998778591340923
