1638453107992268085 2.531070276745595e-05 -1.0290149177194508e-08 0.0 0.0 0.0 0.00011290237307548523 1.0
1638453108159268141 5.0621387345017865e-05 2.1743298272980383e-09 0.0 0.0 0.0 0.0003630947321653366 0.9999999403953552
1638453108291268110 2.531070822442416e-05 -1.8704275461800535e-08 0.0 0.0 0.0 0.0002044420689344406 1.0
1638453108460268021 2.531070822442416e-05 -1.8268940138455037e-08 0.0 0.0 0.0 0.00028353743255138397 0.9999999403953552
1638453108592128038 2.441754784476835e-11 -2.994496739461283e-08 0.0 0.0 0.0 0.00027192384004592896 0.9999999403953552
1638453108759127855 2.531070822442416e-05 -1.9123817196486925e-08 0.0 0.0 0.0 0.0002621859312057495 0.9999999403953552
1638453108892127991 2.5310700948466547e-05 -8.169718235251366e-09 0.0 0.0 0.0 0.00029399991035461426 0.9999999403953552
163845310961127901 2.5310700948466547e-05 -3.991272201631091e-09 0.0 0.0 0.0 0.00020091235637664795 1.0
1638453109196127892 2.5310700948466547e-05 -3.774452750349155e-09 0.0 0.0 0.0 0.0002771541476249695 0.9999999403953552
1638453109364127874 2.531070276745595e-05 -8.269806173188954e-09 0.0 0.0 0.0 9.202957153320312e-05 1.0
1638453109499127865 1.595299066459166e-11 -1.4066688258651538e-08 0.0 0.0 0.0 0.00024416111409664154 0.9999999403953552
1638453109633127928 2.5310700948466547e-05 -6.698470222943342e-09 0.0 0.0 0.0 0.0003125537186861038 0.9999999403953552
1638453109801127911 5.062138006906025e-05 9.878264428664352e-09 0.0 0.0 0.0 0.00022751837968826294 1.0
1638453109935127974 0.0004555923514999449 1.04815072177189e-07 0.0 0.0 0.0 3.4986063838005066e-05 1.0
1638453110100127935 0.0019995442125946283 -5.679705950001335e-08 0.0 0.0 0.0 -7.480382919311523e-05 1.0
1638453110265127897 0.003619428025558591 -2.1719473863868188e-07 0.0 0.0 0.0 -7.57761299610138e-05 1.0
1638453110399127960 0.005694904364645481 -3.656078817471098e-08 0.0 0.0 0.0 0.00013282150030136108 1.0
1638453110567127943 0.00903591513633728 8.185393198800739e-07 0.0 0.0 0.0 0.000327523797750473 0.9999999403953552
1638453110699127913 0.011870712041854858 1.388526584378269e-06 0.0 0.0 0.0 2.9981136322021484e-05 1.0
1638453110833127975 0.015540760941803455 6.620542762902915e-07 0.0 0.0 0.0 -0.00020381808280944824 1.0
16384531116649971 0.02057758904993534 5.423103033308507e-08 0.0 0.0 0.0 0.00023696757853031158 1.0
1638453111142650127 0.0257156603038311 -3.220929443159548e-07 0.0 0.0 0.0 -0.00015202537178993225 1.0
1638453111342650175 0.03376445919275284 -3.095742158620851e-06 0.0 0.0 0.0 -0.0001791585236787796 1.0
1638453111509649992 0.041863877326250076 -6.832883627794217e-06 0.0 0.0 0.0 -0.00026906654238700867 0.9999999403953552
1638453111643650055 0.048520591109991074 -8.712965609447565e-06 0.0 0.0 0.0 -0.00013062730431556702 1.0
1638453111811650038 0.05694905295968056 -1.1799335879913997e-05 0.0 0.0 0.0 -0.0001748856157064438 1.0
1638453111944650173 0.06375762075185776 -1.1762093890865799e-05 0.0 0.0 0.0 -8.257851004600525e-05 1.0
1638453112113650084 0.07340098917484283 -1.4300746443041135e-05 0.0 0.0 0.0 5.6590884923934937e-05 1.0
1638453112245650053 0.08122199028730392 -1.770804010448046e-05 0.0 0.0 0.0 -0.0005315504968166351 0.9999998807907104
1638453112414649963 0.09177654981613159 -2.3174095986178145e-05 0.0 0.0 0.0 -0.0003252066671848297 0.9999999403953552
1638453112547650099 0.10091371089220047 -2.7580734240473248e-05 0.0 0.0 0.0 -0.00022241473197937012 1.0
1638453112715650082 0.11263255774974823 -3.332279811729677e-05 0.0 0.0 0.0 -0.00023278407752513885 1.0
1638453112850650072 0.122832752764225 -3.994178041466512e-05 0.0 0.0 0.0 -0.00010368041694164276 1.0
163845311315650034 0.13591836392879486 -5.106738171889447e-05 0.0 0.0 0.0 -0.0005941166891716421 0.9999998211860657
1638453113181650162 0.14930769801139832 -7.425892545143142e-05 0.0 0.0 0.0 -0.0009088999358937144 0.9999995827674866
1638453113348649979 0.16386131942272186 -0.0001031369756674394 0.0 0.0 0.0 -0.0009515936253592372 0.9999995231628418
1638453113481650114 0.17575731873512268 -0.00012659415369853377 0.0 0.0 0.0 -0.0009411814389750361 0.9999995827674866
1638453113642748117 0.19063995778560638 -0.00016461095947306603 0.0 0.0 0.0 -0.0011840981896966696 0.9999992847442627
1638453113809747934 0.2056238353252411 -0.0002019423700403422 0.0 0.0 0.0 -0.0012899987632408738 0.9999991655349731
163845311410747910 0.22422713041305542 -0.0002526406606193632 0.0 0.0 0.0 -0.0015614250442013144 0.9999988079071045
1638453114146748066 0.237667053937912 -0.0002915835939347744 0.0 0.0 0.0 -0.0014992126962170005 0.9999988675117493
1638453114344748020 0.25751054286956787 -0.00034696515649557114 0.0 0.0 0.0 -0.0015196067979559302 0.9999988675117493
1638453114557748079 0.278847336769104 -0.0004187243466731161 0.0 0.0 0.0 -0.0016616705106571317 0.9999986290931702
1638453114690747976 0.2927428185939789 -0.00046802000724710524 0.0 0.0 0.0 -0.001455781515687704 0.999998927116394
1638453114861747980 0.31132081151008606 -0.0005198954604566097 0.0 0.0 0.0 -0.0014530862681567669 0.999998927116394
163845311564748049 0.33336639404296875 -0.0005688769742846489 0.0 0.0 0.0 -0.0009317098883911967 0.9999995827674866
1638453115200747967 0.34814780950546265 -0.0005971970967948437 0.0 0.0 0.0 -0.0009381453273817897 0.9999995827674866
1638453115368747950 0.3664220869541168 -0.0006232596351765096 0.0 0.0 0.0 -0.0008109713671728969 0.9999996423721313
1638453115536747932 0.38467106223106384 -0.0006535704014822841 0.0 0.0 0.0 -0.0008728614775463939 0.9999996423721313
1638453115705748081 0.403046578168869 -0.0006844174931757152 0.0 0.0 0.0 -0.0008367969421669841 0.9999996423721313
1638453115838747978 0.4177267849445343 -0.0007045699749141932 0.0 0.0 0.0 -0.0007198042585514486 0.9999997615814209
16384531168080006 0.4360770285129547 -0.0007226555026136339 0.0 0.0 0.0 -0.00037895143032073975 0.9999999403953552
1638453116209079981 0.4582238495349884 -0.0007262974395416677 0.0 0.0 0.0 -0.00012638606131076813 1.0
1638453116343080044 0.47297996282577515 -0.0007229869952425361 0.0 0.0 0.0 0.00024600885808467865 0.9999999403953552
1638453116510079861 0.49107709527015686 -0.0007077440968714654 0.0 0.0 0.0 0.0005374941974878311 0.9999998807907104
1638453116642079830 0.5054535865783691 -0.0006892493111081421 0.0 0.0 0.0 0.0007632057531736791 0.9999997019767761
1638453116809079885 0.5235506892204285 -0.000652299786452204 0.0 0.0 0.0 0.0012658085906878114 0.9999992251396179
1638453116942080021 0.5381296277046204 -0.0006100375903770328 0.0 0.0 0.0 0.0016773409442976117 0.9999985694885254
1638453117110080004 0.5563785433769226 -0.0005620879819616675 0.0 0.0 0.0 0.001004481571726501 0.9999995231628418
1638453117244080067 0.5709827542304993 -0.0005450473981909454 0.0 0.0 0.0 0.0001892372965812683 1.0
1638453117411079884 0.5890293121337891 -0.0005400784430094063 0.0 0.0 0.0 0.00020759925246238708 1.0
1638453117614079952 0.6111001968383789 -0.000535406346898526 0.0 0.0 0.0 8.739158511161804e-05 1.0
1638453117750079870 0.6260842084884644 -0.0005212623509578407 0.0 0.0 0.0 0.0005428865551948547 0.9999998807907104
1638453117951079845 0.6482310891151428 -0.0004971681628376245 0.0 0.0 0.0 0.0004205424338579178 0.9999999403953552
163845311883080053 0.6627088189125061 -0.00048790336586534977 0.0 0.0 0.0 5.8921054005622864e-05 1.0
1638453118248080015 0.6808313131332397 -0.0004836852313019335 0.0 0.0 0.0 0.00018712691962718964 1.0
1638453118387079954 0.6959924101829529 -0.00047882896615192294 0.0 0.0 0.0 0.00038551539182662964 0.9999999403953552
1638453118541507006 0.7141401767730713 -0.0004630421462934464 0.0 0.0 0.0 0.0003935638815164566 0.9999999403953552
1638453118706506968 0.7320601344108582 -0.00045632373075932264 0.0 0.0 0.0 0.00011885352432727814 1.0
1638453118908507109 0.754131019115448 -0.0004556653439067304 0.0 0.0 0.0 -9.256228804588318e-05 1.0
1638453119109507084 0.7758476138114929 -0.00046495423885062337 0.0 0.0 0.0 -0.0005237162113189697 0.9999998807907104
1638453119307507038 0.7973869442939758 -0.0005195470293983817 0.0 0.0 0.0 -0.0018151000840589404 0.9999983310699463
1638453119507507086 0.8191286325454712 -0.0006019613356329501 0.0 0.0 0.0 -0.0019763116724789143 0.9999980330467224
1638453119640506983 0.8337074518203735 -0.0006616191240027547 0.0 0.0 0.0 -0.002227282151579857 0.9999974966049194
1638453119841507196 0.8559552431106567 -0.0007767663337290287 0.0 0.0 0.0 -0.002844899892807007 0.9999959468841553
16384531206507158 0.874026894569397 -0.0008531040512025356 0.0 0.0 0.0 -0.0014958599349483848 0.9999988675117493
1638453120206506968 0.8959458470344543 -0.0009157776948995888 0.0 0.0 0.0 -0.0012576725566759706 0.9999992251396179
1638453120340507030 0.9104994535446167 -0.0009435523534193635 0.0 0.0 0.0 -0.0008796023903414607 0.9999996423721313
1638453120506507158 0.9285460114479065 -0.0009539189632050693 0.0 0.0 0.0 0.0002249162644147873 1.0
1638453120639507055 0.9430490136146545 -0.0009537606383673847 0.0 0.0 0.0 9.834021329879761e-05 1.0
1638453120810507059 0.9616017937660217 -0.0009498210856691003 0.0 0.0 0.0 0.00023486092686653137 1.0
163845312120102024 0.9833183884620667 -0.0009344258578494191 0.0 0.0 0.0 0.00023248419165611267 1.0
1638453121220102072 1.0051867961883545 -0.0009280480444431305 0.0 0.0 0.0 0.0003085751086473465 0.9999999403953552
1638453121386102200 1.0232080221176147 -0.0009161220514215529 0.0 0.0 0.0 0.00042780861258506775 0.9999998807907104
1638453121553102016 1.0414823293685913 -0.0008970100898295641 0.0 0.0 0.0 0.0005972738726995885 0.9999998211860657
1638453121687102079 1.0562890768051147 -0.0008805328398011625 0.0 0.0 0.0 0.0006007477059029043 0.9999998211860657
1638453121854102135 1.074588656425476 -0.0008574209059588611 0.0 0.0 0.0 0.0008687431691214442 0.9999996423721313
1638453121986102104 1.0891424417495728 -0.0008309610420837998 0.0 0.0 0.0 0.0008498969255015254 0.9999996423721313
1638453122153102160 1.1073662042617798 -0.0007938697817735374 0.0 0.0 0.0 0.0013003606582060456 0.9999991655349731
1638453122320101976 1.1254632472991943 -0.0007435267325490713 0.0 0.0 0.0 0.0017893286421895027 0.9999983906745911
1638453122486102104 1.143585443496704 -0.0006736541399732232 0.0 0.0 0.0 0.0020079989917576313 0.9999979734420776
1638453122689102173 1.1656309366226196 -0.000575252459384501 0.0 0.0 0.0 0.00207240367308259 0.9999978542327881
1638453122855102062 1.183677315711975 -0.0005072448984719813 0.0 0.0 0.0 0.0017339951591566205 0.9999985098838806
163845312357102203 1.2056217193603516 -0.00043543626088649035 0.0 0.0 0.0 0.0015368120511993766 0.9999988079071045
1638453123258102179 1.2274900674819946 -0.0003658178320620209 0.0 0.0 0.0 0.0014727500965818763 0.999998927116394
1638453123392102003 1.2421449422836304 -0.00031912396661937237 0.0 0.0 0.0 0.0016658316599205136 0.9999986290931702
1638453123560911894 1.2605456113815308 -0.00026191637152805924 0.0 0.0 0.0 0.0013028063112869859 0.9999991655349731
1638453123698911905 1.2757319211959839 -0.00022571398585569113 0.0 0.0 0.0 0.0012336630607023835 0.9999992251396179
1638453123833911896 1.2905133962631226 -0.00018915963300969452 0.0 0.0 0.0 0.0012281999224796891 0.9999992251396179
1638453123997911930 1.3085598945617676 -0.00014338344044517726 0.0 0.0 0.0 0.001222755410708487 0.9999992251396179
1638453124131911993 1.3231388330459595 -0.00010966048284899443 0.0 0.0 0.0 0.0009437314001843333 0.9999995827674866
1638453124298912048 1.341185212135315 -7.58173264330253e-05 0.0 0.0 0.0 0.0009538790909573436 0.9999995231628418
1638453124432911873 1.3557641506195068 -4.932977753924206e-05 0.0 0.0 0.0 0.0009075364796444774 0.9999995827674866
1638453124597911835 1.3738359212875366 -1.7271313481614925e-05 0.0 0.0 0.0 0.0007180459215305746 0.9999997615814209
1638453124731911898 1.388364315032959 -1.7926549844560213e-06 0.0 0.0 0.0 0.0002979971468448639 0.9999999403953552
1638453124896911860 1.4062589406967163 9.456754014536273e-06 0.0 0.0 0.0 0.00030824169516563416 0.9999999403953552
163845312564911842 1.4244827032089233 1.2525827514764387e-05 0.0 0.0 0.0 -0.00017305836081504822 1.0
1638453125197911978 1.4390363693237305 6.047249826224288e-06 0.0 0.0 0.0 -0.00029709190130233765 0.9999999403953552
1638453125331912041 1.4536913633346558 -3.887779257638613e-06 0.0 0.0 0.0 -0.0004235506057739258 0.9999998807907104
1638453125498911858 1.4720922708511353 -1.9528255506884307e-05 0.0 0.0 0.0 -0.0003306269645690918 0.9999999403953552
1638453125665911913 1.4904425144195557 -3.9750397263560444e-05 0.0 0.0 0.0 -0.0007212608470581472 0.9999997615814209
1638453125832911968 1.5088181495666504 -7.324756006710231e-05 0.0 0.0 0.0 -0.0009085050551220775 0.9999995827674866
1638453125997911930 1.5267888307571411 -0.00010564112744759768 0.0 0.0 0.0 -0.0008796657202765346 0.9999996423721313
1638453126166863918 1.5448861122131348 -0.00014058296801522374 0.0 0.0 0.0 -0.001104380702599883 0.9999994039535522
1638453126330863953 1.5627301931381226 -0.0001819786411942914 0.0 0.0 0.0 -0.0014454103074967861 0.999998927116394
1638453126500864029 1.581308126449585 -0.0002399461081949994 0.0 0.0 0.0 -0.0016361747402697802 0.9999986886978149
1638453126632863998 1.59568452835083 -0.0002872539043892175 0.0 0.0 0.0 -0.001895188121125102 0.9999982118606567
1638453126799864054 1.6137055158615112 -0.0003575921873562038 0.0 0.0 0.0 -0.002053613308817148 0.9999979138374329
1638453126964864016 1.6316252946853638 -0.000437684531789273 0.0 0.0 0.0 -0.00236928416416049 0.9999971985816956
1638453127130863905 1.6497728824615479 -0.0005195608828216791 0.0 0.0 0.0 -0.002356873592361808 0.9999971985816956
1638453127298863888 1.6681482791900635 -0.000607508874963969 0.0 0.0 0.0 -0.002459236653521657 0.9999969601631165
1638453127431864023 1.6829042434692383 -0.0006842970615252852 0.0 0.0 0.0 -0.0026998152025043964 0.9999963641166687
1638453127597863913 1.7011781930923462 -0.0007856684387661517 0.0 0.0 0.0 -0.00303701963275671 0.9999954104423523
1638453127763864040 1.7194268703460693 -0.000897904159501195 0.0 0.0 0.0 -0.0029999457765370607 0.9999955296516418
1638453127933863878 1.7378273010253906 -0.0010134753538295627 0.0 0.0 0.0 -0.0032564306166023016 0.999994695186615
163845312899864006 1.755924105644226 -0.0011214911937713623 0.0 0.0 0.0 -0.0024729531724005938 0.9999969601631165
1638453128265863895 1.774021029472351 -0.0011994258966296911 0.0 0.0 0.0 -0.0021590201649814844 0.9999976754188538
1638453128464864016 1.7956868410110474 -0.0012903010938316584 0.0 0.0 0.0 -0.00192137504927814 0.999998152256012
1638453128585016012 1.8101898431777954 -0.001346191973425448 0.0 0.0 0.0 -0.0017969915643334389 0.9999983906745911
1638453128752016068 1.8283121585845947 -0.0014097602106630802 0.0 0.0 0.0 -0.001860993797890842 0.9999982714653015
1638453128957015991 1.8505600690841675 -0.001486973837018013 0.0 0.0 0.0 -0.001421376597136259 0.9999989867210388
1638453129157016039 1.872605562210083 -0.0015450690407305956 0.0 0.0 0.0 -0.0011430250015109777 0.9999993443489075
1638453129357016087 1.894600510597229 -0.0015898278215900064 0.0 0.0 0.0 -0.0006589944823645055 0.9999997615814209
1638453129590016127 1.920189619064331 -0.0016009077662602067 0.0 0.0 0.0 6.929785013198853e-05 1.0
1638453129756016016 1.9382867813110352 -0.0015910875517874956 0.0 0.0 0.0 0.0004124250262975693 0.9999999403953552
1638453129955016136 1.9598766565322876 -0.0015727248974144459 0.0 0.0 0.0 0.00046788525651209056 0.9999998807907104
1638453130156016111 1.9817451238632202 -0.0015362966805696487 0.0 0.0 0.0 0.0009237880585715175 0.9999995827674866
1638453130354016066 1.9992347955703735 -0.0015037617413327098 0.0 0.0 0.0 0.0008868983713909984 0.9999995827674866
1638453130554016113 1.9995890855789185 -0.0015032816445454955 0.0 0.0 0.0 0.0007515791221521795 0.9999997019767761
1638453130687016010 1.999766230583191 -0.0015030874637886882 0.0 0.0 0.0 0.0003444775938987732 0.9999999403953552
1638453130854016066 1.99981689453125 -0.0015033456729725003 0.0 0.0 0.0 -0.00723224924877286 0.9999738335609436
163845313165613031 1.999917984008789 -0.0015076783020049334 0.0 0.0 0.0 -0.024932214990258217 0.9996891617774963
1638453131266613007 1.9998929500579834 -0.0015043688472360373 0.0 0.0 0.0 -0.05430416017770767 0.9985244274139404
1638453131403613091 1.9999933242797852 -0.0015171511331573129 0.0 0.0 0.0 -0.08089043200016022 0.9967229962348938
1638453131568613052 2.0000176429748535 -0.0015240914653986692 0.0 0.0 0.0 -0.11804749816656113 0.9930079579353333
1638453131768613100 1.9999927282333374 -0.0015187814133241773 0.0 0.0 0.0 -0.16579443216323853 0.9861603379249573
1638453131933613062 1.9999927282333374 -0.0015187751268967986 0.0 0.0 0.0 -0.20509767532348633 0.9787415266036987
1638453132102612972 2.000014305114746 -0.0015324684791266918 0.0 0.0 0.0 -0.24471226334571838 0.969595730304718
1638453132302613020 2.000035285949707 -0.001546386512927711 0.0 0.0 0.0 -0.291251003742218 0.9566466808319092
1638453132434612989 1.999994158744812 -0.0015167880337685347 0.0 0.0 0.0 -0.3219098150730133 0.9467703700065613
1638453132601613045 1.9999762773513794 -0.0014989901101216674 0.0 0.0 0.0 -0.36019548773765564 0.9328768253326416
1638453132800613165 1.999940276145935 -0.001463472144678235 0.0 0.0 0.0 -0.4052201807498932 0.9142191410064697
1638453132934612989 1.999891996383667 -0.0014049477176740766 0.0 0.0 0.0 -0.43488776683807373 0.9004846811294556
163845313399613190 1.9998348951339722 -0.0013213239144533873 0.0 0.0 0.0 -0.4705761671066284 0.8823593854904175
1638453133271613121 1.9998087882995605 -0.00127796467859298 0.0 0.0 0.0 -0.5071923732757568 0.861832857131958
1638453133470613003 1.999796986579895 -0.001255583600141108 0.0 0.0 0.0 -0.5471695065498352 0.8370218276977539
1638453133665480137 1.999798059463501 -0.0012552185216918588 0.0 0.0 0.0 -0.586758553981781 0.8097619414329529
1638453133865479946 1.999834418296814 -0.0013763877796009183 0.0 0.0 0.0 -0.6247746348381042 0.7808051109313965
163845313432480001 1.999854564666748 -0.0014755986630916595 0.0 0.0 0.0 -0.6551157236099243 0.7555285096168518
1638453134201479912 1.9998621940612793 -0.0015257156919687986 0.0 0.0 0.0 -0.6857003569602966 0.7278839349746704
1638453134339479923 1.999864935874939 -0.00160159298684448 0.0 0.0 0.0 -0.7090443968772888 0.705163836479187
1638453134506479979 1.9998644590377808 -0.0016015811124816537 0.0 0.0 0.0 -0.7216399908065796 0.6922685503959656
1638453134708480120 1.9998655319213867 -0.0015762922121211886 0.0 0.0 0.0 -0.7217461466789246 0.6921578645706177
1638453134908479929 1.9998655319213867 -0.0015762922121211886 0.0 0.0 0.0 -0.7218032479286194 0.6920983195304871
1638453135107480049 1.9998271465301514 -0.002461336785927415 0.0 0.0 0.0 -0.7226151823997498 0.6912505030632019
1638453135312479973 1.9996837377548218 -0.005596579052507877 0.0 0.0 0.0 -0.7232532501220703 0.6905828714370728
1638453135513479948 1.9994516372680664 -0.010653390549123287 0.0 0.0 0.0 -0.7230150699615479 0.690832257270813
1638453135714479923 1.999110460281372 -0.018086906522512436 0.0 0.0 0.0 -0.723229706287384 0.6906075477600098
1638453135848479986 1.9988094568252563 -0.024584779515862465 0.0 0.0 0.0 -0.7232562899589539 0.6905797123908997
1638453135982480049 1.9984685182571411 -0.03189161419868469 0.0 0.0 0.0 -0.7234959006309509 0.6903286576271057
1638453136164201975 1.9979910850524902 -0.04205530136823654 0.0 0.0 0.0 -0.7236626148223877 0.6901538968086243
1638453136358201981 1.9974395036697388 -0.053609129041433334 0.0 0.0 0.0 -0.7238569259643555 0.6899501085281372
1638453136490201950 1.9970612525939941 -0.061395637691020966 0.0 0.0 0.0 -0.7240807414054871 0.6897152066230774
1638453136691201925 1.9964700937271118 -0.07340367138385773 0.0 0.0 0.0 -0.7244392037391663 0.6893386840820312
1638453136860202074 1.9959735870361328 -0.08336372673511505 0.0 0.0 0.0 -0.7245900630950928 0.6891801357269287
1638453136994202137 1.9955450296401978 -0.0919586792588234 0.0 0.0 0.0 -0.7245702147483826 0.6892009973526001
1638453137163202047 1.9949591159820557 -0.1036628857254982 0.0 0.0 0.0 -0.7245596051216125 0.6892121434211731
1638453137295202017 1.9944661855697632 -0.1134457066655159 0.0 0.0 0.0 -0.7245893478393555 0.689180850982666
1638453137463202000 1.9937936067581177 -0.12684349715709686 0.0 0.0 0.0 -0.7243828773498535 0.6893978714942932
1638453137632201910 1.9930890798568726 -0.1411520093679428 0.0 0.0 0.0 -0.7239670157432556 0.6898345947265625
1638453137797202110 1.99237060546875 -0.15596666932106018 0.0 0.0 0.0 -0.723879873752594 0.689926028251648
1638453137965202093 1.9916326999664307 -0.17138853669166565 0.0 0.0 0.0 -0.7238069772720337 0.6900025010108948
163845313898201990 1.9910119771957397 -0.18445941805839539 0.0 0.0 0.0 -0.7235528230667114 0.6902690529823303
1638453138266201973 1.9902286529541016 -0.20107007026672363 0.0 0.0 0.0 -0.7238193154335022 0.6899895668029785
1638453138500201941 1.9891245365142822 -0.22430434823036194 0.0 0.0 0.0 -0.7236175537109375 0.6902011632919312
1638453138649036884 1.9883592128753662 -0.24061180651187897 0.0 0.0 0.0 -0.72358638048172 0.6902338266372681
1638453138849036932 1.9874264001846313 -0.26048412919044495 0.0 0.0 0.0 -0.7235368490219116 0.6902857422828674
163845313951036835 1.9864760637283325 -0.2806343734264374 0.0 0.0 0.0 -0.7234591245651245 0.6903672218322754
1638453139251036882 1.9855507612228394 -0.3006337285041809 0.0 0.0 0.0 -0.7230916619300842 0.6907520890235901
1638453139452036858 1.9846405982971191 -0.32070979475975037 0.0 0.0 0.0 -0.7228168249130249 0.6910396814346313
1638453139652036905 1.9837541580200195 -0.3406095802783966 0.0 0.0 0.0 -0.7225275635719299 0.6913421154022217
1638453139786036968 1.983172059059143 -0.35396090149879456 0.0 0.0 0.0 -0.7222682237625122 0.6916130781173706
1638453139952036858 1.9824588298797607 -0.3706507384777069 0.0 0.0 0.0 -0.721925675868988 0.6919705867767334
1638453140158036947 1.9816032648086548 -0.3911092281341553 0.0 0.0 0.0 -0.7215281128883362 0.6923851370811462
1638453140359036922 1.9807918071746826 -0.41108816862106323 0.0 0.0 0.0 -0.7210522294044495 0.6928807497024536
1638453140558036804 1.980007529258728 -0.4308655858039856 0.0 0.0 0.0 -0.7208483815193176 0.6930928230285645
1638453140760036945 1.9792280197143555 -0.45079514384269714 0.0 0.0 0.0 -0.7206718921661377 0.6932763457298279
1638453140964036942 1.9784417152404785 -0.4711551070213318 0.0 0.0 0.0 -0.7206425070762634 0.6933068633079529
1638453141131664038 1.9777947664260864 -0.4880249500274658 0.0 0.0 0.0 -0.7205579280853271 0.6933947205543518
1638453141297663927 1.977157711982727 -0.5045912265777588 0.0 0.0 0.0 -0.7204896211624146 0.6934657096862793
1638453141464663982 1.9765174388885498 -0.5212839841842651 0.0 0.0 0.0 -0.7205692529678345 0.693382978439331
1638453141629663944 1.9758827686309814 -0.537900984287262 0.0 0.0 0.0 -0.7204127311706543 0.6935455799102783
1638453141801664114 1.9752492904663086 -0.5549486875534058 0.0 0.0 0.0 -0.7197882533073425 0.6941936612129211
1638453141934664011 1.9747692346572876 -0.5682535171508789 0.0 0.0 0.0 -0.7195137143135071 0.6944782137870789
1638453142135663986 1.9740625619888306 -0.5883124470710754 0.0 0.0 0.0 -0.7194525003433228 0.6945416927337646
1638453142300663948 1.9734981060028076 -0.604729413986206 0.0 0.0 0.0 -0.7189977169036865 0.6950123906135559
1638453142533663988 1.9727078676223755 -0.6278499364852905 0.0 0.0 0.0 -0.7191774249076843 0.6948264837265015
1638453142700664043 1.972144603729248 -0.6444441676139832 0.0 0.0 0.0 -0.7188698649406433 0.6951447129249573
1638453142901664019 1.9714653491973877 -0.6643013954162598 0.0 0.0 0.0 -0.7192841172218323 0.6947160363197327
163845314335664082 1.9709960222244263 -0.6775811910629272 0.0 0.0 0.0 -0.7195495963096619 0.6944410800933838
1638453143203664064 1.9703917503356934 -0.6944019794464111 0.0 0.0 0.0 -0.7197885513305664 0.6941933631896973
1638453143368664026 1.969793677330017 -0.7109190225601196 0.0 0.0 0.0 -0.719739556312561 0.6942441463470459
1638453143544985056 1.96918785572052 -0.727613091468811 0.0 0.0 0.0 -0.7198913097381592 0.6940867900848389
1638453143745985031 1.9684549570083618 -0.7476710081100464 0.0 0.0 0.0 -0.7196701765060425 0.6943160891532898
1638453143912985086 1.9678587913513184 -0.7643147706985474 0.0 0.0 0.0 -0.719382107257843 0.694614589214325
1638453144111984968 1.9671621322631836 -0.7842727303504944 0.0 0.0 0.0 -0.7191876173019409 0.6948159337043762
1638453144279984951 1.9665831327438354 -0.8010690808296204 0.0 0.0 0.0 -0.7190480828285217 0.694960355758667
1638453144447984934 1.9660125970840454 -0.8176377415657043 0.0 0.0 0.0 -0.7191935181617737 0.6948097944259644
1638453144647984982 1.9653279781341553 -0.8375455141067505 0.0 0.0 0.0 -0.7190749645233154 0.6949325203895569
1638453144781985044 1.964880108833313 -0.8508260846138 0.0 0.0 0.0 -0.7187442779541016 0.6952745318412781
1638453144949985027 1.9643292427062988 -0.8673954010009766 0.0 0.0 0.0 -0.7187619805335999 0.695256233215332
163845314582984924 1.963879108428955 -0.8806759119033813 0.0 0.0 0.0 -0.7190403342247009 0.6949683427810669
1638453145315984964 1.9630746841430664 -0.9038718938827515 0.0 0.0 0.0 -0.7192911505699158 0.6947087049484253
1638453145482985020 1.9624980688095093 -0.9205417037010193 0.0 0.0 0.0 -0.7191582322120667 0.6948463916778564
1638453145648985147 1.961917757987976 -0.9371860027313232 0.0 0.0 0.0 -0.7193707227706909 0.6946263313293457
1638453145886985064 1.9610954523086548 -0.9609132409095764 0.0 0.0 0.0 -0.719275712966919 0.6947247385978699
163845314658758020 1.9605250358581543 -0.9775832295417786 0.0 0.0 0.0 -0.7190338969230652 0.6949750185012817
1638453146256757975 1.9598673582077026 -0.9973905682563782 0.0 0.0 0.0 -0.7185138463973999 0.6955126523971558
1638453146389758110 1.9594358205795288 -1.0106464624404907 0.0 0.0 0.0 -0.7184173464775085 0.6956123113632202
1638453146556757927 1.958900809288025 -1.027191162109375 0.0 0.0 0.0 -0.7186525464057922 0.695369303226471
1638453146688758135 1.9584641456604004 -1.0403454303741455 0.0 0.0 0.0 -0.7189421057701111 0.6950699687004089
1638453146856758118 1.9579075574874878 -1.0569652318954468 0.0 0.0 0.0 -0.7187925577163696 0.6952245831489563
1638453146989758015 1.9574698209762573 -1.070144772529602 0.0 0.0 0.0 -0.7188568115234375 0.6951581239700317
1638453147158757925 1.9569040536880493 -1.0868149995803833 0.0 0.0 0.0 -0.7191687226295471 0.6948354840278625
1638453147290758133 1.9564388990402222 -1.1000442504882812 0.0 0.0 0.0 -0.7195050120353699 0.6944872736930847
1638453147457757950 1.9558298587799072 -1.116864800453186 0.0 0.0 0.0 -0.7200549840927124 0.6939170360565186
1638453147591758013 1.9552967548370361 -1.131231427192688 0.0 0.0 0.0 -0.7201783061027527 0.6937890648841858
1638453147757758141 1.9546165466308594 -1.1494677066802979 0.0 0.0 0.0 -0.7202214598655701 0.6937442421913147
1638453147957757950 1.9537978172302246 -1.1712193489074707 0.0 0.0 0.0 -0.7203310132026672 0.6936304569244385
1638453148158757925 1.9529709815979004 -1.193325400352478 0.0 0.0 0.0 -0.7202032208442688 0.6937631368637085
1638453148292757988 1.9523983001708984 -1.2087795734405518 0.0 0.0 0.0 -0.7200177311897278 0.693955659866333
1638453148459758043 1.9516764879226685 -1.2286860942840576 0.0 0.0 0.0 -0.7199269533157349 0.6940498352050781
1638453148623213053 1.9509403705596924 -1.2485666275024414 0.0 0.0 0.0 -0.7202880382537842 0.6936751008033752
1638453148789212942 1.950210690498352 -1.2682700157165527 0.0 0.0 0.0 -0.7198057770729065 0.6941755414009094
1638453148956212997 1.9494900703430176 -1.2879486083984375 0.0 0.0 0.0 -0.7201313376426697 0.6938377618789673
1638453149169213057 1.9485232830047607 -1.3134942054748535 0.0 0.0 0.0 -0.720634400844574 0.6933152675628662
1638453149335212946 1.9477581977844238 -1.3332724571228027 0.0 0.0 0.0 -0.7205512523651123 0.6934016942977905
1638453149535212994 1.9468470811843872 -1.357275128364563 0.0 0.0 0.0 -0.7201605439186096 0.6938074231147766
1638453149702213049 1.9461071491241455 -1.3772821426391602 0.0 0.0 0.0 -0.7201265692710876 0.6938427090644836
1638453149903213024 1.9452290534973145 -1.4012861251831055 0.0 0.0 0.0 -0.719849705696106 0.6941299438476562
163845315035212994 1.9446563720703125 -1.4170949459075928 0.0 0.0 0.0 -0.7198545336723328 0.6941249370574951
1638453150200212955 1.9439338445663452 -1.436773419380188 0.0 0.0 0.0 -0.7201339602470398 0.6938350796699524
1638453150402212858 1.94303297996521 -1.4607510566711426 0.0 0.0 0.0 -0.7201976180076599 0.6937689185142517
1638453150537212849 1.9424339532852173 -1.4768121242523193 0.0 0.0 0.0 -0.7200829386711121 0.6938879489898682
1638453150738212824 1.9415287971496582 -1.500713586807251 0.0 0.0 0.0 -0.7205359935760498 0.6934175491333008
1638453150904212952 1.940753698348999 -1.5205928087234497 0.0 0.0 0.0 -0.7210326194763184 0.692901074886322
1638453151112624884 1.939798355102539 -1.5444670915603638 0.0 0.0 0.0 -0.7212216854095459 0.6927043199539185
1638453151247624874 1.9391378164291382 -1.560652494430542 0.0 0.0 0.0 -0.721520185470581 0.6923933625221252
1638453151416625023 1.9382833242416382 -1.5814403295516968 0.0 0.0 0.0 -0.7213650345802307 0.6925550103187561
1638453151551625013 1.937592625617981 -1.598840355873108 0.0 0.0 0.0 -0.7205953598022461 0.6933558583259583
1638453151751624823 1.9366154670715332 -1.6248160600662231 0.0 0.0 0.0 -0.7199816703796387 0.693993091583252
1638453151917624950 1.93583345413208 -1.6463665962219238 0.0 0.0 0.0 -0.7197878956794739 0.6941940784454346
1638453152117624998 1.9348855018615723 -1.6721913814544678 0.0 0.0 0.0 -0.7199949622154236 0.6939792633056641
1638453152290624857 1.934077501296997 -1.694526195526123 0.0 0.0 0.0 -0.7198688387870789 0.6941101551055908
1638453152459625006 1.9332560300827026 -1.7163792848587036 0.0 0.0 0.0 -0.7206429839134216 0.6933063268661499
1638453152592624903 1.9325858354568481 -1.7336281538009644 0.0 0.0 0.0 -0.720734715461731 0.6932109594345093
1638453152791625023 1.9315625429153442 -1.7595008611679077 0.0 0.0 0.0 -0.7210510969161987 0.6928818821907043
1638453152958624840 1.9306882619857788 -1.781326413154602 0.0 0.0 0.0 -0.7211030721664429 0.6928277611732483
163845315391624975 1.9300079345703125 -1.7984737157821655 0.0 0.0 0.0 -0.7207152843475342 0.6932311654090881
1638453153260624886 1.92915678024292 -1.8204522132873535 0.0 0.0 0.0 -0.720436692237854 0.693520724773407
1638453153393625021 1.928507924079895 -1.8378793001174927 0.0 0.0 0.0 -0.719886839389801 0.6940914988517761
1638453153562624931 1.927720069885254 -1.859505534172058 0.0 0.0 0.0 -0.7199112176895142 0.6940661668777466
1638453153690356970 1.927074909210205 -1.877388596534729 0.0 0.0 0.0 -0.719505250453949 0.6944869756698608
1638453153859357119 1.9262937307357788 -1.8991671800613403 0.0 0.0 0.0 -0.7197757363319397 0.6942066550254822
163845315462356949 1.9253408908843994 -1.9254224300384521 0.0 0.0 0.0 -0.7200701832771301 0.6939012408256531
1638453154264357090 1.9243662357330322 -1.9515756368637085 0.0 0.0 0.0 -0.720282256603241 0.6936810612678528
1638453154431357145 1.923567295074463 -1.9733535051345825 0.0 0.0 0.0 -0.7199018001556396 0.6940759420394897
1638453154600357056 1.922763466835022 -1.995359182357788 0.0 0.0 0.0 -0.7199899554252625 0.6939844489097595
1638453154733356953 1.9221378564834595 -2.0126349925994873 0.0 0.0 0.0 -0.7195460200309753 0.6944447159767151
1638453154899357080 1.9213862419128418 -2.0342626571655273 0.0 0.0 0.0 -0.7191174030303955 0.6948885917663574
1638453155100357056 1.9204864501953125 -2.0602917671203613 0.0 0.0 0.0 -0.7194001078605652 0.6945959329605103
1638453155302356958 1.9195455312728882 -2.0863449573516846 0.0 0.0 0.0 -0.7198438048362732 0.6941360831260681
1638453155539356947 1.9184149503707886 -2.1168994903564453 0.0 0.0 0.0 -0.7204110026359558 0.6935474276542664
1638453155708357096 1.917565107345581 -2.138751268386841 0.0 0.0 0.0 -0.7210580110549927 0.6928747296333313
1638453155841356993 1.9168626070022583 -2.156125545501709 0.0 0.0 0.0 -0.7214246988296509 0.6924929022789001
163845315641357040 1.9158028364181519 -2.1820974349975586 0.0 0.0 0.0 -0.7214265465736389 0.6924909949302673
1638453156250227928 1.9147356748580933 -2.2079429626464844 0.0 0.0 0.0 -0.721544086933136 0.6923685073852539
1638453156451227903 1.9136745929718018 -2.233915328979492 0.0 0.0 0.0 -0.7213292121887207 0.6925923824310303
1638453156587228060 1.9129507541656494 -2.2515926361083984 0.0 0.0 0.0 -0.7215611338615417 0.6923507452011108
1638453156753227949 1.9120615720748901 -2.273138999938965 0.0 0.0 0.0 -0.7215438485145569 0.692368745803833
1638453156989228010 1.9108037948608398 -2.303511142730713 0.0 0.0 0.0 -0.7215902209281921 0.6923204064369202
1638453157189228058 1.9097200632095337 -2.329254627227783 0.0 0.0 0.0 -0.7220780849456787 0.6918115615844727
1638453157390228033 1.9085708856582642 -2.3553497791290283 0.0 0.0 0.0 -0.722813069820404 0.6910436153411865
1638453157555227995 1.9076071977615356 -2.376791477203369 0.0 0.0 0.0 -0.7226238250732422 0.6912415027618408
1638453157755228043 1.9064648151397705 -2.4028618335723877 0.0 0.0 0.0 -0.7224323749542236 0.6914415955543518
1638453157957227945 1.9053535461425781 -2.429035186767578 0.0 0.0 0.0 -0.7216587066650391 0.692249059677124
1638453158190227985 1.904125690460205 -2.4594337940216064 0.0 0.0 0.0 -0.7208369970321655 0.6931046843528748
1638453158390228033 1.9031394720077515 -2.485257148742676 0.0 0.0 0.0 -0.7201926112174988 0.6937741637229919
1638453158560228109 1.9023196697235107 -2.507084846496582 0.0 0.0 0.0 -0.7201530933380127 0.6938152313232422
1638453158718331099 1.9015244245529175 -2.5286855697631836 0.0 0.0 0.0 -0.7200247049331665 0.6939484477043152
1638453158924330950 1.9005192518234253 -2.5554451942443848 0.0 0.0 0.0 -0.7206074595451355 0.6933432221412659
163845315991331005 1.899669885635376 -2.5770692825317383 0.0 0.0 0.0 -0.7207955121994019 0.6931477785110474
1638453159258331060 1.8988215923309326 -2.598769187927246 0.0 0.0 0.0 -0.7207748889923096 0.6931692361831665
1638453159490330935 1.8976659774780273 -2.6289682388305664 0.0 0.0 0.0 -0.7200236320495605 0.6939495205879211
1638453159658330917 1.8968636989593506 -2.6508219242095947 0.0 0.0 0.0 -0.7199269533157349 0.6940498352050781
1638453159859331131 1.895933747291565 -2.676774263381958 0.0 0.0 0.0 -0.7195611596107483 0.6944290399551392
163845316094331026 1.8948668241500854 -2.707153558731079 0.0 0.0 0.0 -0.719234049320221 0.6947678923606873
1638453160327331066 1.8938151597976685 -2.7372548580169678 0.0 0.0 0.0 -0.7194411158561707 0.6945534348487854
1638453160493330956 1.893042802810669 -2.7588565349578857 0.0 0.0 0.0 -0.7196170687675476 0.6943711638450623
1638453160694330931 1.8921204805374146 -2.7849607467651367 0.0 0.0 0.0 -0.7191715240478516 0.6948325634002686
1638453160862330914 1.8913800716400146 -2.8067407608032227 0.0 0.0 0.0 -0.7187954783439636 0.6952215433120728
1638453160995331049 1.8908058404922485 -2.8241448402404785 0.0 0.0 0.0 -0.7184489369392395 0.6955797076225281
1638453161188503981 1.8899767398834229 -2.850126028060913 0.0 0.0 0.0 -0.7180792689323425 0.6959612965583801
1638453161456503868 1.8888981342315674 -2.884936809539795 0.0 0.0 0.0 -0.7177672982215881 0.6962830424308777
1638453161591503859 1.8883696794509888 -2.902393102645874 0.0 0.0 0.0 -0.717620313167572 0.6964345574378967
1638453161758503914 1.887718915939331 -2.923872232437134 0.0 0.0 0.0 -0.7178674936294556 0.6961798071861267
1638453161993504047 1.8867628574371338 -2.9542298316955566 0.0 0.0 0.0 -0.7186072468757629 0.6954161524772644
1638453162196503878 1.885870337486267 -2.9806644916534424 0.0 0.0 0.0 -0.719183623790741 0.6948200464248657
1638453162363503933 1.88516366481781 -3.000976800918579 0.0 0.0 0.0 -0.7192137241363525 0.694788932800293
1638453162565504074 1.8851255178451538 -3.002115249633789 0.0 0.0 0.0 -0.7188312411308289 0.6951846480369568
1638453162731503963 1.8851195573806763 -3.0022921562194824 0.0 0.0 0.0 -0.7191105484962463 0.6948956847190857
1638453162936503887 1.885116457939148 -3.0023679733276367 0.0 0.0 0.0 -0.7265318632125854 0.6871327757835388
1638453163104503870 1.8851162195205688 -3.0023679733276367 0.0 0.0 0.0 -0.7389299273490906 0.6737822890281677
1638453163339504004 1.8851271867752075 -3.0022671222686768 0.0 0.0 0.0 -0.7629032135009766 0.6465127468109131
1638453163539504051 1.8851271867752075 -3.002267360687256 0.0 0.0 0.0 -0.7890703678131104 0.6143028140068054
1638453163739934206 1.885125756263733 -3.0022666454315186 0.0 0.0 0.0 -0.8180184960365295 0.5751919150352478
1638453163906934023 1.8851057291030884 -3.0023131370544434 0.0 0.0 0.0 -0.8435991406440735 0.5369734764099121
1638453164104933977 1.8850425481796265 -3.00242280960083 0.0 0.0 0.0 -0.8729543089866638 0.48780199885368347
1638453164342934132 1.8849824666976929 -3.002504348754883 0.0 0.0 0.0 -0.9043917655944824 0.42670315504074097
1638453164509934187 1.8849828243255615 -3.002504587173462 0.0 0.0 0.0 -0.9239521026611328 0.38250818848609924
1638453164709933996 1.8849629163742065 -3.0025200843811035 0.0 0.0 0.0 -0.9448578357696533 0.3274807929992676
1638453164880934000 1.8850229978561401 -3.0024733543395996 0.0 0.0 0.0 -0.9597829580307007 0.2807430922985077
163845316554934025 1.8849774599075317 -3.002495527267456 0.0 0.0 0.0 -0.972873866558075 0.23133613169193268
1638453165289934158 1.885069489479065 -3.0024538040161133 0.0 0.0 0.0 -0.9862843751907349 0.16505497694015503
1638453165456933975 1.8851425647735596 -3.0024330615997314 0.0 0.0 0.0 -0.9931598901748657 0.1167624294757843
1638453165656934023 1.8851426839828491 -3.0024335384368896 0.0 0.0 0.0 -0.9964241981506348 0.0844918042421341
1638453165896934032 1.8851426839828491 -3.0024335384368896 0.0 0.0 0.0 -0.9964131116867065 0.08462246507406235
1638453166156960964 1.8851426839828491 -3.0024335384368896 0.0 0.0 0.0 -0.9963943958282471 0.08484256267547607
1638453166291960955 1.8851925134658813 -3.002424955368042 0.0 0.0 0.0 -0.996604323387146 0.08233985304832458
1638453166459960938 1.8851674795150757 -3.0024287700653076 0.0 0.0 0.0 -0.9972018599510193 0.07475555688142776
1638453166592961073 1.8851674795150757 -3.0024287700653076 0.0 0.0 0.0 -0.9976313710212708 0.06878681480884552
1638453166758960962 1.8851674795150757 -3.0024290084838867 0.0 0.0 0.0 -0.9981665015220642 0.06052817031741142
1638453166959960938 1.8852177858352661 -3.0024237632751465 0.0 0.0 0.0 -0.9987096190452576 0.05078533664345741
163845316794960928 1.8852177858352661 -3.0024235248565674 0.0 0.0 0.0 -0.9990249872207642 0.044147755950689316
1638453167298960924 1.8852177858352661 -3.002423048019409 0.0 0.0 0.0 -0.9994174242019653 0.03412974253296852
1638453167536960840 1.8852430582046509 -3.0024218559265137 0.0 0.0 0.0 -0.9997293949127197 0.023263458162546158
1638453167703960896 1.8852430582046509 -3.0024218559265137 0.0 0.0 0.0 0.9998833537101746 -0.015274331904947758
1638453167837960958 1.8852683305740356 -3.0024211406707764 0.0 0.0 0.0 0.9998960494995117 -0.014419099316000938
163845316839960861 1.8844587802886963 -3.002443790435791 0.0 0.0 0.0 0.9999038577079773 -0.013866739347577095
1638453168206960917 1.8814226388931274 -3.0025274753570557 0.0 0.0 0.0 0.9999064207077026 -0.013680552132427692
1638453168409960985 1.8764129877090454 -3.0026655197143555 0.0 0.0 0.0 0.9999046921730042 -0.013807617127895355
1638453168608960867 1.869278073310852 -3.002861976623535 0.0 0.0 0.0 0.9999047517776489 -0.013802014291286469
1638453168807096958 1.859891414642334 -3.003122329711914 0.0 0.0 0.0 0.9999062418937683 -0.013694855384528637
163845316943097019 1.8451159000396729 -3.0035386085510254 0.0 0.0 0.0 0.9998971223831177 -0.014343409799039364
1638453169210097075 1.8323649168014526 -3.0039124488830566 0.0 0.0 0.0 0.9998900294303894 -0.014831638894975185
1638453169412096977 1.814958930015564 -3.00443434715271 0.0 0.0 0.0 0.9998836517333984 -0.015252161771059036
1638453169613096952 1.7954282760620117 -3.005038261413574 0.0 0.0 0.0 0.9998806118965149 -0.015451218001544476
1638453169780097008 1.77726411819458 -3.0056042671203613 0.0 0.0 0.0 0.9998781085014343 -0.015612369403243065
1638453169915096998 1.761528491973877 -3.0060951709747314 0.0 0.0 0.0 0.9998801946640015 -0.015478036366403103
1638453170115097046 1.7377227544784546 -3.0068321228027344 0.0 0.0 0.0 0.9998833537101746 -0.015272901393473148
1638453170318097115 1.7133846282958984 -3.0075557231903076 0.0 0.0 0.0 0.9998968839645386 -0.014359620399773121
1638453170520097017 1.6894248723983765 -3.0082292556762695 0.0 0.0 0.0 0.9999068975448608 -0.013644672930240631
1638453170789097071 1.6571905612945557 -3.0090909004211426 0.0 0.0 0.0 0.9999111890792847 -0.013327128253877163
1638453170990097046 1.6315854787826538 -3.0097830295562744 0.0 0.0 0.0 0.9999076724052429 -0.013586385175585747
1638453171214257002 1.6011998653411865 -3.0106518268585205 0.0 0.0 0.0 0.9998885989189148 -0.014927592128515244
1638453171378257036 1.5798979997634888 -3.011298179626465 0.0 0.0 0.0 0.9998873472213745 -0.01500888355076313
1638453171547256947 1.5580898523330688 -3.011948347091675 0.0 0.0 0.0 0.9998898506164551 -0.014842366799712181
1638453171748256922 1.53215754032135 -3.0127108097076416 0.0 0.0 0.0 0.9998937845230103 -0.01457477081567049
1638453171947257042 1.5055923461914062 -3.013474941253662 0.0 0.0 0.0 0.9999001026153564 -0.014135648496448994
1638453172147257090 1.477710247039795 -3.0142393112182617 0.0 0.0 0.0 0.9999081492424011 -0.013551222160458565
1638453172314256907 1.4545596837997437 -3.0148746967315674 0.0 0.0 0.0 0.9999051094055176 -0.013777698390185833
1638453172447257042 1.4359378814697266 -3.015381336212158 0.0 0.0 0.0 0.9999104142189026 -0.01338350959122181
1638453172715256929 1.398390531539917 -3.0163934230804443 0.0 0.0 0.0 0.9999095797538757 -0.013449188321828842
1638453172950257063 1.3658783435821533 -3.017279863357544 0.0 0.0 0.0 0.9999082088470459 -0.013547645881772041
1638453173152256966 1.3378440141677856 -3.01802396774292 0.0 0.0 0.0 0.9999118447303772 -0.013279091566801071
1638453173356256962 1.3093795776367188 -3.018784999847412 0.0 0.0 0.0 0.999911904335022 -0.013273250311613083
1638453173554256916 1.2818764448165894 -3.019508123397827 0.0 0.0 0.0 0.9999181032180786 -0.012797050178050995
1638453173686924934 1.263532280921936 -3.0199828147888184 0.0 0.0 0.0 0.9999135732650757 -0.013147257268428802
1638453173851924896 1.2404823303222656 -3.020595073699951 0.0 0.0 0.0 0.9999083876609802 -0.01353453379124403
163845317452924871 1.2123222351074219 -3.0213704109191895 0.0 0.0 0.0 0.9999005198478699 -0.01410322729498148
1638453174286924839 1.1797103881835938 -3.022305965423584 0.0 0.0 0.0 0.9998944997787476 -0.01452482771128416
1638453174453924894 1.1565608978271484 -3.022981643676758 0.0 0.0 0.0 0.9998947381973267 -0.014509808272123337
1638453174687924862 1.1241005659103394 -3.0239107608795166 0.0 0.0 0.0 0.9999020099639893 -0.01399952545762062
1638453174886924982 1.096471905708313 -3.0246777534484863 0.0 0.0 0.0 0.9999050498008728 -0.013779963366687298
163845317585924864 1.068741798400879 -3.0254323482513428 0.0 0.0 0.0 0.9999080896377563 -0.013555631972849369
1638453175252924919 1.0455657243728638 -3.026066780090332 0.0 0.0 0.0 0.9999013543128967 -0.014044820331037045
1638453175385924816 1.0270458459854126 -3.026592969894409 0.0 0.0 0.0 0.9998970031738281 -0.014350561425089836
1638453175586925030 0.998937726020813 -3.027416467666626 0.0 0.0 0.0 0.9998903274536133 -0.014808634296059608
1638453175751924992 0.9759407043457031 -3.0281076431274414 0.0 0.0 0.0 0.9998834729194641 -0.015265630558133125
163845317651924944 0.9341729283332825 -3.029409408569336 0.0 0.0 0.0 0.9998729825019836 -0.015936696901917458
1638453176420584917 0.8827928900718689 -3.0310420989990234 0.0 0.0 0.0 0.9998757243156433 -0.015764223411679268
1638453176588584900 0.859467625617981 -3.0317654609680176 0.0 0.0 0.0 0.9998853206634521 -0.01514428947120905
1638453176756584883 0.8360909223556519 -3.032461404800415 0.0 0.0 0.0 0.9998857975006104 -0.015110914595425129
1638453176889585018 0.8176226615905762 -3.0330235958099365 0.0 0.0 0.0 0.9998830556869507 -0.015293880365788937
163845317791584921 0.789389431476593 -3.0338973999023438 0.0 0.0 0.0 0.9998749494552612 -0.015812616795301437
1638453177311584949 0.7586027979850769 -3.0349042415618896 0.0 0.0 0.0 0.999862015247345 -0.016612881794571877
1638453177511584997 0.7309533953666687 -3.0358197689056396 0.0 0.0 0.0 0.9998623728752136 -0.016591785475611687
1638453177746584892 0.698320746421814 -3.0369088649749756 0.0 0.0 0.0 0.9998542070388794 -0.017073679715394974
1638453177945585012 0.6706721782684326 -3.037851572036743 0.0 0.0 0.0 0.9998579621315002 -0.01685543917119503
1638453178112584829 0.6475254893302917 -3.038614273071289 0.0 0.0 0.0 0.9998659491539001 -0.016372231766581535
1638453178347584963 0.6148167252540588 -3.0396995544433594 0.0 0.0 0.0 0.9998563528060913 -0.016949482262134552
1638453178546584845 0.5869153738021851 -3.040654182434082 0.0 0.0 0.0 0.9998506307601929 -0.01728333719074726
1638453178785698175 0.5547152161598206 -3.041799783706665 0.0 0.0 0.0 0.9998330473899841 -0.018272023648023605
163845317985698128 0.5131331086158752 -3.043341636657715 0.0 0.0 0.0 0.9998260140419006 -0.018652116879820824
1638453179287698030 0.48503246903419495 -3.0443899631500244 0.0 0.0 0.0 0.99983149766922 -0.018356647342443466
1638453179558698177 0.447420209646225 -3.0457537174224854 0.0 0.0 0.0 0.9998336434364319 -0.018240436911582947
1638453179758697987 0.41957172751426697 -3.046771287918091 0.0 0.0 0.0 0.9998319149017334 -0.01833304762840271
1638453179959698200 0.3914961814880371 -3.0478124618530273 0.0 0.0 0.0 0.9998211860656738 -0.01891123130917549
1638453180190698147 0.35919782519340515 -3.049041748046875 0.0 0.0 0.0 0.9998164176940918 -0.019161764532327652
1638453180389698029 0.33160415291786194 -3.0500996112823486 0.0 0.0 0.0 0.9998185038566589 -0.019050562754273415
1638453180557698011 0.3082839846611023 -3.050971508026123 0.0 0.0 0.0 0.9998252391815186 -0.018696097657084465
1638453180757698059 0.2804614305496216 -3.0520050525665283 0.0 0.0 0.0 0.9998250603675842 -0.01870563253760338
1638453180964698076 0.25180333852767944 -3.0530457496643066 0.0 0.0 0.0 0.9998429417610168 -0.017723986878991127
163845318198698139 0.2331102192401886 -3.0537009239196777 0.0 0.0 0.0 0.9998495578765869 -0.017346031963825226
1638453181398289919 0.19119441509246826 -3.055119514465332 0.0 0.0 0.0 0.9998652935028076 -0.016411446034908295
1638453181598289967 0.16311456263065338 -3.056037664413452 0.0 0.0 0.0 0.9998664855957031 -0.01633945293724537
1638453181935290098 0.11634036153554916 -3.0575757026672363 0.0 0.0 0.0 0.9998688697814941 -0.016194870695471764
1638453182102289915 0.09326912462711334 -3.0583229064941406 0.0 0.0 0.0 0.9998711943626404 -0.016050288453698158
1638453182303289890 0.07502926141023636 -3.0589003562927246 0.0 0.0 0.0 0.9998732209205627 -0.01592346653342247
1638453182506289959 0.074776291847229 -3.058908224105835 0.0 0.0 0.0 0.9998729825019836 -0.015939677134156227
1638453182709290028 0.07467509806156158 -3.0589115619659424 0.0 0.0 0.0 0.9998763799667358 -0.015724174678325653
1638453182909290075 0.07452330738306046 -3.0589160919189453 0.0 0.0 0.0 0.9999706149101257 -0.007665483746677637
163845318343289900 0.0743967592716217 -3.0589165687561035 0.0 0.0 0.0 0.9999948740005493 0.0032100186217576265
1638453183212290049 0.07439669966697693 -3.0589187145233154 0.0 0.0 0.0 0.9997357726097107 0.02298649027943611
1638453183447289944 0.07427048683166504 -3.0589091777801514 0.0 0.0 0.0 0.9980509281158447 0.062404900789260864
1638453183613290071 0.07422079145908356 -3.0588996410369873 0.0 0.0 0.0 0.9952878952026367 0.09696407616138458
1638453183803637028 0.07419673353433609 -3.058891534805298 0.0 0.0 0.0 0.9887831211090088 0.14935839176177979
16384531841636982 0.07429128140211105 -3.058927059173584 0.0 0.0 0.0 0.9778018593788147 0.20953169465065002
1638453184167637110 0.07435768097639084 -3.0589640140533447 0.0 0.0 0.0 0.9646711945533752 0.2634568512439728
1638453184367637157 0.07440079748630524 -3.058990716934204 0.0 0.0 0.0 0.9443080425262451 0.3290627598762512
1638453184533637047 0.07451356947422028 -3.0590922832489014 0.0 0.0 0.0 0.924651563167572 0.38081419467926025
1638453184800637007 0.07462510466575623 -3.059229612350464 0.0 0.0 0.0 0.8865538239479065 0.4626254737377167
1638453184999637127 0.0746271163225174 -3.0592286586761475 0.0 0.0 0.0 0.8536925911903381 0.5207772254943848
1638453185164637089 0.07464668154716492 -3.0592753887176514 0.0 0.0 0.0 0.8233729004859924 0.5675007104873657
1638453185363636971 0.07456737756729126 -3.059008836746216 0.0 0.0 0.0 0.7833611369132996 0.6215668320655823
1638453185630637169 0.07452581822872162 -3.0586318969726562 0.0 0.0 0.0 0.7251304984092712 0.6886114478111267
1638453185900637150 0.07453146576881409 -3.05875825881958 0.0 0.0 0.0 0.7210933566093445 0.6928378939628601
1638453186100637197 0.07452443987131119 -3.0585813522338867 0.0 0.0 0.0 0.7207632064819336 0.6931813359260559
1638453186311909914 0.07445500046014786 -3.0567352771759033 0.0 0.0 0.0 0.7200177907943726 0.6939556002616882
1638453186445909977 0.07435532659292221 -3.0540289878845215 0.0 0.0 0.0 0.7200480699539185 0.6939241886138916
1638453186613909960 0.07417423278093338 -3.0490713119506836 0.0 0.0 0.0 0.7197256684303284 0.6942585706710815
1638453186847909927 0.07382538169622421 -3.0394339561462402 0.0 0.0 0.0 0.7196478247642517 0.6943392753601074
163845318716910076 0.07352020591497421 -3.0308587551116943 0.0 0.0 0.0 0.7195743322372437 0.6944154500961304
1638453187249910116 0.07302827388048172 -3.016693353652954 0.0 0.0 0.0 0.7191638350486755 0.6948405504226685
1638453187419909954 0.07263276726007462 -3.0050318241119385 0.0 0.0 0.0 0.7190070748329163 0.6950027942657471
1638453187586910009 0.07222380489110947 -2.992788314819336 0.0 0.0 0.0 0.7188805937767029 0.6951335668563843
1638453187786910057 0.0716954842209816 -2.9768259525299072 0.0 0.0 0.0 0.7187822461128235 0.6952352523803711
163845318851909924 0.07097150385379791 -2.955273151397705 0.0 0.0 0.0 0.71905517578125 0.6949529647827148
1638453188185909986 0.07056739926338196 -2.943333387374878 0.0 0.0 0.0 0.7189096212387085 0.6951035857200623
1638453188353909969 0.07004822790622711 -2.927953004837036 0.0 0.0 0.0 0.718969464302063 0.6950416564941406
1638453188485909939 0.06960645318031311 -2.9148242473602295 0.0 0.0 0.0 0.7190308570861816 0.6949781775474548
1638453188655910015 0.06899462640285492 -2.8969147205352783 0.0 0.0 0.0 0.7191747426986694 0.6948292255401611
1638453188861371994 0.06817346066236496 -2.873288869857788 0.0 0.0 0.0 0.7195313572883606 0.6944599747657776
1638453188993372202 0.06757426261901855 -2.856417179107666 0.0 0.0 0.0 0.7195664644241333 0.6944235563278198
1638453189129372120 0.06694311648607254 -2.838887929916382 0.0 0.0 0.0 0.7199394106864929 0.6940369606018066
1638453189295372009 0.0661548301577568 -2.8174643516540527 0.0 0.0 0.0 0.7199268341064453 0.6940499544143677
1638453189495372057 0.06521309167146683 -2.7917659282684326 0.0 0.0 0.0 0.7199128270149231 0.6940644979476929
1638453189663372040 0.06439750641584396 -2.769861936569214 0.0 0.0 0.0 0.7204750776290894 0.6934808492660522
1638453189897372007 0.06316153705120087 -2.7374119758605957 0.0 0.0 0.0 0.7204470038414001 0.6935099959373474
163845319098372221 0.0620696134865284 -2.709414482116699 0.0 0.0 0.0 0.720903754234314 0.6930351853370667
1638453190300372124 0.06089502573013306 -2.680001735687256 0.0 0.0 0.0 0.7211506962776184 0.6927782297134399
1638453190500372171 0.05969761312007904 -2.64998197555542 0.0 0.0 0.0 0.7212268710136414 0.6926988959312439
1638453190633372068 0.05889923498034477 -2.63023042678833 0.0 0.0 0.0 0.7212762832641602 0.6926475167274475
1638453190833372116 0.057704608887434006 -2.6005141735076904 0.0 0.0 0.0 0.7212013006210327 0.6927255392074585
1638453191372171 0.056707412004470825 -2.5756282806396484 0.0 0.0 0.0 0.7211717367172241 0.6927563548088074
1638453191202784061 0.05549106374382973 -2.5451529026031494 0.0 0.0 0.0 0.7210837006568909 0.6928479671478271
1638453191434783936 0.054088715463876724 -2.5103025436401367 0.0 0.0 0.0 0.7213842272758484 0.6925350427627563
1638453191603784084 0.05303347855806351 -2.485013961791992 0.0 0.0 0.0 0.7221235632896423 0.6917641162872314
1638453191803784132 0.05173398181796074 -2.4551758766174316 0.0 0.0 0.0 0.7225608229637146 0.6913073658943176
16384531923783941 0.05041409656405449 -2.4253132343292236 0.0 0.0 0.0 0.7226730585098267 0.6911900043487549
1638453192136784077 0.0495142862200737 -2.405261754989624 0.0 0.0 0.0 0.7228646874427795 0.69098961353302
1638453192335783958 0.048097576946020126 -2.373655080795288 0.0 0.0 0.0 0.7225068807601929 0.6913636922836304
1638453192536783934 0.04660191014409065 -2.339569330215454 0.0 0.0 0.0 0.7224758863449097 0.6913961172103882
1638453192702784061 0.04528246074914932 -2.309706449508667 0.0 0.0 0.0 0.7225096821784973 0.6913607716560364
1638453192867784023 0.04390821233391762 -2.27901029586792 0.0 0.0 0.0 0.7229049205780029 0.6909475326538086
163845319369783926 0.04219486564397812 -2.2406270503997803 0.0 0.0 0.0 0.7226422429084778 0.6912222504615784
1638453193270784140 0.04050632193684578 -2.2025973796844482 0.0 0.0 0.0 0.722760796546936 0.6910982728004456
1638453193436784029 0.0391402505338192 -2.171292781829834 0.0 0.0 0.0 0.7220862507820129 0.6918030381202698
1638453193736634970 0.03674829378724098 -2.1143431663513184 0.0 0.0 0.0 0.7215076088905334 0.6924065351486206
16384531945635023 0.034619029611349106 -2.0631842613220215 0.0 0.0 0.0 0.7217162847518921 0.6921889781951904
1638453194139635086 0.03354806825518608 -2.037668228149414 0.0 0.0 0.0 0.7215849757194519 0.6923258304595947
1638453194311635017 0.03220658004283905 -2.005197286605835 0.0 0.0 0.0 0.7215249538421631 0.6923884153366089
1638453194443634987 0.031200353056192398 -1.9802358150482178 0.0 0.0 0.0 0.7209048271179199 0.6930341124534607
1638453194611634970 0.02998075820505619 -1.9485448598861694 0.0 0.0 0.0 0.7202106714248657 0.6937554478645325
1638453194845634937 0.028322579339146614 -1.9040035009384155 0.0 0.0 0.0 0.7202600240707397 0.6937041878700256
163845319513634920 0.02710225246846676 -1.8720340728759766 0.0 0.0 0.0 0.7207449078559875 0.6932003498077393
1638453195189635038 0.025780679658055305 -1.8386754989624023 0.0 0.0 0.0 0.7211484909057617 0.6927804946899414
1638453195357635021 0.024511683732271194 -1.8067585229873657 0.0 0.0 0.0 0.7208071947097778 0.6931356191635132
1638453195558634996 0.023008137941360474 -1.7688475847244263 0.0 0.0 0.0 0.7207679152488708 0.6931764483451843
1638453195756634951 0.021566472947597504 -1.7314153909683228 0.0 0.0 0.0 0.720463752746582 0.693492591381073
1638453195988635063 0.019882310181856155 -1.6872297525405884 0.0 0.0 0.0 0.7202819585800171 0.6936814188957214
1638453196215948820 0.01821044646203518 -1.642764925956726 0.0 0.0 0.0 0.7206259369850159 0.693324089050293
1638453196414948940 0.016811450943350792 -1.6049513816833496 0.0 0.0 0.0 0.7196182012557983 0.6943699717521667
1638453196614948988 0.015508357435464859 -1.5671088695526123 0.0 0.0 0.0 0.7188990712165833 0.6951144933700562
1638453196851948977 0.014033340848982334 -1.5223332643508911 0.0 0.0 0.0 0.7185661792755127 0.6954585909843445
163845319783948851 0.012586262077093124 -1.477987289428711 0.0 0.0 0.0 0.7187823057174683 0.6952351927757263
1638453197384948969 0.010561246424913406 -1.4208714962005615 0.0 0.0 0.0 0.7201251983642578 0.6938441395759583
1638453197551949024 0.009379557333886623 -1.389255166053772 0.0 0.0 0.0 0.7201026678085327 0.6938675045967102
1638453197720948935 0.008181951940059662 -1.3573355674743652 0.0 0.0 0.0 0.7203206419944763 0.6936412453651428
1638453197888948917 0.006981482729315758 -1.3255680799484253 0.0 0.0 0.0 0.7203495502471924 0.693611204624176
1638453198188948870 0.004743378143757582 -1.2683590650558472 0.0 0.0 0.0 0.7212510108947754 0.6926738023757935
1638453198488948822 0.0023865194525569677 -1.2113573551177979 0.0 0.0 0.0 0.7217927575111389 0.6921092867851257
1638453198638948917 0.0013280583079904318 -1.1861701011657715 0.0 0.0 0.0 0.7217918634414673 0.6921102404594421
1638453198796444893 -5.878349838894792e-05 -1.1543341875076294 0.0 0.0 0.0 0.7225706577301025 0.6912971138954163
1638453198997444868 -0.0017096318770200014 -1.116556167602539 0.0 0.0 0.0 0.7223486304283142 0.6915290355682373
1638453199198445082 -0.0034101479686796665 -1.0781975984573364 0.0 0.0 0.0 0.7232992053031921 0.690534770488739
1638453199398444891 -0.005232897121459246 -1.0401993989944458 0.0 0.0 0.0 0.7242904901504517 0.6894949674606323
1638453199531445026 -0.006490853149443865 -1.0148693323135376 0.0 0.0 0.0 0.7243466973304749 0.6894358992576599
1638453199699445009 -0.008048479445278645 -0.9830159544944763 0.0 0.0 0.0 0.7240028977394104 0.6897969245910645
1638453199898444891 -0.009829518385231495 -0.9453703761100769 0.0 0.0 0.0 0.72316575050354 0.6906745433807373
163845320066444874 -0.011257771402597427 -0.9137389063835144 0.0 0.0 0.0 0.7226079702377319 0.6912580728530884
1638453200265444994 -0.012911132536828518 -0.8757835626602173 0.0 0.0 0.0 0.7222439050674438 0.6916384696960449
1638453200499444962 -0.014816866256296635 -0.8313282132148743 0.0 0.0 0.0 0.7220287322998047 0.6918631196022034
1638453200700444937 -0.01646731235086918 -0.7932460904121399 0.0 0.0 0.0 0.7223079204559326 0.6915715932846069
1638453200932445049 -0.018397020176053047 -0.749323844909668 0.0 0.0 0.0 0.7225947380065918 0.691271960735321
163845320198444939 -0.019760528579354286 -0.7180188894271851 0.0 0.0 0.0 0.7222505807876587 0.6916314959526062
1638453201287709951 -0.021427441388368607 -0.6802160739898682 0.0 0.0 0.0 0.7226556539535522 0.6912082433700562
1638453201552710056 -0.02367405593395233 -0.6298220157623291 0.0 0.0 0.0 0.7226899862289429 0.6911723017692566
1638453201751709938 -0.025417249649763107 -0.591921329498291 0.0 0.0 0.0 0.7234331965446472 0.690394401550293
1638453201959709883 -0.027307365089654922 -0.5525832772254944 0.0 0.0 0.0 0.7238860130310059 0.6899195909500122
1638453202191709995 -0.029369667172431946 -0.5087684392929077 0.0 0.0 0.0 0.7232917547225952 0.6905425786972046
1638453202392709970 -0.031119031831622124 -0.4705387055873871 0.0 0.0 0.0 0.7230015993118286 0.6908463835716248
1638453202595710039 -0.03291293978691101 -0.43195629119873047 0.0 0.0 0.0 0.7235532402992249 0.6902685761451721
1638453202865710020 -0.0354144312441349 -0.3807125687599182 0.0 0.0 0.0 0.724258542060852 0.6895284652709961
163845320340709972 -0.03704344108700752 -0.34762096405029297 0.0 0.0 0.0 0.7245612144470215 0.6892104744911194
1638453203240710020 -0.038903504610061646 -0.30985257029533386 0.0 0.0 0.0 0.7241141200065613 0.6896801590919495
1638453203410709858 -0.040457405149936676 -0.2777456045150757 0.0 0.0 0.0 0.72403883934021 0.6897592544555664
1638453203610709906 -0.04234218969941139 -0.23952226340770721 0.0 0.0 0.0 0.7244536280632019 0.6893235445022583
1638453203848560095 -0.044607020914554596 -0.19495706260204315 0.0 0.0 0.0 0.7252954840660095 0.6884377002716064
163845320487559938 -0.04697738215327263 -0.14961160719394684 0.0 0.0 0.0 0.725382924079895 0.6883455514907837
1638453204356559992 -0.049643196165561676 -0.09900978952646255 0.0 0.0 0.0 0.725365936756134 0.6883634328842163
1638453204557559967 -0.05168750882148743 -0.060896072536706924 0.0 0.0 0.0 0.7261350750923157 0.6875520348548889
1638453204757560015 -0.053814925253391266 -0.022837603464722633 0.0 0.0 0.0 0.7271118760108948 0.6865190267562866
163845320595560074 -0.056439824402332306 0.021530359983444214 0.0 0.0 0.0 0.7282136082649231 0.685350239276886
1638453205261559963 -0.056455206125974655 0.021782999858260155 0.0 0.0 0.0 0.7281385064125061 0.6854300498962402
1638453205495559931 -0.05645949766039848 0.021858809515833855 0.0 0.0 0.0 0.7197735905647278 0.6942088603973389
1638453205694560051 -0.05646013095974922 0.021985361352562904 0.0 0.0 0.0 0.7063678503036499 0.7078449130058289
1638453205861559868 -0.05646327883005142 0.02190948650240898 0.0 0.0 0.0 0.691407322883606 0.7224651575088501
163845320662560081 -0.056457482278347015 0.021985189989209175 0.0 0.0 0.0 0.6675252318382263 0.7445871829986572
1638453206340819120 -0.05647371709346771 0.021885404363274574 0.0 0.0 0.0 0.6247822642326355 0.7807990312576294
1638453206508819103 -0.05648786947131157 0.02183688059449196 0.0 0.0 0.0 0.5901090502738953 0.8073235154151917
1638453206707818985 -0.056543316692113876 0.021695639938116074 0.0 0.0 0.0 0.5435646176338196 0.8393673300743103
1638453206907819033 -0.056600213050842285 0.021582571789622307 0.0 0.0 0.0 0.4938603639602661 0.8695412278175354
1638453207148818970 -0.056640565395355225 0.02151823602616787 0.0 0.0 0.0 0.43219298124313354 0.9017811417579651
1638453207281819105 -0.05659162998199463 0.021576303988695145 0.0 0.0 0.0 0.3973465859889984 0.9176686406135559
1638453207550818920 -0.05655159801244736 0.021607499569654465 0.0 0.0 0.0 0.32497677206993103 0.9457219839096069
1638453207752819061 -0.05653000622987747 0.021620893850922585 0.0 0.0 0.0 0.269478976726532 0.9630062580108643
1638453207885818958 -0.05648714303970337 0.021647991612553596 0.0 0.0 0.0 0.23144406080245972 0.9728482365608215
163845320851819086 -0.05648776888847351 0.02164931409060955 0.0 0.0 0.0 0.18577271699905396 0.982592761516571
1638453208251819134 -0.0563671812415123 0.02168745920062065 0.0 0.0 0.0 0.12845388054847717 0.9917154908180237
1638453208484818935 -0.05624356120824814 0.021714599803090096 0.0 0.0 0.0 0.06130369007587433 0.9981191754341125
1638453208794038057 -0.05619309842586517 0.02171662636101246 0.0 0.0 0.0 -0.0005602444871328771 0.9999998211860657
1638453208960037947 -0.05619309842586517 0.021716631948947906 0.0 0.0 0.0 -0.00018813088536262512 1.0
1638453209164037943 -0.05619309842586517 0.021716628223657608 0.0 0.0 0.0 -4.0415674448013306e-05 1.0
1638453209330038071 -0.05619309842586517 0.021716628223657608 0.0 0.0 0.0 -0.00017067603766918182 1.0
1638453209567038059 -0.031218793322913982 0.0483623434900808 -0.00032765154754545156 -0.0009995521549226918 -0.0002804870375328904 -0.01535511218425822 0.9998815783336645
1638453209804038048 -0.03121879337868215 0.048362341628274394 -0.0003276515438374708 -0.000999569860473661 -0.00028042384832012527 -0.015291908577202517 0.9998825246966833
163845321038038015 -0.031193495496921908 0.048361570846218345 -0.00032763658325545204 -0.0009996037257857147 -0.00028030321599859393 -0.015171232969129738 0.9998843912132798
1638453210203037977 -0.03121879360175478 0.04836233418104874 -0.000327651529005548 -0.000999609512332915 -0.00028028256443215187 -0.01515057669833015 0.9998847005046588
1638453210336038113 -0.03121879360175478 0.04836233418104874 -0.000327651529005548 -0.000999615370357617 -0.00028026165777017266 -0.015129665273883501 0.9998850136165157
1638453210505038023 -0.031218793713291115 0.04836233045743592 -0.00032765152158958656 -0.0009996414340806314 -0.00028016863913766154 -0.015036625452040186 0.9998864067244531
1638453210671037912 -0.031193495496921908 0.048361570846218345 -0.00032763658325545204 -0.0009996093245088242 -0.0002802832347561911 -0.01515124717506695 0.9998846904654471
1638453210943037987 -0.03121879321137767 0.048362347213693625 -0.00032765155496141296 -0.0009995695719549878 -0.00028042487801233 -0.015292938503967657 0.9998825092753386
1638453211145037889 -0.031193495218081117 0.048361580155250404 -0.0003276366017953556 -0.0009996143790638038 -0.00028026519559149084 -0.015133203901105502 0.9998849606317876
1638453211304871082 -0.031218793099841352 0.048362350937306446 -0.0003276515623773744 -0.000999618722495906 -0.0002802496943480835 -0.015117699126566997 0.999885192788557
1638453211538871050 -0.031218792988305023 0.048362354660919274 -0.00032765156979333587 -0.0009996221361987581 -0.0002802375112086704 -0.015105513211875652 0.9998853752512289
1638453211707871199 -0.03121879304407319 0.04836235279911286 -0.0003276515660853551 -0.0009996021856281691 -0.0002803087126557157 -0.0151767308783715 0.9998843088917442
1638453211938871145 -0.031218792988305023 0.048362354660919274 -0.00032765156979333587 -0.0009996155738337155 -0.0002802609315857968 -0.015128938924085301 0.9998850244923283
1638453212235871077 -0.031218792932536862 0.048362356522725684 -0.00032765157350131657 -0.0009995918448684978 -0.00028034561771809796 -0.015213644347603115 0.9998837561773692
1638453212567871094 -0.031218793099841352 0.048362350937306446 -0.0003276515623773744 -0.0009996217162032215 -0.0002802390101277026 -0.015107012472356553 0.9998853528024362
1638453212801871061 -0.031218793099841352 0.048362350937306446 -0.0003276515623773744 -0.0009996308914100621 -0.00028020626479838604 -0.01507425968376386 0.9998858432179255
1638453212933871031 -0.03119349488347216 0.04836159132608889 -0.0003276366240432399 -0.0009996060156744228 -0.0002802950436313489 -0.015163058740246914 0.9998845136080019
1638453213199871063 -0.031218792932536862 0.04836235652272568 -0.00032765157350131657 -0.0009996320376587503 -0.00028020217395973546 -0.015070167913233998 0.9998859044850033
1638453213407871008 -0.03119349482770399 0.04836159318789529 -0.00032763662775122065 -0.000999612671951511 -0.000280271288092203 -0.015139297789668866 0.9998848693865082
1638453213643871069 -0.031218792765232387 0.04836236210814492 -0.0003276515846252587 -0.0009995938911076215 -0.0002803383149100927 -0.015206339876042752 0.9998838655490029
1638453213790904999 -0.031218792765232387 0.04836236210814492 -0.0003276515846252587 -0.0009996429810207133 -0.00028016311827439396 -0.015031103331138483 0.9998864894085157
1638453213957905054 -0.031218792765232387 0.04836236210814492 -0.0003276515846252587 -0.0009996399711396566 -0.0002801738602171227 -0.015041847720845707 0.9998863285301489
1638453214157904863 -0.031193494660399515 0.04836159877331452 -0.0003276366388751628 -0.0009996623670755623 -0.00028009393152348886 -0.014961900819723796 0.9998875255945919
1638453214391905069 -0.031218792932536862 0.04836235652272568 -0.00032765157350131657 -0.0009996134691604302 -0.00028026844293905866 -0.015136451988408224 0.9998849119973844
1638453214659904957 -0.03121879304407319 0.04836235279911286 -0.0003276515660853551 -0.0009996074290507069 -0.0002802899994429537 -0.015158013402802492 0.9998845891530695
1638453214902904987 -0.0312187928767687 0.048362358384532095 -0.00032765157720929727 -0.000999642869369726 -0.00028016351674479506 -0.015031501892309803 0.999886483440762
1638453215102905035 -0.03119349482770399 0.04836159318789529 -0.00032763662775122065 -0.0009996147103646308 -0.0002802640132143661 -0.015132021254639203 0.9998849783398414
1638453215302905083 -0.031193495050776635 0.048361585740669635 -0.00032763661291929775 -0.0009996300075933678 -0.00028020941904539285 -0.015077414649297582 0.9998857959778573
1638453215538904905 -0.03121879326714582 0.04836234535188721 -0.00032765155125343226 -0.0009996196130951371 -0.00028024651589493083 -0.015114519949373335 0.9998852403911523
1638453215837904930 -0.031218792988305023 0.048362354660919274 -0.00032765156979333587 -0.0009996131321205338 -0.00028026964579830685 -0.015137655121663705 0.9998848939825769
1638453216104904890 -0.031193495050776635 0.048361585740669635 -0.00032763661291929775 -0.0009996164555634754 -0.0002802577847868348 -0.0151257914082931 0.9998850716208497
1638453216355190992 -0.031218792988305023 0.048362354660919274 -0.00032765156979333587 -0.000999614585670304 -0.0002802644582350477 -0.015132466376695023 0.9998849716749203
1638453216590191126 -0.031193494995008487 0.04836158760247604 -0.0003276366166272785 -0.0009995490646946628 -0.00028049806622534705 -0.015366143389013966 0.9998814131607461
1638453216808191061 -0.031218792821000547 0.048362360246338505 -0.000327651580917278 -0.000999587127768418 -0.000280362223196785 -0.015230269415866013 0.9998834476348747
16384532179191036 -0.0312187928767687 0.048362358384532095 -0.00032765157720929727 -0.0009996792514178675 -0.00028003367311638414 -0.014901628685956212 0.9998884280639464
1638453217243191004 -0.03121879265369607 0.04836236583175774 -0.0003276515920412202 -0.000999612939079107 -0.0002802703347424583 -0.015138344222754304 0.9998848836644981
1638453217445191145 -0.031218792765232387 0.04836236210814492 -0.0003276515846252587 -0.000999644062052703 -0.0002801592601871459 -0.015027244365031122 0.9998865471897561
1638453217712191105 -0.031218792765232387 0.04836236210814492 -0.0003276515846252587 -0.0009997127117579282 -0.00027991425675080576 -0.014782185117730625 0.999890216521616
1638453217912191153 -0.031218792486391582 0.048362371417176975 -0.0003276516031651623 -0.0009996326533043816 -0.00028019997678649573 -0.015067970239485598 0.9998859373913082
1638453218145191193 -0.03119349449309504 0.048361604358733754 -0.00032763664999910496 -0.0009995897265234089 -0.0002803529485188977 -0.015220992625238228 0.9998835865385226
1638453218414191008 -0.031193494381558717 0.04836160808234658 -0.00032763665741506636 -0.0009995907371213647 -0.0002803493418031644 -0.015217385087907168 0.9998836405550586
1638453218679191113 -0.031218792486391582 0.048362371417176975 -0.0003276516031651623 -0.0009996350851046252 -0.0002801912979521989 -0.015059289428179414 0.9998860673712123
1638453218843670130 -0.031218792430623428 0.04836237327898339 -0.000327651606873143 -0.000999613866199689 -0.0002802670259485202 -0.015135034675084045 0.9998849332191624
163845321943670177 -0.031193494214254235 0.04836161366776581 -0.0003276366685390085 -0.000999616714343334 -0.0002802568612292697 -0.01512486764034462 0.9998850854526524
1638453219311670065 -0.031218792430623428 0.04836237327898339 -0.000327651606873143 -0.0009996170409485587 -0.00028025569561024587 -0.01512370175579674 0.999885102909726
1638453219611670017 -0.031193494381558717 0.04836160808234658 -0.00032763665741506636 -0.0009996681473619599 -0.0002800733023011814 -0.014941266898148769 0.9998878345513307
