1638453106799268007 1.362786099246005e-11 -1.0681828754854905e-08 0.0 0.0 0.0 0.000314982607960701 0.9999999403953552
1638453106888267994 2.531069185351953e-05 1.0178623277568022e-08 0.0 0.0 0.0 0.0005809105350635946 0.9999998211860657
1638453106988268137 1.4030140764453858e-11 -8.779110771683918e-09 0.0 0.0 0.0 0.00016809068620204926 1.0
163845310787268114 1.3912346101541135e-11 -9.280920032440826e-09 0.0 0.0 0.0 0.0002348348498344422 1.0000000000000002
1638453107187268019 2.5310699129435523e-05 -1.5567587218780739e-09 0.0 0.0 0.0 4.029646515846253e-05 1.0000000000000002
1638453107286267996 2.5310699129435523e-05 1.0761846969673844e-09 0.0 0.0 0.0 0.0003731306642293931 0.9999999403953554
1638453107386268139 2.5310699129435523e-05 1.5774762607821167e-09 0.0 0.0 0.0 0.00021792575716972356 1.0000000000000002
1638453107486268044 5.0621380069018645e-05 1.6639068789513305e-08 0.0 0.0 0.0 0.00030335783958435064 0.9999999403953554
1638453107654268026 2.531069731044612e-05 1.5686597576989635e-09 0.0 0.0 0.0 0.00024717859923839575 0.9999999403953554
1638453107755268097 5.062138734497626e-05 1.7104715422365012e-09 0.0 0.0 0.0 0.00016127713024616244 1.0000000000000002
1638453107888267994 2.531070276741433e-05 -9.295158420687038e-09 0.0 0.0 0.0 0.00029471889138221746 0.9999999403953554
1638453107992268085 2.531070276741433e-05 -1.02901491771403e-08 0.0 0.0 0.0 0.00011290237307548526 1.0000000000000002
163845310891268063 2.5310704586403734e-05 -1.3663926878794339e-08 0.0 0.0 0.0 0.00024540908634662634 0.9999999403953554
1638453108192268133 2.5579783083373732e-11 -3.155166439222777e-08 0.0 0.0 0.0 0.0003031454980373383 0.9999999403953554
1638453108291268110 2.531070822438254e-05 -1.870427546174633e-08 0.0 0.0 0.0 0.00020444206893444067 1.0000000000000002
1638453108392268181 2.531070822438254e-05 -1.8054997497020306e-08 0.0 0.0 0.0 0.0002919901162385941 0.9999999403953554
1638453108493127823 2.531070822438254e-05 -1.8268940138400833e-08 0.0 0.0 0.0 0.0003013052046298981 0.9999999403953554
1638453108592128038 2.441750621140494e-11 -2.9944967394558635e-08 0.0 0.0 0.0 0.000271923840045929 0.9999999403953554
1638453108693127871 2.531070822438254e-05 -1.7645920280474823e-08 0.0 0.0 0.0 0.0003205761313438416 0.9999999403953554
1638453108792127848 2.5400150732712858e-11 -3.276465321272591e-08 0.0 0.0 0.0 0.0002767499536275864 0.9999999403953554
1638453108892127991 2.5310700948424927e-05 -8.16971823519716e-09 0.0 0.0 0.0 0.0002939999103546143 0.9999999403953554
1638453108995127916 5.062138370699745e-05 9.682660007169587e-09 0.0 0.0 0.0 0.00032106600701808935 0.9999999403953554
163845310994127893 5.062138370699745e-05 8.777008453418701e-09 0.0 0.0 0.0 0.00030354969203472143 0.9999999403953554
1638453109196127892 2.5310700948424927e-05 -3.774452750294947e-09 0.0 0.0 0.0 0.00027715414762496954 0.9999999403953554
1638453109297127962 2.531070276741433e-05 -8.269806173134747e-09 0.0 0.0 0.0 0.00014254078269004824 1.0000000000000002
1638453109466127872 2.5310699129435523e-05 -1.0959207985008182e-09 0.0 0.0 0.0 0.0002683009952306748 0.9999999403953554
1638453109566128016 2.5310700948424927e-05 -6.6984702228891356e-09 0.0 0.0 0.0 0.00026306323707103735 0.9999999403953554
1638453109668128014 5.062138370699745e-05 5.294890748129643e-09 0.0 0.0 0.0 0.0001612920314073563 1.0000000000000002
1638453109768127918 1.909590020832131e-11 -2.235644380727118e-08 0.0 0.0 0.0 0.0004092622548341752 0.9999999403953554
1638453109902127981 0.00020248549117236902 7.129557388912839e-08 0.0 0.0 0.0 9.744614362716678e-05 1.0000000000000002
16384531101127958 0.001037738169543404 2.6788358198413897e-08 0.0 0.0 0.0 -7.262080907821657e-05 1.0000000000000002
1638453110100127935 0.0019995442125945876 -5.6797059499959163e-08 0.0 0.0 0.0 -7.480382919311525e-05 1.0000000000000002
1638453110199127913 0.00132159609845364 -0.0014579150047503093 0.0 0.0 0.0 -0.00015644436055071374 0.9999999934254266
1638453110298127890 0.0024099557051678938 -0.0014581623195189014 0.0 0.0 0.0 -0.00010624793648688975 0.9999999959363586
1638453110399127960 0.0040298395341132245 -0.001458083606574672 0.0 0.0 0.0 8.279937005263864e-05 1.0000000053929077
1638453110499127865 0.006004072985608299 -0.0014579290599039069 0.0 0.0 0.0 5.7733754310797415e-05 1.0000000041390722
1638453110600127935 0.008079549631512811 -0.0014572933372103763 0.0 0.0 0.0 0.00010265702996374582 1.00000000638623
1638453110732127905 0.010990278213150986 -0.0014572861094705191 0.0 0.0 0.0 7.632325149465367e-06 1.0000000016328918
1638453110866127968 0.014862813270766363 -0.0014588178393852562 0.0 0.0 0.0 -0.00019983095395746913 0.9999999912551367
1638453110965127945 0.017773542691872177 -0.001459728754678761 0.0 0.0 0.0 2.9926324912718527e-05 1.0000000027480853
1638453111109650135 0.02273443914001657 -0.0014599684782330878 0.0 0.0 0.0 -0.00010461998462849863 0.9999999960177922
1638453111209650040 0.026733528775855706 -0.001462031036659895 0.0 0.0 0.0 -0.00021177609728454262 0.9999999906576152
1638453111309650183 0.030681995504144757 -0.001463468181343799 0.0 0.0 0.0 -0.00011144657909188929 0.9999999956763115
1638453111408650160 0.03511136553430533 -0.0014650362583909378 0.0 0.0 0.0 -0.00015680757635435933 0.9999999934072578
1638453111509649992 0.04019881163477975 -0.001468498427516628 0.0 0.0 0.0 -0.00031908866915137497 0.999999925684967
1638453111608649969 0.04510908680181786 -0.001470473705791011 0.0 0.0 0.0 -0.00014617000992041008 0.9999999939393714
1638453111710649967 0.05022184640989976 -0.001472337554823546 0.0 0.0 0.0 -0.0002297524855972802 0.999999989758398
1638453111811650038 0.05528398669585252 -0.0014749740649777122 0.0 0.0 0.0 -0.00022490774557019176 0.9999999900007422
1638453111911650181 0.06032081012672033 -0.0014754324382198444 0.0 0.0 0.0 2.7877415251127867e-05 1.0000000026455944
163845311210650158 0.06576259852689052 -0.0014775420719305957 0.0 0.0 0.0 -0.0002734054372600424 0.9999999875747844
1638453112113650084 0.0717359225784305 -0.0014791213973131914 0.0 0.0 0.0 6.568754770585132e-06 1.00000000157969
1638453112212650061 0.07763331024595196 -0.001481362376466554 0.0 0.0 0.0 -0.0004315011664119724 0.9999999200618545
1638453112314650059 0.08363194355943801 -0.0014865447906516574 0.0 0.0 0.0 -0.0002335392431809291 0.9999999895689763
1638453112414649963 0.09011148224003243 -0.001489833116179099 0.0 0.0 0.0 -0.0003752287938789587 0.9999999228767184
1638453112514650106 0.09697068007151595 -0.0014939859422918363 0.0 0.0 0.0 -0.00024027270538697472 0.9999999892321542
1638453112614650011 0.10390580677017411 -0.0014981394543111654 0.0 0.0 0.0 -0.00038578067863615054 0.9999999223488906
1638453112681010723 0.10850097241224366 -0.0015007545890116825 0.0 0.0 0.0 -0.00025126604094339813 0.999999988682263
1638453112764650106 0.11461222344262696 -0.0015045734144809894 0.0 0.0 0.0 -0.0004045058502979422 0.9999999214122176
1638453112850650072 0.12116768335519675 -0.0015097077953672654 0.0 0.0 0.0 -0.00015370254689447605 0.999999993562578
1638453112949650049 0.12901398619611787 -0.0015145307948238266 0.0 0.0 0.0 -0.00071382222417538 0.9999997271256191
163845311348650026 0.1368602958134464 -0.001526092543189729 0.0 0.0 0.0 -0.000871014509241851 0.9999996000532365
1638453113148650169 0.13971680061939817 0.0012224074114469553 0.0 0.0 0.0 2.8153373261402418e-05 0.9999999907225299
1638453113249650002 0.13580502047367488 0.00796917652139055 0.0 0.0 0.0 0.002745820364254357 0.9999962424546172
1638453113348649979 0.14458770235401314 0.008016334128678294 0.0 0.0 0.0 0.002783229468521467 0.9999961027374379
1638453113448650122 0.15349693133130488 0.00806509764100545 0.0 0.0 0.0 0.00277719459853586 0.9999961252767375
1638453113542747974 0.16250741464372198 0.008112117922781202 0.0 0.0 0.0 0.002317262440373581 0.9999973066061862
1638453113642748117 0.1713660528386624 0.008154887158669105 0.0 0.0 0.0 0.002550725635327286 0.9999967326828089
1638453113741748095 0.1803006053603864 0.008198889038361277 0.0 0.0 0.0 0.0025666085223535447 0.9999967329677595
1638453113844748020 0.1895135920411481 0.008245127550230073 0.0 0.0 0.0 0.0025008945309985308 0.9999968591891637
1638453113943747997 0.19849878067682614 0.00828905505035369 0.0 0.0 0.0 0.0023298892237746333 0.9999972594471164
163845311480748081 0.21176144942294073 0.008349295424686737 0.0 0.0 0.0 0.0023071967761901777 0.9999973441998746
1638453114212748051 0.22497348814445273 0.008410789893440709 0.0 0.0 0.0 0.0023989242882678794 0.9999971208220212
1638453114311748028 0.23489516631105622 0.008456721708478119 0.0 0.0 0.0 0.0023678014613369956 0.999997177455873
1638453114416748047 0.2453990041014234 0.008502691213839278 0.0 0.0 0.0 0.002211552148683591 0.9999975822075441
1638453114557748079 0.2595728691575042 0.008559653320841885 0.0 0.0 0.0 0.0020731541964372395 0.9999978606821034
1638453114656748056 0.2697983056500377 0.00859898698174606 0.0 0.0 0.0 0.0018531891679241478 0.99999826498181
1638453114795747995 0.28478209530467957 0.008664719905154562 0.0 0.0 0.0 0.0024981788133117432 0.9999968693319463
1638453114894747972 0.295614967630392 0.008717635951993773 0.0 0.0 0.0 0.0023661902845200744 0.9999971834733675
1638453114986483812 0.30564262640544493 0.008770874924693644 0.0 0.0 0.0 0.0026024076746031413 0.9999966023754496
163845311597748041 0.3176602806567218 0.008836052292005634 0.0 0.0 0.0 0.00260843579010012 0.9999965767494275
1638453115200747967 0.3288727416849373 0.00889883127832801 0.0 0.0 0.0 0.00279667789531684 0.9999961121147184
1638453115299747944 0.33965488760479834 0.008963909308795752 0.0 0.0 0.0 0.0032118763637373183 0.9999948594383933
1638453115401747942 0.3507407436409099 0.009030838048228872 0.0 0.0 0.0 0.0030769338647478597 0.9999952442174938
1638453115503747940 0.3618013508176932 0.009094525048717017 0.0 0.0 0.0 0.002910864919761206 0.999995745249023
1638453115604748011 0.37276067047718175 0.009156417813729622 0.0 0.0 0.0 0.0027927589172557967 0.9999961267514912
1638453115705748081 0.3837706302971793 0.00922168430004391 0.0 0.0 0.0 0.002898025796294108 0.99999579320115
1638453115804748058 0.39457810003037624 0.009287949434128372 0.0 0.0 0.0 0.002985705644286585 0.9999955253356311
1638453115904747963 0.4056893001303479 0.009357344111805086 0.0 0.0 0.0 0.0033192219402642825 0.9999945181244405
16384531168080006 0.4168004447885675 0.009430171093287842 0.0 0.0 0.0 0.0033558692279786516 0.9999943812525274
1638453116141079903 0.43150554588656576 0.009535703880464083 0.0 0.0 0.0 0.003912965965446482 0.9999923601880211
1638453116242079973 0.4184904892949079 -0.030826688358270966 0.0 0.0 0.0 0.007143600951236626 0.9999745002997356
1638453116343080044 0.42957544714362783 -0.030669172280658914 0.0 0.0 0.0 0.00720992958414892 0.99997397877468
1638453116444079876 0.44053382120337437 -0.030509441132669915 0.0 0.0 0.0 0.00738477370715333 0.9999727611434267
1638453116543079853 0.4512896445337689 -0.030347965035133692 0.0 0.0 0.0 0.007395734692970897 0.9999726252039794
1638453116642079830 0.4620454513141213 -0.030183160938709916 0.0 0.0 0.0 0.0077271122776933505 0.999970138640405
1638453116742079973 0.4728770723292645 -0.030011203108356997 0.0 0.0 0.0 0.008121507708581 0.9999670343962315
1638453116842079878 0.48383515278841044 -0.029832533206885108 0.0 0.0 0.0 0.008449571224090421 0.9999642728817025
1638453116942080021 0.4947172198848982 -0.02964886079949917 0.0 0.0 0.0 0.008641217415904472 0.999962640208779
163845311743079853 0.5056245878678263 -0.0294670597277528 0.0 0.0 0.0 0.008224979778859425 0.9999661945946231
1638453117143079996 0.5165826969653418 -0.029290445870669982 0.0 0.0 0.0 0.007589185716516849 0.9999712183863948
1638453117244080067 0.5275662547499094 -0.029126314449628522 0.0 0.0 0.0 0.007153159814349394 0.9999744337308955
1638453117345079899 0.5384487704110061 -0.028970566364386434 0.0 0.0 0.0 0.00706325025056989 0.9999750598697267
1638453117444079876 0.5492047179817928 -0.028818009900286167 0.0 0.0 0.0 0.007294884631973638 0.9999733871395733
1638453117547080040 0.5603909182033453 -0.0286600676106106 0.0 0.0 0.0 0.007108403399357832 0.999974745418865
1638453117647079945 0.571324058803861 -0.028505445767939723 0.0 0.0 0.0 0.007351155640060121 0.9999729952628724
1638453117750079870 0.5826620333100468 -0.028335105296881706 0.0 0.0 0.0 0.007506799667357341 0.9999718517368383
1638453117849079847 0.5935697755631917 -0.02817161507230352 0.0 0.0 0.0 0.007308440634649929 0.9999732927342697
1638453117951079845 0.6048064302818421 -0.028002562400714758 0.0 0.0 0.0 0.007384458927756203 0.9999727633355806
163845311850080061 0.6156382320577453 -0.02784358199009577 0.0 0.0 0.0 0.00722324344882742 0.9999738860556485
1638453118149080038 0.6265713583406973 -0.027687932241634378 0.0 0.0 0.0 0.007202202071901845 0.999974092195907
1638453118248080015 0.6374033045369553 -0.027535040619519415 0.0 0.0 0.0 0.007151049488568652 0.9999744484274067
1638453118354079962 0.6490450662318532 -0.027369873969940575 0.0 0.0 0.0 0.007103240272204949 0.999974781375378
1638453118507507086 0.667013687351745 -0.027105384324399958 0.0 0.0 0.0 0.007497879676038743 0.999971913856514
1638453118640506983 0.6814898827610272 -0.026894401170451134 0.0 0.0 0.0 0.0071385682060825534 0.9999745353482559
1638453118739507198 0.6922205170411263 -0.026743362460272046 0.0 0.0 0.0 0.007059931097400179 0.9999750829846279
1638453118841507196 0.703330817808192 -0.02658859551343462 0.0 0.0 0.0 0.007054220365852295 0.9999751227547105
1638453118941507101 0.714263997957724 -0.02643681302697444 0.0 0.0 0.0 0.006950741761196618 0.9999758433896446
163845311943507099 0.7251972121914235 -0.02628747755694045 0.0 0.0 0.0 0.0065135235531248925 0.9999787690070274
1638453119142507076 0.736003949375093 -0.026147869794355624 0.0 0.0 0.0 0.006108514514600673 0.9999813511044819
1638453119307507038 0.7626038940983475 -0.00693639953713175 0.0 0.0 0.0 -0.0036875522595939698 0.9999931793214021
1638453119407507181 0.7734618436210037 -0.007017777774386795 0.0 0.0 0.0 -0.0037366010967159417 0.9999930278745807
1638453119540507078 0.7879897484654383 -0.007127782983050852 0.0 0.0 0.0 -0.0037098834731402546 0.9999931375070585
1638453119640506983 0.7989236148907619 -0.007214487681865759 0.0 0.0 0.0 -0.004099732042037204 0.9999915730640294
1638453119740507126 0.8100345896318331 -0.0073113209124263355 0.0 0.0 0.0 -0.004640657786375078 0.9999892488967715
1638453119841507196 0.8211708189590656 -0.007412950069135936 0.0 0.0 0.0 -0.004717345798760595 0.9999888668824035
16384531206507158 0.8392420578178315 -0.0075569639668064525 0.0 0.0 0.0 -0.003368313674592975 0.9999943135261897
1638453120106507063 0.8502266290134916 -0.007632862872901189 0.0 0.0 0.0 -0.003444627635589388 0.9999940514217172
1638453120206506968 0.8611606218755967 -0.007701721684066127 0.0 0.0 0.0 -0.0031301273835187384 0.9999951171494084
1638453120306507111 0.8719934326235353 -0.0077632953618502094 0.0 0.0 0.0 -0.0028122367835897964 0.9999960700158977
1638453120406507015 0.8829274725421711 -0.00781958879874233 0.0 0.0 0.0 -0.0023104063443179124 0.9999973076979541
1638453120541507006 0.8975823002143294 -0.007875530518327376 0.0 0.0 0.0 -0.0019064833617954717 0.9999981832377935
1638453120639507055 0.9082633159161797 -0.007916101499587581 0.0 0.0 0.0 -0.0017741184415986566 0.9999984310860456
1638453120740507126 0.9192481443685947 -0.00795513819894409 0.0 0.0 0.0 -0.0017645053468357595 0.999998449086198
1638453120843507051 0.9304353958862996 -0.007993034096229147 0.0 0.0 0.0 -0.001510301184120923 0.999998865469024
1638453120943507195 0.9412683142744205 -0.008025864916190964 0.0 0.0 0.0 -0.0015533598765514393 0.9999987848432687
163845312153102016 0.9521772233001492 -0.008060249135767202 0.0 0.0 0.0 -0.0018381970476891796 0.9999983111013058
1638453121154102087 0.9631366638248374 -0.008098263387985857 0.0 0.0 0.0 -0.0017649374797528282 0.9999984482770456
1638453121287101984 0.9776649796984651 -0.00814626113814516 0.0 0.0 0.0 -0.001705142949995315 0.9999985602400163
1638453121386102200 0.9884219032811532 -0.008178651481165127 0.0 0.0 0.0 -0.0014446503966731514 0.999998928792864
1638453121487102032 0.9994825854684601 -0.008208049809458497 0.0 0.0 0.0 -0.0012500713215119505 0.9999992335299932
1638453121586102009 1.0103915139547919 -0.00823723751833826 0.0 0.0 0.0 -0.0012312455999911984 0.9999992687804369
1638453121687102079 1.0215028592760393 -0.008266948104844659 0.0 0.0 0.0 -0.0012717114949193017 0.9999991930095959
1638453121786102057 1.0324116643128505 -0.008297267847605809 0.0 0.0 0.0 -0.0013092046134006731 0.9999991228051651
1638453121887102127 1.0433965546299997 -0.008319784979388461 0.0 0.0 0.0 -0.0010602696995685524 0.9999994101120254
163845312219102097 1.057975609663315 -0.00834779404421931 0.0 0.0 0.0 -0.0010176617664739442 0.9999994898937511
1638453122153102160 1.0725799531149798 -0.00837156492032892 0.0 0.0 0.0 -0.0005720985413945408 0.9999998473558598
1638453122253102064 1.087306974465917 -0.018541886053516633 0.0 0.0 0.0 0.0011435191713350375 0.9999993570169282
1638453122354102135 1.098266374907203 -0.01851035704665993 0.0 0.0 0.0 0.0014550666858499579 0.9999989430414408
1638453122453102112 1.109073905394386 -0.01847215430445366 0.0 0.0 0.0 0.0018208487577354244 0.9999983611950506
1638453122554102182 1.12005870200011 -0.01842926671586895 0.0 0.0 0.0 0.002146429255794633 0.9999977116324476
1638453122689102173 1.134713482858716 -0.01836961284191285 0.0 0.0 0.0 0.0018706316976786772 0.9999982520305803
1638453122788102150 1.1454957407463557 -0.018331975342064183 0.0 0.0 0.0 0.0018196063734461775 0.9999983609443718
1638453122889101982 1.1564805339989688 -0.018297396896398307 0.0 0.0 0.0 0.0015561728448016314 0.9999987846279321
1638453122990102053 1.167490717295881 -0.018266625815612895 0.0 0.0 0.0 0.0014181733785188933 0.9999989952020366
163845312391102123 1.1783490280280797 -0.01823565019838509 0.0 0.0 0.0 0.0014867037250922111 0.9999988898202752
1638453123190102100 1.1891819472345138 -0.018204538344047883 0.0 0.0 0.0 0.0011714717821317904 0.9999993030523467
1638453123291102171 1.2001668571012984 -0.018176390728342384 0.0 0.0 0.0 0.0011636803376311603 0.9999993014802485
1638453123458101988 1.2184410678972895 -0.01812369188164863 0.0 0.0 0.0 0.0015435795012040316 0.9999987820869434
1638453123594912052 1.2333995850584438 -0.01808632044092585 0.0 0.0 0.0 0.0010888412120658192 0.9999994055890727
1638453123698911905 1.244814599521605 -0.01806450506829151 0.0 0.0 0.0 0.001031890825760797 0.9999994537027043
1638453123799911976 1.255925988486147 -0.01804123610538479 0.0 0.0 0.0 0.0009682126697024544 0.9999995600635038
1638453123898911953 1.2668349596231672 -0.018019050993570172 0.0 0.0 0.0 0.001001691864959798 0.9999995072140344
1638453123997911930 1.2776426034384554 -0.01799542208504048 0.0 0.0 0.0 0.001020983175988937 0.999999451501842
163845312498912001 1.2886273914847994 -0.017973744980739836 0.0 0.0 0.0 0.0009726811673510691 0.9999995013604772
1638453124197911978 1.2993590966958364 -0.017955767550766215 0.0 0.0 0.0 0.0009192418670808752 0.9999995501825489
1638453124287508488 1.309043445465408 -0.01794262224248916 0.0 0.0 0.0 0.0006839772986521324 0.9999997477132253
1638453124399911880 1.3212781228366282 -0.017925321480356873 0.0 0.0 0.0 0.0006683678412556776 0.9999997975863321
1638453124498911858 1.332111035191297 -0.017911188573770945 0.0 0.0 0.0 0.0006760289005985158 0.9999997991321221
1638453124589656591 1.342000567684192 -0.017896832131936418 0.0 0.0 0.0 0.00057959578392088 0.9999998452507854
1638453124696912050 1.353625104647305 -0.017887421334011763 0.0 0.0 0.0 0.0002662619164753436 0.9999999548710504
1638453124797911882 1.364534068461929 -0.017883381412181064 0.0 0.0 0.0 0.0002655149957857064 0.9999999547203425
1638453124896911860 1.3753417032961937 -0.017882007837646378 0.0 0.0 0.0 0.00010646933474312323 0.9999999822339685
1638453124996912003 1.3862000011598896 -0.017882920882856847 0.0 0.0 0.0 -0.00018593615743810058 0.9999999828392652
163845312597911835 1.3971848970567344 -0.01788939133479084 0.0 0.0 0.0 -0.0004812343134240559 0.9999998636516103
1638453125197911978 1.4081191278784455 -0.017898644499950198 0.0 0.0 0.0 -0.0004988642494026512 0.9999998600943764
1638453125296911955 1.4189268768558234 -0.017909825136174427 0.0 0.0 0.0 -0.0005881054393308579 0.99999984208797
1638453125398911953 1.4300889150578533 -0.017923019778097373 0.0 0.0 0.0 -0.000519556373944248 0.9999998559192773
1638453125498911858 1.4385797517798355 -0.021593349527731256 0.0 0.0 0.0 0.0037707861251845354 0.9999928856131438
1638453125598912001 1.4495896498296081 -0.021515041584585014 0.0 0.0 0.0 0.0036362835722383025 0.9999933776628276
1638453125698911905 1.4605488997911324 -0.0214388748460737 0.0 0.0 0.0 0.003298720389403555 0.9999945833442346
1638453125865911961 1.47884826462431 -0.021323103395336895 0.0 0.0 0.0 0.00321613096741454 0.9999948028699184
1638453125964911938 1.4896810899960178 -0.021254339015916043 0.0 0.0 0.0 0.003328278456667038 0.9999944621134459
1638453126100863934 1.504158673115748 -0.021162545648809997 0.0 0.0 0.0 0.0032206776459821978 0.9999947842219661
1638453126198863983 1.5148396397309465 -0.021096096027073352 0.0 0.0 0.0 0.003115142677649795 0.9999951574626934
1638453126298863888 1.525723164672069 -0.021031466316475303 0.0 0.0 0.0 0.002827322348120012 0.9999959803110825
1638453126397863865 1.5365559724215592 -0.02097508652009071 0.0 0.0 0.0 0.0023972652983669093 0.9999971481149794
1638453126500864029 1.5477937410472937 -0.02091788937444639 0.0 0.0 0.0 0.002465244196485212 0.9999969885135565
1638453126666863918 1.5657388056619024 -0.020831392040776324 0.0 0.0 0.0 0.0022427703690537787 0.9999974837417119
1638453126765863895 1.576470362916825 -0.0207848635642931 0.0 0.0 0.0 0.002005181291734515 0.9999979813590881
1638453126897863865 1.5908973343530746 -0.020728715050231113 0.0 0.0 0.0 0.0018197403800956189 0.9999983246987746
1638453126997864008 1.601780829808682 -0.020689556553787788 0.0 0.0 0.0 0.0018987815627613948 0.9999981793311455
163845312797863913 1.6126137644650957 -0.02064864749847817 0.0 0.0 0.0 0.0017542349375162108 0.9999984741554555
1638453127197864056 1.6235984780830734 -0.020610229027504697 0.0 0.0 0.0 0.0017005145845035343 0.9999985752762393
1638453127298863888 1.6346339872388742 -0.020573111528752974 0.0 0.0 0.0 0.0016421821164281812 0.9999986357082135
1638453127398864031 1.6457453472464545 -0.020539796627542087 0.0 0.0 0.0 0.0015996782853325924 0.9999986908250489
1638453127497864008 1.6566794615280522 -0.020509462516313647 0.0 0.0 0.0 0.0014270599478823811 0.9999989815736517
1638453127597863913 1.6676642513099753 -0.020480328902611533 0.0 0.0 0.0 0.0010643976407804573 0.9999994557256923
1638453127685731173 1.6772616774983333 -0.020459502271678115 0.0 0.0 0.0 0.0009610060955025168 0.9999995448435027
1638453127797863960 1.6896085478779466 -0.020435402734099165 0.0 0.0 0.0 0.0009197296768869013 0.9999995722322279
1638453127897863865 1.7004668025282212 -0.02041472858525447 0.0 0.0 0.0 0.0010327829744703459 0.9999994661812167
1638453127999863863 1.711451654625752 -0.020393191630624773 0.0 0.0 0.0 0.0010647105625335774 0.9999994544422609
163845312899864006 1.7224110767084295 -0.02036707320955171 0.0 0.0 0.0 0.0016284657129164107 0.9999986919652888
1638453128198863983 1.7331426740375393 -0.020325430024998366 0.0 0.0 0.0 0.0020144702249655306 0.999997943261039
1638453128298863888 1.7441274725541238 -0.020282828380035617 0.0 0.0 0.0 0.0018515655235372928 0.9999983133799898
1638453128397863865 1.75485905204426 -0.020239010514020793 0.0 0.0 0.0 0.0019681743247059623 0.9999980735359838
1638453128484016180 1.7672178498001005 -0.0281264110404736 0.0 0.0 0.0 -0.007118434277579568 0.9999746382751012
1638453128585016012 1.7781763201274317 -0.02828290828680221 0.0 0.0 0.0 -0.007006296722801245 0.9999754608672586
1638453128685016155 1.7890841673650562 -0.02843522011815243 0.0 0.0 0.0 -0.006804260440729961 0.9999768709895271
1638453128820016146 1.80371220268552 -0.028638955211521953 0.0 0.0 0.0 -0.007026772076178919 0.9999752945973229
1638453128957015991 1.818542888223184 -0.02884428110018738 0.0 0.0 0.0 -0.006630689957215555 0.9999780136109127
163845312991016054 1.8332723760649818 -0.029036582825391927 0.0 0.0 0.0 -0.006596101416626938 0.9999782534022073
1638453129190016031 1.8442309976247389 -0.029178565149488758 0.0 0.0 0.0 -0.00640890586872273 0.9999794670021205
1638453129291016102 1.8553415134473226 -0.029319262842931924 0.0 0.0 0.0 -0.006004576282119169 0.9999819905583248
1638453129390016079 1.8662497237015232 -0.029448175261984753 0.0 0.0 0.0 -0.005632621395776096 0.9999841070396728
1638453129490015984 1.8771326349040847 -0.029568074884980977 0.0 0.0 0.0 -0.005415541120759269 0.9999853571104336
1638453129623016119 1.891837384584483 -0.029720415006626533 0.0 0.0 0.0 -0.0048784301550792485 0.999988095535469
1638453129756016016 1.906263754422771 -0.029862372940559094 0.0 0.0 0.0 -0.00479691818408451 0.9999885201646325
1638453129889016151 1.9206647670774366 -0.03000089744556164 0.0 0.0 0.0 -0.004709838531780952 0.9999889141926693
1638453129988016129 1.931497204267435 -0.030102303590146845 0.0 0.0 0.0 -0.004410954222771986 0.9999902923868014
163845313088016033 1.9422791577540326 -0.030197588399513253 0.0 0.0 0.0 -0.0042673791947286195 0.9999909211168815
1638453130189016104 1.9533648811364928 -0.030292091989865398 0.0 0.0 0.0 -0.004421599095360875 0.9999902369333105
1638453130288016081 1.9640456739285146 -0.03038224338155717 0.0 0.0 0.0 -0.004250032363533561 0.9999909518781597
1638453130420016050 1.9675636461752528 -0.030413269081883534 0.0 0.0 0.0 -0.004596093671545592 0.9999894471306701
1638453130554016113 1.9675636463535457 -0.030413251969760025 0.0 0.0 0.0 -0.004457767448104713 0.9999900485175822
1638453130720016003 1.967715512816018 -0.03041463554987455 0.0 0.0 0.0 -0.0057311539871938025 0.9999835937431427
1638453130854016066 1.9677914422746003 -0.03041568943013706 0.0 0.0 0.0 -0.012441352731595072 0.9999225899928325
1638453130953016043 1.9677914422746003 -0.03041568943013706 0.0 0.0 0.0 -0.01994611028538089 0.9998010603019676
163845313198613024 1.9679177379463455 -0.030422699034119385 0.0 0.0 0.0 -0.03405903919257219 0.9994197973319656
1638453131232613087 1.9678926077406342 -0.030420364894792107 0.0 0.0 0.0 -0.0536796464222051 0.9985582120935924
1638453131333613157 1.9679177229818683 -0.030424135288404007 0.0 0.0 0.0 -0.07171650771706196 0.9974250296305409
1638453131436613083 1.967967718614853 -0.03043133228045749 0.0 0.0 0.0 -0.09265418029878682 0.9956983243350104
1638453131533957958 1.9860661533730477 -0.03110433849878301 0.0 0.0 0.0 -0.1030660256001847 0.9946745411587817
1638453131667613029 1.9860434208367947 -0.03109572078786044 0.0 0.0 0.0 -0.1345159503924046 0.9909114349184097
1638453131735613108 1.9860918014077749 -0.031110429252794676 0.0 0.0 0.0 -0.15128358222281105 0.988490391949429
1638453131868613005 1.9860682982901996 -0.031101147183551545 0.0 0.0 0.0 -0.18248328529783855 0.9832089364165735
1638453131966613054 1.9860918013159452 -0.03111042296703805 0.0 0.0 0.0 -0.20563546564425214 0.9786286795922104
163845313268613052 1.9860458306979485 -0.031089300102086475 0.0 0.0 0.0 -0.22967418071327558 0.973267559447543
1638453132169613123 1.9861580399616456 -0.031147886907772083 0.0 0.0 0.0 -0.2532055438396966 0.9674125318238637
1638453132302613020 1.9861347578286512 -0.031137409739302922 0.0 0.0 0.0 -0.2842558742123163 0.9587484639379351
1638453132467612982 1.9861133362337284 -0.031123714454678018 0.0 0.0 0.0 -0.32273776990051395 0.9464884515452163
1638453132533612967 1.9861138084217145 -0.0311233927357702 0.0 0.0 0.0 -0.3379296741349246 0.9411713746148651
1638453132634613037 1.9860562176293692 -0.03107397910298041 0.0 0.0 0.0 -0.3616276128964968 0.9323226484292714
1638453132735613108 1.9754640719298926 -0.027979124789228926 0.0 0.0 0.0 -0.37549060423084785 0.9268262135430778
1638453132833613157 1.9754638426516067 -0.027979410714168984 0.0 0.0 0.0 -0.397726326135589 0.9175040789713259
1638453132934612989 1.9754136927205688 -0.02792248068327388 0.0 0.0 0.0 -0.42024629410219905 0.9074100963663521
163845313366613197 1.975413692675323 -0.02792247928702292 0.0 0.0 0.0 -0.4491041124522771 0.893479405862015
1638453133166613102 1.9753389382165358 -0.027820316133009212 0.0 0.0 0.0 -0.47071555682716965 0.8822850445033671
1638453133304613113 1.975300670857841 -0.027754648054905712 0.0 0.0 0.0 -0.4991177628639218 0.8665341588137372
1638453133403613091 1.975313895134595 -0.02777627211904797 0.0 0.0 0.0 -0.5199291280416233 0.8542094018756099
1638453133499480009 1.975303133315613 -0.027753344207792865 0.0 0.0 0.0 -0.540261343728339 0.8414972713480244
1638453133599479914 1.9753422982702904 -0.027846711461444226 0.0 0.0 0.0 -0.5598191509175774 0.8286148025082106
1638453133700479984 1.9753318880812487 -0.02782359266539007 0.0 0.0 0.0 -0.580897375324364 0.8139768144808486
1638453133865479946 1.9753552198375453 -0.027895800576465124 0.0 0.0 0.0 -0.6120466094308904 0.7908216698332363
1638453133999480009 1.9446781503079933 -0.03377409794186047 0.0 0.0 0.0 -0.6327413456260811 0.7743631950321381
163845313498479986 1.9446854294091456 -0.03382420491608136 0.0 0.0 0.0 -0.6508601815683026 0.7591976238216975
1638453134201479912 1.944683036295496 -0.03379900191398459 0.0 0.0 0.0 -0.6699493140452217 0.7424068419270027
1638453134339479923 1.944689025929384 -0.033874692109556265 0.0 0.0 0.0 -0.6937747357253155 0.7201920640290288
1638453134506479979 1.944688549021263 -0.03387470067224893 0.0 0.0 0.0 -0.7066436984005927 0.7075695765855003
1638453134609480143 1.9446885376256609 -0.0338493890260991 0.0 0.0 0.0 -0.7068005736871431 0.7074128629330088
1638453134708480120 1.9446885376256609 -0.033849389026099116 0.0 0.0 0.0 -0.7067522011645505 0.7074611903715257
1638453134841480017 1.9446885376256609 -0.0338493890260991 0.0 0.0 0.0 -0.7067520794287645 0.7074613069996005
1638453134941479921 1.9446885603769701 -0.03390001138793104 0.0 0.0 0.0 -0.7067405651815638 0.7074728050803917
163845313541480064 1.9446886625932975 -0.03412780817799553 0.0 0.0 0.0 -0.7071441814510123 0.7070693719755667
1638453135211480141 1.944685099148542 -0.03602610423479442 0.0 0.0 0.0 -0.7081978953258157 0.7060139921999883
1638453135312479973 1.94467912636726 -0.03787377305675507 0.0 0.0 0.0 -0.7082927002599914 0.7059188458263603
1638453135411479950 1.9446715454879888 -0.04012641316412878 0.0 0.0 0.0 -0.7082190977834268 0.705992745459528
1638453135513479948 1.9446638563168397 -0.04293588526153817 0.0 0.0 0.0 -0.7080492320971099 0.706163071821291
1638453135646480083 1.9446510812233044 -0.047441172210227284 0.0 0.0 0.0 -0.7082037450281833 0.7060080960975714
1638453135748480082 1.9446363623656038 -0.05187051311093725 0.0 0.0 0.0 -0.708346561108377 0.7058647933967552
1638453135848479986 1.9446190408168336 -0.05688199532257917 0.0 0.0 0.0 -0.7082958070763903 0.7059157526285222
1638453135949480057 1.9445992530042278 -0.06224782219346382 0.0 0.0 0.0 -0.7085202678565924 0.7056904952958096
163845313658202028 1.9445755041466686 -0.06809453762127382 0.0 0.0 0.0 -0.7085281287532849 0.7056825556482279
1638453136212202072 1.9445362868957128 -0.0772316142808177 0.0 0.0 0.0 -0.7088353375171361 0.7053739364851543
1638453136320202112 1.9445051619372806 -0.08366045569074083 0.0 0.0 0.0 -0.7088826182484379 0.7053264799264151
1638453136391201973 1.9444834190729503 -0.08786196950279171 0.0 0.0 0.0 -0.7090803997375861 0.7051276580065642
1638453136490201950 1.9444492989479802 -0.09373395165224768 0.0 0.0 0.0 -0.7091385898679419 0.7050691077345123
1638453136591202021 1.9444133371903956 -0.09975778256654509 0.0 0.0 0.0 -0.7093548373133715 0.7048515440239538
1638453136691201925 1.94437306789458 -0.10575628631739047 0.0 0.0 0.0 -0.7095050362856081 0.7047003510510987
1638453136793201923 1.9443322021419605 -0.11175479326970586 0.0 0.0 0.0 -0.7095871134455065 0.7046176902661144
1638453136959202051 1.9490596859932992 -0.12292012582784612 0.0 0.0 0.0 -0.7262073368579345 0.6874757601289099
163845313763201904 1.9486641399770104 -0.13007212785622438 0.0 0.0 0.0 -0.7263995060935571 0.6872726587005252
1638453137163202047 1.948282914916725 -0.13697142575192653 0.0 0.0 0.0 -0.7263666359170241 0.6873074350243711
1638453137262202024 1.9478763213613624 -0.14427490176630567 0.0 0.0 0.0 -0.7265363368019535 0.6871280557124309
1638453137396202087 1.9472937411169566 -0.15476266548587558 0.0 0.0 0.0 -0.7265478086908429 0.687115925808263
1638453137563201904 1.9465397942528617 -0.1684856740420407 0.0 0.0 0.0 -0.7261766063380244 0.6875082062459046
1638453137665201902 1.9460584359588764 -0.17738201903333656 0.0 0.0 0.0 -0.7258968812306167 0.6878035078371038
1638453137764202118 1.945580309299086 -0.18625319768452614 0.0 0.0 0.0 -0.7257117845792981 0.6879988420658103
1638453137865201950 1.9450964701807143 -0.1953268559117866 0.0 0.0 0.0 -0.7257221271136827 0.6879879072237798
1638453137965202093 1.9446009182775008 -0.20467867605090773 0.0 0.0 0.0 -0.725616085747175 0.6880997659161907
163845313865201998 1.9440810287305546 -0.2145107884518395 0.0 0.0 0.0 -0.7253557369147452 0.6883741549371852
1638453138165201902 1.943567827057081 -0.22431790167524757 0.0 0.0 0.0 -0.7252208072887223 0.6885163687399578
1638453138266201973 1.9430410332880756 -0.23435242778876333 0.0 0.0 0.0 -0.7256283899073254 0.6880867993589822
1638453138399202108 1.9423419612165609 -0.24754609267218497 0.0 0.0 0.0 -0.7256025333366255 0.6881140470573994
1638453138500201941 1.9418149291887552 -0.2575805877318565 0.0 0.0 0.0 -0.7254271844272351 0.6882989248445116
1638453138616036892 1.941132478308591 -0.2706737556693684 0.0 0.0 0.0 -0.7254006740856082 0.6883268895176143
1638453138750036955 1.9404396949004918 -0.2839184460515468 0.0 0.0 0.0 -0.7253955025836777 0.6883322675319705
1638453138849036932 1.9399268367267641 -0.2937509530074331 0.0 0.0 0.0 -0.725346702078707 0.6883837154342839
1638453138951036930 1.9393875235745504 -0.3040129274466655 0.0 0.0 0.0 -0.7252778701194019 0.6884562564415335
163845313951036835 1.9388707047105418 -0.31389592923761583 0.0 0.0 0.0 -0.7252691918145547 0.688465398768604
1638453139150036812 1.9383600970459136 -0.32375389954526534 0.0 0.0 0.0 -0.7251726011067315 0.6885671594285172
1638453139319036961 1.937495592176219 -0.3406646463114383 0.0 0.0 0.0 -0.7246984433599275 0.6890661644391954
1638453139452036858 1.9368248290850183 -0.35396116006581174 0.0 0.0 0.0 -0.724628659920483 0.6891395424124698
1638453139585036993 1.936158580978718 -0.3672832384710442 0.0 0.0 0.0 -0.7243881028726928 0.6893923621189821
1638453139685036898 1.9356704844282735 -0.3771676726020868 0.0 0.0 0.0 -0.7243119591288658 0.6894723729296817
1638453139786036968 1.9351817089783432 -0.3872040971078336 0.0 0.0 0.0 -0.7240815661151268 0.6897143774725186
1638453139885036945 1.9351541632440945 -0.3966397113074579 0.0 0.0 0.0 -0.7239040831308197 0.6899006492366979
1638453139985036850 1.9436037196822609 -0.39570348472273714 0.0 0.0 0.0 -0.7255284546865461 0.6881922189634303
163845314086036921 1.9430736524309913 -0.4057125073687055 0.0 0.0 0.0 -0.7254904656953854 0.6882322425215962
1638453140191036940 1.942529635274184 -0.41612629634955633 0.0 0.0 0.0 -0.725274622041168 0.6884596815984588
1638453140292037010 1.942010930760935 -0.4261865866914401 0.0 0.0 0.0 -0.725044435496717 0.688702100235681
1638453140392036915 1.94150127605331 -0.4361713030977919 0.0 0.0 0.0 -0.7247853260562747 0.6889747177081724
1638453140492036819 1.9410034435768924 -0.44597923128765543 0.0 0.0 0.0 -0.7246820260326332 0.6890834051903193
1638453140591036797 1.9405068084612547 -0.45586323257664646 0.0 0.0 0.0 -0.7246631795718168 0.6891032373459288
1638453140691036940 1.9400161251933663 -0.465671506941073 0.0 0.0 0.0 -0.7245661611603171 0.6892052147699403
1638453140793036938 1.9395132300133253 -0.4757579289950166 0.0 0.0 0.0 -0.7244434215621689 0.6893342740903128
1638453140896036863 1.939000066919731 -0.4860972758641594 0.0 0.0 0.0 -0.7242327302974465 0.6895556053193187
1638453140999036789 1.9384960291075912 -0.4963103826620381 0.0 0.0 0.0 -0.7242699493129073 0.6895164800409594
163845314197664118 1.9379973474570409 -0.5064477262373343 0.0 0.0 0.0 -0.7243553519875885 0.6894267850637401
1638453141197664022 1.937510758516437 -0.5163069208236198 0.0 0.0 0.0 -0.7243734874267082 0.6894077316555405
1638453141297663927 1.9370186567989949 -0.526267180600309 0.0 0.0 0.0 -0.7242586889244982 0.689528343312167
1638453141397664070 1.9365184264943807 -0.5364044178805373 0.0 0.0 0.0 -0.7242346268967678 0.6895536279991581
1638453141497663975 1.9360303323012156 -0.546314203407532 0.0 0.0 0.0 -0.7243584338396564 0.6894235495670693
1638453141663664103 1.9352196388527936 -0.5628728649219777 0.0 0.0 0.0 -0.7239725512381165 0.6898288246772107
1638453141801664114 1.9345614050169868 -0.5766008458977813 0.0 0.0 0.0 -0.7235612992246776 0.6902601068667751
1638453141900664091 1.9340929330032717 -0.5865369537233799 0.0 0.0 0.0 -0.7234507662028911 0.6903759268314236
163845314267663908 1.9333189502174535 -0.6032494469144245 0.0 0.0 0.0 -0.7230920222830991 0.690751728097753
1638453142201663971 1.9327085067188947 -0.6165742226335099 0.0 0.0 0.0 -0.7228697693623889 0.6909843281847633
1638453142300663948 1.9322676678939614 -0.6263595249519219 0.0 0.0 0.0 -0.7227752370902414 0.691083132964645
1638453142467664003 1.9315199315968243 -0.6429718644770857 0.0 0.0 0.0 -0.722832963999584 0.6910227955476221
1638453142567663908 1.931072268445908 -0.6528582474920265 0.0 0.0 0.0 -0.7228296450319912 0.691026270758843
1638453142700664043 1.9304813178969082 -0.6660571644007304 0.0 0.0 0.0 -0.7226481082558567 0.6912161501741201
1638453142868664026 1.9297349689496188 -0.6826187924834853 0.0 0.0 0.0 -0.7228908684206921 0.6909622187409273
1638453143663996 1.931339124182166 -0.6913375039743526 0.0 0.0 0.0 -0.7206297840715068 0.6933200532780558
1638453143169664145 1.9306817898779691 -0.7082069551762251 0.0 0.0 0.0 -0.7208860787522867 0.6930535711265858
1638453143289797068 1.930212859893062 -0.7201171107052096 0.0 0.0 0.0 -0.7209245484122185 0.6930135375661591
1638453143403664112 1.9297675597143396 -0.7314241733929725 0.0 0.0 0.0 -0.7209063110141561 0.693032558161146
1638453143502664089 1.9293740151134282 -0.741388811642697 0.0 0.0 0.0 -0.7208855432569501 0.6930541680234951
1638453143611984968 1.9289729973684344 -0.7514544565576053 0.0 0.0 0.0 -0.7210715009119543 0.6928606344487345
1638453143745985031 1.928445515097209 -0.764782713234926 0.0 0.0 0.0 -0.7207709931454996 0.693173261204879
1638453143845984936 1.928051490902531 -0.7748233462674146 0.0 0.0 0.0 -0.7208572181092487 0.6930835980960248
1638453143945985079 1.9276701070228275 -0.7847124440397458 0.0 0.0 0.0 -0.7206331165364037 0.6933166505211514
1638453144111984968 1.9270365396931688 -0.8013801483240065 0.0 0.0 0.0 -0.7202892276891943 0.6936738708390501
1638453144244985104 1.9265371900267727 -0.8146335708660561 0.0 0.0 0.0 -0.7203423076688956 0.6936187714566296
1638453144346985102 1.926158262057638 -0.8247254524550125 0.0 0.0 0.0 -0.7203375470588024 0.6936236665976757
1638453144447984934 1.9257811249778518 -0.8347413434226796 0.0 0.0 0.0 -0.7202951187999516 0.6936677222050367
1638453144548985004 1.9254016425408407 -0.8447825590488098 0.0 0.0 0.0 -0.7201000558326418 0.6938702109358594
1638453144714985132 1.9247906918635553 -0.8611977889567083 0.0 0.0 0.0 -0.7201215973143054 0.6938478845891453
1638453144848984957 1.9243059229605437 -0.8744770667128363 0.0 0.0 0.0 -0.7199136211519216 0.6940636260581132
1638453144949985027 1.9239398709647522 -0.8844934100942949 0.0 0.0 0.0 -0.7198642901124725 0.6941148451850176
1638453145115985155 1.9233242660088825 -0.9010604986312389 0.0 0.0 0.0 -0.7203210637371853 0.6936407993075997
1638453145249984980 1.922818793121387 -0.9144403238290729 0.0 0.0 0.0 -0.7204166909011397 0.693541465314951
1638453145448985100 1.9220636092485643 -0.9343455615792955 0.0 0.0 0.0 -0.7202594148863061 0.6937048529948704
1638453145548985004 1.9216887810901373 -0.9442349185763802 0.0 0.0 0.0 -0.7205371919170753 0.693416342614114
1638453145648985147 1.9213069148576574 -0.9542760074275032 0.0 0.0 0.0 -0.7204720320713272 0.6934839781557356
1638453145751985073 1.9209179273999841 -0.9645701562751573 0.0 0.0 0.0 -0.7203281450477554 0.6936334566906097
1638453145851984978 1.9205392017906782 -0.9745607100999367 0.0 0.0 0.0 -0.7202715541677643 0.6936921975319507
1638453145954985142 1.920313173267867 -0.982328083136749 0.0 0.0 0.0 -0.7204445129290765 0.6935125950449976
163845314658758020 1.9202461493540317 -0.9873071115942621 0.0 0.0 0.0 -0.7209090020350238 0.6930297483153894
1638453146209758043 1.9196611285228102 -1.0024062592110106 0.0 0.0 0.0 -0.7205542171712107 0.6933985881105127
1638453146356758118 1.9191042131571596 -1.0170253170692838 0.0 0.0 0.0 -0.720333285923382 0.6936280677107669
1638453146489758015 1.9186057342684577 -1.0302282252470472 0.0 0.0 0.0 -0.7201434405052559 0.693825157485571
1638453146589757919 1.9182290956530905 -1.0401428787162044 0.0 0.0 0.0 -0.7206678624524853 0.6932804422421918
1638453146688758135 1.9178461403259681 -1.0500572596291058 0.0 0.0 0.0 -0.7208174677598602 0.6931249461753718
1638453146789757967 1.9174583819827193 -1.0600221600642494 0.0 0.0 0.0 -0.7206628696914085 0.6932856413550375
1638453146889758110 1.9170714407352323 -1.0700123376531792 0.0 0.0 0.0 -0.720453707589324 0.6935030489743248
1638453146985459805 1.9167074952785639 -1.0794225534099733 0.0 0.0 0.0 -0.7207365229666135 0.6932090661734602
163845314789757919 1.916303437704694 -1.0897650315350433 0.0 0.0 0.0 -0.7210052316933034 0.6929295905654893
1638453147191758156 1.9158991078642744 -1.0999066323788311 0.0 0.0 0.0 -0.7212263995873593 0.6926994546723606
1638453147290758133 1.9154983279852447 -1.1097442642792406 0.0 0.0 0.0 -0.721378797606449 0.692540732397413
1638453147389758110 1.9150896463379854 -1.119632279745851 0.0 0.0 0.0 -0.7216999384815028 0.692206077485439
1638453147490757942 1.9146521436577753 -1.130000440709674 0.0 0.0 0.0 -0.7220163828461341 0.6918759652323924
1638453147584767342 1.9142209923577638 -1.140142691167599 0.0 0.0 0.0 -0.722025928709564 0.6918660273763612
1638453147691758156 1.913721279475975 -1.1518744492807447 0.0 0.0 0.0 -0.722050202749387 0.691840706986422
1638453147791758060 1.9132549390499047 -1.1627479091788084 0.0 0.0 0.0 -0.7221078568726954 0.6917805291157451
1638453147890758038 1.9127828239460611 -1.1736972752978578 0.0 0.0 0.0 -0.7220935324666826 0.6917954690341009
1638453147991758108 1.9123117823543323 -1.1846465280069136 0.0 0.0 0.0 -0.7220602475538804 0.6918301893908324
1638453148158757925 1.9115263966142502 -1.2030053125928728 0.0 0.0 0.0 -0.7220750473459171 0.6918147117442813
1638453148258758068 1.9110340732664393 -1.214561711286829 0.0 0.0 0.0 -0.7217451109436847 0.6921589868035171
1638453148392758131 1.9103726007011337 -1.2304178530537484 0.0 0.0 0.0 -0.7215791614436105 0.6923319316501249
1638453148492758036 1.9098720262262747 -1.242354013502075 0.0 0.0 0.0 -0.7219490998609726 0.6919461827359346
1638453148590212822 1.9093685075651974 -1.2542393741418298 0.0 0.0 0.0 -0.722008121021056 0.6918845706549975
1638453148690212965 1.9088626413998202 -1.266073818986328 0.0 0.0 0.0 -0.7218260644576412 0.6920744868018
1638453148789212942 1.9083611666241587 -1.2779339179324438 0.0 0.0 0.0 -0.7216787192871871 0.6922281886161398
1638453148956212997 1.9075175612505773 -1.2863106946061749 0.0 0.0 0.0 -0.7232304053238887 0.6906068085960918
163845314957212830 1.906958011419697 -1.2984216484905502 0.0 0.0 0.0 -0.7235082336646832 0.6903157640698129
1638453149169213057 1.9063220816775448 -1.3118466112010116 0.0 0.0 0.0 -0.7237311242976153 0.6900820673219212
1638453149269212961 1.9057575306887087 -1.3237039519805576 0.0 0.0 0.0 -0.7237675509339306 0.6900438760951869
1638453149335212946 1.9053799359801549 -1.3316172195661802 0.0 0.0 0.0 -0.7236483635805566 0.6901688654432051
1638453149502213001 1.9044408609869923 -1.351590757771453 0.0 0.0 0.0 -0.7234296848214176 0.6903980729413544
1638453149603212833 1.9038805859393395 -1.3636761933514594 0.0 0.0 0.0 -0.7231467540151381 0.6906943855727075
1638453149702213049 1.9033348981649643 -1.37561035768182 0.0 0.0 0.0 -0.72322565914845 0.6906117770798428
1638453149802212954 1.9027918196979816 -1.3875193912079833 0.0 0.0 0.0 -0.7230559242394535 0.6907895049478682
1638453149969213009 1.9018825594076743 -1.4075449352854934 0.0 0.0 0.0 -0.722744396371904 0.6911154502032797
1638453150101212978 1.9011702465569909 -1.4233227381855262 0.0 0.0 0.0 -0.7229089705456064 0.6909432887274133
1638453150200212955 1.9006290058175208 -1.435079790229832 0.0 0.0 0.0 -0.7232330158938308 0.6906041146726597
1638453150301213026 1.9000728433727943 -1.4470387765082893 0.0 0.0 0.0 -0.7232634505403601 0.6905722088225209
1638453150402212858 1.8995134855878282 -1.459048400154133 0.0 0.0 0.0 -0.7232963768155841 0.6905376691866927
1638453150570212841 1.8985902494680065 -1.478997164443408 0.0 0.0 0.0 -0.7233866134861187 0.6904432081245305
1638453150738212824 1.8976515452802236 -1.4989958601373772 0.0 0.0 0.0 -0.723633175925892 0.6901847884328269
1638453150838212967 1.8970827271779294 -1.5109037094733784 0.0 0.0 0.0 -0.7238543457800308 0.6899528279408934
1638453150939213037 1.8964977842681836 -1.5229880896741534 0.0 0.0 0.0 -0.7240780657995214 0.6897179949802331
163845315138213015 1.8959171460072783 -1.5348446903348485 0.0 0.0 0.0 -0.7243309741174981 0.6894524538541837
1638453151145624876 1.895333052950317 -1.5467010216325012 0.0 0.0 0.0 -0.7244125472900184 0.6893666743386598
1638453151247624874 1.894723977484096 -1.5589109565879244 0.0 0.0 0.0 -0.7246127727137239 0.6891562058969838
1638453151349624872 1.8941036514035225 -1.5712723118841432 0.0 0.0 0.0 -0.7246602930047675 0.6891062823764373
1638453151449625015 1.8934697822772142 -1.583987850124653 0.0 0.0 0.0 -0.7244250653043887 0.6893535647474126
1638453151551625013 1.8928369209104459 -1.5970834518389208 0.0 0.0 0.0 -0.7236922653698048 0.69012283246345
1638453151652624846 1.8922187506002575 -1.6102558397457043 0.0 0.0 0.0 -0.7234086235845186 0.6904201019617341
1638453151784624815 1.891430426508922 -1.6273730473695418 0.0 0.0 0.0 -0.7229320489804499 0.6909191644925524
1638453151884624958 1.8908471636188973 -1.6402683367068505 0.0 0.0 0.0 -0.7228196236662209 0.6910367921221015
1638453151983624935 1.8867584512234754 -1.6744393433549754 0.0 0.0 0.0 -0.7203361282412908 0.693625175249257
1638453152152624846 1.8859333546117607 -1.6961402264750192 0.0 0.0 0.0 -0.7202019290318776 0.6937644984988025
1638453152257624865 1.885424191913223 -1.7097985798654083 0.0 0.0 0.0 -0.72034655207638 0.693614380066476
1638453152358624935 1.8849313563394343 -1.7227229821598655 0.0 0.0 0.0 -0.7207263957267607 0.6932196112417236
1638453152459625006 1.8844148620970138 -1.7358744477464378 0.0 0.0 0.0 -0.7210911097436051 0.6928402302010247
1638453152559624910 1.8838963977806502 -1.7487978632238097 0.0 0.0 0.0 -0.7211888552361745 0.6927385410603626
1638453152658624887 1.8833762109969479 -1.7616704932739518 0.0 0.0 0.0 -0.7213514069039724 0.6925692779408118
1638453152757624865 1.8828467800517403 -1.7745934177322007 0.0 0.0 0.0 -0.7215105633044536 0.6924034144820282
1638453152890157938 1.8821349744775062 -1.7918050553073592 0.0 0.0 0.0 -0.7215443785267084 0.6923681731961915
1638453152992624998 1.881585888396086 -1.8051173778727467 0.0 0.0 0.0 -0.7214894774469801 0.6924253626295405
163845315391624975 1.881060608452473 -1.8179646097367321 0.0 0.0 0.0 -0.7211633615648765 0.6927650220118197
1638453153191624880 1.8805347418052902 -1.8309889859944062 0.0 0.0 0.0 -0.721000512028073 0.6929345237425948
1638453153293624878 1.8800105084620635 -1.8443174675161098 0.0 0.0 0.0 -0.720602858693888 0.6933480199450672
1638453153393625021 1.8795096416762516 -1.8573682213775327 0.0 0.0 0.0 -0.7203354730528037 0.6936258909287742
1638453153562624931 1.8786938220612959 -1.8789934185320258 0.0 0.0 0.0 -0.7203598349683294 0.693600543197573
1638453153690356970 1.8780255363489131 -1.896875631649267 0.0 0.0 0.0 -0.7199541399032396 0.6940216143911198
1638453153791357040 1.8775389949068446 -1.9100029364634816 0.0 0.0 0.0 -0.720010368984966 0.6939632846798617
1638453153892357111 1.8770559013430592 -1.9229529813745645 0.0 0.0 0.0 -0.7200954869282289 0.6938749551471148
1638453153994357109 1.8765612749961305 -1.9361559736958907 0.0 0.0 0.0 -0.7201602337300596 0.693807738834559
163845315495356941 1.8760623364149396 -1.9492827856411086 0.0 0.0 0.0 -0.7204245222040668 0.6935333865281886
1638453154195357084 1.8755649710460913 -1.9622070628684436 0.0 0.0 0.0 -0.7205359080622232 0.69341762186886
1638453154297357082 1.87505219314614 -1.9754345888511533 0.0 0.0 0.0 -0.7204660982966201 0.6934901462695102
1638453154398357153 1.8745531890485962 -1.988612064702069 0.0 0.0 0.0 -0.7202726322888798 0.6936910794505821
1638453154498357058 1.8740628777253778 -2.001612525851103 0.0 0.0 0.0 -0.7202928842981255 0.6936700855167335
1638453154600357056 1.87356154329103 -2.01484054346956 0.0 0.0 0.0 -0.7204385198505965 0.693518774336597
1638453154699357033 1.8730759254766742 -2.027714529526067 0.0 0.0 0.0 -0.7200481330017057 0.6939241000026793
1638453154799356937 1.8726012300948613 -2.0407153684971227 0.0 0.0 0.0 -0.7196946164469213 0.6942907780113555
1638453154899357080 1.8721340112859755 -2.0537422047834064 0.0 0.0 0.0 -0.7195665522368034 0.694423481177193
163845315533357143 1.864818853053016 -2.11218041839038 0.0 0.0 0.0 -0.7231105668598824 0.6907322981789008
1638453155134356976 1.8642193351802911 -2.1252269134692807 0.0 0.0 0.0 -0.7233304558695504 0.6905020428617129
1638453155235357046 1.863601285605031 -2.138399338574235 0.0 0.0 0.0 -0.7237614596770742 0.6900502821697523
1638453155368356943 1.8627873581885714 -2.155566009580199 0.0 0.0 0.0 -0.7236045749100499 0.6902147492847015
1638453155506356955 1.861943943555663 -2.173187528854519 0.0 0.0 0.0 -0.7240550759821535 0.6897421402404662
1638453155606357098 1.8613047468196902 -2.186232163384318 0.0 0.0 0.0 -0.7244090263082227 0.6893704299797808
1638453155708357096 1.8606455067612895 -2.199377199274907 0.0 0.0 0.0 -0.7248012021269803 0.6889581000803519
1638453155808357000 1.8599769611682322 -2.21244583590803 0.0 0.0 0.0 -0.725102518161417 0.6886409160023397
1638453155908357143 1.8593040836934944 -2.225463162597821 0.0 0.0 0.0 -0.7250956431972745 0.6886481655171007
16384531568357048 1.8586373080396847 -2.2383794599938494 0.0 0.0 0.0 -0.7251142531865997 0.6886285736877795
1638453156118227959 1.8579742855875565 -2.2511694287938395 0.0 0.0 0.0 -0.7253052124950544 0.6884274433872288
1638453156350228071 1.856395193775037 -2.281475696125299 0.0 0.0 0.0 -0.7251555032943738 0.6885851362029828
1638453156451227903 1.8557240991680481 -2.294493518999104 0.0 0.0 0.0 -0.7250708696140209 0.6886742877409164
1638453156550227880 1.8550536740090031 -2.3074605629883145 0.0 0.0 0.0 -0.7252329656063283 0.6885035338132546
1638453156653228045 1.8543612481161313 -2.3207306548174635 0.0 0.0 0.0 -0.7253611607018137 0.6883684884421174
1638453156753227949 1.8536861766510242 -2.333697410027488 0.0 0.0 0.0 -0.725284291198371 0.6884494915649566
1638453156857228041 1.8529928834988372 -2.3469925278796047 0.0 0.0 0.0 -0.725362227434216 0.6883673501579475
1638453156956228018 1.8523245323701703 -2.3597571650859077 0.0 0.0 0.0 -0.7254058481301997 0.688321396398055
163845315755227995 1.8516528107340633 -2.372546801190392 0.0 0.0 0.0 -0.7255205893787369 0.6882004908192256
1638453157155227900 1.8509686367122962 -2.3854624331954106 0.0 0.0 0.0 -0.7257850378904416 0.6879215348020221
1638453157255228043 1.850267792458854 -2.398453229258454 0.0 0.0 0.0 -0.7261475123881642 0.6875389301548755
1638453157390228033 1.84930492493502 -2.4158655409548597 0.0 0.0 0.0 -0.7265463147454999 0.6871175043154899
1638453157489228010 1.8485836133080293 -2.428753827661833 0.0 0.0 0.0 -0.7265166224661926 0.6871488984733334
1638453157584486246 1.847895837956825 -2.4411719528907594 0.0 0.0 0.0 -0.7261751293249455 0.6875097721420764
1638453157688227892 1.8471628420892905 -2.4545821392971936 0.0 0.0 0.0 -0.7259681128456895 0.6877283747510934
1638453157789227962 1.8464426066299053 -2.467800189917521 0.0 0.0 0.0 -0.725880872422479 0.6878204610821883
1638453157957227945 1.8544672872810368 -2.4685467580320384 0.0 0.0 0.0 -0.7234565968155312 0.6903699023374416
163845315857228088 1.8675556174394905 -2.4501976547955984 0.0 0.0 0.0 -0.720228550546395 0.6937368359920789
1638453158157227993 1.8670782029840665 -2.4631480028785817 0.0 0.0 0.0 -0.7199327171387931 0.6940438626731348
1638453158257227898 1.8666135828316515 -2.476073275876065 0.0 0.0 0.0 -0.7194510857950623 0.694543114860853
1638453158357228041 1.8661636704268139 -2.4890497619925664 0.0 0.0 0.0 -0.7192217038357155 0.6947806297165715
1638453158492228031 1.8655650248943831 -2.5064279543783514 0.0 0.0 0.0 -0.7190553095734786 0.6949527995267462
1638453158593228102 1.865117984180996 -2.5195565431257205 0.0 0.0 0.0 -0.7188739893347734 0.6951404426454254
1638453158718331099 1.8645399541230792 -2.536783511282793 0.0 0.0 0.0 -0.7189117220810239 0.6951014024153733
1638453158853331089 1.8639447327734824 -2.5542630211105184 0.0 0.0 0.0 -0.7192919751342535 0.6947079053576339
1638453158957330942 1.8634699003510637 -2.567795820498307 0.0 0.0 0.0 -0.7195565825317896 0.6944337900474493
163845315958331013 1.8630008312671846 -2.5807463802539323 0.0 0.0 0.0 -0.7198997605903923 0.6940780229699473
1638453159159331083 1.8625220061457548 -2.594000479687981 0.0 0.0 0.0 -0.7196625568691982 0.6943239891616353
1638453159258331060 1.8620617546906661 -2.606875432105092 0.0 0.0 0.0 -0.7196631538700501 0.6943233940711223
1638453159357331038 1.8616048800530804 -2.6197253396200213 0.0 0.0 0.0 -0.7194850573404286 0.6945078833056003
1638453159457330942 1.861149488626551 -2.6327776607945066 0.0 0.0 0.0 -0.7191822395959604 0.6948215149182475
1638453159590331078 1.8605647492497641 -2.650105740451888 0.0 0.0 0.0 -0.7186514142358253 0.6953705178190464
1638453159692331076 1.8601251055801007 -2.6633105998286797 0.0 0.0 0.0 -0.7187142821506972 0.6953055302098781
1638453159792330980 1.859701623111889 -2.67631346583466 0.0 0.0 0.0 -0.7183629863132623 0.6956684964498316
1638453159892331123 1.8592847307538691 -2.6892152207223985 0.0 0.0 0.0 -0.718336716843022 0.6956955745009222
1638453159994331121 1.8588628132591203 -2.7024460110448745 0.0 0.0 0.0 -0.7181764129446446 0.6958610783421831
163845316094331026 1.8584543801397246 -2.715271921322946 0.0 0.0 0.0 -0.7181197543162178 0.695919578987176
1638453160194330931 1.858045399106408 -2.728224434272831 0.0 0.0 0.0 -0.7181866222323149 0.6958505446670032
1638453160294331074 1.8576347063637417 -2.741126407710424 0.0 0.0 0.0 -0.7182369522696431 0.6957985903997198
1638453160394330978 1.8572207942226546 -2.7540281530464794 0.0 0.0 0.0 -0.7184761842654627 0.6955515545733799
1638453160493330956 1.8567960768798015 -2.7669804780118974 0.0 0.0 0.0 -0.7185034090325829 0.6955234647729005
1638453160694330931 1.8559574236819811 -2.7930875118010383 0.0 0.0 0.0 -0.7180571254882374 0.6959841497464345
1638453160795331001 1.855549092163114 -2.806242679502306 0.0 0.0 0.0 -0.7178781346035413 0.6961688163618628
1638453160895330906 1.8551576753081664 -2.819170578918708 0.0 0.0 0.0 -0.7176010514164707 0.696454415390675
1638453160995331049 1.8509203884279355 -2.8277691703419467 0.0 0.0 0.0 -0.7186860355316765 0.6953347301675117
163845316189504004 1.834221551650323 -2.8219837402441366 0.0 0.0 0.0 -0.7239996128749662 0.6898003970026889
1638453161188503981 1.8336016154473764 -2.8348266944937666 0.0 0.0 0.0 -0.7238321459757207 0.6899760772880549
1638453161288503885 1.8329758155170917 -2.8478719966538053 0.0 0.0 0.0 -0.7237428578797512 0.6900697453947934
1638453161389503956 1.8323531058130098 -2.860968140285038 0.0 0.0 0.0 -0.7235435393123365 0.690278712221538
1638453161489503860 1.8317434026196544 -2.8739128447697686 0.0 0.0 0.0 -0.7234829105699009 0.6903422794442993
1638453161591503859 1.831127001348952 -2.887059883310526 0.0 0.0 0.0 -0.7233771348685816 0.6904531319458006
1638453161691504002 1.8305215851401042 -2.900004897432083 0.0 0.0 0.0 -0.7234519465079808 0.6903747837297507
1638453161791503906 1.829916125367523 -2.912823293112468 0.0 0.0 0.0 -0.7236703519383709 0.6901458094145508
1638453161892503977 1.8292967754694276 -2.92576736051077 0.0 0.0 0.0 -0.7238411283781678 0.6899667040717872
1638453161993504047 1.8286597705391279 -2.9388627898668713 0.0 0.0 0.0 -0.724355580134457 0.6894265689083354
163845316295504045 1.8279934899451402 -2.9521847388770994 0.0 0.0 0.0 -0.7246409309220836 0.6891266433063434
1638453162190018415 1.8273715417034422 -2.9644344407808494 0.0 0.0 0.0 -0.7249109518422231 0.688842584103492
1638453162363503933 1.8262846718876218 -2.9855767648097893 0.0 0.0 0.0 -0.7249568295431271 0.6887943360877967
1638453162498503923 1.8262288827769249 -2.986689168232679 0.0 0.0 0.0 -0.7246070715688494 0.6891622115699326
1638453162598504066 1.8262276288370514 -2.986714423264277 0.0 0.0 0.0 -0.7245811311729392 0.6891895479731756
1638453162764503956 1.8262187320650791 -2.9868912065062627 0.0 0.0 0.0 -0.7253191104485204 0.6884127663138673
1638453162898504019 1.826214374281167 -2.986966961705068 0.0 0.0 0.0 -0.7299799005101251 0.6834686202810448
163845316336504030 1.8262165817639076 -2.98694172250705 0.0 0.0 0.0 -0.7388839447471497 0.673832712142366
1638453163137503862 1.8262169393424827 -2.9869417284446422 0.0 0.0 0.0 -0.7472228856349181 0.6645735008580832
1638453163273504019 1.8262271336180613 -2.98686630861223 0.0 0.0 0.0 -0.7608400667089467 0.6489394637065554
1638453163406503916 1.8262271296596664 -2.986866546997947 0.0 0.0 0.0 -0.7762791765115008 0.6303892430044208
1638453163572504044 1.8262336162101245 -2.9868420942081886 0.0 0.0 0.0 -0.7993304948559861 0.6008916430983282
1638453163704934120 1.826234092981558 -2.9868421021249785 0.0 0.0 0.0 -0.8176825085918181 0.575669423776296
1638453163840934038 1.8262353961862106 -2.986842600667585 0.0 0.0 0.0 -0.837698863547579 0.5461324658630593
1638453163939934015 1.8262159031036371 -2.986889251919789 0.0 0.0 0.0 -0.852965586816673 0.5219671158959592
163845316438933992 1.8283490698161897 -2.9937633069629155 0.0 0.0 0.0 -0.866287013303372 0.49954658619137415
1638453164240934134 1.8427113103770405 -3.044801362679669 0.0 0.0 0.0 -0.8805751370570528 0.4739065278523726
1638453164342934132 1.8426822950097246 -3.0448428730505683 0.0 0.0 0.0 -0.8937753849164268 0.44851489330268723
1638453164509934187 1.842682663779705 -3.044843093844166 0.0 0.0 0.0 -0.914401977468352 0.4048073935500848
1638453164609934092 1.8427188973492532 -3.0448076778743163 0.0 0.0 0.0 -0.9261145602010347 0.37724238643028074
1638453164742933989 1.8427212868528913 -3.044810187544533 0.0 0.0 0.0 -0.9396059892737342 0.34225810819663516
1638453164845934153 1.8427417989227783 -3.0447951082988354 0.0 0.0 0.0 -0.9494201788832548 0.3140084559060197
1638453164947934151 1.8427633560483407 -3.0447818879055113 0.0 0.0 0.0 -0.9581673035917387 0.28620875752376884
163845316587934017 1.8267833521585035 -3.0363947586296605 0.0 0.0 0.0 -0.968174610380085 0.2502756307316922
1638453165187934160 1.8267605833301999 -3.0364058518005113 0.0 0.0 0.0 -0.9750132129699631 0.2221469630421742
1638453165289934158 1.8268068113434248 -3.036385297637303 0.0 0.0 0.0 -0.9811685455810235 0.19315356408959303
1638453165390933990 1.8268545663082674 -3.0363684770846 0.0 0.0 0.0 -0.9865479726741255 0.1634718680344805
1638453165490934134 1.826878583223189 -3.0363604170469176 0.0 0.0 0.0 -0.9907664696440701 0.1355793631382111
1638453165656934023 1.8268787294615723 -3.0363608863004368 0.0 0.0 0.0 -0.9936049230739378 0.11291281808307216
1638453165758934021 1.8268787294615723 -3.0363608863004368 0.0 0.0 0.0 -0.9935923546309218 0.11302297384429152
1638453165863934040 1.8268787294615723 -3.0363608863004368 0.0 0.0 0.0 -0.9936148110903447 0.1128255205345732
1638453165997934103 1.8268787294615723 -3.0363608863004368 0.0 0.0 0.0 -0.9935813646116055 0.11311962401769335
163845316696934080 1.8268787294615723 -3.0363608863004368 0.0 0.0 0.0 -0.9935866999277893 0.11307271428338846
1638453166258960962 1.8269033585535595 -3.036355179336234 0.0 0.0 0.0 -0.9937513023078366 0.11161702897142008
1638453166333962202 1.8269212335062308 -3.036350965964378 0.0 0.0 0.0 -0.9940568172282221 0.10886232550854025
1638453166459960938 1.8269032123151763 -3.036354710082714 0.0 0.0 0.0 -0.9946603114663177 0.10320274980906564
1638453166558960915 1.8269032123151763 -3.036354710082714 0.0 0.0 0.0 -0.995128846630862 0.09858277116654338
1638453166686275244 1.826882584662771 -3.0363586569480927 0.0 0.0 0.0 -0.9957113437536382 0.0925146752643019
1638453166791960955 1.828238138739735 -3.0349577152039946 0.0 0.0 0.0 -0.9963199525480682 0.08571177966677274
1638453166891960859 1.83884407437903 -3.0202525822017434 0.0 0.0 0.0 -0.9980290219293558 0.0627543099091234
1638453166993960857 1.8389193873499825 -3.02024341748383 0.0 0.0 0.0 -0.9983386942724203 0.05761773809640838
163845316788930130 1.838898732577814 -3.02024573442064 0.0 0.0 0.0 -0.9985926701299411 0.05303436799714052
1638453167195960999 1.8389195106429568 -3.0202436538164688 0.0 0.0 0.0 -0.9988524709281198 0.0478925350993771
1638453167298960924 1.8388942707223601 -3.0202457572398993 0.0 0.0 0.0 -0.9990868887053312 0.04272488666993814
1638453167401960850 1.83886902670044 -3.020247622280029 0.0 0.0 0.0 -0.9992675002586435 0.03826880903790964
1638453167502960920 1.8389195188456042 -3.02024413058307 0.0 0.0 0.0 -0.9994341270680072 0.03363683237544869
1638453167602961063 1.8389195188456042 -3.02024413058307 0.0 0.0 0.0 0.9995881485224136 -0.02869631350345566
1638453167703960896 1.8389195188456042 -3.02024413058307 0.0 0.0 0.0 0.9997149842396581 -0.02387418121211357
1638453167804960966 1.838944775171496 -3.0202429806928417 0.0 0.0 0.0 0.9997300909734297 -0.02323360923534271
1638453167938961029 1.8388690061938204 -3.0202464303635264 0.0 0.0 0.0 0.9997358140179753 -0.02298405105447681
1638453168106961012 1.8370990207180442 -3.0203260040075497 0.0 0.0 0.0 0.9997482652296196 -0.022437379866471017
1638453168206960917 1.8351014817232931 -3.020415453998349 0.0 0.0 0.0 0.9997517591493724 -0.02228065880697313
1638453168308960915 1.832800505141566 -3.0205184704405723 0.0 0.0 0.0 0.9997486707584865 -0.022417953384401085
1638453168443960905 1.8290834892214978 -3.0206849559116375 0.0 0.0 0.0 0.9997492508621532 -0.022392090864198612
1638453168536602736 1.8258434893994153 -3.0208296859870383 0.0 0.0 0.0 0.9997503097337865 -0.022344724912284807
1638453168641960859 1.8215738034940137 -3.021021136090491 0.0 0.0 0.0 0.9997491502449577 -0.022396858546700413
1638453168807096958 1.8135836762242763 -3.0213806047367933 0.0 0.0 0.0 0.9997514573138075 -0.02229495999190229
1638453168941097021 1.805644193101944 -3.021738486701879 0.0 0.0 0.0 0.9997402957360223 -0.022788718841227948
1638453169111097097 1.793786074597931 -3.0222832531736596 0.0 0.0 0.0 0.9997302829714898 -0.023225147645544134
1638453169210097075 1.7860748432326616 -3.022644123287554 0.0 0.0 0.0 0.9997254675003981 -0.02343156199928699
1638453169344096899 1.7747734033060116 -3.0231754969847118 0.0 0.0 0.0 0.9997211530485244 -0.023614378212856398
1638453169446096897 1.7656212992193836 -3.0236117091648795 0.0 0.0 0.0 0.9997134019825327 -0.023940323754382202
1638453169613096952 1.749163034413734 -3.024405160675956 0.0 0.0 0.0 0.9997107210562288 -0.024051037181700166
1638453169714097023 1.7383932756284757 -3.024925479303897 0.0 0.0 0.0 0.9997065369652589 -0.02422562783996962
1638453169813097000 1.7311249831731388 -3.022993394848219 0.0 0.0 0.0 0.9998542001118693 -0.017077240834879708
1638453169915096998 1.7219849016830062 -3.020953511456637 0.0 0.0 0.0 0.9999338942265998 -0.01149697646811061
163845317048096895 1.7060941053763448 -3.021319322738173 0.0 0.0 0.0 0.999933060725536 -0.011572073852348843
1638453170148097038 1.694150721489956 -3.0215916320386613 0.0 0.0 0.0 0.9999365011307696 -0.011268467078097442
1638453170251096964 1.681776742620525 -3.0218636120434406 0.0 0.0 0.0 0.9999437530271726 -0.010604750126352933
1638453170352097034 1.669832704650328 -3.0221132656523384 0.0 0.0 0.0 0.9999472875604334 -0.010264902134750006
1638453170453097105 1.6577619778013633 -3.0223585724695106 0.0 0.0 0.0 0.9999514876911206 -0.009852697400139231
1638453170587096930 1.6418950393772158 -3.022662582935909 0.0 0.0 0.0 0.9999573214769071 -0.009237010123717068
1638453170720097065 1.6260027595396418 -3.0229601925285943 0.0 0.0 0.0 0.9999544880593568 -0.009543363767310645
1638453170855097055 1.6095032141608185 -3.0232720405460203 0.0 0.0 0.0 0.9999558981234301 -0.009388518028687853
1638453170956096888 1.596571760878511 -3.023518361445859 0.0 0.0 0.0 0.9999525478290838 -0.009744698951525497
163845317157096958 1.5834633116954757 -3.023775194231094 0.0 0.0 0.0 0.9999496857398037 -0.010028880537006585
1638453171147257090 1.5703046822898765 -3.0240459329986056 0.0 0.0 0.0 0.9999424192573594 -0.010733846150585048
1638453171247256994 1.5573486225158628 -3.0243282987294893 0.0 0.0 0.0 0.9999367156293608 -0.011247488016819365
1638453171448256969 1.531310248746566 -3.0249089530824476 0.0 0.0 0.0 0.9999406308645077 -0.010898463978073926
1638453171547256947 1.5185061042543528 -3.0251865678639698 0.0 0.0 0.0 0.9999410192386721 -0.01086127349530194
1638453171748256922 1.4925685430721005 -3.025742513392585 0.0 0.0 0.0 0.9999438877035927 -0.010593663969677335
1638453171848257065 1.4793593135760317 -3.026020002014816 0.0 0.0 0.0 0.9999453929721632 -0.010447759550912546
1638453171947257042 1.4659981065467877 -3.0262950883065596 0.0 0.0 0.0 0.9999484574180181 -0.01015451997593561
163845317247256947 1.4519533219647445 -3.026571407189963 0.0 0.0 0.0 0.9999534737652487 -0.009647905867932073
1638453172213257074 1.4290260763034401 -3.0270142288852266 0.0 0.0 0.0 0.9999529257578659 -0.009704884953854598
1638453172314256907 1.4149559161354897 -3.0272884382932856 0.0 0.0 0.0 0.9999520390208543 -0.00979655277262971
1638453172414257050 1.4010122747802494 -3.0275584097978627 0.0 0.0 0.0 0.9999552382214623 -0.009462305271832273
1638453172548257113 1.3821340516975307 -3.027917598828818 0.0 0.0 0.0 0.9999545282077532 -0.009538476919181763
1638453172649256945 1.36803855960851 -3.028184215308061 0.0 0.0 0.0 0.9999553610323432 -0.00944823890653881
1638453172917257071 1.3402038490197579 -3.031744169206364 0.0 0.0 0.0 0.9999483155655341 -0.010169221460162945
163845317352257061 1.3215535694226934 -3.032113906541237 0.0 0.0 0.0 0.9999517657576461 -0.009818763958995266
1638453173190257072 1.3022451639136032 -3.0324946381873206 0.0 0.0 0.0 0.9999515982983506 -0.00983950520703167
1638453173356256962 1.2791663718622652 -3.03295471583111 0.0 0.0 0.0 0.9999514631180323 -0.00985225927549091
1638453173521256924 1.2563659138173613 -3.033401200418723 0.0 0.0 0.0 0.9999555602391234 -0.009429562965416959
1638453173652925014 1.2379428824733307 -3.033749127143321 0.0 0.0 0.0 0.9999536219492421 -0.009629587191399001
1638453173786924839 1.2193430761658968 -3.0341120571193687 0.0 0.0 0.0 0.9999510147006178 -0.009895411099690807
1638453173917924881 1.201021826082113 -3.0344811847650934 0.0 0.0 0.0 0.9999474228059245 -0.010256716263164555
163845317452924871 1.1820936109996776 -3.034875962242745 0.0 0.0 0.0 0.9999429182270044 -0.010682270350300362
1638453174152925014 1.1681760508031391 -3.035176037904349 0.0 0.0 0.0 0.9999402085412645 -0.010935574766412255
1638453174320924997 1.1446935606455522 -3.0356951050813703 0.0 0.0 0.0 0.9999368858932699 -0.011236202056566946
1638453174453924894 1.1263225543779776 -3.036105616496019 0.0 0.0 0.0 0.9999385276111338 -0.011088868728247088
1638453174554924965 1.1123291201194196 -3.036413756255364 0.0 0.0 0.0 0.999940610408468 -0.010896238752390368
1638453174687924862 1.093856624956984 -3.0368126057158316 0.0 0.0 0.0 0.9999440535481474 -0.010578564021834018
1638453174786924839 1.0799641503285096 -3.037105223453544 0.0 0.0 0.0 0.9999449458999166 -0.010490950010240516
1638453174886924982 1.0662233634640217 -3.0373905342766947 0.0 0.0 0.0 0.9999463421981767 -0.01035899281592501
163845317552924871 1.0430690288685167 -3.0378624930732205 0.0 0.0 0.0 0.9999487060100151 -0.010126546674250912
1638453175152925014 1.029226826637789 -3.038142818321805 0.0 0.0 0.0 0.9999479520981027 -0.0102023593548032
1638453175252924919 1.0153088695515409 -3.0384312084838077 0.0 0.0 0.0 0.9999435528643811 -0.010623860873291167
1638453175420924902 0.9918260951853314 -3.0389395446288967 0.0 0.0 0.0 0.9999391626595373 -0.01103057939114691
1638453175553924799 0.9732274600885407 -3.039357797024242 0.0 0.0 0.0 0.9999347369661906 -0.011426924898873658
1638453175684924841 0.9548820628851998 -3.039780166454047 0.0 0.0 0.0 0.9999325312865129 -0.011618481473926788
1638453175785924911 0.9408638076909666 -3.0401093561251904 0.0 0.0 0.0 0.999930398732628 -0.011796568001572486
1638453175951924801 0.8809917333914352 -3.0216471480263527 0.0 0.0 0.0 0.9999983782618095 0.0017853266133781368
1638453176117584944 0.8579591365355328 -3.0215718959963995 0.0 0.0 0.0 0.9999987299256112 0.001581477834128462
1638453176250584841 0.8393305437454371 -3.021510943122106 0.0 0.0 0.0 0.9999987921305686 0.0015643138784794328
1638453176453584909 0.8111599333261328 -3.021416423981293 0.0 0.0 0.0 0.9999983312530244 0.0018220422949874956
1638453176554584980 0.7971885562130826 -3.021360274474315 0.0 0.0 0.0 0.9999977887439867 0.002115059713018683
1638453176689584970 0.7783576273113366 -3.0212662272238253 0.0 0.0 0.0 0.9999960854230611 0.002797649672842288
1638453176790585041 0.7643862902472741 -3.021193618139602 0.0 0.0 0.0 0.9999972592731099 0.0023528815113406237
1638453176889585018 0.7505161888647999 -3.0211305209477155 0.0 0.0 0.0 0.9999975482046572 0.0022206780926021658
163845317757585001 0.7269521306217778 -3.0210313956116153 0.0 0.0 0.0 0.9999983701258193 0.001792597490153553
1638453177259584904 0.6988067559524284 -3.0209570846087974 0.0 0.0 0.0 0.9999994798352918 0.0010179767289193314
1638453177445585012 0.6730152092881101 -3.020907529965961 0.0 0.0 0.0 0.9999995183097893 0.0009749418362108159
1638453177544584990 0.6591703286571112 -3.0208803856723856 0.0 0.0 0.0 0.9999994386591743 0.0010407466120001818
1638453177711585045 0.6359857325229094 -3.020840124355737 0.0 0.0 0.0 0.9999998049464387 0.0006250642165486625
1638453177845584869 0.6173317009191692 -3.020824323020266 0.0 0.0 0.0 0.9999998740655762 0.0005224253865736272
163845317811584997 0.5942737404011462 -3.02079207807835 0.0 0.0 0.0 0.9999993880884213 0.001098084876250599
1638453178145584822 0.5757463471262523 -3.0207501784264883 0.0 0.0 0.0 0.9999994326705882 0.0010853301693385699
1638453178246584892 0.5616989634332586 -3.0207202316531747 0.0 0.0 0.0 0.9999996092869843 0.0009050872470572936
1638453178446584940 0.5337812708265327 -3.020685867389953 0.0 0.0 0.0 0.9999998885346123 0.0004092935724806304
1638453178612584829 0.5104953800806741 -3.020675216765679 0.0 0.0 0.0 0.999999975816474 -6.873482984948512e-05
1638453178818698168 0.48290672270549806 -3.020700573544042 0.0 0.0 0.0 0.9999996954912393 -0.0008116467753400448
163845317919698143 0.4728135743446295 -3.029515731480771 0.0 0.0 0.0 0.9999560261924395 -0.009379822556915262
1638453179153698206 0.45418821492785494 -3.0298674409656665 0.0 0.0 0.0 0.9999544378033703 -0.009544680687240884
1638453179287698030 0.435512283504177 -3.030221800109269 0.0 0.0 0.0 0.9999577547653751 -0.00919124135905044
1638453179390698195 0.4212900325571835 -3.0304808796945526 0.0 0.0 0.0 0.999958751477651 -0.009085386690705395
1638453179558698177 0.3978813446111136 -3.0308958327569337 0.0 0.0 0.0 0.9999588352367925 -0.009075016141738395
1638453179691698074 0.3794581790729494 -3.0312290727453863 0.0 0.0 0.0 0.9999581050996529 -0.009151428023123898
1638453179792698145 0.3654637484679512 -3.031486367875104 0.0 0.0 0.0 0.9999575632078302 -0.009209359962790722
1638453179959698200 0.3419289737414983 -3.0319290549678377 0.0 0.0 0.0 0.9999525270111194 -0.009745896545548647
163845318091698170 0.3234810120328566 -3.0322897399886504 0.0 0.0 0.0 0.999950632727013 -0.009935907971265546
1638453180190698147 0.3096135100192738 -3.032566054417574 0.0 0.0 0.0 0.9999500552723115 -0.009996462951472945
1638453180357698202 0.286458878685697 -3.033029303456758 0.0 0.0 0.0 0.9999499660497014 -0.010006237479032282
1638453180491698027 0.26783369843927796 -3.0333891238207533 0.0 0.0 0.0 0.9999551219637814 -0.00947625844797867
1638453180658698082 0.2446532491570116 -3.033826622879573 0.0 0.0 0.0 0.9999547366633044 -0.009512257246896173
1638453180791697979 0.22625559328344813 -3.0341715381358036 0.0 0.0 0.0 0.999957118204547 -0.009258353667435836
1638453180897698164 0.2114513018309323 -3.0344399767273433 0.0 0.0 0.0 0.9999603711594894 -0.008904434343332327
163845318165698147 0.1881688412971036 -3.03483578284918 0.0 0.0 0.0 0.9999661587749207 -0.008228780826201198
1638453181196290016 0.16959324803098924 -3.035138566922326 0.0 0.0 0.0 0.9999690426599204 -0.007867112230398609
1638453181330800533 0.15103273086003416 -3.0354234364420445 0.0 0.0 0.0 0.9999708169414392 -0.00763668625937451
1638453181464289904 0.13216293759367057 -3.0356982409950826 0.0 0.0 0.0 0.9999744302982274 -0.007147824358525975
1638453181598289967 0.1134349505742776 -3.035966277520153 0.0 0.0 0.0 0.9999742512563279 -0.007173810991194254
1638453181733289957 0.09473230100342925 -3.036236686268159 0.0 0.0 0.0 0.9999732164596431 -0.007321029644525237
1638453181968290091 0.10315969863161019 -3.033977611899825 0.0 0.0 0.0 0.9996947401562281 -0.024706110330712076
1638453182102289915 0.08470511847952164 -3.0348832979707097 0.0 0.0 0.0 0.9997022242707195 -0.024402456101710858
1638453182268290043 0.06670496808968393 -3.035754207300567 0.0 0.0 0.0 0.9996966250935312 -0.024630315637428013
1638453182404289961 0.0662246456982937 -3.035777494097752 0.0 0.0 0.0 0.9997063153285941 -0.024233825600502953
1638453182506289959 0.0662246456982937 -3.035777494097752 0.0 0.0 0.0 0.9997049363729206 -0.02429186357956415
1638453182642290115 0.0662246456982937 -3.035777494097752 0.0 0.0 0.0 0.9997002309341521 -0.024484091348434822
1638453182742290020 0.06607295985409786 -3.0357850361596816 0.0 0.0 0.0 0.9997155235135721 -0.0238522276295227
1638453182843290091 0.06597182054189654 -3.0357895875548397 0.0 0.0 0.0 0.9998021277292358 -0.019892807006588097
163845318343289900 0.06584530550911082 -3.035792178443359 0.0 0.0 0.0 0.9999867964178503 -0.005143854283646216
1638453183212290049 0.06584528176217044 -3.035794324906898 0.0 0.0 0.0 0.9998929128304579 0.014634091783367751
1638453183347290039 0.06576946556581917 -3.035790107353972 0.0 0.0 0.0 0.9993781005758017 0.03526278498739454
1638453183447289944 0.06571892721204448 -3.0357868981357226 0.0 0.0 0.0 0.9985374207911943 0.05406520170207364
1638453183547290087 0.06571896792602364 -3.0357866590035574 0.0 0.0 0.0 0.9972611466049293 0.07396065971729769
1638453183666637182 0.06569387373701793 -3.0357832630815444 0.0 0.0 0.0 0.9944960303176026 0.10477447023712819
1638453183803637028 0.06564488944700395 -3.0357704898214766 0.0 0.0 0.0 0.9899963295679219 0.14109307999253656
1638453183935636997 0.06569349137814505 -3.0357844617298175 0.0 0.0 0.0 0.9835813434625248 0.18046523401169765
163845318499637032 0.06573978720625392 -3.0358049103718847 0.0 0.0 0.0 0.9721950445951565 0.2341725369185639
1638453184267637014 0.06589245011254055 -3.0358946403428884 0.0 0.0 0.0 0.9576332283612083 0.2879905628984879
1638453184401637077 0.06589043438894593 -3.035897535446656 0.0 0.0 0.0 0.9435547920058941 0.3312165336653016
1638453184567636967 0.01664168135959254 -3.021123437644175 0.0 0.0 0.0 0.9355142236892744 0.35328905170126873
1638453184700637102 0.016698581800547063 -3.0211740039680315 0.0 0.0 0.0 0.9187526187291998 0.39483371515666604
1638453184800637007 0.016783325322791476 -3.0212677261183445 0.0 0.0 0.0 0.9048426812703841 0.42574609083246334
1638453184966637135 0.01678525173146528 -3.021266610229798 0.0 0.0 0.0 0.8796848936072175 0.4755570239288168
1638453185131637096 0.016797415556370154 -3.0212888116525396 0.0 0.0 0.0 0.8519377159407463 0.5236431733408342
1638453185363636971 0.027011399632622612 -3.024541180897129 0.0 0.0 0.0 0.8069309578026994 0.5906457710758278
1638453185498637199 0.026980691269358092 -3.0244185028501835 0.0 0.0 0.0 0.7793691208247004 0.6265650548117091
1638453185663637161 0.02695012337406738 -3.024243920195384 0.0 0.0 0.0 0.7482076790644479 0.6634645963887603
1638453185866636992 0.026956129870283674 -3.0242941501137075 0.0 0.0 0.0 0.7474810742569815 0.6642831023703593
163845318666637039 0.026944250582999263 -3.024193679858504 0.0 0.0 0.0 0.7474117548227502 0.6643611366419135
1638453186211910009 0.026859325479050455 -3.023464698740548 0.0 0.0 0.0 0.7467681768725775 0.6650844328315395
1638453186345910072 0.026659065410793936 -3.0217300281999124 0.0 0.0 0.0 0.7464275368845835 0.6654667372777197
1638453186512910128 0.026219200046796065 -3.0179081498582208 0.0 0.0 0.0 0.7463634629174157 0.6655385428675434
1638453186647910118 0.025700710983842134 -3.0133816700765363 0.0 0.0 0.0 0.7462497788270223 0.6656660227956339
1638453186847909927 0.02475094435355485 -3.005083101590391 0.0 0.0 0.0 0.746094654087448 0.6658399117938557
163845318750909996 0.02357162124242157 -2.994721652117217 0.0 0.0 0.0 0.7459922259379608 0.665954665999289
1638453187249910116 0.022189610176842844 -2.9824731491388095 0.0 0.0 0.0 0.7456305160362406 0.6663596219078141
1638453187386909962 0.021146038969990066 -2.9731664961177207 0.0 0.0 0.0 0.7454546284488555 0.6665563890218268
1638453187653909922 0.01893556034760774 -2.953370202996923 0.0 0.0 0.0 0.7451370813546541 0.6669113106288328
1638453187786910057 0.017763693889417398 -2.9428297730767343 0.0 0.0 0.0 0.7452645585965961 0.6667688588853072
1638453187952909946 0.016286354138780712 -2.9295984141613975 0.0 0.0 0.0 0.7454949288798477 0.6665113366024887
163845318851909924 0.015367542160156455 -2.921398351259536 0.0 0.0 0.0 0.7455263087319324 0.6664761751680468
1638453188219909906 0.013707219023532946 -2.9065830694394044 0.0 0.0 0.0 0.7455151053996619 0.6664887198949355
1638453188419909954 0.03667091201505614 -2.905892352616363 0.0 0.0 0.0 0.7277631294895095 0.6858285658055462
1638453188518909931 0.03606730311683884 -2.8957863518394142 0.0 0.0 0.0 0.7280021552775768 0.6855748106382801
1638453188725372076 0.03474841438634506 -2.8738817574819873 0.0 0.0 0.0 0.7282116031750167 0.6853523760621709
1638453188861371994 0.0337650822976021 -2.857737987496254 0.0 0.0 0.0 0.728467030260469 0.6850808831783352
1638453188993372202 0.03272900968097826 -2.8408874818481733 0.0 0.0 0.0 0.7285016626854377 0.6850440130176869
1638453189162372112 0.03137268580416101 -2.819060892661045 0.0 0.0 0.0 0.7289911640093918 0.6845230613993231
1638453189295372009 0.030300947074165765 -2.801984499094656 0.0 0.0 0.0 0.7288571624846207 0.6846657742168671
1638453189462372065 0.028963240092999568 -2.7806134368248774 0.0 0.0 0.0 0.7289790524885368 0.6845360343793221
1638453189663372040 0.027311031574313374 -2.7544435849895725 0.0 0.0 0.0 0.7293979878079503 0.684089614864252
1638453189797372103 0.026134194902822774 -2.7360550720847616 0.0 0.0 0.0 0.7292368234095115 0.6842614114292382
1638453189996372223 0.024340760014892146 -2.7081950628523264 0.0 0.0 0.0 0.7295906660004694 0.6838840882424204
1638453190164372206 0.022797344947581774 -2.6846563704682698 0.0 0.0 0.0 0.7299313923699478 0.6835204067577137
1638453190267372131 0.02180941439813304 -2.6696796934088725 0.0 0.0 0.0 0.729867069032021 0.6835890758509063
1638453190367372036 0.020827344030582465 -2.6547534261933947 0.0 0.0 0.0 0.7299181631261379 0.6835345268012125
1638453190467372179 0.019839630204020256 -2.6397514626637486 0.0 0.0 0.0 0.7300080633109447 0.683438582797113
1638453190600372076 0.018524290779752164 -2.619926007317447 0.0 0.0 0.0 0.7301170700871182 0.683322064375696
1638453190681839943 0.017714824605721838 -2.607721277883422 0.0 0.0 0.0 0.730068291350857 0.6833742160708086
1638453190833372116 0.016233280693779842 -2.5853260425325684 0.0 0.0 0.0 0.7301143655652561 0.6833249606760875
1638453191104372025 0.01357823495054794 -2.5450933496614443 0.0 0.0 0.0 0.7298951739181914 0.6835590857548974
1638453191268784046 0.011928434705194224 -2.520115213032786 0.0 0.0 0.0 0.7300653296623576 0.683377337114428
1638453191401783943 0.02272418598014743 -2.5021375433807664 0.0 0.0 0.0 0.7186776526951598 0.6953433671768802
1638453191503783941 0.022208649860034124 -2.486883798786914 0.0 0.0 0.0 0.7192061908830433 0.6947966861158595
1638453191704783916 0.02113831035045087 -2.4567832617046554 0.0 0.0 0.0 0.719832483990509 0.6941478291621448
1638453191904783964 0.02003237454508909 -2.426937349358211 0.0 0.0 0.0 0.7199620027054245 0.6940134593664758
16384531923783941 0.01948269983937561 -2.4121409006144283 0.0 0.0 0.0 0.7202310908578508 0.6937342051313957
1638453192269783974 0.017932862721709866 -2.3712425503508694 0.0 0.0 0.0 0.7203238780235559 0.6936378530113725
1638453192402784109 0.017119588343495085 -2.349287930764354 0.0 0.0 0.0 0.719825544461097 0.6941550168966817
1638453192569783926 0.016058330579623227 -2.320504276301264 0.0 0.0 0.0 0.7200769241674947 0.6938942969773776
1638453192702784061 0.015166558721283824 -2.2965007981043906 0.0 0.0 0.0 0.7200671133333623 0.6939043952319817
1638453192867784023 0.014008842442525376 -2.2657957154622443 0.0 0.0 0.0 0.7204638065580773 0.6934925526032127
16384531932784014 0.013041761391067557 -2.240174472655084 0.0 0.0 0.0 0.7202729078981206 0.6936907813333886
1638453193136784077 0.012092598960150629 -2.2146790059462997 0.0 0.0 0.0 0.7202554391303595 0.6937089588643003
1638453193336784124 0.010679418478444757 -2.1768153329927626 0.0 0.0 0.0 0.7200034606486836 0.693970451537217
1638453193503783941 0.009547690387292144 -2.1455012590270073 0.0 0.0 0.0 0.7197115204262613 0.6942732287703206
1638453193602783918 0.008881561512279281 -2.1265551640336278 0.0 0.0 0.0 0.719163177763583 0.6948412381911728
1638453193703634977 0.008228871644187355 -2.107482083563607 0.0 0.0 0.0 0.7190648282726252 0.6949429947519966
1638453193905635118 0.00690244612361544 -2.0689821906381107 0.0 0.0 0.0 0.7192119339128745 0.694790745867177
16384531945635023 0.0062420976112678266 -2.0499095329998496 0.0 0.0 0.0 0.71927080017884 0.6947297987139079
1638453194106635094 0.005571088482840245 -2.030710435181187 0.0 0.0 0.0 0.719445185420983 0.6945492740435728
1638453194311635017 0.009735230295451331 -2.000796972723733 0.0 0.0 0.0 0.7187835969032289 0.6952338581600672
1638453194544635057 0.014991521886006458 -1.967461256713781 0.0 0.0 0.0 0.7173615403250881 0.6967010566541091
1638453194746634960 0.013894684208167606 -1.9291564636669134 0.0 0.0 0.0 0.7169138164028867 0.6971617745337658
1638453194947634935 0.012799163504889488 -1.8908264089964533 0.0 0.0 0.0 0.7173566897927074 0.6967061014580102
1638453195115634918 0.011837394016664976 -1.858949411459393 0.0 0.0 0.0 0.7179283094421729 0.6961170698319233
1638453195256634951 0.0110073797940217 -1.8321583066839946 0.0 0.0 0.0 0.7179400460863691 0.696104962728052
1638453195357635021 0.010418449914383336 -1.8129817654618607 0.0 0.0 0.0 0.7177075294555567 0.6963446708788453
1638453195457634926 0.009834905230255027 -1.794007697726848 0.0 0.0 0.0 0.7180606460392973 0.6959805682227717
1638453195591634989 0.009066094849207616 -1.7688353504214518 0.0 0.0 0.0 0.7176421996026936 0.6964120313456941
1638453195789634943 0.007958727958914358 -1.7312397869297809 0.0 0.0 0.0 0.717423875615055 0.6966369015094511
1638453195921635151 0.0072217961427592245 -1.7060411393614792 0.0 0.0 0.0 0.7172020190324656 0.6968653322263214
163845319655634975 0.0064863687946812715 -1.6805386286413346 0.0 0.0 0.0 0.7171346538660996 0.6969346505851879
1638453196248949051 0.005394837523419745 -1.6426388530251073 0.0 0.0 0.0 0.7174004624625778 0.6966609967750226
1638453196347949028 0.004859015351036277 -1.6237140888945631 0.0 0.0 0.0 0.7167184880734329 0.69736260717448
1638453196514948845 0.004025698557466966 -1.5919853477197834 0.0 0.0 0.0 0.7160795732329946 0.6980186328673553
1638453196650949001 0.0033899895093376393 -1.5665306971617887 0.0 0.0 0.0 0.7155344339336144 0.6985774435730866
1638453196851948977 0.002478480104451621 -1.5284743309378706 0.0 0.0 0.0 0.7154561721643422 0.6986576210737881
1638453196983948946 0.0018888487540520988 -1.503297144971171 0.0 0.0 0.0 0.7153856349525848 0.6987298459367922
1638453197151948929 0.0011111947806396313 -1.4713644484300907 0.0 0.0 0.0 0.7160639445080155 0.6980347161571097
1638453197351948977 -0.002529679394779728 -1.426770911530368 0.0 0.0 0.0 0.7147531551882118 0.6993767587042156
1638453197485949039 -0.0030916127599351795 -1.4012385641713037 0.0 0.0 0.0 0.7147703373143542 0.6993592473687159
1638453197651948929 -0.0037834408803650594 -1.3698102906395668 0.0 0.0 0.0 0.7149998986068828 0.6991245544849314
1638453197854948997 -0.004634736315116704 -1.3315753653474762 0.0 0.0 0.0 0.7150599177595233 0.699063144688014
163845319888948965 -0.00567166952829737 -1.2869646166995707 0.0 0.0 0.0 0.7155222891580659 0.6985898498867011
1638453198255949020 -0.006454191233882391 -1.2552347433824385 0.0 0.0 0.0 0.7160389174887758 0.6980603463305981
1638453198388948917 -0.007111775645760793 -1.2299325755399209 0.0 0.0 0.0 0.7165170400858487 0.6975695887938032
1638453198555948973 -0.007955034149479751 -1.1982294276463512 0.0 0.0 0.0 0.716391590759047 0.6976984466208241
1638453198763444901 -0.009006613185979048 -1.1599994090618329 0.0 0.0 0.0 0.7172017897147936 0.6968655394874541
1638453198997444868 -0.010256192208748412 -1.1159513424289784 0.0 0.0 0.0 0.7170083262010969 0.6970645673636691
1638453199165444851 -0.011177517733340817 -1.0838200545331582 0.0 0.0 0.0 0.7174572589896903 0.6966025540193497
1638453199364444971 -0.012389722997555499 -1.04589873786071 0.0 0.0 0.0 0.7189511732325373 0.6950605826854246
1638453199488936186 -0.013196700632243995 -1.0222510075854472 0.0 0.0 0.0 0.7191679334243573 0.69483630522476
1638453199598444939 -0.013905012760766923 -1.001504412258327 0.0 0.0 0.0 0.7187751861917696 0.6952425783414565
1638453199765444994 -0.01494614006590516 -0.9698324969816239 0.0 0.0 0.0 0.7184585433037528 0.6955698258341962
1638453199831444979 -0.015347013415605584 -0.9573354137674321 0.0 0.0 0.0 0.7183652336676026 0.6956661473484977
1638453200444889 -0.016316803852348898 -0.9255346424699429 0.0 0.0 0.0 0.7174283594019233 0.6966323137530767
1638453200166445017 -0.017224385461821194 -0.8939599219949993 0.0 0.0 0.0 0.7169134572625178 0.6971621286187154
1638453200398444891 -0.032760738082111066 -0.7999400855654527 0.0 0.0 0.0 0.7092473132654976 0.704959754833387
1638453200499444962 -0.03287488578188086 -0.780754930124489 0.0 0.0 0.0 0.7091996338203287 0.705007763021988
1638453200665444851 -0.03308162871935997 -0.7490666525219413 0.0 0.0 0.0 0.7095532495812054 0.7046518015229536
1638453200865444899 -0.03334777280983774 -0.7111775373896971 0.0 0.0 0.0 0.7098765009684632 0.704326162648799
163845320165444946 -0.03361083788133982 -0.6736174173187419 0.0 0.0 0.0 0.7096034801679941 0.7046012171517027
1638453201197444916 -0.03378535105187037 -0.6484844621580111 0.0 0.0 0.0 0.7096872993264515 0.7045167925016802
1638453201386709929 -0.034077878460332486 -0.6106208000658119 0.0 0.0 0.0 0.7097869715386561 0.704416384257157
1638453201618710041 -0.0344310064427697 -0.5665057371442594 0.0 0.0 0.0 0.7102290352687443 0.7039706582010611
1638453201817709923 -0.03480989264261938 -0.5285162116481956 0.0 0.0 0.0 0.7110293676548738 0.7031623196579022
1638453201992709875 -0.03518860475904617 -0.49548795415597374 0.0 0.0 0.0 0.7109287774394017 0.7032640225622262
1638453202191709995 -0.03557109226156887 -0.457878293872013 0.0 0.0 0.0 0.7104866972881245 0.7037106425371786
1638453202460710049 -0.036032922559619915 -0.4067781300605096 0.0 0.0 0.0 0.7103774241185661 0.7038209492976283
1638453202762709856 -0.0366599368695915 -0.34935165486905173 0.0 0.0 0.0 0.7116474388782581 0.7025367500935424
1638453202899709940 -0.03698875478477579 -0.3232837017063257 0.0 0.0 0.0 0.711562759121632 0.7026225896872923
163845320340709972 -0.037321163994578965 -0.2965577036422147 0.0 0.0 0.0 0.7117804093524007 0.7024020789343848
1638453203207710028 -0.037718704070876366 -0.26499777789777296 0.0 0.0 0.0 0.7112492579173589 0.7029399423837004
1638453203443709850 -0.02735898236095965 -0.28127656375562304 0.0 0.0 0.0 0.715331708789683 0.6987850206595966
1638453203543709993 -0.027806984744325743 -0.26222287004611844 0.0 0.0 0.0 0.7154130718733884 0.6987017776070233
1638453203748559952 -0.02874516770582577 -0.22383802557185567 0.0 0.0 0.0 0.7158397680783797 0.6982645966499954
1638453203914560080 -0.029569980904219268 -0.1921344779109745 0.0 0.0 0.0 0.7165276674758227 0.6975586524247303
1638453204154560089 -0.0307830271306968 -0.14659139719335648 0.0 0.0 0.0 0.7164560254709783 0.697632244347621
1638453204288559914 -0.03146268260919059 -0.12139111981147645 0.0 0.0 0.0 0.7165808851106409 0.6975040181742753
1638453204456559896 -0.03231687023350405 -0.08984026072925942 0.0 0.0 0.0 0.7169964848506926 0.697076828341582
1638453204656559944 -0.033431088504417825 -0.051510764477086704 0.0 0.0 0.0 0.7176371145400481 0.696417249411706
1638453204858560085 -0.03464237334397291 -0.013234872845229539 0.0 0.0 0.0 0.7187374266726607 0.6952816304342998
1638453205194560051 -0.035509974810634004 0.01213691322040224 0.0 0.0 0.0 0.7195023689886684 0.6944900032945316
1638453205395560026 -0.03551655189538305 0.012339290560419346 0.0 0.0 0.0 0.7156825955010958 0.6984256699948613
1638453205562560081 -0.035515839739781854 0.01228867731484514 0.0 0.0 0.0 0.7063799495451685 0.707832826404581
1638453205694560051 -0.03551325103498956 0.012440514918880048 0.0 0.0 0.0 0.6972202182559881 0.716856978808117
1638453205795559883 -0.03551364936610257 0.012440530741080834 0.0 0.0 0.0 0.6886656907242011 0.7250790477618022
1638453205995559931 -0.035513552640178456 0.012415137617604145 0.0 0.0 0.0 0.6668274074258406 0.7452121922702962
1638453206236819029 -0.03552194202315315 0.012365196040471402 0.0 0.0 0.0 0.6327792933046675 0.7743321677075904
1638453206406819105 -0.027509723593368132 0.06493534921370002 0.0 0.0 0.0 0.6135357356961417 0.789666978086623
1638453206608819008 -0.027510073605106815 0.06493531043619839 0.0 0.0 0.0 0.5690447176944855 0.8223065763524019
1638453206740818977 -0.027567207236209187 0.06479462989099632 0.0 0.0 0.0 0.5373508296125366 0.8433587962271321
1638453206940819025 -0.027649767427170804 0.06463797431801031 0.0 0.0 0.0 0.48740242412056245 0.8731774407957458
1638453207115818977 -0.0276792755322482 0.06459686723306152 0.0 0.0 0.0 0.4420776280513341 0.8969767825485123
1638453207314819098 -0.02764983241124038 0.06463835401822855 0.0 0.0 0.0 0.39043268111826107 0.9206314563400072
1638453207450819016 -0.0417254377647619 0.09156226602362112 0.0 0.0 0.0 0.3710527215728049 0.9286118088313544
1638453207684818983 -0.041627274499119404 0.09164179164588684 0.0 0.0 0.0 0.30741919141351537 0.9515741953032429
1638453207852818966 -0.0415625429501659 0.09168150970246311 0.0 0.0 0.0 0.26143424256008985 0.9652212979756829
163845320818819094 -0.041630258704008036 0.0916473033304355 0.0 0.0 0.0 0.21520715711558222 0.9765684298870332
1638453208251819134 -0.04148826170930185 0.09170075567692088 0.0 0.0 0.0 0.14867363333707154 0.9888863255737487
1638453208617819071 -0.02123665858183435 0.058285497533905384 0.0 0.0 0.0 0.030909157376645922 0.9995221803396337
1638453208893038034 -0.021211303602058765 0.05828461352263824 0.0 0.0 0.0 0.008489319362129806 0.9999639923876361
163845320963038111 -0.021211303602058765 0.05828461352263824 0.0 0.0 0.0 0.008660385634552056 0.9999625001182088
1638453209363038063 -0.021211303537069758 0.05828460979791486 0.0 0.0 0.0 0.008535736575829503 0.9999635874744529
1638453209699038029 -0.021185997733950766 0.05828504947088524 0.0 0.0 0.0 0.008531828894984354 0.9999636215624854
16384532105038023 -0.021211303537069758 0.05828460979791486 0.0 0.0 0.0 0.008544572628226731 0.9999635103945548
1638453210104038000 -0.021211303537069758 0.05828460979791486 0.0 0.0 0.0 0.008602867478127342 0.9999630018687008
1638453210303038120 -0.021211303472080743 0.05828460607319148 0.0 0.0 0.0 0.008534814601559556 0.9999635955171489
1638453210538038015 -0.021185997571478238 0.05828504015907679 0.0 0.0 0.0 0.008609539219208049 0.9999629436688283
1638453210807038069 -0.021211303602058765 0.05828461352263824 0.0 0.0 0.0 0.008548223273820866 0.9999634785487285
16384532119037971 -0.021185997766445266 0.05828505133324692 0.0 0.0 0.0 0.008486814199719545 0.9999640142410221
1638453211271871090 -0.021185997863928788 0.05828505692033199 0.0 0.0 0.0 0.0085943238498925 0.9999630763976832
1638453211438871145 -0.005616373267512277 0.06004016803976853 0.0 0.0 0.0 -0.017076664424158526 0.9998542048338722
1638453211638871193 -0.00564167183266074 0.06004103307845911 0.0 0.0 0.0 -0.01706265187606385 0.9998544412365921
1638453211905871153 -0.005666966737469588 0.060041896129903155 0.0 0.0 0.0 -0.017059653444055287 0.9998544918225011
1638453212103871107 -0.005666966737469595 0.060041896129903155 0.0 0.0 0.0 -0.01703882830944675 0.9998548431589197
1638453212400871038 -0.005641671832660726 0.06004103307845911 0.0 0.0 0.0 -0.017096103947950685 0.9998538768737991
1638453212635871172 -0.005666966863130993 0.06004189240673286 0.0 0.0 0.0 -0.01701592475861364 0.9998552295598565
1638453212834871054 -0.005641671832660726 0.06004103307845911 0.0 0.0 0.0 -0.016983731655694376 0.9998557726828518
163845321365871000 -0.005666966611808211 0.06004189985307345 0.0 0.0 0.0 -0.017029572280202923 0.9998549993154212
1638453213306871176 -0.005666966611808197 0.06004189985307345 0.0 0.0 0.0 -0.017041150697468286 0.9998548039784051
1638453213407871008 -0.005641671644168636 0.06004103866321455 0.0 0.0 0.0 -0.017036122271118524 0.999854888811917
1638453213607871056 -0.005641671581337937 0.060041040524799694 0.0 0.0 0.0 -0.016980021794476326 0.9998558352711316
1638453213790904999 -0.005666966486146813 0.06004190357624374 0.0 0.0 0.0 -0.016927931022253036 0.9998567140834755
1638453213990905046 -0.005666966486146813 0.06004190357624374 0.0 0.0 0.0 -0.017010428874851363 0.999855322279743
1638453214290904999 -0.005666966548977505 0.06004190171465859 0.0 0.0 0.0 -0.01704867285081151 0.9998546770737552
1638453214458904982 -0.05752487282289415 0.0391511116588157 0.0 0.0 0.0 -0.005906266279494734 0.9999825637919353
1638453214758904934 -0.05752487286608683 0.03915110793377581 0.0 0.0 0.0 -0.005926319180184469 0.9999824475368594
1638453215102905035 -0.057499564945058354 0.03915081448264725 0.0 0.0 0.0 -0.005957801079446766 0.9999822650230853
1638453215438905001 -0.057499565053040075 0.03915080517004752 0.0 0.0 0.0 -0.005928505888842257 0.9999824348595922
1638453215804904938 -0.057499564966654704 0.039150812620127304 0.0 0.0 0.0 -0.005846457748828991 0.9999829105270723
1638453216250191212 -0.05747425349335709 0.03915050422564649 0.0 0.0 0.0 -0.005929800405466757 0.9999824273547363
1638453216708191156 -0.05752487275810511 0.03915111724637554 0.0 0.0 0.0 -0.0060023510774680445 0.9999820067480616
1638453217210191011 -0.057499564880269326 0.03915082007020709 0.0 0.0 0.0 -0.006034203636886134 0.9999818220854151
1638453217812191010 -0.04972059160870644 0.025985773548396242 0.0 0.0 0.0 -0.012168045903390306 0.9999259740189733
1638453218514191151 -0.049695289645878195 0.025985150790506624 0.0 0.0 0.0 -0.012391406697156002 0.999923223575426
1638453219244670153 -0.04969528951126166 0.025985156376820348 0.0 0.0 0.0 -0.012285246207662187 0.9999245621031849
