1638453107286267996 2.5310699129477143e-05 1.0761846969131739e-09 0.0 0.0 0.0 0.000373130664229393 0.9999999403953552
1638453107420268059 2.5310699129477143e-05 1.5774762607279058e-09 0.0 0.0 0.0 0.0004808585799764842 0.9999998807907104
1638453107586268187 1.2123138430630842e-11 -5.893753485253228e-09 0.0 0.0 0.0 0.00023011863231658936 1.0
1638453107788268089 2.531070276745595e-05 -8.411758400939107e-09 0.0 0.0 0.0 0.00023864209651947021 1.0
1638453107992268085 2.531070276745595e-05 -1.0290149177194508e-08 0.0 0.0 0.0 0.00011290237307548523 1.0
1638453108124268055 2.5310704586445354e-05 -1.3663926878848542e-08 0.0 0.0 0.0 0.0002626590430736542 0.9999999403953552
1638453108258268118 2.3324869813379223e-11 -2.90593540341888e-08 0.0 0.0 0.0 0.0002046767622232437 1.0
1638453108427268028 2.5160689504089007e-11 -3.124394964970634e-08 0.0 0.0 0.0 0.0002290923148393631 1.0
1638453108592128038 2.441754784476835e-11 -2.994496739461283e-08 0.0 0.0 0.0 0.00027192384004592896 0.9999999403953552
1638453108759127855 2.531070822442416e-05 -1.9123817196486925e-08 0.0 0.0 0.0 0.0002621859312057495 0.9999999403953552
1638453108928128004 1.650663980501399e-11 -1.837694973971793e-08 0.0 0.0 0.0 0.00010927766561508179 1.0
163845310961127901 2.5310700948466547e-05 -3.991272201631091e-09 0.0 0.0 0.0 0.00020091235637664795 1.0
1638453109229127884 2.5310700948466547e-05 -3.774452750349155e-09 0.0 0.0 0.0 0.00032014772295951843 0.9999999403953552
1638453109364127874 2.531070276745595e-05 -8.269806173188954e-09 0.0 0.0 0.0 9.202957153320312e-05 1.0
1638453109533128023 1.595299066459166e-11 -1.4066688258651538e-08 0.0 0.0 0.0 2.804771065711975e-05 1.0
1638453109668128014 5.062138370703906e-05 5.2948907480754315e-09 0.0 0.0 0.0 0.00016129203140735626 1.0
1638453109836127996 5.062138006906025e-05 9.878264428664352e-09 0.0 0.0 0.0 0.00030276738107204437 0.9999999403953552
1638453109968127966 0.0007340098964050412 8.312906629726058e-08 0.0 0.0 0.0 -0.000112876296043396 1.0
1638453110133127928 0.0023032724857330322 -8.988707378421168e-08 0.0 0.0 0.0 -3.414228558540344e-05 1.0
1638453110265127897 0.003619428025558591 -2.1719473863868188e-07 0.0 0.0 0.0 -7.57761299610138e-05 1.0
1638453110433127880 0.006403603591024876 3.9037452381762705e-08 0.0 0.0 0.0 -2.6149675250053406e-05 1.0
1638453110567127943 0.00903591513633728 8.185393198800739e-07 0.0 0.0 0.0 0.000327523797750473 0.9999999403953552
1638453110732127905 0.012655342929065228 1.457288249184785e-06 0.0 0.0 0.0 5.765445530414581e-05 1.0
1638453110932127953 0.018375558778643608 -3.5246225138507725e-07 0.0 0.0 0.0 -3.6928802728652954e-05 1.0
163845311176650143 0.02308334782719612 1.6170199046428024e-07 0.0 0.0 0.0 -0.00010636076331138611 1.0
1638453111242650032 0.02974005974829197 -2.203484427809599e-06 0.0 0.0 0.0 -0.0002041645348072052 1.0
1638453111375650167 0.035257790237665176 -3.5389118693274213e-06 0.0 0.0 0.0 -0.00011760741472244263 1.0
1638453111509649992 0.041863877326250076 -6.832883627794217e-06 0.0 0.0 0.0 -0.00026906654238700867 0.9999999403953552
1638453111608649969 0.04677415266633034 -8.316917046613526e-06 0.0 0.0 0.0 -9.614787995815277e-05 1.0
1638453111776650190 0.05520261451601982 -1.1187841664650477e-05 0.0 0.0 0.0 -0.00017525255680084229 1.0
1638453111911650181 0.06198587641119957 -1.1753803846659139e-05 0.0 0.0 0.0 7.789954543113708e-05 1.0
163845311247650099 0.06952845305204391 -1.4149842172628269e-05 0.0 0.0 0.0 -0.00017209909856319427 1.0
1638453112212650061 0.07929837703704834 -1.595172579982318e-05 0.0 0.0 0.0 -0.00038147903978824615 0.9999999403953552
1638453112381649971 0.08954920619726181 -2.198331458203029e-05 0.0 0.0 0.0 -0.00020941346883773804 1.0
1638453112514650106 0.09863574802875519 -2.6640698706614785e-05 0.0 0.0 0.0 -0.00019025057554244995 1.0
1638453112682650089 0.1102786660194397 -3.2301042665494606e-05 0.0 0.0 0.0 -0.00020128674805164337 1.0
1638453112815649986 0.12009920179843903 -3.858328636852093e-05 0.0 0.0 0.0 -0.00039329007267951965 0.9999999403953552
1638453112982650042 0.13333667814731598 -4.766620622831397e-05 0.0 0.0 0.0 -0.0007233060314320028 0.9999997615814209
1638453113114650011 0.14384059607982635 -6.363276770571247e-05 0.0 0.0 0.0 -0.0009243095992133021 0.9999995827674866
1638453113282649994 0.15801456570625305 -9.103732736548409e-05 0.0 0.0 0.0 -0.001172769581899047 0.9999992847442627
1638453113415650129 0.16985994577407837 -0.00011529548646649346 0.0 0.0 0.0 -0.000975761387962848 0.9999995231628418
1638453113575747967 0.18469196557998657 -0.00014948201715014875 0.0 0.0 0.0 -0.0014248057268559933 0.9999989867210388
1638453113741748095 0.19957458972930908 -0.00018734770128503442 0.0 0.0 0.0 -0.0011682154145091772 0.9999993443489075
1638453113943747997 0.2177729308605194 -0.00023311701079364866 0.0 0.0 0.0 -0.0014049350284039974 0.9999989867210388
1638453114146748066 0.237667053937912 -0.0002915835939347744 0.0 0.0 0.0 -0.0014992126962170005 0.9999988675117493
1638453114311748028 0.2541695535182953 -0.00033732090378180146 0.0 0.0 0.0 -0.0013670227490365505 0.9999990463256836
1638453114491748095 0.27216535806655884 -0.0003943257324863225 0.0 0.0 0.0 -0.0017535453662276268 0.9999984502792358
1638453114623748064 0.2856558561325073 -0.0004427666135597974 0.0 0.0 0.0 -0.0019243888091295958 0.999998152256012
1638453114762748003 0.3005131483078003 -0.0004919781931675971 0.0 0.0 0.0 -0.0015811801422387362 0.9999987483024597
1638453114927747965 0.318509042263031 -0.0005384425749070942 0.0 0.0 0.0 -0.0009734423947520554 0.9999995231628418
163845311564748049 0.33336639404296875 -0.0005688769742846489 0.0 0.0 0.0 -0.0009317098883911967 0.9999995827674866
1638453115233747959 0.3517419099807739 -0.000603409658651799 0.0 0.0 0.0 -0.000790383608546108 0.9999997019767761
1638453115368747950 0.3664220869541168 -0.0006232596351765096 0.0 0.0 0.0 -0.0008109713671728969 0.9999996423721313
1638453115536747932 0.38467106223106384 -0.0006535704014822841 0.0 0.0 0.0 -0.0008728614775463939 0.9999996423721313
1638453115672748089 0.3994777798652649 -0.0006789698381908238 0.0 0.0 0.0 -0.0006896629347465932 0.9999997615814209
1638453115838747978 0.4177267849445343 -0.0007045699749141932 0.0 0.0 0.0 -0.0007198042585514486 0.9999997615814209
1638453115970747948 0.43222981691360474 -0.0007195529178716242 0.0 0.0 0.0 -0.00042749568819999695 0.9999998807907104
1638453116141079903 0.45078250765800476 -0.0007269666530191898 0.0 0.0 0.0 0.00017814897000789642 1.0
1638453116277080059 0.46561455726623535 -0.0007249832269735634 0.0 0.0 0.0 0.00012097880244255066 1.0
1638453116444079876 0.4839394986629486 -0.0007158942753449082 0.0 0.0 0.0 0.0004208572208881378 0.9999999403953552
1638453116576079845 0.4982653260231018 -0.0007003731443546712 0.0 0.0 0.0 0.0006505082710646093 0.9999997615814209
1638453116742079973 0.5162865519523621 -0.0006681657396256924 0.0 0.0 0.0 0.0011576132383197546 0.9999993443489075
1638453116875079870 0.530865490436554 -0.0006316886865533888 0.0 0.0 0.0 0.0013996749185025692 0.9999990463256836
163845311710079861 0.5454443693161011 -0.000588632479775697 0.0 0.0 0.0 0.0010943727102130651 0.9999994039535522
1638453117178079844 0.5637186169624329 -0.0005516685196198523 0.0 0.0 0.0 0.0005897413357160985 0.9999998211860657
1638453117312079906 0.5782975554466248 -0.0005421835230663419 0.0 0.0 0.0 0.0002656932920217514 0.9999999403953552
1638453117481080055 0.5965971946716309 -0.0005367861012928188 0.0 0.0 0.0 1.0443851351737976e-05 1.0
1638453117647079945 0.6147449612617493 -0.0005336764734238386 0.0 0.0 0.0 0.0003872383385896683 0.9999999403953552
1638453117816079855 0.6333484053611755 -0.0005129239289090037 0.0 0.0 0.0 0.0005384422838687897 0.9999998807907104
1638453117984079838 0.651901125907898 -0.0004943676758557558 0.0 0.0 0.0 0.0003425236791372299 0.9999999403953552
1638453118182080030 0.6736430525779724 -0.00048436946235597134 0.0 0.0 0.0 0.0001267511397600174 1.0
1638453118387079954 0.6959924101829529 -0.00047882896615192294 0.0 0.0 0.0 0.00038551539182662964 0.9999999403953552
1638453118541507006 0.7141401767730713 -0.0004630421462934464 0.0 0.0 0.0 0.0003935638815164566 0.9999999403953552
1638453118673506975 0.7285419702529907 -0.0004566188727039844 0.0 0.0 0.0 -3.495998680591583e-05 1.0
1638453118841507196 0.7467656135559082 -0.00045553845120593905 0.0 0.0 0.0 9.02954488992691e-05 1.0
1638453118975507021 0.7612433433532715 -0.00045607442734763026 0.0 0.0 0.0 4.244968295097351e-06 1.0
1638453119175507069 0.7830358147621155 -0.00047625190927647054 0.0 0.0 0.0 -0.0009088030783459544 0.9999995827674866
1638453119373507023 0.8045498132705688 -0.0005460042739287019 0.0 0.0 0.0 -0.00199431786313653 0.9999980330467224
1638453119540507078 0.8227733373641968 -0.000615861383266747 0.0 0.0 0.0 -0.0018374313367530704 0.9999983310699463
1638453119740507126 0.8448187112808228 -0.0007168420706875622 0.0 0.0 0.0 -0.0027682112995535135 0.9999961853027344
1638453119940507174 0.8667880892753601 -0.0008276801672764122 0.0 0.0 0.0 -0.0018963187467306852 0.9999982118606567
1638453120140506983 0.8887576460838318 -0.000898205500561744 0.0 0.0 0.0 -0.0011879277881234884 0.9999992847442627
1638453120273507118 0.9032606482505798 -0.0009305330459028482 0.0 0.0 0.0 -0.000836707535199821 0.9999996423721313
1638453120473507166 0.9249012470245361 -0.0009548628586344421 0.0 0.0 0.0 3.405846655368805e-05 1.0
1638453120607506990 0.9395055174827576 -0.0009543549967929721 0.0 0.0 0.0 6.938725709915161e-05 1.0
1638453120773507118 0.9576533436775208 -0.0009510201052762568 0.0 0.0 0.0 6.880424916744232e-05 1.0
1638453120943507195 0.9760541915893555 -0.0009399225236847997 0.0 0.0 0.0 0.0003190990537405014 0.9999999403953552
1638453121120102167 0.9942020177841187 -0.0009315399802289903 0.0 0.0 0.0 0.00019201450049877167 1.0
1638453121287101984 1.0124510526657104 -0.0009240156505256891 0.0 0.0 0.0 0.00016731582581996918 1.0
1638453121487102032 1.0342687368392944 -0.0009040989098139107 0.0 0.0 0.0 0.0006223879172466695 0.9999998211860657
1638453121619102001 1.0488224029541016 -0.0008880261448211968 0.0 0.0 0.0 0.0005680135800503194 0.9999998211860657
1638453121786102057 1.0671979188919067 -0.000869999872520566 0.0 0.0 0.0 0.0005632545216940343 0.9999998211860657
1638453121920102119 1.081852912902832 -0.0008444376289844513 0.0 0.0 0.0 0.0010792759712785482 0.9999994039535522
163845312286102009 1.1001780033111572 -0.0008100440027192235 0.0 0.0 0.0 0.0010680609848350286 0.9999994039535522
1638453122219102144 1.1145544052124023 -0.0007760251755826175 0.0 0.0 0.0 0.0012075096601620317 0.9999992847442627
1638453122387102127 1.1327779293060303 -0.0007179296808317304 0.0 0.0 0.0 0.001897583482787013 0.9999982118606567
1638453122520102024 1.147204875946045 -0.0006582027999684215 0.0 0.0 0.0 0.002261003479361534 0.9999974370002747
1638453122689102173 1.1656309366226196 -0.000575252459384501 0.0 0.0 0.0 0.00207240367308259 0.9999978542327881
1638453122822102070 1.1801085472106934 -0.0005195059929974377 0.0 0.0 0.0 0.0017016391502693295 0.9999985694885254
1638453122990102053 1.1984081268310547 -0.000459038361441344 0.0 0.0 0.0 0.0016199455130845308 0.9999986886978149
1638453123190102100 1.2200993299484253 -0.00038819751353003085 0.0 0.0 0.0 0.001373243983834982 0.9999990463256836
1638453123326102018 1.2348555326461792 -0.00034457974834367633 0.0 0.0 0.0 0.0015612015267834067 0.9999988079071045
1638453123458101988 1.2493584156036377 -0.00029554369393736124 0.0 0.0 0.0 0.0017453515902161598 0.9999984502792358
1638453123630912066 1.2682147026062012 -0.00024279940407723188 0.0 0.0 0.0 0.0011046638246625662 0.9999994039535522
1638453123766911983 1.2832238674163818 -0.00020662366296164691 0.0 0.0 0.0 0.0012233719462528825 0.9999992251396179
1638453123931911945 1.301321029663086 -0.00016231847985181957 0.0 0.0 0.0 0.001333865919150412 0.9999991059303284
163845312463911915 1.3157228231430054 -0.00012657768093049526 0.0 0.0 0.0 0.001259982236661017 0.9999992251396179
1638453124232912064 1.3340729475021362 -8.754957525525242e-05 0.0 0.0 0.0 0.0008322483627125621 0.9999996423721313
1638453124365911961 1.3485252857208252 -6.185853271745145e-05 0.0 0.0 0.0 0.0008150077192112803 0.9999996423721313
1638453124531911850 1.366597056388855 -3.048677353945095e-05 0.0 0.0 0.0 0.0009947343496605754 0.9999995231628418
1638453124663912058 1.3809988498687744 -8.584610441175755e-06 0.0 0.0 0.0 0.0006224847747944295 0.9999998211860657
1638453124830911875 1.3990960121154785 6.485748144768877e-06 0.0 0.0 0.0 0.0002910476177930832 0.9999999403953552
1638453124963912010 1.4135737419128418 1.2734742995235138e-05 0.0 0.0 0.0 3.8001686334609985e-05 1.0
1638453125130912066 1.4316456317901611 8.89817783900071e-06 0.0 0.0 0.0 -0.00028206966817379 0.9999999403953552
1638453125263911963 1.4462246894836426 1.809094896998431e-06 0.0 0.0 0.0 -0.0003267824649810791 0.9999999403953552
1638453125432911873 1.4648534059524536 -1.262309160665609e-05 0.0 0.0 0.0 -0.0005038101226091385 0.9999998807907104
1638453125631911993 1.4868230819702148 -3.522914994391613e-05 0.0 0.0 0.0 -0.0005278997123241425 0.9999998807907104
1638453125799911976 1.5051734447479248 -6.615842721657827e-05 0.0 0.0 0.0 -0.0010365282651036978 0.999999463558197
1638453125931911945 1.519600510597229 -9.351345943287015e-05 0.0 0.0 0.0 -0.0009483712492510676 0.9999995231628418
163845312666864014 1.5340783596038818 -0.00011995198292424902 0.0 0.0 0.0 -0.0009874607203528285 0.9999995231628418
1638453126232863903 1.5520237684249878 -0.0001552964240545407 0.0 0.0 0.0 -0.0010474806185811758 0.999999463558197
1638453126364863873 1.5664255619049072 -0.00019307414186187088 0.0 0.0 0.0 -0.0015571409603580832 0.9999988079071045
1638453126532863855 1.584775686264038 -0.00025112112052738667 0.0 0.0 0.0 -0.0015865557361394167 0.9999987483024597
1638453126666863918 1.5992532968521118 -0.0003006506012752652 0.0 0.0 0.0 -0.0018586487276479602 0.9999982714653015
1638453126832864046 1.617324948310852 -0.0003726400318555534 0.0 0.0 0.0 -0.0021039138082414865 0.9999977946281433
1638453126964864016 1.6316252946853638 -0.000437684531789273 0.0 0.0 0.0 -0.00236928416416049 0.9999971985816956
1638453127130863905 1.6497728824615479 -0.0005195608828216791 0.0 0.0 0.0 -0.002356873592361808 0.9999971985816956
1638453127264863968 1.6645288467407227 -0.0005899866227991879 0.0 0.0 0.0 -0.0023819408379495144 0.9999971389770508
1638453127431864023 1.6829042434692383 -0.0006842970615252852 0.0 0.0 0.0 -0.0026998152025043964 0.9999963641166687
1638453127564863920 1.6975334882736206 -0.000764323805924505 0.0 0.0 0.0 -0.002819295972585678 0.9999960064888
1638453127730864048 1.7157062292099 -0.0008748968248255551 0.0 0.0 0.0 -0.003183735767379403 0.9999949336051941
1638453127864863873 1.7303354740142822 -0.0009668850689195096 0.0 0.0 0.0 -0.0030378447845578194 0.9999954104423523
163845312832863855 1.7486348152160645 -0.0010799948358908296 0.0 0.0 0.0 -0.0030350396409630775 0.9999954104423523
1638453128165863991 1.763112187385559 -0.001153011922724545 0.0 0.0 0.0 -0.0021083971951156855 0.9999977946281433
1638453128364863873 1.7847779989242554 -0.0012447749031707644 0.0 0.0 0.0 -0.0019903299398720264 0.9999980330467224
1638453128518016100 1.8028497695922852 -0.0013182160910218954 0.0 0.0 0.0 -0.0020532761700451374 0.9999979138374329
1638453128685016155 1.8210986852645874 -0.0013848517555743456 0.0 0.0 0.0 -0.0015949506778270006 0.9999987483024597
1638453128820016146 1.8357280492782593 -0.0014361731009557843 0.0 0.0 0.0 -0.001817467506043613 0.9999983310699463
1638453128991016150 1.8543059825897217 -0.001497716293670237 0.0 0.0 0.0 -0.0014463490806519985 0.999998927116394
1638453129124016047 1.8689861297607422 -0.0015359829412773252 0.0 0.0 0.0 -0.001367333810776472 0.9999990463256836
1638453129291016102 1.8873616456985474 -0.001578542054630816 0.0 0.0 0.0 -0.0007952507003210485 0.9999997019767761
1638453129423016071 1.9019153118133545 -0.0015961882891133428 0.0 0.0 0.0 -0.00023199059069156647 1.0
1638453129556015968 1.9164689779281616 -0.001601008465513587 0.0 0.0 0.0 -4.223920404911041e-05 1.0
1638453129722016096 1.9346673488616943 -0.0015932192327454686 0.0 0.0 0.0 0.00017652474343776703 1.0
1638453129889016151 1.952688455581665 -0.0015795670915395021 0.0 0.0 0.0 0.0004995055496692657 0.9999998807907104
163845313022016048 1.967140793800354 -0.0015622936189174652 0.0 0.0 0.0 0.0008084940491244197 0.9999997019767761
1638453130189016104 1.9853898286819458 -0.0015300585655495524 0.0 0.0 0.0 0.0007877479656599462 0.9999997019767761
1638453130321016073 1.998652696609497 -0.0015046776970848441 0.0 0.0 0.0 0.0006865672185085714 0.9999997615814209
1638453130487015963 1.9995890855789185 -0.0015032883966341615 0.0 0.0 0.0 0.0010221467819064856 0.999999463558197
1638453130621016026 1.9996143579483032 -0.0015032445080578327 0.0 0.0 0.0 0.0006922277971170843 0.9999997615814209
1638453130787016153 1.9997915029525757 -0.0015032569644972682 0.0 0.0 0.0 -0.0030202819034457207 0.9999954104423523
1638453130986016035 1.9998421669006348 -0.0015041661681607366 0.0 0.0 0.0 -0.017683623358607292 0.9998436570167542
1638453131166613102 1.999917984008789 -0.0015072331298142672 0.0 0.0 0.0 -0.037931740283966064 0.9992803335189819
1638453131333613157 1.9999432563781738 -0.0015104754129424691 0.0 0.0 0.0 -0.0665196105837822 0.9977850914001465
1638453131469613075 1.9999933242797852 -0.0015171511331573129 0.0 0.0 0.0 -0.09466815739870071 0.9955089092254639
1638453131667613029 1.9999445676803589 -0.0015033677918836474 0.0 0.0 0.0 -0.14174999296665192 0.9899024963378906
1638453131834613085 2.000016450881958 -0.0015276317717507482 0.0 0.0 0.0 -0.1817590296268463 0.9833431243896484
1638453131966613054 1.9999927282333374 -0.0015187751268967986 0.0 0.0 0.0 -0.21277789771556854 0.9771006107330322
1638453132136613131 2.0000364780426025 -0.0015446580946445465 0.0 0.0 0.0 -0.2524934709072113 0.9675986170768738
1638453132335613012 2.000035285949707 -0.001546386512927711 0.0 0.0 0.0 -0.2995184659957886 0.9540904760360718
1638453132467612982 2.000014066696167 -0.0015323797706514597 0.0 0.0 0.0 -0.32964232563972473 0.9441059231758118
1638453132634613037 1.9999576807022095 -0.0014818153576925397 0.0 0.0 0.0 -0.36842766404151917 0.929656445980072
1638453132768613100 1.9999231100082397 -0.0014448534930124879 0.0 0.0 0.0 -0.39800527691841125 0.9173831343650818
1638453132934612989 1.999891996383667 -0.0014049477176740766 0.0 0.0 0.0 -0.43488776683807373 0.9004846811294556
1638453133133613110 1.9998070001602173 -0.0012790572363883257 0.0 0.0 0.0 -0.477768212556839 0.878485918045044
1638453133271613121 1.9998087882995605 -0.00127796467859298 0.0 0.0 0.0 -0.5071923732757568 0.861832857131958
1638453133437613010 1.999796986579895 -0.001255583600141108 0.0 0.0 0.0 -0.5405299663543701 0.8413247466087341
1638453133566479921 1.9998053312301636 -0.0012794813374057412 0.0 0.0 0.0 -0.5672330260276794 0.8235573172569275
1638453133733479977 1.9998279809951782 -0.0013519414933398366 0.0 0.0 0.0 -0.5994608998298645 0.8004040718078613
1638453133932480097 1.9998496770858765 -0.0014507658779621124 0.0 0.0 0.0 -0.6373001337051392 0.7706156969070435
163845313464480066 1.999854564666748 -0.0014755986630916595 0.0 0.0 0.0 -0.6609922051429749 0.750392735004425
1638453134234480143 1.9998635053634644 -0.0015509927179664373 0.0 0.0 0.0 -0.6915329098701477 0.7223449349403381
1638453134372479916 1.9998652935028076 -0.001576284528709948 0.0 0.0 0.0 -0.714593231678009 0.6995401978492737
1638453134539479971 1.9998655319213867 -0.0015762922121211886 0.0 0.0 0.0 -0.7216058969497681 0.6923040747642517
1638453134675480127 1.9998655319213867 -0.0015762922121211886 0.0 0.0 0.0 -0.7217981219291687 0.6921036243438721
1638453134808480024 1.9998655319213867 -0.0015762922121211886 0.0 0.0 0.0 -0.7217555046081543 0.6921480894088745
16384531358480072 1.999858021736145 -0.0017533110221847892 0.0 0.0 0.0 -0.7220059633255005 0.6918867826461792
1638453135178479910 1.9997907876968384 -0.003270459594205022 0.0 0.0 0.0 -0.7229506969451904 0.6908996105194092
1638453135312479973 1.9996837377548218 -0.005596579052507877 0.0 0.0 0.0 -0.7232532501220703 0.6905828714370728
1638453135480479956 1.999494194984436 -0.009717864915728569 0.0 0.0 0.0 -0.7230184078216553 0.6908287405967712
1638453135614480019 1.9993003606796265 -0.013965639285743237 0.0 0.0 0.0 -0.7230532765388489 0.6907922625541687
1638453135781480074 1.9989664554595947 -0.02119678631424904 0.0 0.0 0.0 -0.7232804894447327 0.6905543208122253
1638453135916480064 1.9986426830291748 -0.028175022453069687 0.0 0.0 0.0 -0.7234206199645996 0.6904075145721436
163845313658202028 1.9982856512069702 -0.035785164684057236 0.0 0.0 0.0 -0.7234835624694824 0.690341591835022
1638453136212202072 1.9978550672531128 -0.044912174344062805 0.0 0.0 0.0 -0.7237840890884399 0.6900264620780945
1638453136391201973 1.9973468780517578 -0.05553050711750984 0.0 0.0 0.0 -0.7240238189697266 0.6897749900817871
1638453136524202108 1.9969604015350342 -0.06346865743398666 0.0 0.0 0.0 -0.7241023778915405 0.689692497253418
1638453136691201925 1.9964700937271118 -0.07340367138385773 0.0 0.0 0.0 -0.7244392037391663 0.6893386840820312
1638453136827202082 1.9960724115371704 -0.08139196783304214 0.0 0.0 0.0 -0.724606990814209 0.6891623139381409
1638453136994202137 1.9955450296401978 -0.0919586792588234 0.0 0.0 0.0 -0.7245702147483826 0.6892009973526001
1638453137129202127 1.995071530342102 -0.10141304135322571 0.0 0.0 0.0 -0.724524974822998 0.6892485618591309
1638453137262202024 1.9945908784866333 -0.11096839606761932 0.0 0.0 0.0 -0.7247297763824463 0.6890332102775574
1638453137429202080 1.993925929069519 -0.12418916821479797 0.0 0.0 0.0 -0.7246002554893494 0.6891694068908691
1638453137563201904 1.9933815002441406 -0.1351858526468277 0.0 0.0 0.0 -0.7243690490722656 0.6894124150276184
1638453137731202126 1.9926573038101196 -0.15002556145191193 0.0 0.0 0.0 -0.7240999341011047 0.6896950602531433
1638453137865201950 1.9920791387557983 -0.16203424334526062 0.0 0.0 0.0 -0.723913311958313 0.6898909211158752
163845313832202005 1.9913221597671509 -0.177885964512825 0.0 0.0 0.0 -0.7236632108688354 0.6901532411575317
1638453138165201902 1.990702748298645 -0.19103291630744934 0.0 0.0 0.0 -0.7234106063842773 0.6904180645942688
1638453138332201958 1.98991060256958 -0.20776985585689545 0.0 0.0 0.0 -0.7237569689750671 0.6900549530982971
1638453138465202093 1.9892845153808594 -0.2209164947271347 0.0 0.0 0.0 -0.723559558391571 0.690261960029602
1638453138616036892 1.9885108470916748 -0.23740091919898987 0.0 0.0 0.0 -0.7235909700393677 0.690229058265686
1638453138783036947 1.987731695175171 -0.25396108627319336 0.0 0.0 0.0 -0.7234973311424255 0.6903272271156311
1638453138984036922 1.9867888689041138 -0.27398499846458435 0.0 0.0 0.0 -0.723557710647583 0.6902638673782349
1638453139185036898 1.985856533050537 -0.29395872354507446 0.0 0.0 0.0 -0.723239541053772 0.6905972361564636
1638453139385036945 1.9849436283111572 -0.31400930881500244 0.0 0.0 0.0 -0.7229148745536804 0.6909371018409729
1638453139585036993 1.9840443134307861 -0.334035187959671 0.0 0.0 0.0 -0.7225756049156189 0.691291868686676
1638453139719036818 1.9834611415863037 -0.3472851514816284 0.0 0.0 0.0 -0.7222679853439331 0.6916132569313049
1638453139885036945 1.9827433824539185 -0.36394941806793213 0.0 0.0 0.0 -0.7219966053962708 0.6918966174125671
163845314086036921 1.9818981885910034 -0.3839777112007141 0.0 0.0 0.0 -0.7217284440994263 0.692176342010498
1638453140292037010 1.9810587167739868 -0.40446215867996216 0.0 0.0 0.0 -0.7212798595428467 0.6926437616348267
1638453140492036819 1.98026704788208 -0.4242646098136902 0.0 0.0 0.0 -0.7209153771400452 0.6930230855941772
1638453140625036955 1.979750156402588 -0.4374160170555115 0.0 0.0 0.0 -0.7207739353179932 0.6931701898574829
1638453140830036879 1.9789578914642334 -0.4577503502368927 0.0 0.0 0.0 -0.7207701802253723 0.6931740641593933
1638453140964036942 1.9784417152404785 -0.4711551070213318 0.0 0.0 0.0 -0.7206425070762634 0.6933068633079529
1638453141131664038 1.9777947664260864 -0.4880249500274658 0.0 0.0 0.0 -0.7205579280853271 0.6933947205543518
1638453141330663919 1.9770305156707764 -0.5079044699668884 0.0 0.0 0.0 -0.7205959558486938 0.6933552026748657
1638453141530663967 1.9762580394744873 -0.5280369520187378 0.0 0.0 0.0 -0.7204492688179016 0.6935076713562012
1638453141663664103 1.9757578372955322 -0.5412143468856812 0.0 0.0 0.0 -0.720201849937439 0.6937646269798279
1638453141867664099 1.9750114679336548 -0.5614998936653137 0.0 0.0 0.0 -0.7198153734207153 0.6941655874252319
163845314234663916 1.974414348602295 -0.5782702565193176 0.0 0.0 0.0 -0.7194280028343201 0.6945670247077942
1638453142168663979 1.9739474058151245 -0.5916008353233337 0.0 0.0 0.0 -0.7192975878715515 0.6947020888328552
1638453142333663940 1.973385214805603 -0.6080431938171387 0.0 0.0 0.0 -0.7190970182418823 0.6949096918106079
1638453142533663988 1.9727078676223755 -0.6278499364852905 0.0 0.0 0.0 -0.7191774249076843 0.6948264837265015
1638453142667664051 1.9722566604614258 -0.6411303877830505 0.0 0.0 0.0 -0.7190443277359009 0.6949641704559326
1638453142868664026 1.97157883644104 -0.6610129475593567 0.0 0.0 0.0 -0.7191140055656433 0.6948921084403992
163845314335664082 1.9709960222244263 -0.6775811910629272 0.0 0.0 0.0 -0.7195495963096619 0.6944410800933838
1638453143236664057 1.9702719449996948 -0.6977155208587646 0.0 0.0 0.0 -0.7197417616844177 0.6942418813705444
1638453143436664104 1.9695496559143066 -0.7176472544670105 0.0 0.0 0.0 -0.7198763489723206 0.6941023468971252
1638453143611984968 1.9689401388168335 -0.7343411445617676 0.0 0.0 0.0 -0.7199711799621582 0.6940039396286011
1638453143779984951 1.9683314561843872 -0.7511110305786133 0.0 0.0 0.0 -0.7197005748748779 0.6942845582962036
1638453143912985086 1.9678587913513184 -0.7643147706985474 0.0 0.0 0.0 -0.719382107257843 0.694614589214325
163845314478984976 1.967278242111206 -0.7809084057807922 0.0 0.0 0.0 -0.7192063331604004 0.6947965621948242
1638453144279984951 1.9665831327438354 -0.8010690808296204 0.0 0.0 0.0 -0.7190480828285217 0.694960355758667
1638453144414984941 1.9661264419555664 -0.8143240213394165 0.0 0.0 0.0 -0.7191020846366882 0.6949044466018677
1638453144614984989 1.9654403924942017 -0.8342570662498474 0.0 0.0 0.0 -0.7190914154052734 0.6949155330657959
1638453144781985044 1.964880108833313 -0.8508260846138 0.0 0.0 0.0 -0.7187442779541016 0.6952745318412781
1638453144914984941 1.9644427299499512 -0.8639803528785706 0.0 0.0 0.0 -0.7187543511390686 0.6952641010284424
163845314582984924 1.963879108428955 -0.8806759119033813 0.0 0.0 0.0 -0.7190403342247009 0.6949683427810669
1638453145216984987 1.9634195566177368 -0.893981397151947 0.0 0.0 0.0 -0.7191358208656311 0.6948695182800293
1638453145382985115 1.9628437757492065 -0.9105499386787415 0.0 0.0 0.0 -0.7192490100860596 0.6947523355484009
1638453145515985012 1.9623839855194092 -0.9238300919532776 0.0 0.0 0.0 -0.7193578481674194 0.6946396827697754
1638453145684985161 1.961794376373291 -0.9407273530960083 0.0 0.0 0.0 -0.71925950050354 0.6947414875030518
1638453145818984985 1.961330771446228 -0.954108715057373 0.0 0.0 0.0 -0.7192861437797546 0.6947139501571655
1638453145987985134 1.9607508182525635 -0.9709303379058838 0.0 0.0 0.0 -0.7188763618469238 0.6951379776000977
1638453146176758051 1.9601314067840576 -0.9893714189529419 0.0 0.0 0.0 -0.7187685370445251 0.6952494382858276
1638453146322757959 1.9596532583236694 -1.003942608833313 0.0 0.0 0.0 -0.7185778617858887 0.6954465508460999
1638453146489758015 1.9591165781021118 -1.020512580871582 0.0 0.0 0.0 -0.7182661890983582 0.6957683563232422
1638453146622758150 1.9586822986602783 -1.033793568611145 0.0 0.0 0.0 -0.7186018228530884 0.6954217553138733
1638453146789757967 1.9581302404403687 -1.0503122806549072 0.0 0.0 0.0 -0.7187870740890503 0.69523024559021
1638453146989758015 1.9574698209762573 -1.070144772529602 0.0 0.0 0.0 -0.7188568115234375 0.6951581239700317
1638453147123758078 1.9570223093032837 -1.0833747386932373 0.0 0.0 0.0 -0.7191398739814758 0.694865345954895
1638453147290758133 1.9564388990402222 -1.1000442504882812 0.0 0.0 0.0 -0.7195050120353699 0.6944872736930847
1638453147457757950 1.9558298587799072 -1.116864800453186 0.0 0.0 0.0 -0.7200549840927124 0.6939170360565186
1638453147624758005 1.9551618099212646 -1.1348483562469482 0.0 0.0 0.0 -0.7201648354530334 0.6938030123710632
1638453147791758060 1.9544819593429565 -1.1530592441558838 0.0 0.0 0.0 -0.7202361226081848 0.693729043006897
1638453147991758108 1.9536571502685547 -1.1749626398086548 0.0 0.0 0.0 -0.7201883792877197 0.6937785744667053
1638453148158757925 1.9529709815979004 -1.193325400352478 0.0 0.0 0.0 -0.7202032208442688 0.6937631368637085
1638453148326758146 1.9522498846054077 -1.2128266096115112 0.0 0.0 0.0 -0.7198857665061951 0.6940925717353821
1638453148459758043 1.9516764879226685 -1.2286860942840576 0.0 0.0 0.0 -0.7199269533157349 0.6940498352050781
1638453148623213053 1.9509403705596924 -1.2485666275024414 0.0 0.0 0.0 -0.7202880382537842 0.6936751008033752
1638453148789212942 1.950210690498352 -1.2682700157165527 0.0 0.0 0.0 -0.7198057770729065 0.6941755414009094
1638453148991212845 1.9493353366851807 -1.2921220064163208 0.0 0.0 0.0 -0.7200408577919006 0.6939316391944885
1638453149169213057 1.9485232830047607 -1.3134942054748535 0.0 0.0 0.0 -0.720634400844574 0.6933152675628662
1638453149335212946 1.9477581977844238 -1.3332724571228027 0.0 0.0 0.0 -0.7205512523651123 0.6934016942977905
1638453149469213009 1.9471467733383179 -1.349307894706726 0.0 0.0 0.0 -0.7202764749526978 0.6936871409416199
1638453149669213057 1.946251630783081 -1.3733617067337036 0.0 0.0 0.0 -0.719901442527771 0.6940762996673584
1638453149870213032 1.9453730583190918 -1.3973149061203003 0.0 0.0 0.0 -0.7197515368461609 0.6942317485809326
163845315035212994 1.9446563720703125 -1.4170949459075928 0.0 0.0 0.0 -0.7198545336723328 0.6941249370574951
1638453150167212963 1.9440841674804688 -1.4327517747879028 0.0 0.0 0.0 -0.7202461957931519 0.6937185525894165
1638453150336212873 1.9433274269104004 -1.4529355764389038 0.0 0.0 0.0 -0.7202897071838379 0.6936733722686768
1638453150470212936 1.9427295923233032 -1.4688700437545776 0.0 0.0 0.0 -0.7202340364456177 0.6937311887741089
1638453150637212992 1.9419877529144287 -1.4886744022369385 0.0 0.0 0.0 -0.7202404737472534 0.6937244534492493
1638453150838212967 1.9410666227340698 -1.512626051902771 0.0 0.0 0.0 -0.7207581996917725 0.6931865811347961
1638453150972213030 1.9404332637786865 -1.528660535812378 0.0 0.0 0.0 -0.721015214920044 0.6929192543029785
1638453151112624884 1.939798355102539 -1.5444670915603638 0.0 0.0 0.0 -0.7212216854095459 0.6927043199539185
1638453151280624866 1.938974380493164 -1.5646228790283203 0.0 0.0 0.0 -0.7214851379394531 0.6924299001693726
1638453151416625023 1.9382833242416382 -1.5814403295516968 0.0 0.0 0.0 -0.7213650345802307 0.6925550103187561
1638453151584625006 1.9374282360076904 -1.6031399965286255 0.0 0.0 0.0 -0.720388650894165 0.693570613861084
1638453151718624830 1.9367709159851074 -1.620617389678955 0.0 0.0 0.0 -0.7201591730117798 0.6938088536262512
1638453151884624958 1.9359896183013916 -1.6420413255691528 0.0 0.0 0.0 -0.7197186350822449 0.6942659020423889
163845315216624928 1.93536376953125 -1.6592158079147339 0.0 0.0 0.0 -0.7199404835700989 0.6940358281135559
1638453152185624838 1.934567928314209 -1.6809685230255127 0.0 0.0 0.0 -0.7195962071418762 0.694392740726471
1638453152325624943 1.9339168071746826 -1.6989020109176636 0.0 0.0 0.0 -0.7200527191162109 0.6939193606376648
1638453152492624998 1.9330897331237793 -1.7206789255142212 0.0 0.0 0.0 -0.7206395268440247 0.6933099627494812
1638453152625624895 1.9324188232421875 -1.7379024028778076 0.0 0.0 0.0 -0.720820963382721 0.6931213140487671
1638453152757624865 1.931738018989563 -1.7551002502441406 0.0 0.0 0.0 -0.7210627198219299 0.6928697824478149
1638453152925624847 1.9308611154556274 -1.7770017385482788 0.0 0.0 0.0 -0.7210662364959717 0.6928661465644836
163845315391624975 1.9300079345703125 -1.7984737157821655 0.0 0.0 0.0 -0.7207152843475342 0.6932311654090881
1638453153227624893 1.9293206930160522 -1.816152572631836 0.0 0.0 0.0 -0.7204645276069641 0.6934918165206909
1638453153393625021 1.928507924079895 -1.8378793001174927 0.0 0.0 0.0 -0.719886839389801 0.6940914988517761
1638453153528625011 1.927879810333252 -1.8551297187805176 0.0 0.0 0.0 -0.7198734879493713 0.6941052675247192
1638453153690356970 1.927074909210205 -1.877388596534729 0.0 0.0 0.0 -0.719505250453949 0.6944869756698608
1638453153892357111 1.926138997077942 -1.9034671783447266 0.0 0.0 0.0 -0.719646692276001 0.6943404078483582
163845315462356949 1.9253408908843994 -1.9254224300384521 0.0 0.0 0.0 -0.7200701832771301 0.6939012408256531
1638453154231357098 1.9245274066925049 -1.9473011493682861 0.0 0.0 0.0 -0.7203333973884583 0.6936280131340027
1638453154365356922 1.9238795042037964 -1.9647789001464844 0.0 0.0 0.0 -0.7198711037635803 0.6941077709197998
1638453154531357050 1.9230903387069702 -1.9864305257797241 0.0 0.0 0.0 -0.7199897766113281 0.6939846873283386
1638453154666357040 1.9224509000778198 -2.003883123397827 0.0 0.0 0.0 -0.7197892665863037 0.69419264793396
1638453154833357096 1.9216843843460083 -2.025611400604248 0.0 0.0 0.0 -0.7193397283554077 0.6946584582328796
163845315533357143 1.9207934141159058 -2.0515143871307373 0.0 0.0 0.0 -0.7193577885627747 0.6946397423744202
1638453155167356968 1.920182228088379 -2.068866729736328 0.0 0.0 0.0 -0.7195614576339722 0.6944287419319153
1638453155335356951 1.9193884134292603 -2.0906448364257812 0.0 0.0 0.0 -0.7199533581733704 0.6940224170684814
1638453155539356947 1.9184149503707886 -2.1168994903564453 0.0 0.0 0.0 -0.7204110026359558 0.6935474276542664
1638453155672357082 1.9177453517913818 -2.1341989040374756 0.0 0.0 0.0 -0.7208570241928101 0.6930837631225586
1638453155841356993 1.9168626070022583 -2.156125545501709 0.0 0.0 0.0 -0.7214246988296509 0.6924929022789001
163845315641357040 1.9158028364181519 -2.1820974349975586 0.0 0.0 0.0 -0.7214265465736389 0.6924909949302673
1638453156217227936 1.9149178266525269 -2.203542709350586 0.0 0.0 0.0 -0.7216201424598694 0.6922892332077026
1638453156384227991 1.9140291213989258 -2.2251901626586914 0.0 0.0 0.0 -0.7213441729545593 0.6925767660140991
1638453156517227888 1.9133234024047852 -2.242539167404175 0.0 0.0 0.0 -0.7214633226394653 0.692452609539032
1638453156687227964 1.9124175310134888 -2.2644901275634766 0.0 0.0 0.0 -0.7214789390563965 0.6924363970756531
1638453156821228027 1.9116986989974976 -2.2819395065307617 0.0 0.0 0.0 -0.7215319871902466 0.6923811435699463
1638453156989228010 1.9108037948608398 -2.303511142730713 0.0 0.0 0.0 -0.7215902209281921 0.6923204064369202
1638453157122227907 1.9100875854492188 -2.320631504058838 0.0 0.0 0.0 -0.7218461632728577 0.6920535564422607
1638453157289227962 1.909155249595642 -2.342252016067505 0.0 0.0 0.0 -0.722465991973877 0.6914064288139343
1638453157423228025 1.9083795547485352 -2.359597682952881 0.0 0.0 0.0 -0.722861647605896 0.6909927725791931
1638453157588227987 1.907414197921753 -2.3811659812927246 0.0 0.0 0.0 -0.7224162220954895 0.6914584636688232
1638453157722228050 1.9066544771194458 -2.3985378742218018 0.0 0.0 0.0 -0.7224404811859131 0.6914330720901489
1638453157890228033 1.9057109355926514 -2.420462131500244 0.0 0.0 0.0 -0.7217063903808594 0.6921992897987366
163845315824228096 1.9049959182739258 -2.437734603881836 0.0 0.0 0.0 -0.7213894724845886 0.6925296187400818
1638453158157227993 1.9042986631393433 -2.4550585746765137 0.0 0.0 0.0 -0.7210440039634705 0.6928892731666565
1638453158324228048 1.9034652709960938 -2.476606845855713 0.0 0.0 0.0 -0.7203006148338318 0.6936619877815247
1638453158492228031 1.902646780014038 -2.49833345413208 0.0 0.0 0.0 -0.7201680541038513 0.693799614906311
1638453158684330940 1.9016886949539185 -2.5242085456848145 0.0 0.0 0.0 -0.7198780179023743 0.6941006183624268
1638453158820331097 1.9010355472564697 -2.541863441467285 0.0 0.0 0.0 -0.7202476263046265 0.6937170624732971
163845315924331093 1.9000134468078613 -2.568394422531128 0.0 0.0 0.0 -0.7210299968719482 0.6929038763046265
1638453159159331083 1.8993231058120728 -2.5858957767486572 0.0 0.0 0.0 -0.7207742929458618 0.6931698322296143
1638453159324331045 1.8984888792037964 -2.6073431968688965 0.0 0.0 0.0 -0.7206802368164062 0.6932675838470459
1638453159490330935 1.8976659774780273 -2.6289682388305664 0.0 0.0 0.0 -0.7200236320495605 0.6939495205879211
1638453159625330925 1.8970203399658203 -2.646547317504883 0.0 0.0 0.0 -0.7199389934539795 0.6940373182296753
1638453159792330980 1.896238923072815 -2.668199300765991 0.0 0.0 0.0 -0.7194768786430359 0.6945164203643799
1638453159994331121 1.8953163623809814 -2.694329023361206 0.0 0.0 0.0 -0.7192906141281128 0.694709300994873
1638453160194330931 1.894416332244873 -2.720104694366455 0.0 0.0 0.0 -0.7193008065223694 0.6946987509727478
1638453160361330986 1.8936625719070435 -2.7415802478790283 0.0 0.0 0.0 -0.7194839715957642 0.6945090293884277
1638453160528331041 1.8928860425949097 -2.763232469558716 0.0 0.0 0.0 -0.7196827530860901 0.694303035736084
1638453160728331089 1.891973853111267 -2.789210319519043 0.0 0.0 0.0 -0.7192089557647705 0.6947938203811646
1638453160928331137 1.8910950422286987 -2.8153162002563477 0.0 0.0 0.0 -0.7187865376472473 0.6952308416366577
163845316164331055 1.890523910522461 -2.8328726291656494 0.0 0.0 0.0 -0.7183506488800049 0.6956812143325806
1638453161221503973 1.889840006828308 -2.8544774055480957 0.0 0.0 0.0 -0.7181708216667175 0.6958668231964111
1638453161389503956 1.8891624212265015 -2.876284599304199 0.0 0.0 0.0 -0.7177881598472595 0.6962615251541138
1638453161591503859 1.8883696794509888 -2.902393102645874 0.0 0.0 0.0 -0.717620313167572 0.6964345574378967
1638453161758503914 1.887718915939331 -2.923872232437134 0.0 0.0 0.0 -0.7178674936294556 0.6961798071861267
1638453161925503969 1.8870465755462646 -2.9454262256622314 0.0 0.0 0.0 -0.7182708978652954 0.6957635283470154
1638453162129503965 1.886172890663147 -2.9718360900878906 0.0 0.0 0.0 -0.719078779220581 0.6949285268783569
1638453162329504013 1.885269284248352 -2.997941255569458 0.0 0.0 0.0 -0.719385027885437 0.6946115493774414
1638453162531503916 1.8851255178451538 -3.002115249633789 0.0 0.0 0.0 -0.7188360691070557 0.6951796412467957
1638453162731503963 1.8851195573806763 -3.0022921562194824 0.0 0.0 0.0 -0.7191105484962463 0.6948956847190857
1638453162865504026 1.8851176500320435 -3.002342700958252 0.0 0.0 0.0 -0.7227036356925964 0.6911580562591553
163845316336504030 1.8851182460784912 -3.002342700958252 0.0 0.0 0.0 -0.7332645654678345 0.6799434423446655
1638453163237504005 1.8851275444030762 -3.0022671222686768 0.0 0.0 0.0 -0.7514337301254272 0.6598085761070251
1638453163440504074 1.8851275444030762 -3.002267360687256 0.0 0.0 0.0 -0.7752863764762878 0.6316099166870117
1638453163638934135 1.8851336240768433 -3.0022428035736084 0.0 0.0 0.0 -0.8033563494682312 0.5954985618591309
1638453163840934038 1.8851354122161865 -3.0022432804107666 0.0 0.0 0.0 -0.8331362009048462 0.5530679225921631
163845316438933992 1.8850812911987305 -3.0023574829101562 0.0 0.0 0.0 -0.8638766407966614 0.5037034153938293
1638453164240934134 1.885013461112976 -3.0024642944335938 0.0 0.0 0.0 -0.8918113112449646 0.45240750908851624
1638453164441934109 1.885000228881836 -3.002486228942871 0.0 0.0 0.0 -0.9164729714393616 0.400096595287323
1638453164575934172 1.8849644660949707 -3.0025219917297363 0.0 0.0 0.0 -0.9310939908027649 0.3647792935371399
1638453164779934168 1.8850027322769165 -3.002488613128662 0.0 0.0 0.0 -0.9511473774909973 0.3087371289730072
1638453164947934151 1.8850663900375366 -3.0024473667144775 0.0 0.0 0.0 -0.9648277759552002 0.26288285851478577
1638453165120934010 1.8850455284118652 -3.0024619102478027 0.0 0.0 0.0 -0.9770344495773315 0.21308152377605438
1638453165322934151 1.885069489479065 -3.0024538040161133 0.0 0.0 0.0 -0.9879342913627625 0.15487362444400787
1638453165490934134 1.8851425647735596 -3.0024330615997314 0.0 0.0 0.0 -0.9942342042922974 0.10723016411066055
1638453165689934015 1.8851675987243652 -3.002429246902466 0.0 0.0 0.0 -0.9964308142662048 0.08441375941038132
1638453165863934040 1.8851426839828491 -3.0024335384368896 0.0 0.0 0.0 -0.9964315891265869 0.08440425992012024
163845316630934095 1.8851675987243652 -3.002429246902466 0.0 0.0 0.0 -0.9964168071746826 0.08457863330841064
1638453166189960957 1.8851675987243652 -3.002429246902466 0.0 0.0 0.0 -0.9964057803153992 0.08470810204744339
1638453166324960947 1.8851925134658813 -3.002424955368042 0.0 0.0 0.0 -0.9967269897460938 0.08084092289209366
1638453166459960938 1.8851674795150757 -3.0024287700653076 0.0 0.0 0.0 -0.9972018599510193 0.07475555688142776
1638453166625961065 1.88514244556427 -3.002432107925415 0.0 0.0 0.0 -0.9977462887763977 0.06709937751293182
1638453166791960955 1.8851674795150757 -3.0024290084838867 0.0 0.0 0.0 -0.9982454180717468 0.059211842715740204
1638453166926960945 1.885192632675171 -3.0024263858795166 0.0 0.0 0.0 -0.9986372590065002 0.05218835547566414
163845316760961008 1.8852429389953613 -3.0024211406707764 0.0 0.0 0.0 -0.9989500641822815 0.045812733471393585
1638453167228960991 1.8852683305740356 -3.0024194717407227 0.0 0.0 0.0 -0.9992906451225281 0.03765963390469551
1638453167368960857 1.8852177858352661 -3.002423048019409 0.0 0.0 0.0 -0.9995147585868835 0.03114919178187847
1638453167536960840 1.8852430582046509 -3.0024218559265137 0.0 0.0 0.0 -0.9997293949127197 0.023263458162546158
1638453167670960903 1.8852430582046509 -3.0024218559265137 0.0 0.0 0.0 0.9998601078987122 -0.01672706939280033
1638453167837960958 1.8852683305740356 -3.0024211406707764 0.0 0.0 0.0 0.9998960494995117 -0.014419099316000938
1638453167972960949 1.8851165771484375 -3.0024254322052 0.0 0.0 0.0 0.9999009966850281 -0.014070089906454086
1638453168139961004 1.882788896560669 -3.0024898052215576 0.0 0.0 0.0 0.9999051094055176 -0.013773764483630657
1638453168275960922 1.8798792362213135 -3.0025699138641357 0.0 0.0 0.0 0.9999054074287415 -0.01375600416213274
1638453168443960905 1.8754009008407593 -3.0026934146881104 0.0 0.0 0.0 0.9999048709869385 -0.013792001642286777
1638453168575960875 1.8705936670303345 -3.0028254985809326 0.0 0.0 0.0 0.9999038577079773 -0.013864951208233833
1638453168740097046 1.8634841442108154 -3.0030226707458496 0.0 0.0 0.0 0.9999027848243713 -0.013944575563073158
1638453168874097109 1.8560457229614258 -3.0032286643981934 0.0 0.0 0.0 0.9999025464057922 -0.01396007090806961
163845316910097027 1.847494125366211 -3.0034704208374023 0.0 0.0 0.0 0.9998971819877625 -0.014340667985379696
1638453169177097082 1.8349707126617432 -3.0038352012634277 0.0 0.0 0.0 0.9998897910118103 -0.01484737265855074
1638453169310096979 1.8240666389465332 -3.0041589736938477 0.0 0.0 0.0 0.9998879432678223 -0.014970025978982449
1638453169479096889 1.808836579322815 -3.004622220993042 0.0 0.0 0.0 0.9998812675476074 -0.015407711267471313
1638453169613096952 1.7954282760620117 -3.005038261413574 0.0 0.0 0.0 0.9998806118965149 -0.015451218001544476
1638453169813097000 1.7734440565109253 -3.005723476409912 0.0 0.0 0.0 0.9998785257339478 -0.01558805350214243
1638453169981096983 1.7537366151809692 -3.0063374042510986 0.0 0.0 0.0 0.9998806118965149 -0.015452767722308636
1638453170115097046 1.7377227544784546 -3.0068321228027344 0.0 0.0 0.0 0.9998833537101746 -0.015272901393473148
1638453170318097115 1.7133846282958984 -3.0075557231903076 0.0 0.0 0.0 0.9998968839645386 -0.014359620399773121
1638453170486097097 1.6933465003967285 -3.0081214904785156 0.0 0.0 0.0 0.9999046325683594 -0.013811311684548855
1638453170620096922 1.6775330305099487 -3.0085458755493164 0.0 0.0 0.0 0.9999116063117981 -0.013294229283928871
1638453170789097071 1.6571905612945557 -3.0090909004211426 0.0 0.0 0.0 0.9999111890792847 -0.013327128253877163
1638453170923096895 1.640390396118164 -3.009542465209961 0.0 0.0 0.0 0.9999078512191772 -0.013577206991612911
1638453171125097036 1.6140774488449097 -3.010272979736328 0.0 0.0 0.0 0.9998961091041565 -0.014413258992135525
1638453171280256987 1.5925981998443604 -3.0109124183654785 0.0 0.0 0.0 0.9998844861984253 -0.015200192108750343
1638453171412256956 1.5756477117538452 -3.0114262104034424 0.0 0.0 0.0 0.9998862743377686 -0.015082784928381443
1638453171580256939 1.553814172744751 -3.012075185775757 0.0 0.0 0.0 0.9998902678489685 -0.014813044108450413
1638453171781256914 1.5278311967849731 -3.012836456298828 0.0 0.0 0.0 0.9998955726623535 -0.014449852518737316
1638453171947257042 1.5055923461914062 -3.013474941253662 0.0 0.0 0.0 0.9999001026153564 -0.014135648496448994
1638453172114257097 1.4823404550552368 -3.014113664627075 0.0 0.0 0.0 0.9999078512191772 -0.013576134108006954
1638453172279257059 1.4593416452407837 -3.014742851257324 0.0 0.0 0.0 0.999904990196228 -0.013785207644104958
1638453172480257034 1.431333065032959 -3.01550555229187 0.0 0.0 0.0 0.9999078512191772 -0.01357696857303381
1638453172682256937 1.4031219482421875 -3.016265869140625 0.0 0.0 0.0 0.999908983707428 -0.013489954173564911
1638453172883256912 1.3751640319824219 -3.0170273780822754 0.0 0.0 0.0 0.9999073147773743 -0.013613204471766949
163845317385257053 1.3471298217773438 -3.0177764892578125 0.0 0.0 0.0 0.9999136328697205 -0.013142847456037998
1638453173290256977 1.3186147212982178 -3.018538236618042 0.0 0.0 0.0 0.9999094605445862 -0.01345717441290617
1638453173488256931 1.2911370992660522 -3.01926851272583 0.0 0.0 0.0 0.9999120831489563 -0.013259662315249443
1638453173686924934 1.263532280921936 -3.0199828147888184 0.0 0.0 0.0 0.9999135732650757 -0.013147257268428802
1638453173819924831 1.2449101209640503 -3.0204758644104004 0.0 0.0 0.0 0.9999107122421265 -0.013364080339670181
1638453173984925032 1.2218859195709229 -3.021103620529175 0.0 0.0 0.0 0.9999045729637146 -0.013812622986733913
1638453174119925022 1.2030370235443115 -3.0216331481933594 0.0 0.0 0.0 0.9998983144760132 -0.014259852468967438
1638453174286924839 1.1797103881835938 -3.022305965423584 0.0 0.0 0.0 0.9998944997787476 -0.01452482771128416
1638453174487924814 1.1519056558609009 -3.023116111755371 0.0 0.0 0.0 0.999896764755249 -0.014368560165166855
1638453174687924862 1.1241005659103394 -3.0239107608795166 0.0 0.0 0.0 0.9999020099639893 -0.01399952545762062
1638453174886924982 1.096471905708313 -3.0246777534484863 0.0 0.0 0.0 0.9999050498008728 -0.013779963366687298
163845317585924864 1.068741798400879 -3.0254323482513428 0.0 0.0 0.0 0.9999080896377563 -0.013555631972849369
1638453175285924911 1.0409610271453857 -3.0261967182159424 0.0 0.0 0.0 0.9998993277549744 -0.014190956018865108
1638453175420924902 1.0220869779586792 -3.026735782623291 0.0 0.0 0.0 0.9998955726623535 -0.014451521448791027
1638453175586925030 0.998937726020813 -3.027416467666626 0.0 0.0 0.0 0.9998903274536133 -0.014808634296059608
1638453175717924833 0.9805198311805725 -3.027968645095825 0.0 0.0 0.0 0.999886155128479 -0.015087433159351349
1638453175883924961 0.9574725031852722 -3.0286738872528076 0.0 0.0 0.0 0.9998779892921448 -0.015621309168636799
163845317651924944 0.9341729283332825 -3.029409408569336 0.0 0.0 0.0 0.9998729825019836 -0.015936696901917458
1638453176216584921 0.9112024307250977 -3.0301401615142822 0.0 0.0 0.0 0.9998741149902344 -0.015867922455072403
1638453176420584917 0.8827928900718689 -3.0310420989990234 0.0 0.0 0.0 0.9998757243156433 -0.015764223411679268
1638453176588584900 0.859467625617981 -3.0317654609680176 0.0 0.0 0.0 0.9998853206634521 -0.01514428947120905
1638453176723584890 0.8408219218254089 -3.032320261001587 0.0 0.0 0.0 0.9998920559883118 -0.014692178927361965
1638453176922585011 0.8129929900169373 -3.03316593170166 0.0 0.0 0.0 0.9998807907104492 -0.015438701957464218
163845317791584921 0.789389431476593 -3.0338973999023438 0.0 0.0 0.0 0.9998749494552612 -0.015812616795301437
1638453177259584904 0.7659388780593872 -3.034661293029785 0.0 0.0 0.0 0.9998639225959778 -0.016496431082487106
1638453177411584854 0.74481600522995 -3.035360336303711 0.0 0.0 0.0 0.9998608231544495 -0.016682252287864685
1638453177578584909 0.7217200398445129 -3.0361251831054688 0.0 0.0 0.0 0.9998624324798584 -0.01658749394118786
1638453177779584885 0.6937168836593628 -3.037066698074341 0.0 0.0 0.0 0.9998517632484436 -0.017217187210917473
1638453177912585020 0.6752254962921143 -3.0376977920532227 0.0 0.0 0.0 0.9998571872711182 -0.016900373622775078
163845317878584909 0.6521548628807068 -3.0384628772735596 0.0 0.0 0.0 0.999866783618927 -0.016321096569299698
1638453178213584900 0.633510947227478 -3.039074182510376 0.0 0.0 0.0 0.9998646378517151 -0.016453759744763374
1638453178379585028 0.6102887392044067 -3.03985333442688 0.0 0.0 0.0 0.9998552799224854 -0.01701110415160656
1638453178578584909 0.5824127793312073 -3.0408108234405518 0.0 0.0 0.0 0.9998472332954407 -0.017478097230196
1638453178785698175 0.5547152161598206 -3.041799783706665 0.0 0.0 0.0 0.9998330473899841 -0.018272023648023605
1638453178918698072 0.5363268852233887 -3.042477607727051 0.0 0.0 0.0 0.9998257756233215 -0.01866522803902626
163845317985698128 0.5131331086158752 -3.043341636657715 0.0 0.0 0.0 0.9998260140419006 -0.018652116879820824
1638453179219698191 0.49444153904914856 -3.0440402030944824 0.0 0.0 0.0 0.9998258948326111 -0.018658671528100967
1638453179356698036 0.47542083263397217 -3.04474139213562 0.0 0.0 0.0 0.9998326301574707 -0.0182940736413002
1638453179524698019 0.452175498008728 -3.045581817626953 0.0 0.0 0.0 0.9998399019241333 -0.017891807481646538
1638453179691698074 0.4290062487125397 -3.046424627304077 0.0 0.0 0.0 0.9998322129249573 -0.018316838890314102
1638453179892698050 0.4009304344654083 -3.0474588871002197 0.0 0.0 0.0 0.9998281002044678 -0.018540555611252785
163845318091698170 0.37305793166160583 -3.048511266708374 0.0 0.0 0.0 0.9998175501823425 -0.01910121738910675
1638453180291697979 0.3452112674713135 -3.049577236175537 0.0 0.0 0.0 0.9998132586479187 -0.019325289875268936
1638453180423698187 0.3270261883735657 -3.0502727031707764 0.0 0.0 0.0 0.9998246431350708 -0.01872553676366806
1638453180591698170 0.3037818372249603 -3.0511398315429688 0.0 0.0 0.0 0.9998260736465454 -0.018650686368346214
1638453180757698059 0.2804614305496216 -3.0520050525665283 0.0 0.0 0.0 0.9998250603675842 -0.01870563253760338
1638453180930698156 0.2565081715583801 -3.0528788566589355 0.0 0.0 0.0 0.9998424649238586 -0.01775008998811245
163845318165698147 0.23781517148017883 -3.053537368774414 0.0 0.0 0.0 0.9998487234115601 -0.017394304275512695
1638453181230289936 0.214593768119812 -3.0543386936187744 0.0 0.0 0.0 0.9998565316200256 -0.01693720556795597
1638453181431289911 0.18664094805717468 -3.0552690029144287 0.0 0.0 0.0 0.9998652935028076 -0.016414783895015717
1638453181631289959 0.15858636796474457 -3.056185722351074 0.0 0.0 0.0 0.999866783618927 -0.01632300391793251
1638453181767290115 0.1395377218723297 -3.056812286376953 0.0 0.0 0.0 0.9998626112937927 -0.01657700538635254
1638453181935290098 0.11634036153554916 -3.0575757026672363 0.0 0.0 0.0 0.9998688697814941 -0.016194870695471764
163845318268289995 0.0978732705116272 -3.0581743717193604 0.0 0.0 0.0 0.9998684525489807 -0.016218949109315872
1638453182235290051 0.07601586729288101 -3.058868646621704 0.0 0.0 0.0 0.9998771548271179 -0.015674231573939323
1638453182439290047 0.074776291847229 -3.058908224105835 0.0 0.0 0.0 0.999871551990509 -0.01602633111178875
1638453182574290037 0.074776291847229 -3.058908224105835 0.0 0.0 0.0 0.9998732805252075 -0.015921082347631454
1638453182742290020 0.07462450116872787 -3.058913230895996 0.0 0.0 0.0 0.9998798966407776 -0.015499968081712723
1638453182942290068 0.07447268813848495 -3.0589168071746826 0.0 0.0 0.0 0.9999858140945435 -0.0053290314972400665
1638453183111289978 0.07432083040475845 -3.058915615081787 0.0 0.0 0.0 0.9999475479125977 0.010244266130030155
1638453183279289961 0.07439668476581573 -3.0589189529418945 0.0 0.0 0.0 0.9994623064994812 0.03278890997171402
1638453183480289936 0.07429558038711548 -3.058912515640259 0.0 0.0 0.0 0.997664749622345 0.0683007538318634
1638453183613290071 0.07422079145908356 -3.0588996410369873 0.0 0.0 0.0 0.9952878952026367 0.09696407616138458
1638453183769637108 0.07419673353433609 -3.058891534805298 0.0 0.0 0.0 0.9900272488594055 0.14087611436843872
1638453183935636997 0.07424509525299072 -3.058906316757202 0.0 0.0 0.0 0.9820394515991211 0.18867558240890503
1638453184133637190 0.07435768097639084 -3.0589640140533447 0.0 0.0 0.0 0.9676026701927185 0.2524779140949249
1638453184333636999 0.07442081719636917 -3.0590062141418457 0.0 0.0 0.0 0.9482938051223755 0.31739386916160583
1638453184533637047 0.07451356947422028 -3.0590922832489014 0.0 0.0 0.0 0.924651563167572 0.38081419467926025
1638453184733637094 0.07459525018930435 -3.0591888427734375 0.0 0.0 0.0 0.896918535232544 0.442195862531662
1638453184966637135 0.0746271163225174 -3.0592286586761475 0.0 0.0 0.0 0.859367311000824 0.5113587975502014
1638453185131637096 0.07463741302490234 -3.0592517852783203 0.0 0.0 0.0 0.8296645879745483 0.5582622289657593
1638453185330636978 0.07459147274494171 -3.0591070652008057 0.0 0.0 0.0 0.7901240587234497 0.6129469871520996
1638453185531637192 0.0745430663228035 -3.05885910987854 0.0 0.0 0.0 0.7470979690551758 0.6647139191627502
1638453185663637161 0.07452937960624695 -3.0587077140808105 0.0 0.0 0.0 0.7218515872955322 0.6920478940010071
1638453185866636992 0.07453146576881409 -3.05875825881958 0.0 0.0 0.0 0.7210937142372131 0.6928375363349915
163845318632637119 0.0745304524898529 -3.0587329864501953 0.0 0.0 0.0 0.721072793006897 0.6928593516349792
1638453186244910002 0.07448700070381165 -3.0575950145721436 0.0 0.0 0.0 0.7202409505844116 0.6937239766120911
1638453186413909912 0.07438425719738007 -3.0548131465911865 0.0 0.0 0.0 0.7200018763542175 0.693972110748291
1638453186580909967 0.074215367436409 -3.0502095222473145 0.0 0.0 0.0 0.7197969555854797 0.6941846609115601
1638453186714910030 0.07403604686260223 -3.0452516078948975 0.0 0.0 0.0 0.7198225259780884 0.694158136844635
1638453186881910086 0.0737699493765831 -3.037890911102295 0.0 0.0 0.0 0.7197285890579224 0.694255530834198
163845318716910076 0.07352020591497421 -3.0308587551116943 0.0 0.0 0.0 0.7195743322372437 0.6944154500961304
1638453187183909893 0.07317572832107544 -3.02099347114563 0.0 0.0 0.0 0.7190823554992676 0.6949248313903809
1638453187318910122 0.0728694275021553 -3.0120389461517334 0.0 0.0 0.0 0.7189443707466125 0.6950675845146179
1638453187486910105 0.07247146964073181 -3.000250816345215 0.0 0.0 0.0 0.7188456058502197 0.6951697468757629
1638453187619910002 0.07213646918535233 -2.990182876586914 0.0 0.0 0.0 0.7188268303871155 0.6951891779899597
1638453187786910057 0.0716954842209816 -2.9768259525299072 0.0 0.0 0.0 0.7187822461128235 0.6952352523803711
1638453187985909939 0.07115975767374039 -2.9608383178710938 0.0 0.0 0.0 0.7189086675643921 0.6951045393943787
1638453188185909986 0.07056739926338196 -2.943333387374878 0.0 0.0 0.0 0.7189096212387085 0.6951035857200623
1638453188319910049 0.07015437632799149 -2.93111515045166 0.0 0.0 0.0 0.7187728881835938 0.6952449679374695
1638453188485909939 0.06960645318031311 -2.9148242473602295 0.0 0.0 0.0 0.7190308570861816 0.6949781775474548
1638453188620909929 0.06912488490343094 -2.900683879852295 0.0 0.0 0.0 0.7192552089691162 0.6947459578514099
1638453188793372154 0.06846414506435394 -2.8815858364105225 0.0 0.0 0.0 0.7192689776420593 0.6947317123413086
1638453188993372202 0.06757426261901855 -2.856417179107666 0.0 0.0 0.0 0.7195664644241333 0.6944235563278198
1638453189162372112 0.0667838305234909 -2.8345627784729004 0.0 0.0 0.0 0.7200626730918884 0.6939089894294739
1638453189329372168 0.06599848717451096 -2.813189744949341 0.0 0.0 0.0 0.7199000716209412 0.694077730178833
1638453189462372065 0.06537120789289474 -2.7960658073425293 0.0 0.0 0.0 0.7200503945350647 0.6939218044281006
1638453189628372192 0.06457572430372238 -2.7745916843414307 0.0 0.0 0.0 0.7201178073883057 0.6938518285751343
1638453189797372103 0.0636974349617958 -2.7514491081237793 0.0 0.0 0.0 0.72031170129776 0.6936505436897278
1638453189963371992 0.06280487030744553 -2.7281551361083984 0.0 0.0 0.0 0.7206868529319763 0.6932607293128967
1638453190131372213 0.06188130006194115 -2.7046852111816406 0.0 0.0 0.0 0.721168577671051 0.69275963306427
1638453190333372116 0.06069323793053627 -2.674943685531616 0.0 0.0 0.0 0.7209739685058594 0.692962110042572
1638453190534372091 0.05949738249182701 -2.6450250148773193 0.0 0.0 0.0 0.7212443947792053 0.6926806569099426
1638453190732372046 0.05830290541052818 -2.615410327911377 0.0 0.0 0.0 0.7211968898773193 0.692730188369751
1638453190934372187 0.05710354074835777 -2.5855422019958496 0.0 0.0 0.0 0.7210626006126404 0.6928699016571045
1638453191104372025 0.05609271675348282 -2.5602262020111084 0.0 0.0 0.0 0.7209790945053101 0.692956805229187
1638453191335783958 0.054688792675733566 -2.525223970413208 0.0 0.0 0.0 0.7212910056114197 0.6926321387290955
1638453191536783934 0.053462591022253036 -2.495129108428955 0.0 0.0 0.0 0.7217166423797607 0.6921886205673218
1638453191736783981 0.052175670862197876 -2.4651637077331543 0.0 0.0 0.0 0.722480058670044 0.6913917660713196
1638453191870784044 0.05128669738769531 -2.445061445236206 0.0 0.0 0.0 0.722628653049469 0.6912364363670349
163845319236783934 0.050188906490802765 -2.420281410217285 0.0 0.0 0.0 0.7228087782859802 0.6910480856895447
1638453192169784069 0.04928024485707283 -2.400078296661377 0.0 0.0 0.0 0.7228918075561523 0.6909612417221069
1638453192335783958 0.048097576946020126 -2.373655080795288 0.0 0.0 0.0 0.7225068807601929 0.6913636922836304
1638453192469784021 0.04711448401212692 -2.351200819015503 0.0 0.0 0.0 0.7223808169364929 0.6914954781532288
1638453192636784077 0.04581613838672638 -2.321742534637451 0.0 0.0 0.0 0.7224301099777222 0.6914439797401428
1638453192768784046 0.04474518075585365 -2.297645330429077 0.0 0.0 0.0 0.7226367592811584 0.6912279725074768
1638453192934783936 0.043339814990758896 -2.2663679122924805 0.0 0.0 0.0 0.7228699326515198 0.6909841299057007
163845319369783926 0.04219486564397812 -2.2406270503997803 0.0 0.0 0.0 0.7226422429084778 0.6912222504615784
1638453193236783981 0.040794726461172104 -2.2090704441070557 0.0 0.0 0.0 0.722583532333374 0.6912835836410522
1638453193436784029 0.0391402505338192 -2.171292781829834 0.0 0.0 0.0 0.7220862507820129 0.6918030381202698
1638453193635783911 0.03753669932484627 -2.1334872245788574 0.0 0.0 0.0 0.721619188785553 0.692290186882019
1638453193837635040 0.035952962934970856 -2.0952248573303223 0.0 0.0 0.0 0.7217608094215393 0.6921425461769104
163845319438635015 0.03435228019952774 -2.0568368434906006 0.0 0.0 0.0 0.7218818664550781 0.6920163035392761
1638453194240634918 0.03275783360004425 -2.0185751914978027 0.0 0.0 0.0 0.7216508984565735 0.6922571659088135
1638453194410634995 0.031443722546100616 -1.9864068031311035 0.0 0.0 0.0 0.720904529094696 0.6930344104766846
1638453194577635050 0.030222663655877113 -1.954918622970581 0.0 0.0 0.0 0.7205712199211121 0.6933808922767639
1638453194746634960 0.02902441844344139 -1.9228975772857666 0.0 0.0 0.0 0.72001713514328 0.6939562559127808
1638453194914634943 0.027829265221953392 -1.8909271955490112 0.0 0.0 0.0 0.7204771041870117 0.6934787034988403
163845319582634926 0.026589911431074142 -1.8590091466903687 0.0 0.0 0.0 0.7208712697029114 0.6930689215660095
1638453195322634935 0.024772319942712784 -1.8133594989776611 0.0 0.0 0.0 0.721034586429596 0.6928991079330444
1638453195490634918 0.023507190868258476 -1.781493067741394 0.0 0.0 0.0 0.7210143804550171 0.6929200887680054
1638453195657634974 0.022286999970674515 -1.7502328157424927 0.0 0.0 0.0 0.7205143570899963 0.6934400200843811
1638453195822634935 0.021080531179904938 -1.7187440395355225 0.0 0.0 0.0 0.7205997109413147 0.6933513283729553
1638453195988635063 0.019882310181856155 -1.6872297525405884 0.0 0.0 0.0 0.7202819585800171 0.6936814188957214
1638453196181948900 0.018448607996106148 -1.649037480354309 0.0 0.0 0.0 0.7201665639877319 0.69380122423172
1638453196380949020 0.01703478954732418 -1.611199140548706 0.0 0.0 0.0 0.7196345329284668 0.6943530440330505
1638453196514948845 0.01614721305668354 -1.5858279466629028 0.0 0.0 0.0 0.7191867232322693 0.6948168277740479
1638453196683948994 0.015079261735081673 -1.5541568994522095 0.0 0.0 0.0 0.718676745891571 0.6953443288803101
1638453196917948961 0.013625848107039928 -1.5098111629486084 0.0 0.0 0.0 0.7183330655097961 0.6956993937492371
163845319783948851 0.012586262077093124 -1.477987289428711 0.0 0.0 0.0 0.7187823057174683 0.6952351927757263
1638453197384948969 0.010561246424913406 -1.4208714962005615 0.0 0.0 0.0 0.7201251983642578 0.6938441395759583
1638453197584949017 0.009142204187810421 -1.3829066753387451 0.0 0.0 0.0 0.7202867865562439 0.6936764121055603
1638453197786948919 0.007712719962000847 -1.3448915481567383 0.0 0.0 0.0 0.7204391956329346 0.6935181021690369
1638453197988948822 0.0062502240762114525 -1.306573748588562 0.0 0.0 0.0 0.7208057045936584 0.6931371688842773
1638453198155948877 0.004997191485017538 -1.2747069597244263 0.0 0.0 0.0 0.7209360599517822 0.6930015683174133
1638453198388948917 0.003187747672200203 -1.2304755449295044 0.0 0.0 0.0 0.7218612432479858 0.69203782081604
1638453198588948965 0.0015943249454721808 -1.1925175189971924 0.0 0.0 0.0 0.7217538356781006 0.692149817943573
1638453198763444901 0.00021737591305281967 -1.160579800605774 0.0 0.0 0.0 0.722540557384491 0.6913285255432129
1638453198930444956 -0.0011649542720988393 -1.1290477514266968 0.0 0.0 0.0 0.7222683429718018 0.6916128993034363
1638453199132444859 -0.0028442037291824818 -1.0907388925552368 0.0 0.0 0.0 0.7225932478904724 0.6912735104560852
1638453199364444971 -0.004920505918562412 -1.0465446710586548 0.0 0.0 0.0 0.7242760062217712 0.68951016664505
1638453199531445026 -0.006490853149443865 -1.0148693323135376 0.0 0.0 0.0 0.7243466973304749 0.6894358992576599
1638453199666445017 -0.007749159354716539 -0.9892098307609558 0.0 0.0 0.0 0.7239395976066589 0.6898633241653442
1638453199831444979 -0.009239786304533482 -0.9580373167991638 0.0 0.0 0.0 0.7236947417259216 0.6901202201843262
163845320033444881 -0.01098061352968216 -0.9199591875076294 0.0 0.0 0.0 0.7227384448051453 0.6911216378211975
1638453200265444994 -0.012911132536828518 -0.8757835626602173 0.0 0.0 0.0 0.7222439050674438 0.6916384696960449
1638453200432445049 -0.014269284904003143 -0.8441743850708008 0.0 0.0 0.0 0.7221163511276245 0.6917715668678284
1638453200566444874 -0.015360213816165924 -0.8187098503112793 0.0 0.0 0.0 0.7222576141357422 0.691624104976654
1638453200733444929 -0.01674475520849228 -0.7868991494178772 0.0 0.0 0.0 0.7224559783935547 0.6914169192314148
1638453200932445049 -0.018397020176053047 -0.749323844909668 0.0 0.0 0.0 0.7225947380065918 0.691271960735321
163845320165444946 -0.019487202167510986 -0.7242900133132935 0.0 0.0 0.0 0.7224250435829163 0.6914492249488831
1638453201220710039 -0.020861953496932983 -0.6929094791412354 0.0 0.0 0.0 0.7226051092147827 0.6912610530853271
1638453201386709929 -0.022267628461122513 -0.6613530516624451 0.0 0.0 0.0 0.7226051092147827 0.6912610530853271
1638453201585710049 -0.02395467646420002 -0.6235765814781189 0.0 0.0 0.0 0.7229148745536804 0.6909371018409729
1638453201718709946 -0.025121226906776428 -0.5982674360275269 0.0 0.0 0.0 0.7233534455299377 0.6904779672622681
1638453201892709970 -0.02669566683471203 -0.5652491450309753 0.0 0.0 0.0 0.7240179181098938 0.6897811889648438
163845320292710018 -0.028492387384176254 -0.5275284051895142 0.0 0.0 0.0 0.7234398722648621 0.6903874278068542
1638453202427710056 -0.03141555190086365 -0.4640659689903259 0.0 0.0 0.0 0.723209023475647 0.690629243850708
1638453202630709887 -0.03322598338127136 -0.42538297176361084 0.0 0.0 0.0 0.7239062786102295 0.6898983716964722
1638453202832710028 -0.03510354086756706 -0.3870072662830353 0.0 0.0 0.0 0.7244162559509277 0.6893628239631653
163845320340709972 -0.03704344108700752 -0.34762096405029297 0.0 0.0 0.0 0.7245612144470215 0.6892104744911194
1638453203174710035 -0.03829379752278328 -0.32236650586128235 0.0 0.0 0.0 0.7242375016212463 0.6895506381988525
1638453203476709843 -0.0410744734108448 -0.2651306390762329 0.0 0.0 0.0 0.7241675853729248 0.6896240711212158
1638453203713559866 -0.04329196363687515 -0.22063906490802765 0.0 0.0 0.0 0.7248538136482239 0.6889026761054993
1638453203881560087 -0.04493560642004013 -0.1886632740497589 0.0 0.0 0.0 0.7253161072731018 0.6884159445762634
163845320454559946 -0.04664599150419235 -0.15593059360980988 0.0 0.0 0.0 0.7253903746604919 0.6883377432823181
1638453204221560001 -0.04830137640237808 -0.12443695217370987 0.0 0.0 0.0 0.7254325151443481 0.6882932782173157
1638453204456559896 -0.05063825845718384 -0.0801796019077301 0.0 0.0 0.0 0.7258884906768799 0.6878124475479126
1638453204690559864 -0.05310200899839401 -0.03537144511938095 0.0 0.0 0.0 0.7267431616783142 0.6869093179702759
1638453204858560085 -0.054930202662944794 -0.003659195266664028 0.0 0.0 0.0 0.7276062369346619 0.6859950423240662
163845320528559923 -0.056406185030937195 0.02097454108297825 0.0 0.0 0.0 0.7281602025032043 0.6854069828987122
1638453205161560059 -0.056445974856615067 0.02163141593337059 0.0 0.0 0.0 0.7282863855361938 0.6852729320526123
1638453205362560034 -0.05645821988582611 0.02183353155851364 0.0 0.0 0.0 0.7256311774253845 0.6880838871002197
1638453205562560081 -0.05645881965756416 0.0218335073441267 0.0 0.0 0.0 0.7154109477996826 0.6987038850784302
1638453205729559898 -0.05645998194813728 0.022010670974850655 0.0 0.0 0.0 0.7037168741226196 0.7104805111885071
1638453205861559868 -0.05646327883005142 0.02190948650240898 0.0 0.0 0.0 0.691407322883606 0.7224651575088501
163845320628559923 -0.056457482278347015 0.021985189989209175 0.0 0.0 0.0 0.6721353530883789 0.7404282689094543
1638453206274819136 -0.05645764619112015 0.021959615871310234 0.0 0.0 0.0 0.6359827518463135 0.7717032432556152
1638453206440819025 -0.05647208169102669 0.021884994581341743 0.0 0.0 0.0 0.605105459690094 0.7961453199386597
1638453206608819008 -0.05648557096719742 0.021836070343852043 0.0 0.0 0.0 0.5672528743743896 0.8235436677932739
1638453206840819120 -0.056624848395586014 0.021538348868489265 0.0 0.0 0.0 0.5108868479728699 0.8596479296684265
16384532078819103 -0.05664058402180672 0.021518275141716003 0.0 0.0 0.0 0.46831583976745605 0.8835611343383789
1638453207181818962 -0.05662452057003975 0.021537812426686287 0.0 0.0 0.0 0.4234921932220459 0.9058997631072998
1638453207384819031 -0.056590933352708817 0.021575625985860825 0.0 0.0 0.0 0.36917844414711 0.9293585419654846
1638453207618818998 -0.056592125445604324 0.021577171981334686 0.0 0.0 0.0 0.30615881085395813 0.951980471611023
1638453207786818981 -0.05650823563337326 0.021633801981806755 0.0 0.0 0.0 0.2592932879924774 0.9657986164093018
163845320818819094 -0.05651124194264412 0.02163984812796116 0.0 0.0 0.0 0.19522501528263092 0.9807584881782532
1638453208184818983 -0.05646441876888275 0.021659281104803085 0.0 0.0 0.0 0.1473560333251953 0.9890835285186768
1638453208385818958 -0.05629324913024902 0.021704649552702904 0.0 0.0 0.0 0.08910917490720749 0.9960218667984009
1638453208583819151 -0.05619316175580025 0.02171934023499489 0.0 0.0 0.0 0.032435838133096695 0.9994738101959229
1638453208860038042 -0.05619309842586517 0.021716631948947906 0.0 0.0 0.0 -0.0002960432320833206 0.9999999403953552
163845320930038118 -0.05619309842586517 0.021716631948947906 0.0 0.0 0.0 -0.00018265098333358765 1.0
1638453209230037928 -0.05619309842586517 0.021716631948947906 0.0 0.0 0.0 -0.00015967339277267456 1.0
1638453209432038069 -0.03055310233357513 0.05645876993147543 -0.0011729416727760704 -0.0007760542416577318 -0.0004806080120577042 -0.016542157832934393 0.9998627773701126
1638453209567038059 -0.030553102151215976 0.05645877551642789 -0.0011729416813615705 -0.0007759771149442403 -0.0004807325099426746 -0.016702574368598913 0.9998600995659005
1638453209733037949 -0.03052780626420252 0.056457942142183554 -0.0011729167127624792 -0.0007761368998926756 -0.0004804744744051535 -0.016370132008221128 0.9998655850393884
1638453209872038126 -0.030527806446561674 0.056457936557231095 -0.001172916704176979 -0.0007760557548990631 -0.00048060556735639575 -0.01653900852073114 0.9998628287706923
1638453210137037992 -0.030527806446561674 0.056457936557231095 -0.001172916704176979 -0.00077608369393372 -0.00048056043073927416 -0.016480862644741915 0.9998637777816318
1638453210270037889 -0.030527806689707206 0.056457929110627816 -0.0011729166927296455 -0.0007760257731252861 -0.00048065390072389976 -0.016601308430254907 0.9998617523483491
1638453210438038111 -0.030553102455147897 0.05645876620817379 -0.0011729416670524036 -0.0007760621282312698 -0.0004805952709857753 -0.016525744534030034 0.9998630452549789
1638453210572037935 -0.030527806568134447 0.056457932833929456 -0.0011729166984533123 -0.0007761048354632599 -0.0004805262757609103 -0.0164368635313168 0.9998644959003162
1638453210739037991 -0.030553102212002366 0.05645877365477707 -0.0011729416784997371 -0.0007760935859323458 -0.0004805444498236833 -0.0164602757156498 0.9998641137851847
1638453210943037987 -0.03055310202964321 0.05645877923972953 -0.0011729416870852373 -0.0007760069887084998 -0.0004806842476932473 -0.016640401991732435 0.9998611142941985
1638453211178038120 -0.03052780620341615 0.05645794400383437 -0.0011729167156243126 -0.0007761002259386605 -0.0004805337226304787 -0.016446456734840728 0.9998643393276456
1638453211339871168 -0.030553101908070437 0.05645878296303117 -0.0011729416928089038 -0.0007760870184112751 -0.000480555059914105 -0.0164739438423557 0.999863890704845
1638453211471871138 -0.030553101786497665 0.05645878668633281 -0.0011729416985325706 -0.0007760708658352668 -0.00048058115504043166 -0.016507560096210655 0.9998633420469719
1638453211674871206 -0.03055310184728406 0.05645878482468199 -0.0011729416956707372 -0.0007760962723607766 -0.0004805401097921469 -0.016454684801850764 0.9998642050356521
1638453211839871168 -0.03052780583869783 0.0564579551737393 -0.0011729167327953127 -0.0007760792991802143 -0.0004805675306376337 -0.01649000887314533 0.9998636285041351
163845321237871122 -0.030553101786497665 0.05645878668633281 -0.0011729416985325706 -0.0007761108195228592 -0.00048051660827560583 -0.016424409687021618 0.9998646991621001
1638453212268871069 -0.03055310172571129 0.056458788547983633 -0.001172941701394404 -0.0007760750529767151 -0.0004805743905475739 -0.016498845943757064 0.9998634842724671
1638453212467871189 -0.0305531016649249 0.05645879040963445 -0.0011729417042562374 -0.0007760721678850226 -0.00048057905152747843 -0.01650485030954257 0.9998633862739639
1638453212635871172 -0.030553101908070437 0.05645878296303117 -0.0011729416928089038 -0.0007760905630292014 -0.00048054933344344683 -0.016466566890470966 0.9998640111056115
1638453212834871054 -0.030527805960270597 0.056457951450437666 -0.0011729167270716461 -0.0007761060319172279 -0.00048052434284213475 -0.0164343735074163 0.9998645365405143
1638453212966871023 -0.030553101664924896 0.05645879040963445 -0.0011729417042562374 -0.0007760934221693867 -0.00048054471438923 -0.016460616534179188 0.9998641082226146
1638453213133871078 -0.03055310172571129 0.056458788547983633 -0.001172941701394404 -0.0007761158594845256 -0.00048050846601790654 -0.016413920670860335 0.9998648703555151
1638453213306871176 -0.030553101664924896 0.05645879040963445 -0.0011729417042562376 -0.0007760784418855985 -0.0004805689156310421 -0.016491793048834698 0.9998635993842325
1638453213507871151 -0.0305531016649249 0.05645879040963445 -0.0011729417042562374 -0.000776082210223414 -0.00048056282773204146 -0.016483950497866096 0.9998637273841385
1638453213709871054 -0.030553101543352133 0.05645879413293609 -0.0011729417099799041 -0.0007759874490133673 -0.00048071581484467903 -0.016681067415717083 0.9998604505853531
1638453213922904968 -0.030553101543352133 0.05645879413293609 -0.0011729417099799041 -0.0007760873862067731 -0.00048055446572590994 -0.01647317839746183 0.9998639031978304
1638453214123904943 -0.030553101543352133 0.05645879413293609 -0.0011729417099799041 -0.0007760682957411783 -0.00048058530712923 -0.01651290889848608 0.9998632547480572
1638453214424905062 -0.030527805838697828 0.0564579551737393 -0.0011729167327953127 -0.000776104392497879 -0.00048052699138902843 -0.01643778541750285 0.99986448085402
1638453214626904964 -0.03055310184728406 0.05645878482468199 -0.0011729416956707372 -0.0007760600673236494 -0.0004805986004636662 -0.016530033632790587 0.9998629752517056
1638453214803905010 -0.030527805717125066 0.056457958897040944 -0.0011729167385189795 -0.0007762475016366742 -0.00048029579290691433 -0.01613995099553696 0.9998693418715866
163845321536905050 -0.030553101543352133 0.05645879413293609 -0.0011729417099799041 -0.0007760153182474188 -0.0004806707909932003 -0.016623066806642023 0.9998613972253612
1638453215269905090 -0.030553102029643214 0.05645877923972953 -0.0011729416870852373 -0.0007761274499645511 -0.0004804897411383396 -0.016389798913523528 0.9998652640517353
1638453215572905064 -0.0305531020904296 0.05645877737807871 -0.0011729416842234039 -0.0007761881031111824 -0.0004803917535775547 -0.01626356941469909 0.9998673242696481
1638453215737905025 -0.030553101786497665 0.05645878668633281 -0.0011729416985325706 -0.0007760664021760352 -0.00048058836625872067 -0.0165168497291319 0.9998631904289402
1638453215937905073 -0.030553101968856827 0.05645878110138035 -0.0011729416899470704 -0.0007760974571813104 -0.00048053819566764514 -0.016452218989102624 0.999864245280695
1638453216137904882 -0.030527806021056973 0.05645794958878684 -0.0011729167242098128 -0.0007760663636962143 -0.0004805884284243956 -0.016516929812174327 0.9998631891218882
1638453216322191000 -0.030553101786497665 0.05645878668633281 -0.0011729416985325706 -0.0007761003861221013 -0.00048053346384778543 -0.01644612336589668 0.9998643447686295
1638453216523190975 -0.030553101786497665 0.05645878668633281 -0.0011729416985325706 -0.0007760602820947431 -0.00048059825349245743 -0.016529586657670077 0.9998629825468796
1638453216774191141 -0.03052780577791145 0.056457957035390124 -0.001172916735657146 -0.0007760916306205132 -0.00048054760870739656 -0.016464345051642768 0.9998640473687054
1638453216909191132 -0.03052780583869783 0.0564579551737393 -0.0011729167327953127 -0.0007760570506846619 -0.0004806034739634361 -0.016536311770837402 0.9998628727849084
1638453217142191172 -0.030553101482565757 0.05645879599458692 -0.0011729417128417375 -0.0007760833019764738 -0.0004805610639617302 -0.016481678374336842 0.9998637644679393
1638453217343191147 -0.030527805534765903 0.0564579644819934 -0.0011729167471044796 -0.0007760904968081141 -0.0004805494404262362 -0.01646670470779979 0.9998640088562663
1638453217544191122 -0.030527805656338676 0.056457960758691764 -0.0011729167413808128 -0.0007760958213414797 -0.0004805408384316853 -0.016455623449603836 0.9998641897157868
1638453217712191105 -0.030553101543352133 0.05645879413293609 -0.0011729417099799041 -0.0007762524467411076 -0.0004802878038948323 -0.016129659393387237 0.9998695098429664
1638453217912191153 -0.0305531012394202 0.0564588034411902 -0.001172941724289071 -0.0007761151301576865 -0.000480509644274303 -0.01641543852387373 0.9998648455823202
163845321878191042 -0.030553101239420205 0.0564588034411902 -0.001172941724289071 -0.0007761444141963179 -0.0004804623347499865 -0.016354493466192315 0.9998658402792866
1638453218279191017 -0.030553101239420205 0.0564588034411902 -0.001172941724289071 -0.0007761026072131623 -0.00048052987558720137 -0.01644150089819208 0.9998644202128866
1638453218414191008 -0.03052780529162037 0.05645797192859668 -0.0011729167585518131 -0.0007760432912874988 -0.0004806255994389706 -0.01656485015959205 0.9998623473913698
1638453218580191135 -0.030527805291620365 0.05645797192859668 -0.0011729167585518131 -0.0007761015038266683 -0.00048053165815178646 -0.0164437972328737 0.9998643827339305
1638453218712191105 -0.030527805230833982 0.0564579737902475 -0.0011729167614136465 -0.0007761238570231288 -0.00048049554567751977 -0.016397276434810377 0.9998651420095546
1638453218942670107 -0.030527805291620365 0.05645797192859668 -0.0011729167585518131 -0.0007760759594897066 -0.0004805729260399302 -0.016496959336269247 0.9998635150641804
1638453219143670082 -0.030553100996274667 0.056458810887793476 -0.0011729417357364046 -0.0007761132339079047 -0.00048051270774093383 -0.01641938494170856 0.9998647811720137
1638453219344670057 -0.030527805291620365 0.05645797192859668 -0.0011729167585518131 -0.0007760806423944297 -0.0004805653606218655 -0.016487213416245813 0.9998636741293688
1638453219513669968 -0.0305278055955523 0.05645796262034258 -0.0011729167442426462 -0.0007760018225688159 -0.0004806925937965317 -0.016651153605777014 0.9998609388148688
1638453219677670002 -0.030553101360992985 0.05645879971788856 -0.0011729417185654043 -0.0007761137028247927 -0.000480511950187128 -0.01641840904602878 0.9998647970998101
1638453219811670065 -0.030553101360992988 0.05645879971788856 -0.0011729417185654043 -0.0007761122316428006 -0.0004805143269399081 -0.01642147082560427 0.9998647471278687
