1638453107486268044 5.062138006906025e-05 1.6639068789459088e-08 0.0 0.0 0.0 0.0003033578395843506 0.9999999403953552
1638453107687268019 1.4704690590172653e-11 -1.2471635280064675e-08 0.0 0.0 0.0 0.0003075394779443741 0.9999999403953552
1638453107855268002 2.531070276745595e-05 -9.295158420741245e-09 0.0 0.0 0.0 0.00020373985171318054 1.0
1638453107992268085 2.531070276745595e-05 -1.0290149177194508e-08 0.0 0.0 0.0 0.00011290237307548523 1.0
1638453108159268141 5.0621387345017865e-05 2.1743298272980383e-09 0.0 0.0 0.0 0.0003630947321653366 0.9999999403953552
1638453108291268110 2.531070822442416e-05 -1.8704275461800535e-08 0.0 0.0 0.0 0.0002044420689344406 1.0
1638453108460268021 2.531070822442416e-05 -1.8268940138455037e-08 0.0 0.0 0.0 0.00028353743255138397 0.9999999403953552
1638453108592128038 2.441754784476835e-11 -2.994496739461283e-08 0.0 0.0 0.0 0.00027192384004592896 0.9999999403953552
1638453108759127855 2.531070822442416e-05 -1.9123817196486925e-08 0.0 0.0 0.0 0.0002621859312057495 0.9999999403953552
1638453108961127996 2.5310700948466547e-05 -7.027398662984297e-09 0.0 0.0 0.0 0.00033913180232048035 0.9999999403953552
163845310994127893 5.062138370703906e-05 8.777008453364488e-09 0.0 0.0 0.0 0.0003035496920347214 0.9999999403953552
1638453109262127876 1.8824277206452855e-11 -1.8657649647479957e-08 0.0 0.0 0.0 0.0002678725868463516 0.9999999403953552
1638453109397127867 1.7875558672164615e-11 -1.7292242304733918e-08 0.0 0.0 0.0 0.00026443786919116974 0.9999999403953552
1638453109566128016 2.5310700948466547e-05 -6.698470222943342e-09 0.0 0.0 0.0 0.0002630632370710373 0.9999999403953552
1638453109734127998 2.5310700948466547e-05 -7.0182060163404e-09 0.0 0.0 0.0 0.00019673630595207214 1.0
1638453109902127981 0.00020248549117241055 7.129557388907415e-08 0.0 0.0 0.0 9.744614362716675e-05 1.0
163845311034127951 0.001341466442681849 -2.343785432401546e-08 0.0 0.0 0.0 -9.274482727050781e-05 1.0
1638453110199127913 0.0029866609256714582 -1.389031751841685e-07 0.0 0.0 0.0 -0.00010642223060131073 1.0
1638453110366127968 0.005087447818368673 -1.8850781202672806e-07 0.0 0.0 0.0 0.00011731497943401337 1.0
1638453110499127865 0.007669137790799141 3.154966066176712e-07 0.0 0.0 0.0 0.0001077558845281601 1.0
1638453110633127928 0.01040269248187542 1.253655796062958e-06 0.0 0.0 0.0 -8.627772331237793e-06 1.0
1638453110798127890 0.014452401548624039 1.1204468819414615e-06 0.0 0.0 0.0 -0.0002173595130443573 1.0
1638453110932127953 0.018375558778643608 -3.5246225138507725e-07 0.0 0.0 0.0 -3.6928802728652954e-05 1.0
1638453111109650135 0.02439950406551361 -5.014461024188677e-08 0.0 0.0 0.0 -5.459785461425781e-05 1.0
1638453111242650032 0.02974005974829197 -2.203484427809599e-06 0.0 0.0 0.0 -0.0002041645348072052 1.0
1638453111408650160 0.036776430904865265 -3.879684300045483e-06 0.0 0.0 0.0 -0.00010678544640541077 1.0
1638453111542649984 0.04350907355546951 -7.4386753112776205e-06 0.0 0.0 0.0 -9.91523265838623e-05 1.0
1638453111710649967 0.0518869124352932 -9.66926381806843e-06 0.0 0.0 0.0 -0.0001797303557395935 1.0
1638453111844650030 0.058568935841321945 -1.2047956261085346e-05 0.0 0.0 0.0 2.1405518054962158e-05 1.0
1638453111977650166 0.06557998806238174 -1.2406003406795207e-05 0.0 0.0 0.0 -0.0002707578241825104 0.9999999403953552
1638453112146650076 0.07534991204738617 -1.4322607057692949e-05 0.0 0.0 0.0 -6.780773401260376e-05 1.0
1638453112281650066 0.08332277834415436 -1.951912599906791e-05 0.0 0.0 0.0 -0.0003305487334728241 0.9999999403953552
1638453112447650194 0.09402920305728912 -2.454176683386322e-05 0.0 0.0 0.0 -0.0002819318324327469 0.9999999403953552
1638453112581650019 0.10329291224479675 -2.8736047170241363e-05 0.0 0.0 0.0 -0.0002631731331348419 0.9999999403953552
1638453112764650106 0.1162772923707962 -3.546323569025844e-05 0.0 0.0 0.0 -0.0003544837236404419 0.9999999403953552
1638453112916650057 0.12809737026691437 -4.1637566027930006e-05 0.0 0.0 0.0 -0.00024344958364963531 1.0
163845311348650026 0.1385253667831421 -5.475657235365361e-05 0.0 0.0 0.0 -0.0008209923980757594 0.9999996423721313
1638453113181650162 0.14930769801139832 -7.425892545143142e-05 0.0 0.0 0.0 -0.0009088999358937144 0.9999995827674866
1638453113348649979 0.16386131942272186 -0.0001031369756674394 0.0 0.0 0.0 -0.0009515936253592372 0.9999995231628418
1638453113509747982 0.17879459261894226 -0.0001332454412477091 0.0 0.0 0.0 -0.0012487020576372743 0.9999992251396179
1638453113709748030 0.19661325216293335 -0.00017989776097238064 0.0 0.0 0.0 -0.0013475115410983562 0.9999991059303284
1638453113844748020 0.20878766477108002 -0.00020992766076233238 0.0 0.0 0.0 -0.0012339294189587235 0.9999992251396179
163845311410747910 0.22422713041305542 -0.0002526406606193632 0.0 0.0 0.0 -0.0015614250442013144 0.9999988079071045
1638453114179748058 0.24098274111747742 -0.0003006983024533838 0.0 0.0 0.0 -0.0012497432762756944 0.9999992251396179
1638453114344748020 0.25751054286956787 -0.00034696515649557114 0.0 0.0 0.0 -0.0015196067979559302 0.9999988675117493
1638453114491748095 0.27216535806655884 -0.0003943257324863225 0.0 0.0 0.0 -0.0017535453662276268 0.9999984502792358
1638453114656748056 0.28907278180122375 -0.00045577154378406703 0.0 0.0 0.0 -0.0018816355150192976 0.9999982118606567
1638453114795747995 0.30405664443969727 -0.0005019631353206933 0.0 0.0 0.0 -0.0012366451555863023 0.9999992251396179
1638453114961748123 0.3222043812274933 -0.0005457285442389548 0.0 0.0 0.0 -0.000998215633444488 0.9999995231628418
163845311597748041 0.3369351923465729 -0.0005762219079770148 0.0 0.0 0.0 -0.0011263878550380468 0.9999993443489075
1638453115266747952 0.35531070828437805 -0.0006084823398850858 0.0 0.0 0.0 -0.0006310175522230566 0.9999998211860657
1638453115401747942 0.3700161874294281 -0.0006285388953983784 0.0 0.0 0.0 -0.0006578880711458623 0.9999997615814209
1638453115536747932 0.38467106223106384 -0.0006535704014822841 0.0 0.0 0.0 -0.0008728614775463939 0.9999996423721313
1638453115705748081 0.403046578168869 -0.0006844174931757152 0.0 0.0 0.0 -0.0008367969421669841 0.9999996423721313
1638453115838747978 0.4177267849445343 -0.0007045699749141932 0.0 0.0 0.0 -0.0007198042585514486 0.9999997615814209
16384531168080006 0.4360770285129547 -0.0007226555026136339 0.0 0.0 0.0 -0.00037895143032073975 0.9999999403953552
1638453116141079903 0.45078250765800476 -0.0007269666530191898 0.0 0.0 0.0 0.00017814897000789642 1.0
1638453116310080051 0.46923398971557617 -0.0007242324063554406 0.0 0.0 0.0 8.64621251821518e-05 1.0
1638453116444079876 0.4839394986629486 -0.0007158942753449082 0.0 0.0 0.0 0.0004208572208881378 0.9999999403953552
1638453116609079838 0.5018341541290283 -0.0006950529059395194 0.0 0.0 0.0 0.0008402502862736583 0.9999996423721313
1638453116742079973 0.5162865519523621 -0.0006681657396256924 0.0 0.0 0.0 0.0011576132383197546 0.9999993443489075
1638453116909080029 0.5344595909118652 -0.0006214805180206895 0.0 0.0 0.0 0.001440578605979681 0.9999989867210388
163845311743079853 0.5490384697914124 -0.0005801666993647814 0.0 0.0 0.0 0.0012610886478796601 0.9999992251396179
1638453117211079836 0.567388653755188 -0.0005475960788317025 0.0 0.0 0.0 0.000519895926117897 0.9999998807907104
1638453117378079891 0.5854858160018921 -0.000540669250767678 0.0 0.0 0.0 -4.086829721927643e-05 1.0
1638453117547080040 0.603810727596283 -0.0005360118229873478 0.0 0.0 0.0 0.00014447979629039764 1.0
1638453117684079885 0.6187440752983093 -0.0005293984431773424 0.0 0.0 0.0 0.0006825159653089941 0.9999997615814209
1638453117783079863 0.6296530365943909 -0.0005171577213332057 0.0 0.0 0.0 0.0006072613759897649 0.9999998211860657
1638453117951079845 0.6482310891151428 -0.0004971681628376245 0.0 0.0 0.0 0.0004205424338579178 0.9999999403953552
163845311883080053 0.6627088189125061 -0.00048790336586534977 0.0 0.0 0.0 5.8921054005622864e-05 1.0
1638453118215080023 0.6772624850273132 -0.0004841334302909672 0.0 0.0 0.0 -6.154179573059082e-05 1.0
1638453118387079954 0.6959924101829529 -0.00047882896615192294 0.0 0.0 0.0 0.00038551539182662964 0.9999999403953552
1638453118541507006 0.7141401767730713 -0.0004630421462934464 0.0 0.0 0.0 0.0003935638815164566 0.9999999403953552
1638453118706506968 0.7320601344108582 -0.00045632373075932264 0.0 0.0 0.0 0.00011885352432727814 1.0
1638453118908507109 0.754131019115448 -0.0004556653439067304 0.0 0.0 0.0 -9.256228804588318e-05 1.0
163845311943507099 0.7686340808868408 -0.00045899426913820207 0.0 0.0 0.0 -0.0004504136450123042 0.9999998807907104
1638453119241507053 0.7902746796607971 -0.0004953272873535752 0.0 0.0 0.0 -0.0015587130328640342 0.9999988079071045
1638453119407507181 0.8082451224327087 -0.0005602626479230821 0.0 0.0 0.0 -0.0018641491187736392 0.9999982714653015
1638453119540507078 0.8227733373641968 -0.000615861383266747 0.0 0.0 0.0 -0.0018374313367530704 0.9999983310699463
1638453119707507133 0.8411487340927124 -0.0006970430840738118 0.0 0.0 0.0 -0.0026265557389706373 0.999996542930603
1638453119907507181 0.8631433844566345 -0.0008132850052788854 0.0 0.0 0.0 -0.002053257543593645 0.9999979138374329
1638453120106507063 0.8850116729736328 -0.0008878661901690066 0.0 0.0 0.0 -0.0015721742529422045 0.9999987483024597
1638453120306507111 0.9067788124084473 -0.0009367830352857709 0.0 0.0 0.0 -0.0009397807298228145 0.9999995827674866
1638453120506507158 0.9285460114479065 -0.0009539189632050693 0.0 0.0 0.0 0.0002249162644147873 1.0
1638453120705507040 0.9502626061439514 -0.0009526012581773102 0.0 0.0 0.0 0.00014165975153446198 1.0
1638453120910506964 0.9725106954574585 -0.0009421737631782889 0.0 0.0 0.0 0.00031621940433979034 0.9999999403953552
163845312153102016 0.986963152885437 -0.0009334536152891815 0.0 0.0 0.0 3.4261494874954224e-05 1.0
1638453121187102079 1.001542091369629 -0.0009296060306951404 0.0 0.0 0.0 0.0001188814640045166 1.0
1638453121353102207 1.019588589668274 -0.0009192581637762487 0.0 0.0 0.0 0.00043866224586963654 0.9999998807907104
1638453121487102032 1.0342687368392944 -0.0009040989098139107 0.0 0.0 0.0 0.0006223879172466695 0.9999998211860657
1638453121654102087 1.05259370803833 -0.0008843024843372405 0.0 0.0 0.0 0.00041935965418815613 0.9999999403953552
1638453121786102057 1.0671979188919067 -0.000869999872520566 0.0 0.0 0.0 0.0005632545216940343 0.9999998211860657
1638453121953102112 1.0854723453521729 -0.0008373281452804804 0.0 0.0 0.0 0.0008849872974678874 0.9999995827674866
1638453122153102160 1.1073662042617798 -0.0007938697817735374 0.0 0.0 0.0 0.0013003606582060456 0.9999991655349731
1638453122354102135 1.1291838884353638 -0.0007307046907953918 0.0 0.0 0.0 0.0016568388091400266 0.9999986290931702
1638453122486102104 1.143585443496704 -0.0006736541399732232 0.0 0.0 0.0 0.0020079989917576313 0.9999979734420776
1638453122655102015 1.161986231803894 -0.0005915493238717318 0.0 0.0 0.0 0.002398946788161993 0.9999971389770508
1638453122788102150 1.1764131784439087 -0.000533263839315623 0.0 0.0 0.0 0.0020213783718645573 0.9999979734420776
1638453122956102133 1.1946368217468262 -0.0004705017199739814 0.0 0.0 0.0 0.001419698353856802 0.9999989867210388
1638453123157102108 1.2164798974990845 -0.0003987543168477714 0.0 0.0 0.0 0.001543461694382131 0.9999988079071045
1638453123291102171 1.2310842275619507 -0.00035561699769459665 0.0 0.0 0.0 0.0013654525391757488 0.9999990463256836
1638453123458101988 1.2493584156036377 -0.00029554369393736124 0.0 0.0 0.0 0.0017453515902161598 0.9999984502792358
1638453123665911913 1.272112488746643 -0.00023418240016326308 0.0 0.0 0.0 0.0011060477700084448 0.9999994039535522
1638453123799911976 1.2868432998657227 -0.00019796108244918287 0.0 0.0 0.0 0.0011699849274009466 0.9999993443489075
1638453123964911938 1.3049404621124268 -0.00015264988178387284 0.0 0.0 0.0 0.0013374403351917863 0.9999991059303284
1638453124131911993 1.3231388330459595 -0.00010966048284899443 0.0 0.0 0.0 0.0009437314001843333 0.9999995827674866
1638453124298912048 1.341185212135315 -7.58173264330253e-05 0.0 0.0 0.0 0.0009538790909573436 0.9999995231628418
1638453124498911858 1.3630282878875732 -3.7169487768551335e-05 0.0 0.0 0.0 0.0008778012124821544 0.9999996423721313
1638453124630912066 1.3774046897888184 -1.2772187801601831e-05 0.0 0.0 0.0 0.0005426350980997086 0.9999998807907104
1638453124797911882 1.395451307296753 3.7218155739537906e-06 0.0 0.0 0.0 0.0004672873474191874 0.9999998807907104
1638453124963912010 1.4135737419128418 1.2734742995235138e-05 0.0 0.0 0.0 3.8001686334609985e-05 1.0
163845312597911835 1.4281021356582642 1.0887963071581908e-05 0.0 0.0 0.0 -0.00027946196496486664 0.9999999403953552
1638453125230911970 1.4426305294036865 3.981528152507963e-06 0.0 0.0 0.0 -0.00027765892446041107 0.9999999403953552
1638453125432911873 1.4648534059524536 -1.262309160665609e-05 0.0 0.0 0.0 -0.0005038101226091385 0.9999998807907104
1638453125598912001 1.4831024408340454 -3.153441139147617e-05 0.0 0.0 0.0 -0.000465130404336378 0.9999998807907104
1638453125764911890 1.5013262033462524 -5.8535562857287005e-05 0.0 0.0 0.0 -0.000944865751080215 0.9999995827674866
1638453125964911938 1.523194670677185 -9.9700759164989e-05 0.0 0.0 0.0 -0.0007731373771093786 0.9999997019767761
1638453126133863926 1.5412919521331787 -0.0001332458487013355 0.0 0.0 0.0 -0.0009370463667437434 0.9999995827674866
1638453126298863888 1.5592373609542847 -0.00017247976211365312 0.0 0.0 0.0 -0.00127409549895674 0.9999991655349731
1638453126500864029 1.581308126449585 -0.0002399461081949994 0.0 0.0 0.0 -0.0016361747402697802 0.9999986886978149
1638453126666863918 1.5992532968521118 -0.0003006506012752652 0.0 0.0 0.0 -0.0018586487276479602 0.9999982714653015
1638453126865864038 1.6209696531295776 -0.00038863139343447983 0.0 0.0 0.0 -0.002283613895997405 0.9999973773956299
163845312764863920 1.6425087451934814 -0.0004857888852711767 0.0 0.0 0.0 -0.002246646210551262 0.9999974966049194
1638453127264863968 1.6645288467407227 -0.0005899866227991879 0.0 0.0 0.0 -0.0023819408379495144 0.9999971389770508
1638453127431864023 1.6829042434692383 -0.0006842970615252852 0.0 0.0 0.0 -0.0026998152025043964 0.9999963641166687
1638453127597863913 1.7011781930923462 -0.0007856684387661517 0.0 0.0 0.0 -0.00303701963275671 0.9999954104423523
1638453127797863960 1.7231221199035645 -0.0009207474067807198 0.0 0.0 0.0 -0.003181686857715249 0.9999949336051941
1638453127933863878 1.7378273010253906 -0.0010134753538295627 0.0 0.0 0.0 -0.0032564306166023016 0.999994695186615
163845312899864006 1.755924105644226 -0.0011214911937713623 0.0 0.0 0.0 -0.0024729531724005938 0.9999969601631165
1638453128232863903 1.7703763246536255 -0.0011836818885058165 0.0 0.0 0.0 -0.002160631353035569 0.9999976754188538
1638453128364863873 1.7847779989242554 -0.0012447749031707644 0.0 0.0 0.0 -0.0019903299398720264 0.9999980330467224
1638453128552016020 1.8065704107284546 -0.0013328671921044588 0.0 0.0 0.0 -0.001884485362097621 0.9999982118606567
1638453128685016155 1.8210986852645874 -0.0013848517555743456 0.0 0.0 0.0 -0.0015949506778270006 0.9999987483024597
1638453128853016138 1.8392715454101562 -0.001449289731681347 0.0 0.0 0.0 -0.0018841351848095655 0.9999982118606567
163845312957016134 1.8615448474884033 -0.001516339834779501 0.0 0.0 0.0 -0.0011400764342397451 0.9999993443489075
1638453129258016109 1.8837169408798218 -0.0015717926435172558 0.0 0.0 0.0 -0.0010565684642642736 0.999999463558197
1638453129390016079 1.898270606994629 -0.0015937999123707414 0.0 0.0 0.0 -0.00042328983545303345 0.9999998807907104
1638453129556015968 1.9164689779281616 -0.001601008465513587 0.0 0.0 0.0 -4.223920404911041e-05 1.0
1638453129756016016 1.9382867813110352 -0.0015910875517874956 0.0 0.0 0.0 0.0004124250262975693 0.9999999403953552
1638453129955016136 1.9598766565322876 -0.0015727248974144459 0.0 0.0 0.0 0.00046788525651209056 0.9999998807907104
1638453130156016111 1.9817451238632202 -0.0015362966805696487 0.0 0.0 0.0 0.0009237880585715175 0.9999995827674866
1638453130288016081 1.9960709810256958 -0.0015089268563315272 0.0 0.0 0.0 0.0009593160939402878 0.9999995231628418
1638453130453016043 1.9995638132095337 -0.0015033329837024212 0.0 0.0 0.0 0.0007405429496429861 0.9999997019767761
1638453130587016106 1.9995890855789185 -0.0015032816445454955 0.0 0.0 0.0 0.0007752533419989049 0.9999997019767761
1638453130787016153 1.9997915029525757 -0.0015032569644972682 0.0 0.0 0.0 -0.0030202819034457207 0.9999954104423523
1638453130953016043 1.99981689453125 -0.0015033456729725003 0.0 0.0 0.0 -0.014737538062036037 0.9998914003372192
1638453131132613182 1.9999432563781738 -0.0015090390807017684 0.0 0.0 0.0 -0.03346671164035797 0.9994398355484009
1638453131300613165 1.9999181032180786 -0.0015072684036567807 0.0 0.0 0.0 -0.06044085696339607 0.9981718063354492
1638453131436613083 1.9999933242797852 -0.0015171511331573129 0.0 0.0 0.0 -0.08746599406003952 0.9961674809455872
1638453131601613045 2.0000176429748535 -0.0015240914653986692 0.0 0.0 0.0 -0.12598931789398193 0.9920315742492676
1638453131735613108 1.9999927282333374 -0.0015187814133241773 0.0 0.0 0.0 -0.15849949419498444 0.9873590469360352
1638453131834613085 2.000016450881958 -0.0015276317717507482 0.0 0.0 0.0 -0.1817590296268463 0.9833431243896484
1638453132612974 1.9999698400497437 -0.001508068642579019 0.0 0.0 0.0 -0.22051295638084412 0.9753840565681458
1638453132136613131 2.0000364780426025 -0.0015446580946445465 0.0 0.0 0.0 -0.2524934709072113 0.9675986170768738
1638453132302613020 2.000035285949707 -0.001546386512927711 0.0 0.0 0.0 -0.291251003742218 0.9566466808319092
1638453132467612982 2.000014066696167 -0.0015323797706514597 0.0 0.0 0.0 -0.32964232563972473 0.9441059231758118
1638453132601613045 1.9999762773513794 -0.0014989901101216674 0.0 0.0 0.0 -0.36019548773765564 0.9328768253326416
1638453132735613108 1.9999405145645142 -0.0014631937956437469 0.0 0.0 0.0 -0.39045241475105286 0.9206231236457825
1638453132899613142 1.9999078512191772 -0.0014246341306716204 0.0 0.0 0.0 -0.42705225944519043 0.9042269587516785
163845313399613190 1.9998348951339722 -0.0013213239144533873 0.0 0.0 0.0 -0.4705761671066284 0.8823593854904175
1638453133271613121 1.9998087882995605 -0.00127796467859298 0.0 0.0 0.0 -0.5071923732757568 0.861832857131958
1638453133437613010 1.999796986579895 -0.001255583600141108 0.0 0.0 0.0 -0.5405299663543701 0.8413247466087341
1638453133599479914 1.9998230934143066 -0.001326905912719667 0.0 0.0 0.0 -0.5731661319732666 0.819439172744751
1638453133733479977 1.9998279809951782 -0.0013519414933398366 0.0 0.0 0.0 -0.5994608998298645 0.8004040718078613
1638453133898479939 1.9998397827148438 -0.0014011249877512455 0.0 0.0 0.0 -0.6308634281158447 0.7758938670158386
163845313432480001 1.999854564666748 -0.0014755986630916595 0.0 0.0 0.0 -0.6551157236099243 0.7555285096168518
1638453134201479912 1.9998621940612793 -0.0015257156919687986 0.0 0.0 0.0 -0.6857003569602966 0.7278839349746704
1638453134339479923 1.999864935874939 -0.00160159298684448 0.0 0.0 0.0 -0.7090443968772888 0.705163836479187
1638453134506479979 1.9998644590377808 -0.0016015811124816537 0.0 0.0 0.0 -0.7216399908065796 0.6922685503959656
1638453134642480135 1.9998655319213867 -0.0015762922121211886 0.0 0.0 0.0 -0.721807599067688 0.6920937895774841
1638453134808480024 1.9998655319213867 -0.0015762922121211886 0.0 0.0 0.0 -0.7217555046081543 0.6921480894088745
1638453134941479921 1.9998633861541748 -0.0016268690815195441 0.0 0.0 0.0 -0.7217347621917725 0.692169725894928
1638453135145479918 1.9998102188110352 -0.002840617438778281 0.0 0.0 0.0 -0.7228622436523438 0.6909921765327454
1638453135312479973 1.9996837377548218 -0.005596579052507877 0.0 0.0 0.0 -0.7232532501220703 0.6905828714370728
1638453135480479956 1.999494194984436 -0.009717864915728569 0.0 0.0 0.0 -0.7230184078216553 0.6908287405967712
1638453135646480083 1.9992458820343018 -0.015153994783759117 0.0 0.0 0.0 -0.7231662273406982 0.6906740069389343
1638453135815479994 1.9988890886306763 -0.022865498438477516 0.0 0.0 0.0 -0.7233185172080994 0.6905145049095154
1638453135949480057 1.998559832572937 -0.029944833368062973 0.0 0.0 0.0 -0.7234758734703064 0.6903496980667114
163845313691202021 1.9981931447982788 -0.037757229059934616 0.0 0.0 0.0 -0.7234818339347839 0.69034343957901
1638453136245202065 1.9977610111236572 -0.046884164214134216 0.0 0.0 0.0 -0.7237448692321777 0.6900676488876343
1638453136391201973 1.9973468780517578 -0.05553050711750984 0.0 0.0 0.0 -0.7240238189697266 0.6897749900817871
1638453136558202028 1.9968653917312622 -0.06541526317596436 0.0 0.0 0.0 -0.7241916656494141 0.6895987391471863
1638453136691201925 1.9964700937271118 -0.07340367138385773 0.0 0.0 0.0 -0.7244392037391663 0.6893386840820312
1638453136860202074 1.9959735870361328 -0.08336372673511505 0.0 0.0 0.0 -0.7245900630950928 0.6891801357269287
1638453136994202137 1.9955450296401978 -0.0919586792588234 0.0 0.0 0.0 -0.7245702147483826 0.6892009973526001
1638453137163202047 1.9949591159820557 -0.1036628857254982 0.0 0.0 0.0 -0.7245596051216125 0.6892121434211731
1638453137295202017 1.9944661855697632 -0.1134457066655159 0.0 0.0 0.0 -0.7245893478393555 0.689180850982666
1638453137463202000 1.9937936067581177 -0.12684349715709686 0.0 0.0 0.0 -0.7243828773498535 0.6893978714942932
1638453137632201910 1.9930890798568726 -0.1411520093679428 0.0 0.0 0.0 -0.7239670157432556 0.6898345947265625
1638453137797202110 1.99237060546875 -0.15596666932106018 0.0 0.0 0.0 -0.723879873752594 0.689926028251648
1638453137999202013 1.9914789199829102 -0.1745993047952652 0.0 0.0 0.0 -0.7238459587097168 0.6899616122245789
1638453138165201902 1.990702748298645 -0.19103291630744934 0.0 0.0 0.0 -0.7234106063842773 0.6904180645942688
1638453138299201965 1.990070104598999 -0.20440731942653656 0.0 0.0 0.0 -0.7235655784606934 0.6902556419372559
1638453138500201941 1.9891245365142822 -0.22430434823036194 0.0 0.0 0.0 -0.7236175537109375 0.6902011632919312
1638453138649036884 1.9883592128753662 -0.24061180651187897 0.0 0.0 0.0 -0.72358638048172 0.6902338266372681
1638453138783036947 1.987731695175171 -0.25396108627319336 0.0 0.0 0.0 -0.7234973311424255 0.6903272271156311
1638453138951036930 1.9869409799575806 -0.2707487940788269 0.0 0.0 0.0 -0.7234678268432617 0.6903581023216248
1638453139117036819 1.9861702919006348 -0.28720805048942566 0.0 0.0 0.0 -0.7233709096908569 0.6904596090316772
1638453139251036882 1.9855507612228394 -0.3006337285041809 0.0 0.0 0.0 -0.7230916619300842 0.6907520890235901
1638453139385036945 1.9849436283111572 -0.31400930881500244 0.0 0.0 0.0 -0.7229148745536804 0.6909371018409729
1638453139585036993 1.9840443134307861 -0.334035187959671 0.0 0.0 0.0 -0.7225756049156189 0.691291868686676
1638453139752036810 1.9833177328109741 -0.3505977392196655 0.0 0.0 0.0 -0.722217321395874 0.6916662454605103
1638453139952036858 1.9824588298797607 -0.3706507384777069 0.0 0.0 0.0 -0.721925675868988 0.6919705867767334
163845314086036921 1.9818981885910034 -0.3839777112007141 0.0 0.0 0.0 -0.7217284440994263 0.692176342010498
1638453140259037018 1.9811917543411255 -0.4011744558811188 0.0 0.0 0.0 -0.7212374806404114 0.6926879286766052
1638453140392036915 1.980657935142517 -0.41445183753967285 0.0 0.0 0.0 -0.7210192680358887 0.6929149627685547
1638453140558036804 1.980007529258728 -0.4308655858039856 0.0 0.0 0.0 -0.7208483815193176 0.6930928230285645
1638453140760036945 1.9792280197143555 -0.45079514384269714 0.0 0.0 0.0 -0.7206718921661377 0.6932763457298279
1638453140931036949 1.9785703420639038 -0.467816561460495 0.0 0.0 0.0 -0.7205482125282288 0.6934048533439636
163845314197664118 1.9779202938079834 -0.4847622811794281 0.0 0.0 0.0 -0.7205868363380432 0.693364679813385
1638453141230664015 1.9774143695831299 -0.4979141354560852 0.0 0.0 0.0 -0.7206131219863892 0.6933373808860779
1638453141397664070 1.9767680168151855 -0.5147333145141602 0.0 0.0 0.0 -0.7204654216766357 0.6934908628463745
1638453141564664125 1.976133942604065 -0.5312996506690979 0.0 0.0 0.0 -0.7203989624977112 0.6935598850250244
1638453141734663963 1.9754939079284668 -0.5482964515686035 0.0 0.0 0.0 -0.7201278209686279 0.6938414573669434
1638453141900664091 1.9748891592025757 -0.5648893117904663 0.0 0.0 0.0 -0.7196770906448364 0.694308876991272
163845314234663916 1.974414348602295 -0.5782702565193176 0.0 0.0 0.0 -0.7194280028343201 0.6945670247077942
1638453142201663971 1.9738322496414185 -0.5949398875236511 0.0 0.0 0.0 -0.7190927863121033 0.6949141025543213
1638453142333663940 1.973385214805603 -0.6080431938171387 0.0 0.0 0.0 -0.7190970182418823 0.6949096918106079
1638453142500663996 1.9728195667266846 -0.6246120929718018 0.0 0.0 0.0 -0.7191979885101318 0.6948052048683167
1638453142700664043 1.972144603729248 -0.6444441676139832 0.0 0.0 0.0 -0.7188698649406433 0.6951447129249573
1638453142901664019 1.9714653491973877 -0.6643013954162598 0.0 0.0 0.0 -0.7192841172218323 0.6947160363197327
163845314335664082 1.9709960222244263 -0.6775811910629272 0.0 0.0 0.0 -0.7195495963096619 0.6944410800933838
1638453143203664064 1.9703917503356934 -0.6944019794464111 0.0 0.0 0.0 -0.7197885513305664 0.6941933631896973
1638453143335664034 1.9699143171310425 -0.7075802087783813 0.0 0.0 0.0 -0.7197879552841187 0.694193959236145
1638453143502664089 1.9693092107772827 -0.7242742776870728 0.0 0.0 0.0 -0.7197849154472351 0.6941971778869629
1638453143644984961 1.968819260597229 -0.7376546263694763 0.0 0.0 0.0 -0.7197903990745544 0.6941914558410645
1638453143812984943 1.9682127237319946 -0.754399299621582 0.0 0.0 0.0 -0.7198057770729065 0.6941755414009094
1638453143945985079 1.9677428007125854 -0.7676030993461609 0.0 0.0 0.0 -0.7195320725440979 0.6944592595100403
1638453144111984968 1.9671621322631836 -0.7842727303504944 0.0 0.0 0.0 -0.7191876173019409 0.6948159337043762
1638453144244985104 1.9667048454284668 -0.7975276708602905 0.0 0.0 0.0 -0.7192407846450806 0.6947609186172485
1638453144414984941 1.9661264419555664 -0.8143240213394165 0.0 0.0 0.0 -0.7191020846366882 0.6949044466018677
1638453144548985004 1.9656649827957153 -0.8276801109313965 0.0 0.0 0.0 -0.7189981341362 0.6950119733810425
1638453144680984974 1.9652156829833984 -0.8408592939376831 0.0 0.0 0.0 -0.7188941836357117 0.6951195597648621
1638453144848984957 1.9646635055541992 -0.8573779463768005 0.0 0.0 0.0 -0.7188113927841187 0.6952050924301147
163845314548985004 1.963995099067688 -0.8772609233856201 0.0 0.0 0.0 -0.7189766764640808 0.6950342059135437
1638453145182985067 1.9635335206985474 -0.8906676769256592 0.0 0.0 0.0 -0.7191783785820007 0.6948254704475403
1638453145348984957 1.9629600048065186 -0.9071856141090393 0.0 0.0 0.0 -0.7191764116287231 0.6948274970054626
1638453145482985020 1.9624980688095093 -0.9205417037010193 0.0 0.0 0.0 -0.7191582322120667 0.6948463916778564
1638453145648985147 1.961917757987976 -0.9371860027313232 0.0 0.0 0.0 -0.7193707227706909 0.6946263313293457
1638453145851984978 1.9612144231796265 -0.9574730396270752 0.0 0.0 0.0 -0.7191699147224426 0.6948342323303223
163845314658758020 1.9605250358581543 -0.9775832295417786 0.0 0.0 0.0 -0.7190338969230652 0.6949750185012817
1638453146256757975 1.9598673582077026 -0.9973905682563782 0.0 0.0 0.0 -0.7185138463973999 0.6955126523971558
1638453146456758022 1.9592230319976807 -1.0171985626220703 0.0 0.0 0.0 -0.7184714674949646 0.6955564618110657
1638453146655758142 1.9585744142532349 -1.0370569229125977 0.0 0.0 0.0 -0.7187838554382324 0.6952335834503174
1638453146789757967 1.9581302404403687 -1.0503122806549072 0.0 0.0 0.0 -0.7187870740890503 0.69523024559021
1638453146956758022 1.9575802087783813 -1.0668562650680542 0.0 0.0 0.0 -0.7188884615898132 0.6951254606246948
163845314789757919 1.9571360349655151 -1.0800609588623047 0.0 0.0 0.0 -0.7191303968429565 0.6948751211166382
1638453147257758141 1.956557035446167 -1.0967053174972534 0.0 0.0 0.0 -0.7194907665252686 0.6945019960403442
1638453147389758110 1.9560836553573608 -1.1099343299865723 0.0 0.0 0.0 -0.7198270559310913 0.6941534876823425
1638453147558758020 1.9554340839385986 -1.1275385618209839 0.0 0.0 0.0 -0.7200633883476257 0.6939082741737366
1638453147691758156 1.9548895359039307 -1.1421834230422974 0.0 0.0 0.0 -0.7201783061027527 0.6937890648841858
1638453147857758045 1.954206943511963 -1.1603435277938843 0.0 0.0 0.0 -0.7203318476676941 0.6936296224594116
1638453147991758108 1.9536571502685547 -1.1749626398086548 0.0 0.0 0.0 -0.7201883792877197 0.6937785744667053
1638453148158757925 1.9529709815979004 -1.193325400352478 0.0 0.0 0.0 -0.7202032208442688 0.6937631368637085
1638453148359758139 1.9521048069000244 -1.216848373413086 0.0 0.0 0.0 -0.7195926904678345 0.694396436214447
1638453148492758036 1.9515292644500732 -1.232682466506958 0.0 0.0 0.0 -0.7200769186019897 0.6938942670822144
1638453148656213045 1.9507942199707031 -1.2524616718292236 0.0 0.0 0.0 -0.7201995253562927 0.6937669515609741
1638453148789212942 1.950210690498352 -1.2682700157165527 0.0 0.0 0.0 -0.7198057770729065 0.6941755414009094
1638453148956212997 1.9494900703430176 -1.2879486083984375 0.0 0.0 0.0 -0.7201313376426697 0.6938377618789673
163845314996212864 1.9488612413406372 -1.3047178983688354 0.0 0.0 0.0 -0.7205383777618408 0.6934150457382202
1638453149235213041 1.948216438293457 -1.3214359283447266 0.0 0.0 0.0 -0.7205917239189148 0.6933596134185791
1638453149402212858 1.9474470615386963 -1.341365933418274 0.0 0.0 0.0 -0.7205514907836914 0.6934014558792114
1638453149535212994 1.9468470811843872 -1.357275128364563 0.0 0.0 0.0 -0.7201605439186096 0.6938074231147766
1638453149702213049 1.9461071491241455 -1.3772821426391602 0.0 0.0 0.0 -0.7201265692710876 0.6938427090644836
1638453149903213024 1.9452290534973145 -1.4012861251831055 0.0 0.0 0.0 -0.719849705696106 0.6941299438476562
163845315035212994 1.9446563720703125 -1.4170949459075928 0.0 0.0 0.0 -0.7198545336723328 0.6941249370574951
1638453150200212955 1.9439338445663452 -1.436773419380188 0.0 0.0 0.0 -0.7201339602470398 0.6938350796699524
1638453150336212873 1.9433274269104004 -1.4529355764389038 0.0 0.0 0.0 -0.7202897071838379 0.6936733722686768
1638453150503212929 1.9425841569900513 -1.4727652072906494 0.0 0.0 0.0 -0.7201278805732727 0.6938413381576538
1638453150637212992 1.9419877529144287 -1.4886744022369385 0.0 0.0 0.0 -0.7202404737472534 0.6937244534492493
1638453150805212975 1.9412213563919067 -1.508655309677124 0.0 0.0 0.0 -0.7207176685333252 0.6932286620140076
1638453150939213037 1.9405899047851562 -1.5247151851654053 0.0 0.0 0.0 -0.7209829688072205 0.6929527521133423
1638453151112624884 1.939798355102539 -1.5444670915603638 0.0 0.0 0.0 -0.7212216854095459 0.6927043199539185
1638453151247624874 1.9391378164291382 -1.560652494430542 0.0 0.0 0.0 -0.721520185470581 0.6923933625221252
1638453151416625023 1.9382833242416382 -1.5814403295516968 0.0 0.0 0.0 -0.7213650345802307 0.6925550103187561
1638453151551625013 1.937592625617981 -1.598840355873108 0.0 0.0 0.0 -0.7205953598022461 0.6933558583259583
1638453151685624838 1.9369330406188965 -1.6162669658660889 0.0 0.0 0.0 -0.7201551198959351 0.693813145160675
1638453151851624966 1.9361459016799927 -1.6377160549163818 0.0 0.0 0.0 -0.7198005318641663 0.694180965423584
163845315216624928 1.93536376953125 -1.6592158079147339 0.0 0.0 0.0 -0.7199404835700989 0.6940358281135559
1638453152185624838 1.934567928314209 -1.6809685230255127 0.0 0.0 0.0 -0.7195962071418762 0.694392740726471
1638453152358624935 1.9337555170059204 -1.703227162361145 0.0 0.0 0.0 -0.7202780246734619 0.6936854720115662
1638453152492624998 1.9330897331237793 -1.7206789255142212 0.0 0.0 0.0 -0.7206395268440247 0.6933099627494812
1638453152658624887 1.932250738143921 -1.7421766519546509 0.0 0.0 0.0 -0.7209034562110901 0.6930355429649353
1638453152791625023 1.9315625429153442 -1.7595008611679077 0.0 0.0 0.0 -0.7210510969161987 0.6928818821907043
1638453152958624840 1.9306882619857788 -1.781326413154602 0.0 0.0 0.0 -0.7211030721664429 0.6928277611732483
163845315391624975 1.9300079345703125 -1.7984737157821655 0.0 0.0 0.0 -0.7207152843475342 0.6932311654090881
1638453153293624878 1.9289919137954712 -1.8248279094696045 0.0 0.0 0.0 -0.7201544046401978 0.6938138008117676
1638453153461624861 1.9281915426254272 -1.8465297222137451 0.0 0.0 0.0 -0.7199087738990784 0.6940686702728271
1638453153585356951 1.927563190460205 -1.863830804824829 0.0 0.0 0.0 -0.719707190990448 0.6942777037620544
1638453153756356955 1.9267688989639282 -1.8859381675720215 0.0 0.0 0.0 -0.7196736931800842 0.6943123936653137
1638453153961357117 1.9258195161819458 -1.912294864654541 0.0 0.0 0.0 -0.719809353351593 0.6941717863082886
163845315495356941 1.9251794815063477 -1.9297982454299927 0.0 0.0 0.0 -0.7199759483337402 0.6939990520477295
1638453154264357090 1.9243662357330322 -1.9515756368637085 0.0 0.0 0.0 -0.720282256603241 0.6936810612678528
1638453154431357145 1.923567295074463 -1.9733535051345825 0.0 0.0 0.0 -0.7199018001556396 0.6940759420394897
1638453154600357056 1.922763466835022 -1.995359182357788 0.0 0.0 0.0 -0.7199899554252625 0.6939844489097595
1638453154733356953 1.9221378564834595 -2.0126349925994873 0.0 0.0 0.0 -0.7195460200309753 0.6944447159767151
1638453154899357080 1.9213862419128418 -2.0342626571655273 0.0 0.0 0.0 -0.7191174030303955 0.6948885917663574
163845315533357143 1.9207934141159058 -2.0515143871307373 0.0 0.0 0.0 -0.7193577885627747 0.6946397423744202
1638453155202357054 1.9200174808502197 -2.0734450817108154 0.0 0.0 0.0 -0.7198531627655029 0.6941264271736145
1638453155406357050 1.919054388999939 -2.099775791168213 0.0 0.0 0.0 -0.7199957966804504 0.6939784288406372
1638453155539356947 1.9184149503707886 -2.1168994903564453 0.0 0.0 0.0 -0.7204110026359558 0.6935474276542664
1638453155708357096 1.917565107345581 -2.138751268386841 0.0 0.0 0.0 -0.7210580110549927 0.6928747296333313
1638453155908357143 1.9165064096450806 -2.1648502349853516 0.0 0.0 0.0 -0.7213541269302368 0.6925663948059082
1638453156118227959 1.9154552221298218 -2.1905694007873535 0.0 0.0 0.0 -0.7215648889541626 0.6923468112945557
1638453156317228079 1.9143837690353394 -2.2165160179138184 0.0 0.0 0.0 -0.7214441299438477 0.6924726963043213
1638453156451227903 1.9136745929718018 -2.233915328979492 0.0 0.0 0.0 -0.7213292121887207 0.6925923824310303
1638453156587228060 1.9129507541656494 -2.2515926361083984 0.0 0.0 0.0 -0.7215611338615417 0.6923507452011108
1638453156753227949 1.9120615720748901 -2.273138999938965 0.0 0.0 0.0 -0.7215438485145569 0.692368745803833
1638453156890228033 1.9113353490829468 -2.290714740753174 0.0 0.0 0.0 -0.7215674519538879 0.6923441886901855
163845315755227995 1.9104492664337158 -2.3120081424713135 0.0 0.0 0.0 -0.7217814922332764 0.6921210289001465
1638453157222228050 1.9095319509506226 -2.3336293697357178 0.0 0.0 0.0 -0.7221959233283997 0.6916885375976562
1638453157390228033 1.9085708856582642 -2.3553497791290283 0.0 0.0 0.0 -0.722813069820404 0.6910436153411865
1638453157555227995 1.9076071977615356 -2.376791477203369 0.0 0.0 0.0 -0.7226238250732422 0.6912415027618408
1638453157688227892 1.906848430633545 -2.394087314605713 0.0 0.0 0.0 -0.7222315669059753 0.6916513442993164
1638453157857228041 1.9058952331542969 -2.4160871505737305 0.0 0.0 0.0 -0.7219619750976562 0.691932737827301
1638453157991228104 1.9051707983016968 -2.4334607124328613 0.0 0.0 0.0 -0.7214424014091492 0.6924744248390198
1638453158157227993 1.9042986631393433 -2.4550585746765137 0.0 0.0 0.0 -0.7210440039634705 0.6928892731666565
1638453158290227890 1.903627634048462 -2.4723072052001953 0.0 0.0 0.0 -0.7203540205955505 0.6936065554618835
1638453158458228111 1.9028104543685913 -2.493983030319214 0.0 0.0 0.0 -0.7203856706619263 0.6935737133026123
1638453158593228102 1.9021576642990112 -2.511460542678833 0.0 0.0 0.0 -0.7199870347976685 0.6939875483512878
1638453158785331011 1.9012031555175781 -2.5373611450195312 0.0 0.0 0.0 -0.7200273275375366 0.6939457058906555
1638453158957330942 1.9003549814224243 -2.559694290161133 0.0 0.0 0.0 -0.7206684947013855 0.6932798027992249
1638453159159331083 1.8993231058120728 -2.5858957767486572 0.0 0.0 0.0 -0.7207742929458618 0.6931698322296143
1638453159357331038 1.8983235359191895 -2.6116175651550293 0.0 0.0 0.0 -0.7205970883369446 0.6933540105819702
1638453159490330935 1.8976659774780273 -2.6289682388305664 0.0 0.0 0.0 -0.7200236320495605 0.6939495205879211
1638453159658330917 1.8968636989593506 -2.6508219242095947 0.0 0.0 0.0 -0.7199269533157349 0.6940498352050781
1638453159859331131 1.895933747291565 -2.676774263381958 0.0 0.0 0.0 -0.7195611596107483 0.6944290399551392
163845316027331114 1.8951655626296997 -2.698629140853882 0.0 0.0 0.0 -0.7194889783859253 0.6945038437843323
1638453160194330931 1.894416332244873 -2.720104694366455 0.0 0.0 0.0 -0.7193008065223694 0.6946987509727478
1638453160361330986 1.8936625719070435 -2.7415802478790283 0.0 0.0 0.0 -0.7194839715957642 0.6945090293884277
1638453160561331034 1.892731785774231 -2.7675578594207764 0.0 0.0 0.0 -0.7195128202438354 0.6944791674613953
1638453160728331089 1.891973853111267 -2.789210319519043 0.0 0.0 0.0 -0.7192089557647705 0.6947938203811646
1638453160895330906 1.8912371397018433 -2.8110411167144775 0.0 0.0 0.0 -0.7187162041664124 0.6953035593032837
163845316164331055 1.890523910522461 -2.8328726291656494 0.0 0.0 0.0 -0.7183506488800049 0.6956812143325806
1638453161255503893 1.8897048234939575 -2.8587779998779297 0.0 0.0 0.0 -0.7180862426757812 0.6959541440010071
1638453161389503956 1.8891624212265015 -2.876284599304199 0.0 0.0 0.0 -0.7177881598472595 0.6962615251541138
1638453161591503859 1.8883696794509888 -2.902393102645874 0.0 0.0 0.0 -0.717620313167572 0.6964345574378967
1638453161791503906 1.8875867128372192 -2.928173065185547 0.0 0.0 0.0 -0.7179160714149475 0.6961296796798706
1638453161958503962 1.88690984249115 -2.9497015476226807 0.0 0.0 0.0 -0.7183609008789062 0.6956706643104553
1638453162163503885 1.8860180377960205 -2.9763641357421875 0.0 0.0 0.0 -0.7191013097763062 0.6949052810668945
1638453162363503933 1.88516366481781 -3.000976800918579 0.0 0.0 0.0 -0.7192137241363525 0.694788932800293
1638453162498503923 1.8851263523101807 -3.0020899772644043 0.0 0.0 0.0 -0.718860924243927 0.6951538920402527
1638453162664504051 1.8851238489151 -3.0021657943725586 0.0 0.0 0.0 -0.7187851071357727 0.6952323317527771
1638453162832504034 1.8851165771484375 -3.0023679733276367 0.0 0.0 0.0 -0.7216784954071045 0.692228376865387
16384531632503872 1.8851182460784912 -3.002342700958252 0.0 0.0 0.0 -0.7305281758308411 0.68288254737854
1638453163204504013 1.88512122631073 -3.002317428588867 0.0 0.0 0.0 -0.7481440901756287 0.6635363101959229
1638453163406503916 1.8851275444030762 -3.002267360687256 0.0 0.0 0.0 -0.7710191607475281 0.6368119120597839
1638453163604933977 1.8851336240768433 -3.0022428035736084 0.0 0.0 0.0 -0.7986874580383301 0.6017460227012634
1638453163805934191 1.885125756263733 -3.0022666454315186 0.0 0.0 0.0 -0.8278321623802185 0.5609758496284485
16384531645934000 1.8850935697555542 -3.0023353099823 0.0 0.0 0.0 -0.8584470152854919 0.5129023194313049
1638453164205934048 1.885013461112976 -3.0024642944335938 0.0 0.0 0.0 -0.8868829607963562 0.4619942009449005
1638453164408934116 1.8849661350250244 -3.00252366065979 0.0 0.0 0.0 -0.912349283695221 0.40941280126571655
1638453164609934092 1.8850207328796387 -3.0024709701538086 0.0 0.0 0.0 -0.9349926114082336 0.35466718673706055
1638453164812934160 1.8850233554840088 -3.002473831176758 0.0 0.0 0.0 -0.9538729786872864 0.3002104163169861
163845316513934135 1.8849998712539673 -3.00248384475708 0.0 0.0 0.0 -0.9697994589805603 0.24390371143817902
1638453165187934160 1.8850221633911133 -3.002471685409546 0.0 0.0 0.0 -0.9809595346450806 0.19421233236789703
1638453165355934143 1.885069489479065 -3.0024538040161133 0.0 0.0 0.0 -0.9892920851707458 0.1459491103887558
1638453165557934046 1.885117769241333 -3.0024383068084717 0.0 0.0 0.0 -0.9960081577301025 0.0892624482512474
1638453165758934021 1.8851426839828491 -3.0024335384368896 0.0 0.0 0.0 -0.9964147806167603 0.08460227400064468
1638453165929934025 1.8851426839828491 -3.0024335384368896 0.0 0.0 0.0 -0.9964029788970947 0.08474124222993851
163845316696934080 1.8851426839828491 -3.0024335384368896 0.0 0.0 0.0 -0.9964105486869812 0.08465215563774109
1638453166291960955 1.8851925134658813 -3.002424955368042 0.0 0.0 0.0 -0.996604323387146 0.08233985304832458
1638453166459960938 1.8851674795150757 -3.0024287700653076 0.0 0.0 0.0 -0.9972018599510193 0.07475555688142776
1638453166592961073 1.8851674795150757 -3.0024287700653076 0.0 0.0 0.0 -0.9976313710212708 0.06878681480884552
1638453166758960962 1.8851674795150757 -3.0024290084838867 0.0 0.0 0.0 -0.9981665015220642 0.06052817031741142
1638453166891960859 1.8851674795150757 -3.0024290084838867 0.0 0.0 0.0 -0.9985318779945374 0.054167523980140686
163845316760961008 1.8852429389953613 -3.0024211406707764 0.0 0.0 0.0 -0.9989500641822815 0.045812733471393585
1638453167195960999 1.8852430582046509 -3.0024213790893555 0.0 0.0 0.0 -0.9992274641990662 0.039299216121435165
1638453167331960917 1.8852177858352661 -3.002423048019409 0.0 0.0 0.0 -0.9994633793830872 0.03275554999709129
1638453167502960920 1.8852430582046509 -3.0024218559265137 0.0 0.0 0.0 -0.9996864795684814 0.025039037689566612
1638453167637960911 1.8852430582046509 -3.0024218559265137 0.0 0.0 0.0 0.9998294711112976 -0.01846737414598465
1638453167804960966 1.8852683305740356 -3.0024211406707764 0.0 0.0 0.0 0.9998929500579834 -0.014633653685450554
1638453167938961029 1.8851925134658813 -3.0024232864379883 0.0 0.0 0.0 0.9998965263366699 -0.014384055510163307
1638453168106961012 1.8834214210510254 -3.002472400665283 0.0 0.0 0.0 0.9999042749404907 -0.013837297447025776
1638453168239960909 1.8807141780853271 -3.002547025680542 0.0 0.0 0.0 0.9999054670333862 -0.013751951046288013
1638453168409960985 1.8764129877090454 -3.0026655197143555 0.0 0.0 0.0 0.9999046921730042 -0.013807617127895355
1638453168542960882 1.8719346523284912 -3.002788543701172 0.0 0.0 0.0 0.9999054074287415 -0.013752666302025318
1638453168707097054 1.8650275468826294 -3.0029797554016113 0.0 0.0 0.0 0.9999037384986877 -0.013876751996576786
1638453168840096951 1.8579938411712646 -3.0031745433807373 0.0 0.0 0.0 0.9999041557312012 -0.013846118003129959
163845316910097027 1.847494125366211 -3.0034704208374023 0.0 0.0 0.0 0.9998971819877625 -0.014340667985379696
1638453169144097090 1.8376271724700928 -3.003756523132324 0.0 0.0 0.0 0.9998910427093506 -0.014760359190404415
1638453169310096979 1.8240666389465332 -3.0041589736938477 0.0 0.0 0.0 0.9998879432678223 -0.014970025978982449
1638453169446096897 1.8118977546691895 -3.004528045654297 0.0 0.0 0.0 0.9998823404312134 -0.015340485610067844
1638453169581096888 1.7987929582595825 -3.0049338340759277 0.0 0.0 0.0 0.9998785257339478 -0.015587934292852879
1638453169747097015 1.7811094522476196 -3.005484104156494 0.0 0.0 0.0 0.9998774528503418 -0.015654444694519043
1638453169881097078 1.7655256986618042 -3.0059709548950195 0.0 0.0 0.0 0.9998784065246582 -0.01559341698884964
163845317048096895 1.7456411123275757 -3.006587505340576 0.0 0.0 0.0 0.9998790621757507 -0.015553129836916924
1638453170251096964 1.721328854560852 -3.0073254108428955 0.0 0.0 0.0 0.9998936057090759 -0.014585856348276138
1638453170386096954 1.7053897380828857 -3.007784605026245 0.0 0.0 0.0 0.9998971223831177 -0.014345078729093075
1638453170554096937 1.6853259801864624 -3.0083394050598145 0.0 0.0 0.0 0.9999123811721802 -0.013237610459327698
1638453170686096907 1.6695376634597778 -3.0087594985961914 0.0 0.0 0.0 0.999911367893219 -0.013312228955328465
1638453170855097055 1.649068832397461 -3.0093092918395996 0.0 0.0 0.0 0.9999105930328369 -0.013369682244956493
163845317191097116 1.6184290647506714 -3.0101490020751953 0.0 0.0 0.0 0.9999012351036072 -0.014054475352168083
1638453171247256994 1.5969243049621582 -3.0107808113098145 0.0 0.0 0.0 0.9998840093612671 -0.015228561125695705
1638453171412256956 1.5756477117538452 -3.0114262104034424 0.0 0.0 0.0 0.9998862743377686 -0.015082784928381443
1638453171580256939 1.553814172744751 -3.012075185775757 0.0 0.0 0.0 0.9998902678489685 -0.014813044108450413
1638453171748256922 1.53215754032135 -3.0127108097076416 0.0 0.0 0.0 0.9998937845230103 -0.01457477081567049
1638453171947257042 1.5055923461914062 -3.013474941253662 0.0 0.0 0.0 0.9999001026153564 -0.014135648496448994
1638453172114257097 1.4823404550552368 -3.014113664627075 0.0 0.0 0.0 0.9999078512191772 -0.013576134108006954
1638453172314256907 1.4545596837997437 -3.0148746967315674 0.0 0.0 0.0 0.9999051094055176 -0.013777698390185833
1638453172480257034 1.431333065032959 -3.01550555229187 0.0 0.0 0.0 0.9999078512191772 -0.01357696857303381
1638453172649256945 1.4076509475708008 -3.016144037246704 0.0 0.0 0.0 0.9999098181724548 -0.013429400511085987
1638453172783257008 1.3890037536621094 -3.016648292541504 0.0 0.0 0.0 0.999906599521637 -0.013669347390532494
1638453172950257063 1.3658783435821533 -3.017279863357544 0.0 0.0 0.0 0.9999082088470459 -0.013547645881772041
163845317385257053 1.3471298217773438 -3.0177764892578125 0.0 0.0 0.0 0.9999136328697205 -0.013142847456037998
1638453173257256985 1.323219656944275 -3.0184144973754883 0.0 0.0 0.0 0.9999102354049683 -0.013398885726928711
1638453173455256939 1.2956913709640503 -3.0191478729248047 0.0 0.0 0.0 0.999912440776825 -0.013234749436378479
1638453173686924934 1.263532280921936 -3.0199828147888184 0.0 0.0 0.0 0.9999135732650757 -0.013147257268428802
1638453173851924896 1.2404823303222656 -3.020595073699951 0.0 0.0 0.0 0.9999083876609802 -0.01353453379124403
163845317452924871 1.2123222351074219 -3.0213704109191895 0.0 0.0 0.0 0.9999005198478699 -0.01410322729498148
1638453174186924934 1.193600058555603 -3.0219037532806396 0.0 0.0 0.0 0.9998967051506042 -0.014373685233294964
1638453174354924917 1.170349359512329 -3.0225796699523926 0.0 0.0 0.0 0.9998930096626282 -0.014629005454480648
1638453174487924814 1.1519056558609009 -3.023116111755371 0.0 0.0 0.0 0.999896764755249 -0.014368560165166855
1638453174653924942 1.1287811994552612 -3.02377986907959 0.0 0.0 0.0 0.9999023675918579 -0.013972467742860317
1638453174852924824 1.1010007858276367 -3.0245532989501953 0.0 0.0 0.0 0.9999063611030579 -0.013682816177606583
163845317552924871 1.0733213424682617 -3.025308132171631 0.0 0.0 0.0 0.9999082088470459 -0.01354752667248249
1638453175252924919 1.0455657243728638 -3.026066780090332 0.0 0.0 0.0 0.9999013543128967 -0.014044820331037045
1638453175385924816 1.0270458459854126 -3.026592969894409 0.0 0.0 0.0 0.9998970031738281 -0.014350561425089836
1638453175553924799 1.0034916400909424 -3.0272812843322754 0.0 0.0 0.0 0.9998897910118103 -0.014847849495708942
1638453175751924992 0.9759407043457031 -3.0281076431274414 0.0 0.0 0.0 0.9998834729194641 -0.015265630558133125
1638453175951924801 0.948036253452301 -3.028970241546631 0.0 0.0 0.0 0.9998762607574463 -0.015729179605841637
163845317685924864 0.9295940399169922 -3.029555559158325 0.0 0.0 0.0 0.999872624874115 -0.01596137136220932
1638453176250584841 0.9063958525657654 -3.0302932262420654 0.0 0.0 0.0 0.9998728036880493 -0.015950165688991547
1638453176387584925 0.887447714805603 -3.030895233154297 0.0 0.0 0.0 0.9998753070831299 -0.0157915186136961
1638453176554584980 0.8642744421958923 -3.031618595123291 0.0 0.0 0.0 0.9998814463615417 -0.015399486757814884
1638453176756584883 0.8360909223556519 -3.032461404800415 0.0 0.0 0.0 0.9998857975006104 -0.015110914595425129
1638453176889585018 0.8176226615905762 -3.0330235958099365 0.0 0.0 0.0 0.9998830556869507 -0.015293880365788937
163845317757585001 0.7940695881843567 -3.03374981880188 0.0 0.0 0.0 0.9998763799667358 -0.015721909701824188
1638453177191584826 0.7754251956939697 -3.034348964691162 0.0 0.0 0.0 0.9998651146888733 -0.016425510868430138
1638453177411584854 0.74481600522995 -3.035360336303711 0.0 0.0 0.0 0.9998608231544495 -0.016682252287864685
1638453177544584990 0.7263240814208984 -3.035972833633423 0.0 0.0 0.0 0.9998642802238464 -0.016473663970828056
1638453177711585045 0.7031522989273071 -3.0367445945739746 0.0 0.0 0.0 0.9998573660850525 -0.016889289021492004
1638453177912585020 0.6752254962921143 -3.0376977920532227 0.0 0.0 0.0 0.9998571872711182 -0.016900373622775078
1638453178112584829 0.6475254893302917 -3.038614273071289 0.0 0.0 0.0 0.9998659491539001 -0.016372231766581535
1638453178313585043 0.6194712519645691 -3.0395419597625732 0.0 0.0 0.0 0.9998573064804077 -0.016892388463020325
1638453178446584940 0.6010051369667053 -3.0401699542999268 0.0 0.0 0.0 0.9998536705970764 -0.01710502803325653
1638453178578584909 0.5824127793312073 -3.0408108234405518 0.0 0.0 0.0 0.9998472332954407 -0.017478097230196
1638453178752698183 0.5593187212944031 -3.0416324138641357 0.0 0.0 0.0 0.9998365044593811 -0.01808108016848564
1638453178885698080 0.5408543348312378 -3.042309045791626 0.0 0.0 0.0 0.9998276829719543 -0.018563082441687584
163845317952698135 0.5177111625671387 -3.0431711673736572 0.0 0.0 0.0 0.9998275637626648 -0.018570352345705032
1638453179186698198 0.49904486536979675 -3.043867826461792 0.0 0.0 0.0 0.9998237490653992 -0.018773211166262627
1638453179356698036 0.47542083263397217 -3.04474139213562 0.0 0.0 0.0 0.9998326301574707 -0.0182940736413002
1638453179490698099 0.4568043649196625 -3.0454156398773193 0.0 0.0 0.0 0.9998385906219482 -0.017966657876968384
1638453179657698154 0.4336856007575989 -3.0462534427642822 0.0 0.0 0.0 0.9998331665992737 -0.018265586346387863
1638453179792698145 0.41501888632774353 -3.046938419342041 0.0 0.0 0.0 0.9998311400413513 -0.018374763429164886
1638453179959698200 0.3914961814880371 -3.0478124618530273 0.0 0.0 0.0 0.9998211860656738 -0.01891123130917549
1638453180158698082 0.3638010025024414 -3.048865795135498 0.0 0.0 0.0 0.9998185038566589 -0.01905282586812973
1638453180291697979 0.3452112674713135 -3.049577236175537 0.0 0.0 0.0 0.9998132586479187 -0.019325289875268936
1638453180456698179 0.32244816422462463 -3.0504438877105713 0.0 0.0 0.0 0.9998263120651245 -0.018636144697666168
1638453180591698170 0.3037818372249603 -3.0511398315429688 0.0 0.0 0.0 0.9998260736465454 -0.018650686368346214
1638453180757698059 0.2804614305496216 -3.0520050525665283 0.0 0.0 0.0 0.9998250603675842 -0.01870563253760338
1638453180930698156 0.2565081715583801 -3.0528788566589355 0.0 0.0 0.0 0.9998424649238586 -0.01775008998811245
163845318198698139 0.2331102192401886 -3.0537009239196777 0.0 0.0 0.0 0.9998495578765869 -0.017346031963825226
1638453181230289936 0.214593768119812 -3.0543386936187744 0.0 0.0 0.0 0.9998565316200256 -0.01693720556795597
1638453181398289919 0.19119441509246826 -3.055119514465332 0.0 0.0 0.0 0.9998652935028076 -0.016411446034908295
1638453181531290054 0.1726263463497162 -3.0557281970977783 0.0 0.0 0.0 0.9998672008514404 -0.016297735273838043
1638453181699290037 0.14902406930923462 -3.0564992427825928 0.0 0.0 0.0 0.9998652338981628 -0.01641657203435898
1638453181835289955 0.13007669150829315 -3.0571253299713135 0.0 0.0 0.0 0.9998655319213867 -0.016399646177887917
16384531821290083 0.10718274861574173 -3.0578737258911133 0.0 0.0 0.0 0.9998692274093628 -0.01617317833006382
1638453182169290066 0.0838836133480072 -3.058621644973755 0.0 0.0 0.0 0.9998748302459717 -0.015822390094399452
1638453182303289890 0.07502926141023636 -3.0589003562927246 0.0 0.0 0.0 0.9998732209205627 -0.01592346653342247
1638453182506289959 0.074776291847229 -3.058908224105835 0.0 0.0 0.0 0.9998729825019836 -0.015939677134156227
1638453182642290115 0.074776291847229 -3.058908224105835 0.0 0.0 0.0 0.9998698830604553 -0.016131937503814697
1638453182809289932 0.07452329993247986 -3.0589160919189453 0.0 0.0 0.0 0.9999147057533264 -0.013062864542007446
163845318310289907 0.0744473785161972 -3.0589168071746826 0.0 0.0 0.0 0.9999999403953552 0.00025256077060475945
1638453183144289970 0.07432083040475845 -3.058915615081787 0.0 0.0 0.0 0.9998986124992371 0.014239262789487839
1638453183313289881 0.07434619218111038 -3.058915376663208 0.0 0.0 0.0 0.9992530345916748 0.038644541054964066
1638453183447289944 0.07427048683166504 -3.0589091777801514 0.0 0.0 0.0 0.9980509281158447 0.062404900789260864
1638453183580290079 0.07427053153514862 -3.0589089393615723 0.0 0.0 0.0 0.9959815740585327 0.089558444917202
1638453183733637094 0.07424549758434296 -3.0589051246643066 0.0 0.0 0.0 0.991479218006134 0.13026516139507294
1638453183902637005 0.07422149181365967 -3.0588972568511963 0.0 0.0 0.0 0.9839032888412476 0.17870189249515533
163845318434636974 0.07426831126213074 -3.0589163303375244 0.0 0.0 0.0 0.9754003882408142 0.22044071555137634
1638453184200637102 0.07433602213859558 -3.058950901031494 0.0 0.0 0.0 0.9617378115653992 0.2739715278148651
1638453184401637077 0.0744401216506958 -3.0590226650238037 0.0 0.0 0.0 0.9407549500465393 0.33908724784851074
1638453184600637197 0.07451315969228745 -3.0590925216674805 0.0 0.0 0.0 0.9158404469490051 0.4015423655509949
1638453184800637007 0.07462510466575623 -3.059229612350464 0.0 0.0 0.0 0.8865538239479065 0.4626254737377167
1638453184932636976 0.07466409355401993 -3.0592949390411377 0.0 0.0 0.0 0.8651272058486938 0.5015525221824646
1638453185131637096 0.07463741302490234 -3.0592517852783203 0.0 0.0 0.0 0.8296645879745483 0.5582622289657593
1638453185297636986 0.07460460811853409 -3.0591559410095215 0.0 0.0 0.0 0.7970101833343506 0.6039658188819885
1638453185432636976 0.07456307113170624 -3.0589840412139893 0.0 0.0 0.0 0.7688738107681274 0.6394005417823792
1638453185596637011 0.07453356683254242 -3.05875825881958 0.0 0.0 0.0 0.7316993474960327 0.6816275119781494
1638453185866636992 0.07453146576881409 -3.05875825881958 0.0 0.0 0.0 0.7210937142372131 0.6928375363349915
163845318632637119 0.0745304524898529 -3.0587329864501953 0.0 0.0 0.0 0.721072793006897 0.6928593516349792
1638453186178910017 0.07451087236404419 -3.058227300643921 0.0 0.0 0.0 0.7203413248062134 0.6936197876930237
1638453186345910072 0.07443449646234512 -3.0561788082122803 0.0 0.0 0.0 0.7199949622154236 0.6939793229103088
1638453186512910128 0.0742928683757782 -3.0523343086242676 0.0 0.0 0.0 0.7199281454086304 0.6940485835075378
1638453186681910038 0.07408183068037033 -3.0465164184570312 0.0 0.0 0.0 0.7197439670562744 0.694239616394043
1638453186881910086 0.0737699493765831 -3.037890911102295 0.0 0.0 0.0 0.7197285890579224 0.694255530834198
163845318750909996 0.07345456629991531 -3.0290122032165527 0.0 0.0 0.0 0.7195410132408142 0.6944499611854553
1638453187183909893 0.07317572832107544 -3.02099347114563 0.0 0.0 0.0 0.7190823554992676 0.6949248313903809
1638453187351910114 0.07279191166162491 -3.009737014770508 0.0 0.0 0.0 0.7188706994056702 0.6951438188552856
1638453187486910105 0.07247146964073181 -3.000250816345215 0.0 0.0 0.0 0.7188456058502197 0.6951697468757629
1638453187653909922 0.07204496115446091 -2.9874255657196045 0.0 0.0 0.0 0.7186493277549744 0.6953726410865784
1638453187786910057 0.0716954842209816 -2.9768259525299072 0.0 0.0 0.0 0.7187822461128235 0.6952352523803711
1638453187952909946 0.07125050574541092 -2.963519811630249 0.0 0.0 0.0 0.7190224528312683 0.694986879825592
1638453188153909922 0.07066618651151657 -2.94626784324646 0.0 0.0 0.0 0.7188978791236877 0.6951157450675964
1638453188285910130 0.07026185840368271 -2.9343278408050537 0.0 0.0 0.0 0.7188897132873535 0.6951241493225098
1638453188452909946 0.06971915811300278 -2.918163299560547 0.0 0.0 0.0 0.7188379168510437 0.6951777338981628
1638453188587909937 0.0692463293671608 -2.9042253494262695 0.0 0.0 0.0 0.7189880609512329 0.695022463798523
1638453188793372154 0.06846414506435394 -2.8815858364105225 0.0 0.0 0.0 0.7192689776420593 0.6947317123413086
1638453188960372210 0.06772781163454056 -2.860717296600342 0.0 0.0 0.0 0.7196594476699829 0.6943272352218628
163845318995372200 0.06710494309663773 -2.843339681625366 0.0 0.0 0.0 0.7197325825691223 0.6942514181137085
1638453189295372009 0.0661548301577568 -2.8174643516540527 0.0 0.0 0.0 0.7199268341064453 0.6940499544143677
1638453189462372065 0.06537120789289474 -2.7960658073425293 0.0 0.0 0.0 0.7200503945350647 0.6939218044281006
1638453189663372040 0.06439750641584396 -2.769861936569214 0.0 0.0 0.0 0.7204750776290894 0.6934808492660522
1638453189864372015 0.06333927810192108 -2.742065668106079 0.0 0.0 0.0 0.7205003499984741 0.6934545636177063
1638453189996372223 0.06262633949518204 -2.7235519886016846 0.0 0.0 0.0 0.7206704020500183 0.6932778358459473
1638453190131372213 0.06188130006194115 -2.7046852111816406 0.0 0.0 0.0 0.721168577671051 0.69275963306427
1638453190300372124 0.06089502573013306 -2.680001735687256 0.0 0.0 0.0 0.7211506962776184 0.6927782297134399
1638453190434372187 0.06009535491466522 -2.659921169281006 0.0 0.0 0.0 0.7210046648979187 0.6929302215576172
1638453190600372076 0.0590985082089901 -2.635161876678467 0.0 0.0 0.0 0.7212040424346924 0.6927226781845093
1638453190833372116 0.057704608887434006 -2.6005141735076904 0.0 0.0 0.0 0.7212013006210327 0.6927255392074585
1638453191372171 0.056707412004470825 -2.5756282806396484 0.0 0.0 0.0 0.7211717367172241 0.6927563548088074
1638453191137372017 0.05589623749256134 -2.555269241333008 0.0 0.0 0.0 0.7209681272506714 0.6929682493209839
1638453191302783966 0.05488966405391693 -2.5302062034606934 0.0 0.0 0.0 0.7211276292800903 0.6928022503852844
1638453191434783936 0.054088715463876724 -2.5103025436401367 0.0 0.0 0.0 0.7213842272758484 0.6925350427627563
1638453191637784004 0.05281771719455719 -2.4799816608428955 0.0 0.0 0.0 0.7220626473426819 0.691827654838562
1638453191803784132 0.05173398181796074 -2.4551758766174316 0.0 0.0 0.0 0.7225608229637146 0.6913073658943176
16384531923783941 0.05041409656405449 -2.4253132343292236 0.0 0.0 0.0 0.7226730585098267 0.6911900043487549
1638453192136784077 0.0495142862200737 -2.405261754989624 0.0 0.0 0.0 0.7228646874427795 0.69098961353302
1638453192302783966 0.048336826264858246 -2.379066228866577 0.0 0.0 0.0 0.7226023077964783 0.6912640333175659
1638453192436784029 0.047361571341753006 -2.356839656829834 0.0 0.0 0.0 0.7224557995796204 0.6914170980453491
1638453192603784084 0.04607999324798584 -2.327735424041748 0.0 0.0 0.0 0.7225514650344849 0.6913171410560608
1638453192834784031 0.04418692737817764 -2.285205125808716 0.0 0.0 0.0 0.7227407693862915 0.6911192536354065
163845319335784006 0.04248124361038208 -2.247100353240967 0.0 0.0 0.0 0.7224856019020081 0.6913859844207764
1638453193202784061 0.04107334464788437 -2.215341329574585 0.0 0.0 0.0 0.7226753234863281 0.6911876201629639
1638453193336784124 0.039951298385858536 -2.1900556087493896 0.0 0.0 0.0 0.7224462628364563 0.6914270520210266
1638453193503783941 0.038598742336034775 -2.158750295639038 0.0 0.0 0.0 0.7221553921699524 0.6917308568954468
1638453193635783911 0.03753669932484627 -2.1334872245788574 0.0 0.0 0.0 0.721619188785553 0.692290186882019
1638453193837635040 0.035952962934970856 -2.0952248573303223 0.0 0.0 0.0 0.7217608094215393 0.6921425461769104
163845319438635015 0.03435228019952774 -2.0568368434906006 0.0 0.0 0.0 0.7218818664550781 0.6920163035392761
1638453194206634998 0.03302791714668274 -2.025099754333496 0.0 0.0 0.0 0.7215119004249573 0.6924020648002625
1638453194410634995 0.031443722546100616 -1.9864068031311035 0.0 0.0 0.0 0.720904529094696 0.6930344104766846
1638453194544635057 0.03046301007270813 -1.9611910581588745 0.0 0.0 0.0 0.7204627990722656 0.6934935450553894
1638453194712635040 0.029257269576191902 -1.9291702508926392 0.0 0.0 0.0 0.7201880812644958 0.6937788724899292
1638453194878634930 0.028084101155400276 -1.8976550102233887 0.0 0.0 0.0 0.7202524542808533 0.6937119960784912
163845319546635151 0.02685513161122799 -1.8657366037368774 0.0 0.0 0.0 0.7209283709526062 0.693009614944458
1638453195189635038 0.025780679658055305 -1.8386754989624023 0.0 0.0 0.0 0.7211484909057617 0.6927804946899414
1638453195357635021 0.024511683732271194 -1.8067585229873657 0.0 0.0 0.0 0.7208071947097778 0.6931356191635132
1638453195558634996 0.023008137941360474 -1.7688475847244263 0.0 0.0 0.0 0.7207679152488708 0.6931764483451843
1638453195690634966 0.0220449510961771 -1.7439097166061401 0.0 0.0 0.0 0.7204939126968384 0.6934612393379211
1638453195855634928 0.020837882533669472 -1.7124210596084595 0.0 0.0 0.0 0.7204744219779968 0.6934815049171448
1638453195988635063 0.019882310181856155 -1.6872297525405884 0.0 0.0 0.0 0.7202819585800171 0.6936814188957214
1638453196155635118 0.01868721842765808 -1.6554113626480103 0.0 0.0 0.0 0.7202568054199219 0.6937075257301331
1638453196281949043 0.017726128920912743 -1.6301188468933105 0.0 0.0 0.0 0.72041255235672 0.6935457587242126
1638453196481948853 0.016364289447665215 -1.5921012163162231 0.0 0.0 0.0 0.7192725539207458 0.6947280168533325
1638453196650949001 0.015284394845366478 -1.560379981994629 0.0 0.0 0.0 0.7186440825462341 0.6953780651092529
1638453196851948977 0.014033340848982334 -1.5223332643508911 0.0 0.0 0.0 0.7185661792755127 0.6954585909843445
163845319750948858 0.012797104194760323 -1.4843367338180542 0.0 0.0 0.0 0.7187070846557617 0.6953129172325134
1638453197250948906 0.011491579934954643 -1.4463423490524292 0.0 0.0 0.0 0.7196134328842163 0.6943749189376831
1638453197452949047 0.010075513273477554 -1.407921552658081 0.0 0.0 0.0 0.720295786857605 0.6936670541763306
1638453197584949017 0.009142204187810421 -1.3829066753387451 0.0 0.0 0.0 0.7202867865562439 0.6936764121055603
1638453197753948927 0.007948821410536766 -1.3511388301849365 0.0 0.0 0.0 0.7202312350273132 0.6937341094017029
1638453197954948902 0.006498659960925579 -1.3129725456237793 0.0 0.0 0.0 0.7205799221992493 0.6933718919754028
1638453198155948877 0.004997191485017538 -1.2747069597244263 0.0 0.0 0.0 0.7209360599517822 0.6930015683174133
1638453198355948925 0.0034536998718976974 -1.2368229627609253 0.0 0.0 0.0 0.7216501235961914 0.6922580003738403
1638453198588948965 0.0015943249454721808 -1.1925175189971924 0.0 0.0 0.0 0.7217538356781006 0.692149817943573
1638453198763444901 0.00021737591305281967 -1.160579800605774 0.0 0.0 0.0 0.722540557384491 0.6913285255432129
1638453198930444956 -0.0011649542720988393 -1.1290477514266968 0.0 0.0 0.0 0.7222683429718018 0.6916128993034363
163845319999444866 -0.002565091708675027 -1.0970604419708252 0.0 0.0 0.0 0.7224740386009216 0.691398024559021
1638453199231445074 -0.0037063914351165295 -1.0718514919281006 0.0 0.0 0.0 0.7235115170478821 0.6903123259544373
1638453199398444891 -0.005232897121459246 -1.0401993989944458 0.0 0.0 0.0 0.7242904901504517 0.6894949674606323
1638453199564445019 -0.006807065103203058 -1.0084989070892334 0.0 0.0 0.0 0.7244985103607178 0.689276397228241
1638453199732445002 -0.008354631252586842 -0.9766449928283691 0.0 0.0 0.0 0.7237532734870911 0.6900588274002075
1638453199898444891 -0.009829518385231495 -0.9453703761100769 0.0 0.0 0.0 0.72316575050354 0.6906745433807373
163845320099444866 -0.011539041064679623 -0.907392144203186 0.0 0.0 0.0 0.7225726842880249 0.6912949085235596
1638453200232445002 -0.01263626478612423 -0.8821306228637695 0.0 0.0 0.0 0.7222393751144409 0.6916431188583374
1638453200432445049 -0.014269284904003143 -0.8441743850708008 0.0 0.0 0.0 0.7221163511276245 0.6917715668678284
1638453200599444866 -0.01563669554889202 -0.8123375773429871 0.0 0.0 0.0 0.7222819328308105 0.6915987730026245
1638453200832444906 -0.017565596848726273 -0.7681112885475159 0.0 0.0 0.0 0.7225102186203003 0.6913602352142334
1638453200999444962 -0.018949946388602257 -0.7366552352905273 0.0 0.0 0.0 0.7223730683326721 0.6915035247802734
1638453201197444916 -0.02058466523885727 -0.6991804242134094 0.0 0.0 0.0 0.7225072979927063 0.6913632750511169
1638453201419709921 -0.022545108571648598 -0.6550821661949158 0.0 0.0 0.0 0.7225283980369568 0.6913412809371948
1638453201585710049 -0.02395467646420002 -0.6235765814781189 0.0 0.0 0.0 0.7229148745536804 0.6909371018409729
1638453201751709938 -0.025417249649763107 -0.591921329498291 0.0 0.0 0.0 0.7234331965446472 0.690394401550293
163845320259710026 -0.028200430795550346 -0.5337479710578918 0.0 0.0 0.0 0.723550021648407 0.6902719736099243
1638453202227710009 -0.029677987098693848 -0.5020935535430908 0.0 0.0 0.0 0.7231809496879578 0.6906585693359375
1638453202460710049 -0.03170796111226082 -0.45771971344947815 0.0 0.0 0.0 0.7231845259666443 0.6906548738479614
1638453202630709887 -0.03322598338127136 -0.42538297176361084 0.0 0.0 0.0 0.7239062786102295 0.6898983716964722
1638453202799710035 -0.03478867560625076 -0.39337778091430664 0.0 0.0 0.0 0.7242832183837891 0.6895025968551636
16384532033710032 -0.03669815510511398 -0.35459816455841064 0.0 0.0 0.0 0.7241811156272888 0.6896098256111145
1638453203207710028 -0.03859982639551163 -0.3160969316959381 0.0 0.0 0.0 0.7240400314331055 0.6897580027580261
1638453203410709858 -0.040457405149936676 -0.2777456045150757 0.0 0.0 0.0 0.72403883934021 0.6897592544555664
1638453203577709913 -0.04202645272016525 -0.24586740136146545 0.0 0.0 0.0 0.7244765162467957 0.689299464225769
1638453203748559952 -0.043626703321933746 -0.21404145658016205 0.0 0.0 0.0 0.7247471213340759 0.6890149712562561
1638453203881560087 -0.04493560642004013 -0.1886632740497589 0.0 0.0 0.0 0.7253161072731018 0.6884159445762634
163845320454559946 -0.04664599150419235 -0.15593059360980988 0.0 0.0 0.0 0.7253903746604919 0.6883377432823181
1638453204255559921 -0.048640213906764984 -0.11801697313785553 0.0 0.0 0.0 0.725570559501648 0.688147783279419
1638453204557559967 -0.05168750882148743 -0.060896072536706924 0.0 0.0 0.0 0.7261350750923157 0.6875520348548889
1638453204757560015 -0.053814925253391266 -0.022837603464722633 0.0 0.0 0.0 0.7271118760108948 0.6865190267562866
1638453204891560078 -0.05530264973640442 0.002632151124998927 0.0 0.0 0.0 0.7277948260307312 0.6857948899269104
163845320528559923 -0.056406185030937195 0.02097454108297825 0.0 0.0 0.0 0.7281602025032043 0.6854069828987122
1638453205261559963 -0.056455206125974655 0.021782999858260155 0.0 0.0 0.0 0.7281385064125061 0.6854300498962402
1638453205495559931 -0.05645949766039848 0.021858809515833855 0.0 0.0 0.0 0.7197735905647278 0.6942088603973389
1638453205661560059 -0.056460071355104446 0.021934740245342255 0.0 0.0 0.0 0.7086690664291382 0.7055410146713257
1638453205861559868 -0.05646327883005142 0.02190948650240898 0.0 0.0 0.0 0.691407322883606 0.7224651575088501
163845320695560074 -0.05646040290594101 0.021960048004984856 0.0 0.0 0.0 0.6625392436981201 0.7490271925926208
1638453206236819029 -0.05646688491106033 0.021909844130277634 0.0 0.0 0.0 0.6426702737808228 0.7661428451538086
1638453206440819025 -0.05647208169102669 0.021884994581341743 0.0 0.0 0.0 0.605105459690094 0.7961453199386597
1638453206608819008 -0.05648557096719742 0.021836070343852043 0.0 0.0 0.0 0.5672528743743896 0.8235436677932739
1638453206807819128 -0.05658919736742973 0.021605391055345535 0.0 0.0 0.0 0.519127607345581 0.8546967506408691
16384532078819103 -0.05664058402180672 0.021518275141716003 0.0 0.0 0.0 0.46831583976745605 0.8835611343383789
1638453207181818962 -0.05662452057003975 0.021537812426686287 0.0 0.0 0.0 0.4234921932220459 0.9058997631072998
1638453207347819090 -0.056590933352708817 0.021575625985860825 0.0 0.0 0.0 0.3796532154083252 0.9251288771629333
1638453207584819078 -0.05657171085476875 0.02159213460981846 0.0 0.0 0.0 0.31586724519729614 0.9488034248352051
1638453207819818974 -0.05644218623638153 0.02167126163840294 0.0 0.0 0.0 0.2509065866470337 0.9680113196372986
1638453207985819101 -0.056464653462171555 0.021659644320607185 0.0 0.0 0.0 0.2038564234972 0.9790008068084717
1638453208150819063 -0.05641615018248558 0.021674538031220436 0.0 0.0 0.0 0.1575804501771927 0.9875061511993408
1638453208284819126 -0.05631810799241066 0.02169988863170147 0.0 0.0 0.0 0.1189694032073021 0.9928979277610779
1638453208484818935 -0.05624356120824814 0.021714599803090096 0.0 0.0 0.0 0.06130369007587433 0.9981191754341125
1638453208683819056 -0.056243717670440674 0.021716609597206116 0.0 0.0 0.0 0.00443523982539773 0.9999901652336121
1638453208893038034 -0.05619309842586517 0.021716631948947906 0.0 0.0 0.0 -0.00023369863629341125 1.0
163845320930038118 -0.05619309842586517 0.021716631948947906 0.0 0.0 0.0 -0.00018265098333358765 1.0
1638453209197037935 -0.05616778880357742 0.02171662449836731 0.0 0.0 0.0 -0.0001416914165019989 1.0
1638453209330038071 -0.05619309842586517 0.021716628223657608 0.0 0.0 0.0 -0.00017067603766918182 1.0
1638453209499037981 -0.05616778880357742 0.02171662077307701 0.0 0.0 0.0 -6.715953350067139e-05 1.0
1638453209699038029 -0.05616778880357742 0.02171662636101246 0.0 0.0 0.0 -0.00019118748605251312 1.0
1638453209837038040 -0.05550944455366153 0.022537795416080694 1.8851669297633828e-05 -2.6067614172370225e-05 1.0718393349712044e-06 -0.0005743276847777767 0.9999998428749282
163845321038038015 -0.03312910211510385 0.05040988844737827 0.0006573820627316085 -0.0009111499448244399 3.739855597048056e-05 -0.01581410020721319 0.9998745533920834
1638453210236037970 -0.0331543992213427 0.05041068432811094 0.0006573832344494527 -0.0009111481936556245 3.744101319793296e-05 -0.015767508113750266 0.9998752809899186
1638453210405038118 -0.0331543992213427 0.05041068432811094 0.0006573832344494527 -0.0009111482554648768 3.743951462768711e-05 -0.015769152628221535 0.9998752553086263
1638453210538038015 -0.033129102173264875 0.05040988658564448 0.0006573820661276493 -0.0009111467044936396 3.747711804890719e-05 -0.015727887048221617 0.999875899725832
1638453210739037991 -0.03315439898869858 0.050410691775046104 0.0006573832208652892 -0.0009111477489510044 3.745179509688188e-05 -0.015755676176676676 0.9998754657614358
1638453210909038067 -0.03312910194062076 0.050409894032579644 0.0006573820525434859 -0.0009111484682623025 3.743435533714646e-05 -0.015774814376797595 0.9998751668928523
1638453211110038042 -0.03312910182429871 0.050409897756047234 0.0006573820457514042 -0.0009111511614797215 3.736905806624143e-05 -0.015846470882213352 0.9998740478807122
1638453211304871082 -0.03315439869789344 0.05041070108371507 0.0006573832038850848 -0.0009111479327687806 3.744733842025039e-05 -0.01576056688449271 0.9998753893864942
1638453211605871201 -0.033154398581571376 0.050410704807182655 0.000657383197093003 -0.0009111494268307063 3.7411114769822916e-05 -0.015800318319231992 0.9998747686146913
1638453211740871191 -0.033154398639732414 0.05041070294544886 0.000657383200489044 -0.000911147099988855 3.7467529235895795e-05 -0.01573840970593699 0.9998757354004625
1638453211938871145 -0.033154398581571376 0.050410704807182655 0.000657383197093003 -0.0009111483552136701 3.743709621024618e-05 -0.015771806572866563 0.9998752138637322
1638453212136871099 -0.03312910159165459 0.0504099052029824 0.0006573820321672406 -0.0009111511283001229 3.7369862508253364e-05 -0.015845588096415637 0.9998740616665928
1638453212301871061 -0.03312910153349356 0.050409907064716195 0.0006573820287711998 -0.0009111481755958431 3.7441451058774894e-05 -0.01576702761008822 0.9998752884936257
1638453212467871189 -0.03315439846524931 0.05041070853065024 0.0006573831903009213 -0.0009111494243107368 3.741117586668458e-05 -0.015800251272209378 0.9998747696617202
1638453212635871172 -0.03315439869789344 0.05041070108371508 0.0006573832038850848 -0.0009111479854081438 3.7446062174695595e-05 -0.015761967422298365 0.9998753675152238
1638453212801871061 -0.03315439869789344 0.05041070108371507 0.0006573832038850848 -0.0009111463001085316 3.7486922398069465e-05 -0.015717127863509806 0.9998760677448868
163845321332871008 -0.03315439846524931 0.050410708530650244 0.0006573831903009213 -0.0009111472079275493 3.746491225365446e-05 -0.015741281553405505 0.9998756905527245
1638453213199871063 -0.033154398523410344 0.05041070666891645 0.0006573831936969622 -0.000911146146320392 3.749065100376611e-05 -0.01571303613271323 0.999876131642734
1638453213407871008 -0.03312910141717149 0.050409910788183784 0.000657382021979118 -0.0009111487445489601 3.742765674511886e-05 -0.015782165337859998 0.9998750520977667
1638453213607871056 -0.03312910135901047 0.050409912649917565 0.0006573820185830772 -0.0009111466359644685 3.7478779544117486e-05 -0.015726063741690048 0.9998759281992013
1638453213790904999 -0.033154398348927264 0.05041071225411782 0.0006573831835088396 -0.0009111446780881538 3.752624841136151e-05 -0.01567397192995571 0.9998767416824907
1638453213957905054 -0.033154398348927264 0.05041071225411782 0.0006573831835088396 -0.0009111450819132686 3.7516457639279606e-05 -0.01568471621532916 0.9998765738961091
1638453214257905006 -0.0331543984070883 0.050410710392384026 0.0006573831869048805 -0.0009111485063418418 3.7433432095681296e-05 -0.015775827531805942 0.9998751510710823
1638453214458904982 -0.033154398581571376 0.050410704807182655 0.000657383197093003 -0.0009111465343256981 3.748124378420466e-05 -0.015723359511778064 0.9998759704293672
1638453214659904957 -0.033154398639732414 0.05041070294544886 0.000657383200489044 -0.0009111494479704505 3.741060223503895e-05 -0.015800880769255007 0.9998747598312822
1638453214836905003 -0.03312910135901047 0.050409912649917565 0.0006573820185830771 -0.0009111448864056337 3.752119773746382e-05 -0.015679514483824906 0.9998766551281014
1638453215102905035 -0.03312910141717149 0.050409910788183784 0.000657382021979118 -0.0009111484710622686 3.743428745174461e-05 -0.015774888873489386 0.9998751657294869
1638453215337904930 -0.0331291016498156 0.05040990334124861 0.0006573820355632816 -0.0009111463400080489 3.748595503109309e-05 -0.015718189441367818 0.9998760511669292
1638453215505904913 -0.03315439887237653 0.050410695498513694 0.0006573832140732074 -0.0009111472254273376 3.746448796989289e-05 -0.015741747157729195 0.9998756832816905
1638453215737905025 -0.033154398581571376 0.050410704807182655 0.0006573831970930029 -0.0009111498753152809 3.7400241225581496e-05 -0.015812250826839496 0.9998745822726306
16384532165904913 -0.03315439875605446 0.05041069922198127 0.0006573832072811256 -0.0009111430371680047 3.756603265111604e-05 -0.01563031314373203 0.9998774234728115
1638453216204905033 -0.03315439881421549 0.05041069736024748 0.0006573832106771666 -0.0009111476040527572 3.7455308166427645e-05 -0.015751820972876533 0.9998755259655978
1638453216456191063 -0.03312910153349356 0.050409907064716195 0.0006573820287711998 -0.0009111482535748997 3.743956045033336e-05 -0.015769102342954578 0.999875256093898
1638453216656191111 -0.0331543984070883 0.050410710392384026 0.0006573831869048805 -0.0009111486997495021 3.742874291154847e-05 -0.015780973390791354 0.999875070711614
1638453216841191053 -0.03312910147533253 0.05040990892644999 0.0006573820253751589 -0.0009111496644778314 3.740535299634085e-05 -0.015806641225947687 0.9998746698740488
163845321742191029 -0.033129101184527374 0.05040991823511895 0.0006573820083949545 -0.0009111461566802667 3.749039982777926e-05 -0.015713311770472853 0.9998761273382819
1638453217210191011 -0.03312910124268842 0.050409916373385155 0.0006573820117909955 -0.0009111513423575334 3.7364672669281886e-05 -0.015851283368503003 0.9998739727273043
1638453217478191137 -0.033154398348927264 0.05041071225411782 0.0006573831835088396 -0.0009111477526609594 3.745170514872443e-05 -0.015755774884793298 0.9998754642199766
1638453217712191105 -0.033154398348927264 0.05041071225411782 0.0006573831835088396 -0.0009111353225613315 3.775307390456486e-05 -0.015425056133676915 0.9998806288354616
1638453217912191153 -0.03315439805812212 0.05041072156278678 0.0006573831665286353 -0.0009111460637213913 3.74926536231207e-05 -0.015710838480305415 0.9998761659620148
163845321878191042 -0.03315439805812212 0.05041072156278678 0.0006573831665286353 -0.0009111437730691022 3.754819067037466e-05 -0.015649892736751804 0.9998771177112876
1638453218279191017 -0.03315439805812212 0.05041072156278678 0.0006573831665286353 -0.000911147043289541 3.746890391528327e-05 -0.015736901147928237 0.9998757589586128
1638453218480190992 -0.03315439805812212 0.05041072156278678 0.0006573831665286353 -0.0009111472462170861 3.746398392078415e-05 -0.015742300295665736 0.999875674643702
1638453218712191105 -0.03312910089372224 0.05040992754378791 0.0006573819914147503 -0.0009111453810896493 3.750920408409187e-05 -0.01569267618684695 0.9998764495905109
1638453218909670115 -0.03312910095188326 0.050409925682054116 0.0006573819948107911 -0.0009111462210794877 3.7488838463536697e-05 -0.015715025194384027 0.9998761005808766
163845321943670177 -0.03312910077740017 0.0504099312672555 0.0006573819846226685 -0.0009111482021955213 3.7440806147457315e-05 -0.015767735328660226 0.9998752774416539
1638453219211670160 -0.033154397825478 0.05041072900972195 0.0006573831529444717 -0.0009111517758033114 3.735284479230661e-05 -0.01586425976152051 0.9998737104716898
1638453219445670128 -0.03315439811628315 0.050410719701052986 0.0006573831699246761 -0.0009111439909064669 3.754290918611068e-05 -0.015655688579373085 0.9998770272014558
1638453219611670017 -0.03312910095188326 0.050409925682054116 0.0006573819948107911 -0.0009111413016090004 3.760811141745313e-05 -0.015584136369325836 0.9998781445848843
