1638451958444019794 -1.9202792567868388e-12 1.2649144842669102e-08 0.0 0.0 0.0 -5.3826719522476196e-05 1.0
1638451958612019777 2.5310684577561915e-05 1.114927972167834e-08 0.0 0.0 0.0 4.5299530029296875e-05 1.0
1638451958745019913 2.5310684577561915e-05 1.114927972167834e-08 0.0 0.0 0.0 0.00010011717677116394 1.0
1638451958914019823 2.5310684577561915e-05 1.0893189461569364e-08 0.0 0.0 0.0 0.00013614818453788757 1.0
163845195947019958 2.5310684577561915e-05 8.058182565662264e-09 0.0 0.0 0.0 0.00010289996862411499 1.0
1638451959192019939 2.5310680939583108e-05 1.7220779469084846e-08 0.0 0.0 0.0 -5.5145472288131714e-05 1.0
1638451959294019938 -5.548791461029712e-12 1.7602181046072474e-08 0.0 0.0 0.0 4.007667303085327e-05 1.0
1638451959461019993 2.5310680939583108e-05 2.2758598561267718e-08 0.0 0.0 0.0 0.00012900680303573608 1.0
1638451959599020004 0.0004809030215255916 -4.527449704028186e-08 0.0 0.0 0.0 -2.792850136756897e-05 1.0
1638451959701020002 0.001417398452758789 -2.479582974501682e-07 0.0 0.0 0.0 -0.00026247650384902954 0.9999999403953552
1638451959872848988 0.003366321325302124 -1.154474603026756e-06 0.0 0.0 0.0 -0.00025060027837753296 0.9999999403953552
16384519605848885 0.005796147044748068 -2.1948280846117996e-06 0.0 0.0 0.0 -0.0001433826982975006 1.0
1638451960172848940 0.00901060365140438 -3.2994291814247845e-06 0.0 0.0 0.0 -0.00042126700282096863 0.9999999403953552
1638451960338848829 0.013110935688018799 -5.695952495443635e-06 0.0 0.0 0.0 -0.00012047961354255676 1.0
1638451960507848978 0.01822369359433651 -8.033765880099963e-06 0.0 0.0 0.0 -0.00024609267711639404 0.9999999403953552
1638451960673848867 0.024121085181832314 -9.540979590383358e-06 0.0 0.0 0.0 8.223205804824829e-05 1.0
1638451960806849003 0.029385710135102272 -1.1354760317772161e-05 0.0 0.0 0.0 -0.00024848058819770813 0.9999999403953552
1638451960972848892 0.03583993762731552 -1.4961186934669968e-05 0.0 0.0 0.0 -0.0004685669846367091 0.9999998807907104
1638451961105849028 0.04112986847758293 -1.9571345546864904e-05 0.0 0.0 0.0 -0.0003677681088447571 0.9999999403953552
1638451961271848917 0.04763471335172653 -2.3830985810491256e-05 0.0 0.0 0.0 -4.307180643081665e-05 1.0
1638451961405848980 0.05297527089715004 -2.6741274268715642e-05 0.0 0.0 0.0 -0.00041558966040611267 0.9999999403953552
1638451961572849035 0.05978384241461754 -3.010043474205304e-05 0.0 0.0 0.0 -6.677210330963135e-05 1.0
1638451961706848860 0.06606088578701019 -3.02928365272237e-05 0.0 0.0 0.0 -3.197789192199707e-05 1.0
1638451961874848843 0.07522334903478622 -3.2627729524392635e-05 0.0 0.0 0.0 -0.0002367645502090454 1.0
16384519627848978 0.08312027901411057 -3.5532644687918946e-05 0.0 0.0 0.0 -0.00028369203209877014 0.9999999403953552
1638451962140848875 0.09089066088199615 -3.951522376155481e-05 0.0 0.0 0.0 -0.0003420896828174591 0.9999999403953552
1638451962240567923 0.09701584279537201 -3.335120345582254e-05 0.0 0.0 0.0 0.0013226602459326386 0.9999991059303284
1638451962409567833 0.10688634216785431 7.251636270666495e-05 0.0 0.0 0.0 0.009199985302984715 0.9999576807022095
1638451962578567982 0.11688055098056793 0.00033358862856402993 0.0 0.0 0.0 0.01713094860315323 0.999853253364563
1638451962712568045 0.12474583089351654 0.0006484534242190421 0.0 0.0 0.0 0.02293381839990616 0.9997369647026062
1638451962844568014 0.1325310915708542 0.0010507203405722976 0.0 0.0 0.0 0.028986744582653046 0.9995797872543335
1638451962978567839 0.14043700695037842 0.0015583214117214084 0.0 0.0 0.0 0.03510359674692154 0.9993836879730225
1638451963113567829 0.14856311678886414 0.002181806368753314 0.0 0.0 0.0 0.04152021184563637 0.9991376399993896
1638451963245568037 0.15630242228507996 0.002875374862924218 0.0 0.0 0.0 0.04784492030739784 0.9988547563552856
1638451963412567854 0.16634692251682281 0.003921939060091972 0.0 0.0 0.0 0.05625121295452118 0.9984166622161865
1638451963547567844 0.17431361973285675 0.0048743044026196 0.0 0.0 0.0 0.06274469196796417 0.9980295896530151
1638451963715567827 0.1843462735414505 0.0062323082238435745 0.0 0.0 0.0 0.0715104416012764 0.9974398612976074
1638451963851567984 0.19267986714839935 0.007492880802601576 0.0 0.0 0.0 0.07821589708328247 0.9969364404678345
1638451963950567961 0.19949983060359955 0.008603474125266075 0.0 0.0 0.0 0.08308632671833038 0.9965423345565796
1638451964118567944 0.21096546947956085 0.010626714676618576 0.0 0.0 0.0 0.09133987873792648 0.9958197474479675
1638451964255568027 0.2202860563993454 0.012419410981237888 0.0 0.0 0.0 0.0984722450375557 0.9951397776603699
1638451964423568010 0.2317837029695511 0.014812428504228592 0.0 0.0 0.0 0.10642233490943909 0.9943209886550903
1638451964555567980 0.24070174992084503 0.016801154240965843 0.0 0.0 0.0 0.11211872100830078 0.9936948418617249
1638451964692567825 0.24992433190345764 0.018934860825538635 0.0 0.0 0.0 0.11426735669374466 0.9934500455856323
1638451964813103199 0.2589706480503082 0.021044403314590454 0.0 0.0 0.0 0.11431678384542465 0.9934443235397339
1638451964947103024 0.26802167296409607 0.02313370816409588 0.0 0.0 0.0 0.11127925664186478 0.9937891960144043
1638451965115103006 0.2792472243309021 0.02558903582394123 0.0 0.0 0.0 0.10352461785078049 0.9946268796920776
1638451965249103069 0.2884526550769806 0.02744237333536148 0.0 0.0 0.0 0.0941491574048996 0.9955580830574036
1638451965420103073 0.30022552609443665 0.029468562453985214 0.0 0.0 0.0 0.07543739676475525 0.9971505403518677
1638451965555103064 0.3095076382160187 0.03070727176964283 0.0 0.0 0.0 0.05643529072403908 0.9984062314033508
1638451965723103046 0.32100754976272583 0.03166818618774414 0.0 0.0 0.0 0.026054946705698967 0.9996604919433594
1638451965892103195 0.3327477276325226 0.031842634081840515 0.0 0.0 0.0 -0.011942650191485882 0.9999287128448486
163845196658103085 0.3444885015487671 0.031074097380042076 0.0 0.0 0.0 -0.05478278547525406 0.9984983205795288
1638451966226103067 0.356207013130188 0.02920760214328766 0.0 0.0 0.0 -0.10326924920082092 0.9946534633636475
1638451966394103050 0.36819514632225037 0.026048945263028145 0.0 0.0 0.0 -0.15317542850971222 0.98819899559021
1638451966562103033 0.38060462474823 0.021454481407999992 0.0 0.0 0.0 -0.19992980360984802 0.9798102378845215
1638451966695103168 0.39023709297180176 0.01690392754971981 0.0 0.0 0.0 -0.23848044872283936 0.9711472988128662
1638451966844103098 0.4005573093891144 0.010943255387246609 0.0 0.0 0.0 -0.279361367225647 0.9601860642433167
163845196712103081 0.4114169478416443 0.003293546149507165 0.0 0.0 0.0 -0.3237154185771942 0.9461544752120972
1638451967212103128 0.4234151840209961 -0.007007077801972628 0.0 0.0 0.0 -0.36859673261642456 0.9295893907546997
1638451967353230000 0.43103542923927307 -0.014597753062844276 0.0 0.0 0.0 -0.39407461881637573 0.9190784692764282
1638451967519229889 0.43989625573158264 -0.024464039131999016 0.0 0.0 0.0 -0.41946274042129517 0.9077725410461426
1638451967653229952 0.4466364085674286 -0.032683998346328735 0.0 0.0 0.0 -0.43509194254875183 0.9003860354423523
1638451967788229942 0.45319294929504395 -0.041179634630680084 0.0 0.0 0.0 -0.44671210646629333 0.8946777582168579
1638451967954230070 0.461001992225647 -0.051805444061756134 0.0 0.0 0.0 -0.45478424429893494 0.890601634979248
1638451968123229980 0.4689408838748932 -0.06280656158924103 0.0 0.0 0.0 -0.45498126745224 0.8905010223388672
1638451968255229950 0.4751433730125427 -0.07131500542163849 0.0 0.0 0.0 -0.4509103000164032 0.8925692439079285
1638451968422230005 0.4832187294960022 -0.082026407122612 0.0 0.0 0.0 -0.44020208716392517 0.8978987336158752
1638451968622230053 0.4933364987373352 -0.09451254457235336 0.0 0.0 0.0 -0.4193217158317566 0.9078376889228821
1638451968822230101 0.5039754509925842 -0.10628501325845718 0.0 0.0 0.0 -0.39252328872680664 0.9197420477867126
1638451968990230083 0.5134193301200867 -0.1156671866774559 0.0 0.0 0.0 -0.3697480857372284 0.9291320443153381
1638451969157229900 0.5232369899749756 -0.1245068907737732 0.0 0.0 0.0 -0.3468877375125885 0.9379066824913025
1638451969292229891 0.5315032601356506 -0.13130995631217957 0.0 0.0 0.0 -0.3278157114982605 0.9447416663169861
1638451969461230040 0.5421475768089294 -0.13930457830429077 0.0 0.0 0.0 -0.30509576201438904 0.9523216485977173
1638451969594229937 0.5508537292480469 -0.1452702134847641 0.0 0.0 0.0 -0.28684553503990173 0.9579768776893616
1638451969760957003 0.5621324777603149 -0.1522935926914215 0.0 0.0 0.0 -0.2630014717578888 0.9647954106330872
1638451969926956892 0.5736942291259766 -0.15873773396015167 0.0 0.0 0.0 -0.24018575251102448 0.9707269668579102
163845197093956947 0.5857322216033936 -0.16471154987812042 0.0 0.0 0.0 -0.2165924608707428 0.976262092590332
1638451970261956930 0.5980490446090698 -0.17008687555789948 0.0 0.0 0.0 -0.1922488659620285 0.9813461899757385
1638451970401957035 0.6085647940635681 -0.17411966621875763 0.0 0.0 0.0 -0.1720205396413803 0.985093355178833
1638451970569957018 0.6210246682167053 -0.17827652394771576 0.0 0.0 0.0 -0.1484076976776123 0.9889262914657593
1638451970770956993 0.6365447044372559 -0.18254096806049347 0.0 0.0 0.0 -0.11943924427032471 0.9928414821624756
1638451970939956903 0.649477481842041 -0.18535840511322021 0.0 0.0 0.0 -0.09484973549842834 0.995491623878479
1638451971107957125 0.6625814437866211 -0.18755540251731873 0.0 0.0 0.0 -0.07104689627885818 0.9974730014801025
1638451971274956942 0.6757757067680359 -0.18912069499492645 0.0 0.0 0.0 -0.04640386626124382 0.9989227652549744
1638451971409956932 0.6864267587661743 -0.18991312384605408 0.0 0.0 0.0 -0.02760021761059761 0.9996190667152405
1638451971545957088 0.6972776055335999 -0.19029760360717773 0.0 0.0 0.0 -0.0077041033655405045 0.9999703168869019
1638451971712956905 0.7106398940086365 -0.19017980992794037 0.0 0.0 0.0 0.016368962824344635 0.9998660087585449
1638451971844957113 0.7213563919067383 -0.18962088227272034 0.0 0.0 0.0 0.036485131829977036 0.9993342161178589
163845197210957003 0.7344294786453247 -0.18834760785102844 0.0 0.0 0.0 0.06086846441030502 0.9981458187103271
1638451972222956896 0.7513383626937866 -0.18574917316436768 0.0 0.0 0.0 0.09147945046424866 0.9958069920539856
1638451972399743795 0.764531135559082 -0.18293721973896027 0.0 0.0 0.0 0.11714538931846619 0.9931147694587708
1638451972567744017 0.7775226831436157 -0.17949926853179932 0.0 0.0 0.0 0.1405366212129593 0.9900754690170288
1638451972700743914 0.7874065637588501 -0.17642326653003693 0.0 0.0 0.0 0.15965966880321503 0.9871721267700195
1638451972864743948 0.7996969223022461 -0.17200897634029388 0.0 0.0 0.0 0.18344524502754211 0.9830299019813538
1638451972996743917 0.8093751668930054 -0.16806046664714813 0.0 0.0 0.0 0.2016318291425705 0.9794613718986511
1638451973164743900 0.8213793039321899 -0.1625441461801529 0.0 0.0 0.0 0.22556515038013458 0.9742280840873718
1638451973299743891 0.8310481905937195 -0.15760408341884613 0.0 0.0 0.0 0.24191130697727203 0.9702983498573303
1638451973502743959 0.8451254963874817 -0.1497461199760437 0.0 0.0 0.0 0.2601822316646576 0.9655595421791077
1638451973669744015 0.8565810322761536 -0.14296269416809082 0.0 0.0 0.0 0.26675158739089966 0.9637653231620789
1638451973804744005 0.8658515214920044 -0.137407124042511 0.0 0.0 0.0 0.26589158177375793 0.9640029668807983
1638451973972743988 0.8774549961090088 -0.1305755227804184 0.0 0.0 0.0 0.2592335641384125 0.9658146500587463
1638451974106743813 0.8866887092590332 -0.12530814111232758 0.0 0.0 0.0 0.25297242403030396 0.9674735069274902
1638451974240743876 0.8960577845573425 -0.12012684345245361 0.0 0.0 0.0 0.2468780279159546 0.9690465927124023
1638451974410743952 0.9078899621963501 -0.1138063594698906 0.0 0.0 0.0 0.238982155919075 0.9710239768028259
1638451974542743921 0.9171795845031738 -0.10901331156492233 0.0 0.0 0.0 0.23276197910308838 0.9725337624549866
1638451974708743811 0.9289647340774536 -0.10315384715795517 0.0 0.0 0.0 0.22381144762039185 0.9746324419975281
1638451974843689919 0.9387165904045105 -0.09855425357818604 0.0 0.0 0.0 0.2129521518945694 0.9770626425743103
16384519759690046 0.9508651494979858 -0.09329922497272491 0.0 0.0 0.0 0.19063517451286316 0.9816609621047974
1638451975174690008 0.9632352590560913 -0.08873647451400757 0.0 0.0 0.0 0.15956667065620422 0.9871871471405029
1638451975309689999 0.9735016226768494 -0.08561447262763977 0.0 0.0 0.0 0.13403797149658203 0.9909762144088745
1638451975476690054 0.9862697124481201 -0.08253518491983414 0.0 0.0 0.0 0.10210783779621124 0.9947733283042908
1638451975608690023 0.9965541958808899 -0.08067016303539276 0.0 0.0 0.0 0.07706368714570999 0.9970261454582214
1638451975741689920 1.0070462226867676 -0.07931811362504959 0.0 0.0 0.0 0.05114453285932541 0.9986912608146667
1638451975908689976 1.0202746391296387 -0.07839656621217728 0.0 0.0 0.0 0.018677212297916412 0.9998255372047424
163845197641689873 1.030827522277832 -0.07827292382717133 0.0 0.0 0.0 -0.0069442447274923325 0.999975860118866
1638451976209689856 1.0440737009048462 -0.07888976484537125 0.0 0.0 0.0 -0.039700064808130264 0.9992116689682007
1638451976376689911 1.0572751760482788 -0.08038419485092163 0.0 0.0 0.0 -0.07251997292041779 0.9973669648170471
1638451976543689966 1.070525050163269 -0.08277013152837753 0.0 0.0 0.0 -0.10555081814527512 0.9944139122962952
1638451976711689949 1.0834426879882812 -0.08598305284976959 0.0 0.0 0.0 -0.13826914131641388 0.9903947114944458
1638451976845690012 1.0935643911361694 -0.08914483338594437 0.0 0.0 0.0 -0.16369077563285828 0.9865117073059082
163845197712689829 1.105827808380127 -0.09377609193325043 0.0 0.0 0.0 -0.19513662159442902 0.9807760715484619
1638451977145689964 1.1155415773391724 -0.09809205681085587 0.0 0.0 0.0 -0.22002717852592468 0.9754937291145325
1638451977295717955 1.1271259784698486 -0.1040635034441948 0.0 0.0 0.0 -0.2514875531196594 0.9678605198860168
1638451977466717958 1.1387336254119873 -0.11103232204914093 0.0 0.0 0.0 -0.2828093469142914 0.9591761231422424
1638451977664717913 1.1516790390014648 -0.12011771649122238 0.0 0.0 0.0 -0.3194781243801117 0.947593629360199
1638451977844717979 1.1625900268554688 -0.12904106080532074 0.0 0.0 0.0 -0.3525979220867157 0.9357749223709106
163845197812717962 1.172427773475647 -0.13826881349086761 0.0 0.0 0.0 -0.3831041157245636 0.9237051606178284
1638451978179718018 1.181592345237732 -0.14806188642978668 0.0 0.0 0.0 -0.41268956661224365 0.9108717441558838
1638451978347718000 1.1900392770767212 -0.15834951400756836 0.0 0.0 0.0 -0.4420270621776581 0.8970016837120056
1638451978513718128 1.197712779045105 -0.1690400093793869 0.0 0.0 0.0 -0.47074466943740845 0.8822695016860962
1638451978645718098 1.2033191919326782 -0.177891343832016 0.0 0.0 0.0 -0.49360907077789307 0.8696839213371277
1638451978812717915 1.209790587425232 -0.18955251574516296 0.0 0.0 0.0 -0.5210894346237183 0.853502094745636
163845197911718035 1.2164568901062012 -0.20389416813850403 0.0 0.0 0.0 -0.5539615154266357 0.8325423002243042
1638451979209717989 1.2219727039337158 -0.21866242587566376 0.0 0.0 0.0 -0.5860652327537537 0.8102638721466064
1638451979376718044 1.2259389162063599 -0.23216216266155243 0.0 0.0 0.0 -0.6118983030319214 0.7909364104270935
1638451979544718027 1.2293598651885986 -0.24750050902366638 0.0 0.0 0.0 -0.637999951839447 0.7700363993644714
1638451979711718082 1.2319364547729492 -0.26400306820869446 0.0 0.0 0.0 -0.6618444323539734 0.7496411800384521
1638451979844249010 1.2332972288131714 -0.27714407444000244 0.0 0.0 0.0 -0.6771112680435181 0.7358806729316711
163845198011249065 1.2343436479568481 -0.29366326332092285 0.0 0.0 0.0 -0.6907660365104675 0.7230783700942993
1638451980213248968 1.234865665435791 -0.3139038383960724 0.0 0.0 0.0 -0.7047068476676941 0.7094985842704773
1638451980432249069 1.2345627546310425 -0.33571797609329224 0.0 0.0 0.0 -0.7192392349243164 0.6947625279426575
1638451980597249031 1.233736276626587 -0.3520470857620239 0.0 0.0 0.0 -0.7302705645561218 0.6831579804420471
1638451980763248920 1.2323728799819946 -0.3685179054737091 0.0 0.0 0.0 -0.7412455677986145 0.6712339520454407
1638451980962249041 1.2301357984542847 -0.38825997710227966 0.0 0.0 0.0 -0.7495707273483276 0.6619242429733276
1638451981164248943 1.22747802734375 -0.40835878252983093 0.0 0.0 0.0 -0.7533214092254639 0.6576525568962097
1638451981364248991 1.2248022556304932 -0.4279189109802246 0.0 0.0 0.0 -0.7537951469421387 0.6571094393730164
1638451981567249060 1.2220276594161987 -0.44797638058662415 0.0 0.0 0.0 -0.7539801001548767 0.656897246837616
1638451981704248905 1.2201764583587646 -0.4613393545150757 0.0 0.0 0.0 -0.7540832757949829 0.6567788124084473
1638451981875248909 1.2178447246551514 -0.4782642126083374 0.0 0.0 0.0 -0.7528823018074036 0.6581551432609558
163845198244249058 1.2156883478164673 -0.4950079917907715 0.0 0.0 0.0 -0.7481368780136108 0.6635444164276123
1638451982276092052 1.2133681774139404 -0.5182777643203735 0.0 0.0 0.0 -0.733199954032898 0.680013120174408
1638451982455091953 1.2124816179275513 -0.5360978841781616 0.0 0.0 0.0 -0.715349018573761 0.6987673044204712
1638451982590091944 1.2124276161193848 -0.549385130405426 0.0 0.0 0.0 -0.7016296982765198 0.7125417590141296
1638451982757091999 1.2130857706069946 -0.5659235715866089 0.0 0.0 0.0 -0.6836549043655396 0.7298054099082947
1638451982923091888 1.2146360874176025 -0.5822489857673645 0.0 0.0 0.0 -0.6609513759613037 0.7504287362098694
1638451983123091936 1.2178404331207275 -0.6016477942466736 0.0 0.0 0.0 -0.6323716044425964 0.7746651768684387
1638451983321091890 1.2225250005722046 -0.6207954287528992 0.0 0.0 0.0 -0.6017205119132996 0.7987067103385925
1638451983521091938 1.2287161350250244 -0.6396167874336243 0.0 0.0 0.0 -0.5706881880760193 0.8211668729782104
1638451983721091986 1.2363656759262085 -0.6581419706344604 0.0 0.0 0.0 -0.5427555441856384 0.839890718460083
1638451983920091867 1.2449796199798584 -0.6758750081062317 0.0 0.0 0.0 -0.5184800028800964 0.8550897240638733
1638451984119091988 1.2546354532241821 -0.6931788921356201 0.0 0.0 0.0 -0.4940350651741028 0.8694419860839844
1638451984320091963 1.2653107643127441 -0.7099329829216003 0.0 0.0 0.0 -0.4681198298931122 0.8836650252342224
1638451984521091938 1.2769296169281006 -0.7261417508125305 0.0 0.0 0.0 -0.4470886290073395 0.8944896459579468
1638451984720092058 1.2890774011611938 -0.7417028546333313 0.0 0.0 0.0 -0.4306160807609558 0.9025352001190186
1638451984900897980 1.299805760383606 -0.7546719908714294 0.0 0.0 0.0 -0.422355592250824 0.9064302444458008
163845198568897963 1.3106273412704468 -0.7674644589424133 0.0 0.0 0.0 -0.42042869329452515 0.9073255658149719
1638451985265897989 1.3234329223632812 -0.7825568318367004 0.0 0.0 0.0 -0.4198468029499054 0.9075949788093567
1638451985402898073 1.332268476486206 -0.7929515242576599 0.0 0.0 0.0 -0.41967374086380005 0.90767502784729
1638451985569897890 1.3430747985839844 -0.8056573271751404 0.0 0.0 0.0 -0.42025771737098694 0.9074047803878784
1638451985769897938 1.355861783027649 -0.820963442325592 0.0 0.0 0.0 -0.4282572567462921 0.9036568403244019
1638451985903898001 1.3641480207443237 -0.831318736076355 0.0 0.0 0.0 -0.4386031925678253 0.8986808061599731
163845198672897911 1.374192714691162 -0.844728410243988 0.0 0.0 0.0 -0.45731693506240845 0.8893038034439087
1638451986240897894 1.3835861682891846 -0.8586314916610718 0.0 0.0 0.0 -0.4815467894077301 0.8764203786849976
1638451986406898022 1.3919386863708496 -0.8728018403053284 0.0 0.0 0.0 -0.5112800002098083 0.8594141602516174
1638451986573898077 1.3993357419967651 -0.8878312110900879 0.0 0.0 0.0 -0.5462257862091064 0.8376380205154419
1638451986740897894 1.4052733182907104 -0.9032220840454102 0.0 0.0 0.0 -0.5852851867675781 0.8108274936676025
1638451986910897970 1.4097822904586792 -0.9195883274078369 0.0 0.0 0.0 -0.6262825131416321 0.7795961499214172
163845198742897940 1.4120512008666992 -0.932574450969696 0.0 0.0 0.0 -0.6601641178131104 0.7511214017868042
1638451987210897923 1.4132533073425293 -0.9492276310920715 0.0 0.0 0.0 -0.7013314962387085 0.7128353118896484
1638451987368570089 1.4125967025756836 -0.9659367799758911 0.0 0.0 0.0 -0.7398439645767212 0.6727784872055054
1638451987570569992 1.4092904329299927 -0.9859238862991333 0.0 0.0 0.0 -0.7838767766952515 0.6209164261817932
1638451987748569965 1.4042279720306396 -1.0028666257858276 0.0 0.0 0.0 -0.818404495716095 0.574642539024353
1638451987948570013 1.3963226079940796 -1.0212206840515137 0.0 0.0 0.0 -0.8510620594024658 0.5250651836395264
1638451988120569944 1.3879836797714233 -1.0360385179519653 0.0 0.0 0.0 -0.8739816546440125 0.4859589636325836
1638451988320569992 1.3766820430755615 -1.0524013042449951 0.0 0.0 0.0 -0.8967003226280212 0.4426381587982178
1638451988522569895 1.36363685131073 -1.0677777528762817 0.0 0.0 0.0 -0.917514979839325 0.3977012038230896
1638451988721570015 1.349286675453186 -1.081654667854309 0.0 0.0 0.0 -0.9360889196395874 0.35176339745521545
1638451988922569990 1.3338596820831299 -1.0939639806747437 0.0 0.0 0.0 -0.9507001042366028 0.3101118505001068
163845198989570045 1.3201431035995483 -1.1033153533935547 0.0 0.0 0.0 -0.9603060483932495 0.278948575258255
1638451989257570028 1.3058725595474243 -1.1117479801177979 0.0 0.0 0.0 -0.9684510827064514 0.2492038458585739
1638451989422569990 1.291353464126587 -1.1192638874053955 0.0 0.0 0.0 -0.9745112657546997 0.22433851659297943
1638451989624569893 1.2731467485427856 -1.127524971961975 0.0 0.0 0.0 -0.9799019694328308 0.19947950541973114
1638451989758569956 1.2606875896453857 -1.1326313018798828 0.0 0.0 0.0 -0.9823695421218872 0.18694935739040375
1638451989908268929 1.2479329109191895 -1.1374715566635132 0.0 0.0 0.0 -0.9846944808959961 0.17428940534591675
163845199073268890 1.2322498559951782 -1.1430001258850098 0.0 0.0 0.0 -0.9862887263298035 0.16502876579761505
1638451990239269018 1.2164918184280396 -1.1483900547027588 0.0 0.0 0.0 -0.9864528775215149 0.16404469311237335
1638451990410269022 1.2003971338272095 -1.1538907289505005 0.0 0.0 0.0 -0.9864932894706726 0.16380174458026886
1638451990541269064 1.1879661083221436 -1.1581368446350098 0.0 0.0 0.0 -0.9865028858184814 0.1637440025806427
1638451990709269047 1.1722276210784912 -1.163506031036377 0.0 0.0 0.0 -0.9864991307258606 0.16376645863056183
1638451990844269037 1.159569501876831 -1.1678699254989624 0.0 0.0 0.0 -0.9859238266944885 0.16719503700733185
163845199111269093 1.14387047290802 -1.173504114151001 0.0 0.0 0.0 -0.9845160841941833 0.17529436945915222
1638451991178268909 1.1284538507461548 -1.1793901920318604 0.0 0.0 0.0 -0.9821574687957764 0.188060462474823
1638451991345268965 1.1131510734558105 -1.1857657432556152 0.0 0.0 0.0 -0.9787397384643555 0.2051062434911728
1638451991514268875 1.0980873107910156 -1.192805528640747 0.0 0.0 0.0 -0.9733310341835022 0.22940514981746674
1638451991646269083 1.0863653421401978 -1.1990076303482056 0.0 0.0 0.0 -0.967332124710083 0.25351253151893616
1638451991814269066 1.0720877647399902 -1.2077215909957886 0.0 0.0 0.0 -0.9573236107826233 0.2890182435512543
1638451991948268890 1.0610719919204712 -1.2155492305755615 0.0 0.0 0.0 -0.9477030634880066 0.3191533386707306
1638451992114269018 1.04828941822052 -1.2260994911193848 0.0 0.0 0.0 -0.9338390827178955 0.35769346356391907
1638451992304942846 1.0337677001953125 -1.2404522895812988 0.0 0.0 0.0 -0.9152618050575256 0.40285950899124146
1638451992473942995 1.022963523864746 -1.253220796585083 0.0 0.0 0.0 -0.8986743092536926 0.4386166036128998
1638451992674942970 1.0114190578460693 -1.2696000337600708 0.0 0.0 0.0 -0.8764305114746094 0.4815283715724945
1638451992844942808 1.002151370048523 -1.2855788469314575 0.0 0.0 0.0 -0.8560962080955505 0.5168164372444153
163845199312943029 0.9937751293182373 -1.3032262325286865 0.0 0.0 0.0 -0.8340926170349121 0.5516244173049927
1638451993210942984 0.985126793384552 -1.3267066478729248 0.0 0.0 0.0 -0.8062131404876709 0.5916251540184021
1638451993344942808 0.9804917573928833 -1.3433316946029663 0.0 0.0 0.0 -0.7867353558540344 0.6172904372215271
1638451993511942863 0.9762060046195984 -1.3645378351211548 0.0 0.0 0.0 -0.7609149813652039 0.6488516330718994
1638451993676942825 0.973513662815094 -1.386897325515747 0.0 0.0 0.0 -0.7352059483528137 0.6778438091278076
1638451993844942808 0.9725269079208374 -1.4102578163146973 0.0 0.0 0.0 -0.7078964114189148 0.7063162326812744
163845199410942936 0.9732891321182251 -1.433526635169983 0.0 0.0 0.0 -0.6826213598251343 0.7307722568511963
1638451994143942833 0.975038468837738 -1.4522490501403809 0.0 0.0 0.0 -0.6639888882637024 0.7477424144744873
1638451994309942961 0.9785051941871643 -1.475015640258789 0.0 0.0 0.0 -0.6399033665657043 0.7684553861618042
1638451994441942930 0.9822301864624023 -1.4930343627929688 0.0 0.0 0.0 -0.6237115859985352 0.7816545963287354
1638451994610942841 0.9879817962646484 -1.5157009363174438 0.0 0.0 0.0 -0.6044415235519409 0.7966495156288147
1638451994746942997 0.9934330582618713 -1.5338305234909058 0.0 0.0 0.0 -0.5889676213264465 0.8081566095352173
1638451994895682096 0.9993771314620972 -1.5512975454330444 0.0 0.0 0.0 -0.575255811214447 0.8179735541343689
1638451994996681929 1.0043179988861084 -1.5646092891693115 0.0 0.0 0.0 -0.5668931007385254 0.8237913846969604
1638451995163681984 1.0130082368850708 -1.5863207578659058 0.0 0.0 0.0 -0.5538299679756165 0.8326297998428345
1638451995368682146 1.0245866775512695 -1.612637996673584 0.0 0.0 0.0 -0.5400807857513428 0.8416131734848022
1638451995502681971 1.0324918031692505 -1.6295899152755737 0.0 0.0 0.0 -0.5348421931266785 0.8449519872665405
1638451995673681974 1.0429250001907349 -1.6511691808700562 0.0 0.0 0.0 -0.5280515551567078 0.8492122888565063
1638451995842682123 1.0534723997116089 -1.6721558570861816 0.0 0.0 0.0 -0.5211739540100098 0.8534504771232605
16384519969681940 1.0642461776733398 -1.6927704811096191 0.0 0.0 0.0 -0.514850378036499 0.8572800755500793
1638451996146682024 1.0732005834579468 -1.7094227075576782 0.0 0.0 0.0 -0.5115719437599182 0.8592404723167419
1638451996313682079 1.0843456983566284 -1.7299546003341675 0.0 0.0 0.0 -0.5114647150039673 0.8593042492866516
1638451996483682156 1.095589280128479 -1.7507785558700562 0.0 0.0 0.0 -0.5140270590782166 0.8577739596366882
1638451996615682125 1.1042851209640503 -1.7672815322875977 0.0 0.0 0.0 -0.519832193851471 0.8542683720588684
1638451996749681950 1.1126935482025146 -1.7839891910552979 0.0 0.0 0.0 -0.5298974514007568 0.848061740398407
1638451996915682077 1.1224533319473267 -1.8050734996795654 0.0 0.0 0.0 -0.5477908253669739 0.8366153240203857
1638451997119682074 1.133044719696045 -1.8314735889434814 0.0 0.0 0.0 -0.5723266005516052 0.8200257420539856
1638451997252681971 1.1391363143920898 -1.8490501642227173 0.0 0.0 0.0 -0.5875998139381409 0.8091517090797424
1638451997390695095 1.1447254419326782 -1.867455244064331 0.0 0.0 0.0 -0.6032761335372925 0.7975323796272278
1638451997559695005 1.1505552530288696 -1.8901280164718628 0.0 0.0 0.0 -0.6221746206283569 0.7828785181045532
1638451997724695206 1.1552214622497559 -1.912577748298645 0.0 0.0 0.0 -0.6402618288993835 0.7681567668914795
1638451997857695103 1.1582200527191162 -1.930859923362732 0.0 0.0 0.0 -0.6547288298606873 0.7558638453483582
163845199822695065 1.1609407663345337 -1.9535506963729858 0.0 0.0 0.0 -0.6723954677581787 0.7401920557022095
1638451998155695200 1.1623761653900146 -1.9721482992172241 0.0 0.0 0.0 -0.6866779327392578 0.7269617915153503
1638451998320695162 1.1631667613983154 -1.9954437017440796 0.0 0.0 0.0 -0.7035307884216309 0.7106647491455078
1638451998452695131 1.1629812717437744 -2.013792037963867 0.0 0.0 0.0 -0.7175018787384033 0.696556568145752
1638451998619695187 1.161738634109497 -2.037118673324585 0.0 0.0 0.0 -0.7338300347328186 0.6793331503868103
1638451998751695156 1.1599575281143188 -2.055635690689087 0.0 0.0 0.0 -0.7465469241142273 0.6653327941894531
1638451998916695118 1.1567680835723877 -2.0783934593200684 0.0 0.0 0.0 -0.7622709274291992 0.6472581028938293
163845199949695015 1.1533993482589722 -2.0966622829437256 0.0 0.0 0.0 -0.7748630046844482 0.6321291923522949
1638451999217694998 1.1481475830078125 -2.1194236278533936 0.0 0.0 0.0 -0.7904155850410461 0.6125710010528564
1638451999350695133 1.1431734561920166 -2.137479782104492 0.0 0.0 0.0 -0.8002908825874329 0.5996119976043701
1638451999516695023 1.136346459388733 -2.159609317779541 0.0 0.0 0.0 -0.8084823489189148 0.5885204076766968
1638451999652695179 1.1304072141647339 -2.1775057315826416 0.0 0.0 0.0 -0.8127596974372864 0.5825990438461304
1638451999801185131 1.122936725616455 -2.199320077896118 0.0 0.0 0.0 -0.8140197992324829 0.5808371305465698
1638451999969185114 1.1153995990753174 -2.22145938873291 0.0 0.0 0.0 -0.8116011619567871 0.5842118859291077
1638452000169185162 1.106781005859375 -2.2480392456054688 0.0 0.0 0.0 -0.805889904499054 0.5920653939247131
1638452000370185137 1.0986264944076538 -2.274977207183838 0.0 0.0 0.0 -0.8000075221061707 0.5999899506568909
1638452000570185184 1.0910193920135498 -2.3019957542419434 0.0 0.0 0.0 -0.7943106293678284 0.6075118184089661
1638452000772185087 1.0839030742645264 -2.329252243041992 0.0 0.0 0.0 -0.788433313369751 0.6151202321052551
1638452000906185150 1.0794342756271362 -2.347545623779297 0.0 0.0 0.0 -0.7846479415893555 0.6199415922164917
163845200171185112 1.0743051767349243 -2.3698959350585938 0.0 0.0 0.0 -0.7797932028770447 0.6260371804237366
1638452001274185181 1.0684823989868164 -2.3974318504333496 0.0 0.0 0.0 -0.7738416194915771 0.6333791613578796
1638452001474185228 1.0632492303848267 -2.424776792526245 0.0 0.0 0.0 -0.7675697207450867 0.6409654021263123
1638452001642185211 1.0592129230499268 -2.4480693340301514 0.0 0.0 0.0 -0.7625104188919067 0.6469759345054626
1638452001842185020 1.0550442934036255 -2.4758520126342773 0.0 0.0 0.0 -0.7522746324539185 0.6588496565818787
16384520029185076 1.0523608922958374 -2.4988794326782227 0.0 0.0 0.0 -0.7415348291397095 0.6709144115447998
1638452002178185225 1.0503854751586914 -2.522334337234497 0.0 0.0 0.0 -0.7306843996047974 0.6827154159545898
1638452002345759153 1.0491812229156494 -2.545410394668579 0.0 0.0 0.0 -0.7199538946151733 0.6940219402313232
1638452002513759136 1.0487018823623657 -2.5687663555145264 0.0 0.0 0.0 -0.7089352607727051 0.7052735686302185
1638452002645759106 1.0488210916519165 -2.587217092514038 0.0 0.0 0.0 -0.7003896832466125 0.7137606739997864
1638452002813759089 1.0496355295181274 -2.6108169555664062 0.0 0.0 0.0 -0.6891990303993225 0.7245721220970154
1638452002948759079 1.050844669342041 -2.6296849250793457 0.0 0.0 0.0 -0.6788021922111511 0.7343211770057678
1638452003118759155 1.0531071424484253 -2.6533682346343994 0.0 0.0 0.0 -0.6663652062416077 0.7456254959106445
1638452003320759058 1.0568138360977173 -2.6812665462493896 0.0 0.0 0.0 -0.6513118147850037 0.7588102221488953
1638452003520759106 1.0615622997283936 -2.708801746368408 0.0 0.0 0.0 -0.6369557976722717 0.7709003686904907
1638452003691759109 1.0663930177688599 -2.7319161891937256 0.0 0.0 0.0 -0.6243295073509216 0.7811611294746399
1638452003857758999 1.0718485116958618 -2.7544491291046143 0.0 0.0 0.0 -0.6121122241020203 0.7907708883285522
163845200459759140 1.0794248580932617 -2.7815802097320557 0.0 0.0 0.0 -0.5970690250396729 0.8021898865699768
1638452004193758965 1.0850703716278076 -2.799597978591919 0.0 0.0 0.0 -0.5876291394233704 0.8091303706169128
1638452004361758947 1.0925761461257935 -2.8219077587127686 0.0 0.0 0.0 -0.5802592039108276 0.8144318461418152
1638452004549759150 1.1011828184127808 -2.8467304706573486 0.0 0.0 0.0 -0.5813814997673035 0.8136311173439026
1638452004714759111 1.1084728240966797 -2.8685786724090576 0.0 0.0 0.0 -0.5884532928466797 0.8085312247276306
1638452004924085140 1.1165934801101685 -2.8953936100006104 0.0 0.0 0.0 -0.6032655835151672 0.7975403666496277
1638452005127084970 1.1236522197723389 -2.922715187072754 0.0 0.0 0.0 -0.6225649118423462 0.7825681567192078
1638452005297085047 1.12837815284729 -2.945875406265259 0.0 0.0 0.0 -0.6433486938476562 0.765573263168335
1638452005466084957 1.1316626071929932 -2.969179391860962 0.0 0.0 0.0 -0.6694386005401611 0.7428674101829529
1638452005602085114 1.1330387592315674 -2.988210678100586 0.0 0.0 0.0 -0.6936840415000916 0.7202794551849365
1638452005769084930 1.1328723430633545 -3.011538505554199 0.0 0.0 0.0 -0.7262868881225586 0.6873916983604431
1638452005902085066 1.1311289072036743 -3.030080795288086 0.0 0.0 0.0 -0.7522314786911011 0.6588988900184631
1638452006104084969 1.1257636547088623 -3.057745933532715 0.0 0.0 0.0 -0.7901156544685364 0.6129578351974487
1638452006271085024 1.1188817024230957 -3.080061674118042 0.0 0.0 0.0 -0.8190822005271912 0.5736761689186096
1638452006472084999 1.1077682971954346 -3.105903148651123 0.0 0.0 0.0 -0.8510961532592773 0.5250098705291748
1638452006607084990 1.0985984802246094 -3.1225194931030273 0.0 0.0 0.0 -0.8711122274398804 0.49108394980430603
1638452006772084951 1.0857614278793335 -3.1416327953338623 0.0 0.0 0.0 -0.8934095501899719 0.4492431581020355
1638452006973084927 1.0677272081375122 -3.1631555557250977 0.0 0.0 0.0 -0.9181375503540039 0.39626187086105347
1638452007171085119 1.0476713180541992 -3.1821157932281494 0.0 0.0 0.0 -0.9395473003387451 0.3424191474914551
1638452007380672932 1.0247461795806885 -3.199191093444824 0.0 0.0 0.0 -0.9580840468406677 0.28648728132247925
1638452007547672987 1.004477620124817 -3.2111942768096924 0.0 0.0 0.0 -0.9703584909439087 0.24167008697986603
1638452007746672869 0.9793809652328491 -3.2226767539978027 0.0 0.0 0.0 -0.9829158782958984 0.18405528366565704
1638452007911672831 0.9574713706970215 -3.229997396469116 0.0 0.0 0.0 -0.9905906319618225 0.1368584930896759
163845200846672821 0.9392622113227844 -3.2343645095825195 0.0 0.0 0.0 -0.9951486587524414 0.09838264435529709
1638452008220672846 0.9153581261634827 -3.2378830909729004 0.0 0.0 0.0 -0.9988369941711426 0.04821417108178139
1638452008420672894 0.8967950344085693 -3.2383475303649902 0.0 0.0 0.0 0.9999659657478333 0.00825236365199089
1638452008552672863 0.8783504962921143 -3.2373292446136475 0.0 0.0 0.0 0.9989067316055298 0.046747881919145584
1638452008719672918 0.8553271293640137 -3.2340750694274902 0.0 0.0 0.0 0.9955999255180359 0.09370573610067368
1638452008888672829 0.8324986696243286 -3.2285847663879395 0.0 0.0 0.0 0.9899294376373291 0.14156177639961243
163845200954672956 0.8106563687324524 -3.221064329147339 0.0 0.0 0.0 0.9822525978088379 0.187562957406044
1638452009222672939 0.7893487811088562 -3.2113826274871826 0.0 0.0 0.0 0.9720072746276855 0.23495064675807953
1638452009356673002 0.772956371307373 -3.2021749019622803 0.0 0.0 0.0 0.9624507427215576 0.27145636081695557
1638452009493672848 0.7570399045944214 -3.191606044769287 0.0 0.0 0.0 0.9520394802093506 0.3059752285480499
1638452009659672976 0.738706648349762 -3.1773808002471924 0.0 0.0 0.0 0.9400510191917419 0.34103384613990784
1638452009793673038 0.7246384620666504 -3.164980173110962 0.0 0.0 0.0 0.9310188889503479 0.36497098207473755
1638452009952697039 0.7078933715820312 -3.148621082305908 0.0 0.0 0.0 0.9215198755264282 0.38833120465278625
1638452010117697001 0.6921175122261047 -3.131840705871582 0.0 0.0 0.0 0.9149395823478699 0.4035908281803131
1638452010251697063 0.6795282959938049 -3.1178364753723145 0.0 0.0 0.0 0.9120334982872009 0.41011568903923035
1638452010417696953 0.664248526096344 -3.100432872772217 0.0 0.0 0.0 0.910490095615387 0.4135308265686035
1638452010618696928 0.6457548141479492 -3.0794179439544678 0.0 0.0 0.0 0.9129272699356079 0.4081222712993622
1638452010818696976 0.6269482970237732 -3.059096336364746 0.0 0.0 0.0 0.9201195240020752 0.3916377127170563
163845201118697023 0.6071998476982117 -3.0396196842193604 0.0 0.0 0.0 0.9306330680847168 0.365953654050827
1638452011224696875 0.5853301286697388 -3.0207695960998535 0.0 0.0 0.0 0.944273054599762 0.32916316390037537
1638452011390697002 0.5664451122283936 -3.0068981647491455 0.0 0.0 0.0 0.9562416076660156 0.29257822036743164
1638452011558696985 0.5464746952056885 -2.9947447776794434 0.0 0.0 0.0 0.969568133354187 0.24482154846191406
1638452011757696867 0.5213461518287659 -2.9832229614257812 0.0 0.0 0.0 0.983613908290863 0.1802876591682434
1638452011924696922 0.4992750585079193 -2.976245403289795 0.0 0.0 0.0 0.9921536445617676 0.125024676322937
1638452012126697063 0.471664160490036 -2.9711711406707764 0.0 0.0 0.0 0.9984355568885803 0.055914506316185
1638452012326904058 0.4436435401439667 -2.9699301719665527 0.0 0.0 0.0 0.9999275803565979 -0.012034407816827297
1638452012497904062 0.4290516674518585 -2.9711387157440186 0.0 0.0 0.0 -0.997514545917511 0.0704609677195549
1638452012665904045 0.40628698468208313 -2.9757297039031982 0.0 0.0 0.0 -0.9918234348297119 0.12761786580085754
1638452012864903927 0.37944865226745605 -2.9847137928009033 0.0 0.0 0.0 -0.9811417460441589 0.19328971207141876
163845201365904140 0.3528224229812622 -2.99774432182312 0.0 0.0 0.0 -0.9665440320968628 0.2565007507801056
1638452013270904064 0.32689720392227173 -3.014852285385132 0.0 0.0 0.0 -0.9484304189682007 0.31698542833328247
1638452013437904119 0.30660122632980347 -3.0317578315734863 0.0 0.0 0.0 -0.9320345520973206 0.3623693883419037
1638452013603904009 0.2879180610179901 -3.050433874130249 0.0 0.0 0.0 -0.9159023761749268 0.4014011025428772
1638452013805904150 0.2672153413295746 -3.0749783515930176 0.0 0.0 0.0 -0.8979442715644836 0.4401091933250427
1638452013972903967 0.2514745593070984 -3.0965752601623535 0.0 0.0 0.0 -0.8849776983261108 0.465633362531662
1638452014183903933 0.2332400381565094 -3.12477707862854 0.0 0.0 0.0 -0.8727248907089233 0.48821237683296204
1638452014368904114 0.21807686984539032 -3.1500954627990723 0.0 0.0 0.0 -0.8680580258369446 0.49646270275115967
1638452014517904043 0.20606516301631927 -3.1706912517547607 0.0 0.0 0.0 -0.8670789003372192 0.4981708228588104
1638452014718904018 0.18982668220996857 -3.197991371154785 0.0 0.0 0.0 -0.8718608617782593 0.4897536337375641
1638452014904990911 0.1754857301712036 -3.2208447456359863 0.0 0.0 0.0 -0.8788291811943054 0.4771365523338318
163845201538990974 0.16348955035209656 -3.2387030124664307 0.0 0.0 0.0 -0.8862659931182861 0.4631766378879547
1638452015272990942 0.14109230041503906 -3.268561363220215 0.0 0.0 0.0 -0.9030795097351074 0.4294734299182892
1638452015405990839 0.12729190289974213 -3.2846648693084717 0.0 0.0 0.0 -0.9142953753471375 0.405048131942749
1638452015572990894 0.10859899967908859 -3.303759813308716 0.0 0.0 0.0 -0.9290557503700256 0.3699396848678589
1638452015706990957 0.09262114763259888 -3.3178958892822266 0.0 0.0 0.0 -0.940834641456604 0.33886608481407166
1638452015873990774 0.07144619524478912 -3.3340280055999756 0.0 0.0 0.0 -0.9537291526794434 0.30066704750061035
163845201676990843 0.04401905834674835 -3.351248264312744 0.0 0.0 0.0 -0.9675266742706299 0.25276902318000793
1638452016209990978 0.025155281648039818 -3.361048460006714 0.0 0.0 0.0 -0.9751667976379395 0.22147172689437866
1638452016409990788 -0.004067040979862213 -3.3733410835266113 0.0 0.0 0.0 -0.9847005009651184 0.17425537109375
1638452016544990778 -0.02439635433256626 -3.3800554275512695 0.0 0.0 0.0 -0.989691436290741 0.1432160586118698
1638452016710990906 -0.049961552023887634 -3.386509418487549 0.0 0.0 0.0 -0.9945705533027649 0.10406462103128433
1638452016850990772 -0.07194141298532486 -3.3903913497924805 0.0 0.0 0.0 -0.9975032210350037 0.07062067091464996
163845201717990828 -0.08799482136964798 -3.3923778533935547 0.0 0.0 0.0 0.9995332956314087 -0.03054744005203247
1638452017150990963 -0.10911698639392853 -3.3929808139801025 0.0 0.0 0.0 0.9999973177909851 0.0023278731387108564
1638452017361417055 -0.14618423581123352 -3.390709638595581 0.0 0.0 0.0 0.9982924461364746 0.058413926512002945
1638452017562417030 -0.1777014583349228 -3.385437250137329 0.0 0.0 0.0 0.9942424297332764 0.10715430974960327
1638452017765417099 -0.2092045098543167 -3.376906156539917 0.0 0.0 0.0 0.9876605868339539 0.156609445810318
1638452017967417002 -0.23930267989635468 -3.3655099868774414 0.0 0.0 0.0 0.979145884513855 0.2031584084033966
1638452018170417070 -0.26833149790763855 -3.3512094020843506 0.0 0.0 0.0 0.968203604221344 0.25016355514526367
1638452018369416952 -0.29528358578681946 -3.3346123695373535 0.0 0.0 0.0 0.9555677175521851 0.2947717010974884
1638452018538417101 -0.31691232323646545 -3.3185362815856934 0.0 0.0 0.0 0.942963182926178 0.33289700746536255
1638452018704416990 -0.3368336856365204 -3.301147222518921 0.0 0.0 0.0 0.9292965531349182 0.36933445930480957
1638452018912416935 -0.35959044098854065 -3.2773311138153076 0.0 0.0 0.0 0.9092189073562622 0.4163183271884918
1638452019110417128 -0.3790385127067566 -3.252455472946167 0.0 0.0 0.0 0.8880605101585388 0.45972660183906555
1638452019311417103 -0.396151602268219 -3.225529193878174 0.0 0.0 0.0 0.8645644783973694 0.5025219321250916
1638452019515417099 -0.41076385974884033 -3.1965434551239014 0.0 0.0 0.0 0.8377649188041687 0.54603111743927
1638452019647417068 -0.41872337460517883 -3.1768596172332764 0.0 0.0 0.0 0.8200061917304993 0.5723546743392944
1638452019814417124 -0.42683523893356323 -3.1516387462615967 0.0 0.0 0.0 0.7962369918823242 0.6049848198890686
1638452019998596907 -0.43299704790115356 -3.125403881072998 0.0 0.0 0.0 0.7710469961166382 0.6367782950401306
1638452020175596952 -0.43711403012275696 -3.097595453262329 0.0 0.0 0.0 0.7429036498069763 0.6693983674049377
1638452020309597015 -0.43865513801574707 -3.076216697692871 0.0 0.0 0.0 0.7211731672286987 0.692754864692688
1638452020477596998 -0.4386339485645294 -3.0492935180664062 0.0 0.0 0.0 0.6924490332603455 0.7214668393135071
1638452020610596895 -0.4370652735233307 -3.028169870376587 0.0 0.0 0.0 0.6683269143104553 0.7438676357269287
1638452020742596865 -0.4342176020145416 -3.0073330402374268 0.0 0.0 0.0 0.6471273303031921 0.762381911277771
1638452020909596920 -0.4290945529937744 -2.9813365936279297 0.0 0.0 0.0 0.6236305832862854 0.7817192077636719
163845202142597055 -0.42400527000427246 -2.9608256816864014 0.0 0.0 0.0 0.6087843775749207 0.7933357357978821
1638452021242596865 -0.4150887429714203 -2.930420160293579 0.0 0.0 0.0 0.590518593788147 0.8070240616798401
1638452021412596941 -0.40642648935317993 -2.9046547412872314 0.0 0.0 0.0 0.577412486076355 0.8164525628089905
1638452021545596838 -0.3991723954677582 -2.884669780731201 0.0 0.0 0.0 0.5709998607635498 0.8209501504898071
1638452021714596987 -0.3895634710788727 -2.859431028366089 0.0 0.0 0.0 0.563980758190155 0.8257879614830017
1638452021847596884 -0.3817216455936432 -2.8396692276000977 0.0 0.0 0.0 0.560307502746582 0.8282846808433533
163845202250596952 -0.36963483691215515 -2.8094470500946045 0.0 0.0 0.0 0.5624045729637146 0.8268622159957886
1638452022218596935 -0.3600972294807434 -2.7844796180725098 0.0 0.0 0.0 0.5727693438529968 0.8197165727615356
1638452022351596832 -0.35309892892837524 -2.764538288116455 0.0 0.0 0.0 0.5844677686691284 0.8114169239997864
1638452022542171001 -0.3438771069049835 -2.7341718673706055 0.0 0.0 0.0 0.6065789461135864 0.7950232625007629
1638452022708170891 -0.3374879062175751 -2.7085862159729004 0.0 0.0 0.0 0.6245487332344055 0.7809858322143555
1638452022874171019 -0.33223631978034973 -2.6824331283569336 0.0 0.0 0.0 0.6422824859619141 0.7664680480957031
163845202374170828 -0.32754549384117126 -2.650611639022827 0.0 0.0 0.0 0.664423942565918 0.7473558783531189
1638452023207170963 -0.32548514008522034 -2.62955379486084 0.0 0.0 0.0 0.6793009638786316 0.7338597774505615
1638452023409170866 -0.32419297099113464 -2.597569227218628 0.0 0.0 0.0 0.7064980864524841 0.7077149748802185
1638452023607170820 -0.3253399133682251 -2.566237449645996 0.0 0.0 0.0 0.7326957583427429 0.6805563569068909
1638452023740170956 -0.3274405896663666 -2.5452096462249756 0.0 0.0 0.0 0.7500485777854919 0.6613827347755432
1638452023908170938 -0.33168306946754456 -2.518568992614746 0.0 0.0 0.0 0.7712233662605286 0.6365646123886108
163845202441170835 -0.3363008499145508 -2.4977402687072754 0.0 0.0 0.0 0.7883924245834351 0.6151726841926575
1638452024242170811 -0.34523826837539673 -2.467134952545166 0.0 0.0 0.0 0.8119341135025024 0.5837490558624268
1638452024408170938 -0.35441720485687256 -2.4424147605895996 0.0 0.0 0.0 0.8301504850387573 0.5575394034385681
1638452024608170986 -0.36739036440849304 -2.4134254455566406 0.0 0.0 0.0 0.8471023440361023 0.5314298272132874
1638452024742170811 -0.3770613670349121 -2.3942368030548096 0.0 0.0 0.0 0.8555169105529785 0.5177748203277588
1638452024955796003 -0.3928903043270111 -2.365190029144287 0.0 0.0 0.0 0.8634610176086426 0.5044155716896057
163845202589796066 -0.40360984206199646 -2.3464200496673584 0.0 0.0 0.0 0.8659648299217224 0.5001048445701599
1638452025257796049 -0.4169587194919586 -2.323381185531616 0.0 0.0 0.0 0.8661826252937317 0.49972760677337646
1638452025424796104 -0.43025144934654236 -2.3001058101654053 0.0 0.0 0.0 0.8630990982055664 0.5050345659255981
1638452025559796095 -0.4406071901321411 -2.281421661376953 0.0 0.0 0.0 0.8600992560386658 0.5101267695426941
1638452025725795984 -0.45313671231269836 -2.258070945739746 0.0 0.0 0.0 0.8561187386512756 0.5167791843414307
1638452025860795975 -0.4629767835140228 -2.239081382751465 0.0 0.0 0.0 0.8526726365089417 0.522445559501648
163845202628795958 -0.47498053312301636 -2.215059518814087 0.0 0.0 0.0 0.8485437631607056 0.5291252136230469
1638452026195796013 -0.486508309841156 -2.190861701965332 0.0 0.0 0.0 0.8422308564186096 0.5391169786453247
1638452026395796061 -0.49937117099761963 -2.1615707874298096 0.0 0.0 0.0 0.8319737315177917 0.5548149943351746
1638452026563796043 -0.5091646909713745 -2.1366219520568848 0.0 0.0 0.0 0.8197698593139648 0.5726931095123291
1638452026695796013 -0.5160549283027649 -2.1166703701019287 0.0 0.0 0.0 0.8088847398757935 0.5879672169685364
1638452026862796068 -0.5235937833786011 -2.0912413597106934 0.0 0.0 0.0 0.7936990857124329 0.6083105802536011
163845202762796116 -0.530968964099884 -2.0602450370788574 0.0 0.0 0.0 0.7754940986633301 0.631354808807373
1638452027198796034 -0.5349124073982239 -2.039019823074341 0.0 0.0 0.0 0.7624120712280273 0.647091805934906
1638452027367795944 -0.5386090874671936 -2.0123984813690186 0.0 0.0 0.0 0.7452479600906372 0.6667874455451965
1638452027511663198 -0.5405393242835999 -1.991531491279602 0.0 0.0 0.0 0.7323731184005737 0.6809034943580627
1638452027713663101 -0.5419149994850159 -1.959471583366394 0.0 0.0 0.0 0.7117820978164673 0.7024003267288208
1638452027845663071 -0.5417962074279785 -1.9383134841918945 0.0 0.0 0.0 0.6981991529464722 0.7159035801887512
163845202812663126 -0.5406232476234436 -1.9117900133132935 0.0 0.0 0.0 0.6849756836891174 0.7285659313201904
1638452028176663160 -0.5386897921562195 -1.8853609561920166 0.0 0.0 0.0 0.6771880984306335 0.7358099222183228
1638452028311663151 -0.5367466807365417 -1.8637571334838867 0.0 0.0 0.0 0.6722525358200073 0.740321934223175
1638452028513663054 -0.5333573818206787 -1.8317921161651611 0.0 0.0 0.0 0.6654543280601501 0.7464385628700256
1638452028646663189 -0.5308064818382263 -1.8108378648757935 0.0 0.0 0.0 0.6606529951095581 0.7506914138793945
1638452028819663048 -0.5270774960517883 -1.7834770679473877 0.0 0.0 0.0 0.6543754935264587 0.7561697959899902
1638452028953663111 -0.523866593837738 -1.762383222579956 0.0 0.0 0.0 0.6491854190826416 0.760630190372467
1638452029118663073 -0.5195326805114746 -1.7365479469299316 0.0 0.0 0.0 0.6429874300956726 0.7658767104148865
1638452029250663042 -0.5157454013824463 -1.715755820274353 0.0 0.0 0.0 0.6385672688484192 0.769565999507904
1638452029418663025 -0.5105575919151306 -1.6892526149749756 0.0 0.0 0.0 0.6327028870582581 0.7743946313858032
1638452029551663160 -0.506163477897644 -1.6682698726654053 0.0 0.0 0.0 0.628385066986084 0.7779024243354797
1638452029763663054 -0.4987007975578308 -1.6352112293243408 0.0 0.0 0.0 0.6205982565879822 0.784128725528717
1638452029903836966 -0.4924025535583496 -1.609314203262329 0.0 0.0 0.0 0.6152113676071167 0.7883622050285339
163845203037837029 -0.4871026277542114 -1.588698387145996 0.0 0.0 0.0 0.6105112433433533 0.7920076251029968
1638452030203837156 -0.48018789291381836 -1.563194990158081 0.0 0.0 0.0 0.6055744290351868 0.7957887053489685
1638452030369837046 -0.47313743829727173 -1.5377811193466187 0.0 0.0 0.0 0.6055998206138611 0.7957693338394165
1638452030603837013 -0.4634365737438202 -1.5015736818313599 0.0 0.0 0.0 0.6141867637634277 0.7891606688499451
1638452030768836975 -0.4573132395744324 -1.4758696556091309 0.0 0.0 0.0 0.626366376876831 0.779528796672821
1638452030967837095 -0.45129314064979553 -1.4446327686309814 0.0 0.0 0.0 0.6473464369773865 0.762195885181427
1638452031198837042 -0.4466398358345032 -1.4081093072891235 0.0 0.0 0.0 0.6754687428474426 0.7373886108398438
1638452031397836924 -0.44503721594810486 -1.3765438795089722 0.0 0.0 0.0 0.7023822665214539 0.7117999792098999
1638452031567837000 -0.4455062448978424 -1.3496973514556885 0.0 0.0 0.0 0.7240732908248901 0.689723014831543
1638452031767837048 -0.44827142357826233 -1.3177049160003662 0.0 0.0 0.0 0.7494243383407593 0.6620899438858032
1638452031965837002 -0.45333531498908997 -1.2864298820495605 0.0 0.0 0.0 0.7727932929992676 0.6346578001976013
1638452032165837049 -0.4603928327560425 -1.2554630041122437 0.0 0.0 0.0 0.7903844714164734 0.6126111149787903
1638452032386763096 -0.4690972566604614 -1.2246534824371338 0.0 0.0 0.0 0.8035373687744141 0.5952543616294861
1638452032555763006 -0.47729822993278503 -1.1991093158721924 0.0 0.0 0.0 0.811962366104126 0.5837097764015198
1638452032756762981 -0.48786792159080505 -1.1687259674072266 0.0 0.0 0.0 0.8175139427185059 0.5759087800979614
1638452032921762943 -0.49677616357803345 -1.1439292430877686 0.0 0.0 0.0 0.8181141018867493 0.5750558972358704
1638452033118762970 -0.50748610496521 -1.1140782833099365 0.0 0.0 0.0 0.8169193267822266 0.5767519474029541
1638452033251763105 -0.514474630355835 -1.0940525531768799 0.0 0.0 0.0 0.8134068846702576 0.5816951990127563
1638452033418762922 -0.5228544473648071 -1.068832516670227 0.0 0.0 0.0 0.8086167573928833 0.5883357524871826
1638452033552762985 -0.529266357421875 -1.0485351085662842 0.0 0.0 0.0 0.8044938445091248 0.5939610004425049
1638452033719763041 -0.536894679069519 -1.0229454040527344 0.0 0.0 0.0 0.7991889715194702 0.6010798215866089
1638452033853763103 -0.5426669120788574 -1.002377986907959 0.0 0.0 0.0 0.794867992401123 0.6067823767662048
163845203421763086 -0.5495083928108215 -0.9764359593391418 0.0 0.0 0.0 0.7897915244102478 0.6133754253387451
1638452034154762983 -0.5546175837516785 -0.9558764100074768 0.0 0.0 0.0 0.7857241630554199 0.6185770034790039
1638452034320763111 -0.5606513023376465 -0.9299944639205933 0.0 0.0 0.0 0.7801477313041687 0.6255953311920166
1638452034520762920 -0.5670585036277771 -0.898703396320343 0.0 0.0 0.0 0.7686725854873657 0.6396424174308777
1638452034657763004 -0.5707308650016785 -0.8772231936454773 0.0 0.0 0.0 0.7597453594207764 0.6502206921577454
1638452034823763132 -0.5744354128837585 -0.8508819341659546 0.0 0.0 0.0 0.7496249079704285 0.6618629097938538
163845203518826962 -0.5777568221092224 -0.8191151022911072 0.0 0.0 0.0 0.7362969517707825 0.676658570766449
1638452035151827097 -0.5792645215988159 -0.7980350255966187 0.0 0.0 0.0 0.7274611592292786 0.6861488819122314
1638452035317826986 -0.580388069152832 -0.7717875242233276 0.0 0.0 0.0 0.7168216109275818 0.6972566246986389
1638452035551826954 -0.580579936504364 -0.734508216381073 0.0 0.0 0.0 0.7014187574386597 0.7127493619918823
1638452035717827082 -0.5797528028488159 -0.7079204320907593 0.0 0.0 0.0 0.6907883882522583 0.723056972026825
1638452035917826891 -0.5776742100715637 -0.6759209632873535 0.0 0.0 0.0 0.6773849129676819 0.7356287837028503
163845203653827047 -0.5756098628044128 -0.6541760563850403 0.0 0.0 0.0 0.6688193678855896 0.7434249520301819
1638452036220827103 -0.5725479125976562 -0.627777099609375 0.0 0.0 0.0 0.6621648073196411 0.7493582367897034
1638452036421827078 -0.5685389637947083 -0.5960110425949097 0.0 0.0 0.0 0.6617490649223328 0.7497254014015198
1638452036619827032 -0.5648263692855835 -0.5646680593490601 0.0 0.0 0.0 0.6676669120788574 0.7444601655006409
1638452036852827072 -0.5615603923797607 -0.5278620719909668 0.0 0.0 0.0 0.6841363310813904 0.7293541431427002
163845203717827034 -0.5604623556137085 -0.5014880895614624 0.0 0.0 0.0 0.7007005214691162 0.7134554982185364
1638452037218827009 -0.5608577132225037 -0.4692493677139282 0.0 0.0 0.0 0.721961498260498 0.6919332146644592
1638452037426572800 -0.5631588101387024 -0.4374200403690338 0.0 0.0 0.0 0.7419283986091614 0.6704791188240051
1638452037560572863 -0.5657236576080322 -0.4162646234035492 0.0 0.0 0.0 0.754808783531189 0.6559448838233948
1638452037758572817 -0.5709965825080872 -0.3852527439594269 0.0 0.0 0.0 0.7731432914733887 0.6342313885688782
1638452037891572952 -0.5754740238189697 -0.3648064136505127 0.0 0.0 0.0 0.7849043011665344 0.6196170449256897
163845203858573008 -0.5823002457618713 -0.3389410376548767 0.0 0.0 0.0 0.7994564175605774 0.6007241010665894
1638452038224572897 -0.5902828574180603 -0.313647598028183 0.0 0.0 0.0 0.8135888576507568 0.5814406275749207
1638452038358572960 -0.5976578593254089 -0.29343849420547485 0.0 0.0 0.0 0.8248035311698914 0.5654194951057434
1638452038490572929 -0.6055948138237 -0.27398881316185 0.0 0.0 0.0 0.8348758220672607 0.5504383444786072
1638452038656572819 -0.6164112687110901 -0.24999205768108368 0.0 0.0 0.0 0.8443517684936523 0.5357891917228699
1638452038890573025 -0.6327919363975525 -0.21686966717243195 0.0 0.0 0.0 0.8538066744804382 0.5205901861190796
163845203954572821 -0.645010769367218 -0.19349730014801025 0.0 0.0 0.0 0.8563768863677979 0.5163512229919434
1638452039220572948 -0.6575233340263367 -0.16979306936264038 0.0 0.0 0.0 0.8560677766799927 0.5168635845184326
1638452039422572851 -0.6723418831825256 -0.14112591743469238 0.0 0.0 0.0 0.851272702217102 0.5247235298156738
1638452039555572987 -0.6816731691360474 -0.12207892537117004 0.0 0.0 0.0 0.8451957702636719 0.5344569087028503
1638452039688572884 -0.6904414892196655 -0.10287795215845108 0.0 0.0 0.0 0.8367524147033691 0.5475814342498779
1638452039854573011 -0.7004344463348389 -0.07830987870693207 0.0 0.0 0.0 0.8219225406646729 0.5695992708206177
163845204042124987 -0.7103562355041504 -0.048144638538360596 0.0 0.0 0.0 0.796583354473114 0.6045287251472473
1638452040209125042 -0.7116607427597046 -0.04327977076172829 0.0 0.0 0.0 0.7888730764389038 0.6145561337471008
1638452040411124945 -0.7117102742195129 -0.04308344051241875 0.0 0.0 0.0 0.7877346277236938 0.6160147190093994
1638452040612125158 -0.7117284536361694 -0.043009720742702484 0.0 0.0 0.0 0.7798708081245422 0.6259405016899109
1638452040813125134 -0.7117226719856262 -0.04303437098860741 0.0 0.0 0.0 0.7648342847824097 0.6442270874977112
1638452040946125031 -0.7117390036582947 -0.04293445125222206 0.0 0.0 0.0 0.7515260577201843 0.6597034335136414
1638452041143125057 -0.7117457985877991 -0.042833421379327774 0.0 0.0 0.0 0.7267985343933105 0.6868507266044617
1638452041342125177 -0.7117442488670349 -0.04285869374871254 0.0 0.0 0.0 0.698714017868042 0.7154011130332947
1638452041574125051 -0.7117365002632141 -0.042757872492074966 0.0 0.0 0.0 0.6596235632896423 0.7515960931777954
1638452041707124949 -0.7117457389831543 -0.04283330217003822 0.0 0.0 0.0 0.6342446208000183 0.7731324434280396
1638452041910125017 -0.711758553981781 -0.042882289737463 0.0 0.0 0.0 0.5904576778411865 0.8070685863494873
1638452042109125137 -0.711803138256073 -0.043000537902116776 0.0 0.0 0.0 0.5371230244636536 0.8435039520263672
1638452042242125034 -0.7118532061576843 -0.043088607490062714 0.0 0.0 0.0 0.49824807047843933 0.8670344948768616
1638452042450349092 -0.7118805646896362 -0.04313120245933533 0.0 0.0 0.0 0.4379570186138153 0.8989958763122559
1638452042651349068 -0.7119972705841064 -0.043264240026474 0.0 0.0 0.0 0.3766928017139435 0.926338255405426
1638452042816349030 -0.7119602560997009 -0.04322982579469681 0.0 0.0 0.0 0.323883593082428 0.9460969567298889
1638452042990349054 -0.7119380235671997 -0.04321746528148651 0.0 0.0 0.0 0.26864463090896606 0.9632393717765808
1638452043160348892 -0.711825430393219 -0.0431598536670208 0.0 0.0 0.0 0.21208123862743378 0.9772520661354065
1638452043360348940 -0.7116372585296631 -0.04308527708053589 0.0 0.0 0.0 0.14625583589076996 0.9892467856407166
1638452043493349075 -0.7115881443023682 -0.043072838336229324 0.0 0.0 0.0 0.10090617835521698 0.9948959350585938
1638452043694349051 -0.7115381956100464 -0.043064262717962265 0.0 0.0 0.0 0.07485496997833252 0.9971944093704224
1638452043863348961 -0.7115131616592407 -0.04306047782301903 0.0 0.0 0.0 0.07520461827516556 0.9971681237220764
163845204462349081 -0.7115131616592407 -0.04306047782301903 0.0 0.0 0.0 0.07481211423873901 0.9971976280212402
1638452044198348999 -0.7114881277084351 -0.043056685477495193 0.0 0.0 0.0 0.07173232734203339 0.9974239468574524
1638452044468348980 -0.7099817395210266 -0.04286431148648262 0.0 0.0 0.0 0.05884367972612381 0.9982672333717346
1638452044601349115 -0.7080950736999512 -0.04265454038977623 0.0 0.0 0.0 0.05220542475581169 0.9986363649368286
1638452044766349077 -0.7049456238746643 -0.04235342517495155 0.0 0.0 0.0 0.04373552277684212 0.9990431666374207
1638452044969701052 -0.7010601162910461 -0.04204395413398743 0.0 0.0 0.0 0.03648531064391136 0.9993342161178589
1638452045171700954 -0.6971471905708313 -0.04176097735762596 0.0 0.0 0.0 0.03674177825450897 0.9993247985839844
1638452045303700924 -0.6944472193717957 -0.0415496826171875 0.0 0.0 0.0 0.04178250953555107 0.9991267323493958
1638452045442701101 -0.690244704513834 -0.034336039155191296 -0.004584742940639993 0.00014244321555503768 -0.00027421064798426595 0.04662433685453647 0.9989124344467407
1638452045608700991 -0.6764396797906672 0.016177463710713262 -0.037644562019242225 0.0011528196660988454 -0.0022628058878630263 0.04079577431909341 0.9991642981315176
1638452045807701111 -0.6724826174547953 0.016540684498285302 -0.037626137006682506 0.0011303633369910862 -0.0022741068658984048 0.05068463250244985 0.9987114710720122
163845204621701097 -0.6683826815840352 0.016998927156989228 -0.03760684292532003 0.0011071203276361167 -0.0022855125663158193 0.06086374179078676 0.9981428295947458
1638452046220700979 -0.6644682298962544 0.017515447176895516 -0.03758822512004605 0.0010856244807542987 -0.002295801110353112 0.07022757483446389 0.997527750446042
1638452046353701115 -0.661939398375021 0.017889649540687905 -0.03757609673923692 0.0010714077096114572 -0.00230247019581771 0.07639442443996475 0.9970744470503452
1638452046559700966 -0.6579684959921945 0.018542655332227855 -0.03755688935294408 0.0010490556663157865 -0.002312739814563222 0.08604851822580624 0.9962876974258402
1638452046692701101 -0.6554525909843898 0.018995423476839683 -0.03754462270773242 0.0010376564115494073 -0.0023178768214235815 0.09095261963429367 0.9958520117471603
1638452046859700918 -0.6522167031365591 0.019592068996761594 -0.037528810083364846 0.001038641915328206 -0.002317435311097905 0.09052914543160115 0.9958905711412716
1638452046993700981 -0.6495756208826676 0.02006411553320942 -0.03751594120327098 0.0010504082895026593 -0.0023121258844067114 0.08546575819756329 0.9963378923798675
1638452047224700928 -0.6448222434368995 0.02079038893673022 -0.0374930868363542 0.0011016244684157038 -0.0022881667762589897 0.06326237790954782 0.9979937178619116
1638452047410717964 -0.6408680769610254 0.021179216134701785 -0.03747461092792741 0.0011660473583486688 -0.0022560180168727487 0.03494553620569365 0.9993860162846997
1638452047610718012 -0.6382899350478545 0.021311230551280494 -0.03746286686257218 0.001210760238755055 -0.0022323402736370936 0.015028862361092476 0.9998838381147555
1638452047814718008 -0.6382899349313217 0.021311234274734844 -0.03746286685279086 0.001210995073886083 -0.0022322128824792792 0.01492367330656768 0.9998854112037046
163845204813717890 -0.6382899351643871 0.02131122682782615 -0.0374628668723535 0.0012111379546293436 -0.002232135399239396 0.014859678021365702 0.9998863770253387
1638452048213717937 -0.6382899351643871 0.02131122682782615 -0.0374628668723535 0.0012113191674674403 -0.002232036979283077 0.014778485220817796 0.9998875506428816
1638452048413717985 -0.6382899352809199 0.021311223104371807 -0.03746286688213482 0.0012111302904202392 -0.002232139515216457 0.014863102998164186 0.9998863113941575
1638452048617717981 -0.6562902657007775 -0.056970599350533106 0.12817727974918272 -0.0066204276090853 0.02084289275367206 0.025850694019116216 0.9994265580979598
1638452048818717957 -0.6562902657007775 -0.056970599350533106 0.12817727974918272 -0.006616891942236678 0.020844016199613413 0.02602023682809882 0.9994221900082676
163845204916717911 -0.6563155288459076 -0.05697190834885965 0.12817834336243464 -0.006616474831855715 0.02084414893617304 0.026040241175404943 0.9994216833855432
1638452049250717878 -0.6563155289101554 -0.05697191579836045 0.1281783434718028 -0.006617347493161116 0.020843871338493757 0.025998390517676776 0.9994227480005844
1638452049449717999 -0.6563155289101554 -0.05697191579836045 0.1281783434718028 -0.006617070684686766 0.020843958924494806 0.026011658557896604 0.9994223900840761
1638452049621717930 -0.6563155289101554 -0.05697191579836045 0.1281783434718028 -0.006616050448629716 0.020844282846448885 0.026060577256925534 0.9994211186524928
1638452049821717978 -0.6562902657329013 -0.056970603075283496 0.1281772798038668 -0.006612488937319947 0.020845412609672334 0.02623133101559111 0.999416636785769
1638452049990249157 -0.6563155288780315 -0.056971912073610055 0.12817834341711873 -0.0066171178875425035 0.02084394372127586 0.02600939201748163 0.9994224395586164
1638452050191249132 -0.6562902657007775 -0.056970599350533106 0.12817727974918272 -0.006617955153718111 0.020843678559758286 0.0259692564285799 0.9994235118286705
1638452050459249020 -0.6563155286852885 -0.05697188972510767 0.12817834308901432 -0.00661885753168592 0.020843391902675017 0.025925986522853727 0.9994246297000445
1638452050625249147 -0.6563155286852885 -0.05697188972510767 0.12817834308901432 -0.0066184991535189345 0.020843505385148692 0.025943165675404015 0.9994241700583706
1638452050840249062 -0.6563155286852885 -0.05697188972510767 0.12817834308901432 -0.006617619574598589 0.020843785413348182 0.0259853515257367 0.9994231069394233
16384520516249189 -0.6563155286531646 -0.056971886000357276 0.12817834303433023 -0.006612991738880662 0.020845253910160847 0.02620723652059323 0.9994173039255385
1638452051139249086 -0.6562902655401583 -0.056970580726781114 0.1281772794757624 -0.006619279830278091 0.020843257343225233 0.02590573078109422 0.9994251352006985
1638452051310249090 -0.6562902654759104 -0.05697057327728032 0.12817727936639425 -0.00661794789022242 0.0208436811118045 0.025969608380814642 0.999423513399569
1638452051645249128 -0.6563155286210408 -0.056971882275606886 0.12817834297964617 -0.006616983465608593 0.02084398680589227 0.026015843410854084 0.9994222895807204
1638452051915249109 -0.656315528588917 -0.056971878550856475 0.1281783429249621 -0.006616143509249397 0.020844252912612143 0.026056109352435346 0.9994212178924805
1638452052115249157 -0.6562902655080344 -0.05697057700203072 0.12817727942107832 -0.006619086483974234 0.020843319749442042 0.02591501668012819 0.9994249382833102
