1638451957894147684 0.0 0.0 0.0 0.0 0.0 0.0 1.0
1638451958094865772 -0.00505828857421875 0.00861358642578125 0.0 0.0 0.0 -0.0008226949721574783 0.9999996423721313
1638451958295503286 -0.002346038818359375 0.00469207763671875 0.0 0.0 0.0 -0.0005320628406479955 0.9999998807907104
1638451958496000485 -0.00173187255859375 0.003753662109375 0.0 0.0 0.0 -0.0012373046483844519 0.9999992251396179
1638451958696434819 -0.002593994140625 0.001880645751953125 0.0 0.0 0.0 -0.0015172078274190426 0.9999988675117493
1638451958896938164 -0.00057220458984375 0.002826690673828125 0.0 0.0 0.0 -0.0028914492577314377 0.9999958276748657
1638451959097516719 -0.001201629638671875 0.00188446044921875 0.0 0.0 0.0 -0.0021413867361843586 0.9999977350234985
1638451959298159077 -0.00569915771484375 0.004070281982421875 0.0 0.0 0.0 -0.0003213008167222142 0.9999999403953552
1638451959498735235 -0.000720977783203125 0.000946044921875 0.0 0.0 0.0 -0.0014039591187611222 0.9999989867210388
1638451959699410719 -0.006496429443359375 0.0068359375 0.0 0.0 0.0 -0.0018436023965477943 0.9999982714653015
1638451959900203079 -0.00220489501953125 0.003833770751953125 0.0 0.0 0.0 -0.0007380564347840846 0.9999997019767761
1638451960101003408 0.002166748046875 0.00240325927734375 0.0 0.0 0.0 0.0008239991730079055 0.9999996423721313
1638451960301796809 0.008373260498046875 0.002124786376953125 0.0 0.0 0.0 -0.0014189794892445207 0.9999989867210388
1638451960502440157 0.01203155517578125 0.00371551513671875 0.0 0.0 0.0 -0.0015503480099141598 0.9999988079071045
1638451960703141786 0.020488739013671875 0.00411224365234375 0.0 0.0 0.0 -0.0005446990253403783 0.9999998807907104
1638451960903794717 0.02886199951171875 0.001922607421875 0.0 0.0 0.0 -0.0017508576856926084 0.9999984502792358
1638451961104413376 0.03554534912109375 0.00092315673828125 0.0 0.0 0.0 -0.0007897932664491236 0.9999997019767761
1638451961305113183 0.04628753662109375 0.00121307373046875 0.0 0.0 0.0 -0.002669482259079814 0.9999964237213135
1638451961505484651 0.05461883544921875 0.00075531005859375 0.0 0.0 0.0 -0.004006287548691034 0.9999919533729553
1638451961706237323 0.06047821044921875 0.002094268798828125 0.0 0.0 0.0 -0.0011407452402636409 0.9999993443489075
1638451961906849524 0.07733154296875 0.0032958984375 0.0 0.0 0.0 -0.0013927534455433488 0.9999990463256836
1638451962110215205 0.08342742919921875 0.002490997314453125 0.0 0.0 0.0 -0.0035726074129343033 0.999993622303009
1638451962508465863 0.10520553588867188 0.00304412841796875 0.0 0.0 0.0 0.007044887635856867 0.9999752044677734
1638451962709128690 0.11873245239257812 0.001239776611328125 0.0 0.0 0.0 0.019054362550377846 0.9998184442520142
1638451962909809486 0.12699508666992188 0.002655029296875 0.0 0.0 0.0 0.03047214262187481 0.9995356202125549
1638451963110439083 0.141876220703125 0.004779815673828125 0.0 0.0 0.0 0.03723655268549919 0.9993064999580383
1638451963310947897 0.15233230590820312 0.00437164306640625 0.0 0.0 0.0 0.044638797640800476 0.9990031719207764
1638451963511709162 0.16420745849609375 0.00524139404296875 0.0 0.0 0.0 0.057517074048519135 0.9983445405960083
1638451963712374750 0.17598342895507812 0.00566864013671875 0.0 0.0 0.0 0.06762213259935379 0.9977110028266907
1638451963913097473 0.1859130859375 0.004070281982421875 0.0 0.0 0.0 0.07953084260225296 0.9968324303627014
1638451964113771029 0.20214080810546875 0.007923126220703125 0.0 0.0 0.0 0.08772499114274979 0.996144711971283
1638451964314450836 0.21509933471679688 0.010211944580078125 0.0 0.0 0.0 0.09757357835769653 0.9952282905578613
1638451964515112048 0.22718048095703125 0.01255035400390625 0.0 0.0 0.0 0.10986972600221634 0.9939460158348083
1638451964715823000 0.24388885498046875 0.008861541748046875 0.0 0.0 0.0 0.11343784630298615 0.9935451149940491
1638451964916434993 0.25939178466796875 0.013896942138671875 0.0 0.0 0.0 0.1124289259314537 0.9936597943305969
1638451965116990526 0.27671051025390625 0.02141571044921875 0.0 0.0 0.0 0.10559382289648056 0.9944093227386475
1638451965317514705 0.2937126159667969 0.020599365234375 0.0 0.0 0.0 0.09094925224781036 0.9958555102348328
1638451965518165292 0.30884552001953125 0.02594757080078125 0.0 0.0 0.0 0.07020984590053558 0.9975322484970093
1638451965718600980 0.3271064758300781 0.028820037841796875 0.0 0.0 0.0 0.03530281037092209 0.999376654624939
1638451965919110002 0.33945465087890625 0.035968780517578125 0.0 0.0 0.0 -0.0025180871598422527 0.9999968409538269
1638451966119815434 0.35358428955078125 0.04962158203125 0.0 0.0 0.0 -0.05111174285411835 0.9986929297447205
1638451966320491021 0.37139129638671875 0.05600738525390625 0.0 0.0 0.0 -0.10768772661685944 0.9941847920417786
1638451966521056138 0.3855476379394531 0.05854034423828125 0.0 0.0 0.0 -0.16510938107967377 0.9862752556800842
1638451966721981938 0.3962821960449219 0.060710906982421875 0.0 0.0 0.0 -0.21922947466373444 0.9756733179092407
1638451966922678828 0.40804290771484375 0.060943603515625 0.0 0.0 0.0 -0.2755211591720581 0.9612950086593628
1638451967123444521 0.42710113525390625 0.058422088623046875 0.0 0.0 0.0 -0.3268588185310364 0.9450731873512268
1638451967324165942 0.43737030029296875 0.05702972412109375 0.0 0.0 0.0 -0.37073561549186707 0.9287384748458862
1638451967524953615 0.4458503723144531 0.050739288330078125 0.0 0.0 0.0 -0.4075375199317932 0.9131884574890137
1638451967725579878 0.464019775390625 0.044605255126953125 0.0 0.0 0.0 -0.4345073103904724 0.9006683230400085
1638451967926165308 0.4787101745605469 0.02642059326171875 0.0 0.0 0.0 -0.4520670175552368 0.8919839859008789
1638451968126888344 0.50299072265625 -0.00327301025390625 0.0 0.0 0.0 -0.4597269892692566 0.8880602717399597
1638451968327519035 0.50860595703125 -0.01552581787109375 0.0 0.0 0.0 -0.4553772211074829 0.89029860496521
1638451968528215196 0.5207939147949219 -0.02669525146484375 0.0 0.0 0.0 -0.4404560327529907 0.8977741599082947
1638451968728844012 0.522979736328125 -0.036815643310546875 0.0 0.0 0.0 -0.4170137941837311 0.9089001417160034
1638451968929421889 0.5330009460449219 -0.048053741455078125 0.0 0.0 0.0 -0.39369213581085205 0.9192423820495605
1638451969130112268 0.5425643920898438 -0.06461334228515625 0.0 0.0 0.0 -0.36507681012153625 0.9309774041175842
1638451969330424308 0.5445022583007812 -0.080780029296875 0.0 0.0 0.0 -0.3376461863517761 0.9412730932235718
1638451969530950623 0.5539054870605469 -0.0928955078125 0.0 0.0 0.0 -0.3086099922657013 0.9511886835098267
1638451969731387144 0.5664749145507812 -0.098236083984375 0.0 0.0 0.0 -0.2811743915081024 0.9596567153930664
1638451969931985595 0.5771675109863281 -0.1117401123046875 0.0 0.0 0.0 -0.25495272874832153 0.9669535160064697
1638451970132773319 0.58447265625 -0.11928558349609375 0.0 0.0 0.0 -0.2227136194705963 0.9748839139938354
1638451970333332811 0.59832763671875 -0.13393020629882812 0.0 0.0 0.0 -0.1949448585510254 0.9808142185211182
1638451970533886313 0.6083984375 -0.14420318603515625 0.0 0.0 0.0 -0.16630567610263824 0.9860742688179016
1638451970734666486 0.6245002746582031 -0.14963150024414062 0.0 0.0 0.0 -0.13466227054595947 0.9908915758132935
1638451970935256447 0.6428909301757812 -0.15740585327148438 0.0 0.0 0.0 -0.10693132132291794 0.9942663908004761
1638451971135877867 0.6514396667480469 -0.16495895385742188 0.0 0.0 0.0 -0.07611668854951859 0.9970989227294922
1638451971336310325 0.663818359375 -0.17605209350585938 0.0 0.0 0.0 -0.04837356135249138 0.9988293051719666
1638451971536923307 0.6766281127929688 -0.17098236083984375 0.0 0.0 0.0 -0.018839826807379723 0.9998224973678589
1638451971737746293 0.6912651062011719 -0.17429351806640625 0.0 0.0 0.0 0.01272981334477663 0.9999189972877502
1638451971938451620 0.7064018249511719 -0.17945480346679688 0.0 0.0 0.0 0.041262395679950714 0.9991483688354492
1638451972139306794 0.7229080200195312 -0.18637847900390625 0.0 0.0 0.0 0.07391124963760376 0.9972648024559021
1638451972340035403 0.7429733276367188 -0.18527984619140625 0.0 0.0 0.0 0.10335566848516464 0.9946444630622864
1638451972540705834 0.7615737915039062 -0.1858367919921875 0.0 0.0 0.0 0.13034379482269287 0.9914688467979431
1638451972741351473 0.77685546875 -0.18404388427734375 0.0 0.0 0.0 0.16008776426315308 0.9871028065681458
1638451972942779833 0.7959098815917969 -0.18153762817382812 0.0 0.0 0.0 0.18603546917438507 0.9825430512428284
1638451973142454727 0.8127365112304688 -0.17813491821289062 0.0 0.0 0.0 0.2158869057893753 0.9764183759689331
1638451973343133388 0.82867431640625 -0.17920684814453125 0.0 0.0 0.0 0.242824524641037 0.9700702428817749
1638451973543874289 0.8453559875488281 -0.180511474609375 0.0 0.0 0.0 0.26110565662384033 0.9653102159500122
1638451973744544251 0.8580207824707031 -0.17438888549804688 0.0 0.0 0.0 0.26807621121406555 0.9633976817131042
1638451973945173067 0.8739852905273438 -0.16518783569335938 0.0 0.0 0.0 0.2607255280017853 0.965412974357605
1638451974145802403 0.8863143920898438 -0.1634521484375 0.0 0.0 0.0 0.2514609396457672 0.9678674340248108
1638451974346586638 0.90582275390625 -0.15213394165039062 0.0 0.0 0.0 0.24456018209457397 0.9696341156959534
1638451974547486084 0.9149093627929688 -0.14496612548828125 0.0 0.0 0.0 0.23344258964061737 0.9723705649375916
1638451974748211515 0.929931640625 -0.13935089111328125 0.0 0.0 0.0 0.2247539609670639 0.9744155406951904
1638451974949023720 0.9453010559082031 -0.1054229736328125 0.0 0.0 0.0 0.20816554129123688 0.9780936241149902
1638451975149718526 0.957794189453125 -0.08249664306640625 0.0 0.0 0.0 0.17852263152599335 0.9839358329772949
1638451975350386926 0.9681587219238281 -0.07427215576171875 0.0 0.0 0.0 0.1398976594209671 0.9901659488677979
1638451975551071159 0.9867362976074219 -0.072052001953125 0.0 0.0 0.0 0.1004115492105484 0.9949460029602051
1638451975751620547 1.0011711120605469 -0.0587921142578125 0.0 0.0 0.0 0.062283553183078766 0.9980584979057312
1638451975952019307 1.0157356262207031 -0.05200958251953125 0.0 0.0 0.0 0.024156911298632622 0.9997081756591797
1638451976152744114 1.03009033203125 -0.05316925048828125 0.0 0.0 0.0 -0.016223346814513206 0.9998683929443359
1638451976353378919 1.0462226867675781 -0.0436248779296875 0.0 0.0 0.0 -0.05442090705037117 0.9985181093215942
1638451976553917005 1.060577392578125 -0.049549102783203125 0.0 0.0 0.0 -0.09424545615911484 0.9955489635467529
1638451976754658270 1.0771675109863281 -0.04433441162109375 0.0 0.0 0.0 -0.13201843202114105 0.9912472367286682
1638451976955387296 1.0934066772460938 -0.045192718505859375 0.0 0.0 0.0 -0.16914427280426025 0.9855912923812866
1638451977156189656 1.113372802734375 -0.05168914794921875 0.0 0.0 0.0 -0.2091364860534668 0.977886438369751
1638451977356696751 1.1263542175292969 -0.048793792724609375 0.0 0.0 0.0 -0.24724262952804565 0.9689536094665527
1638451977557359057 1.1455879211425781 -0.058124542236328125 0.0 0.0 0.0 -0.28550589084625244 0.958376944065094
1638451977757778078 1.159515380859375 -0.06330108642578125 0.0 0.0 0.0 -0.3219180107116699 0.9467675685882568
1638451977958474707 1.1742744445800781 -0.0700531005859375 0.0 0.0 0.0 -0.3554205000400543 0.9347065091133118
1638451978159026751 1.1932563781738281 -0.06954193115234375 0.0 0.0 0.0 -0.3945642113685608 0.918868362903595
1638451978359620046 1.2008132934570312 -0.08586883544921875 0.0 0.0 0.0 -0.42895999550819397 0.9033234715461731
1638451978560094067 1.2160263061523438 -0.0945587158203125 0.0 0.0 0.0 -0.4652448296546936 0.8851820230484009
1638451978760930074 1.2255134582519531 -0.10742950439453125 0.0 0.0 0.0 -0.49723196029663086 0.867617666721344
1638451978961589620 1.2330818176269531 -0.11083602905273438 0.0 0.0 0.0 -0.5327622294425964 0.8462650179862976
1638451979162240154 1.2461433410644531 -0.129791259765625 0.0 0.0 0.0 -0.5654122829437256 0.8248084187507629
1638451979363035692 1.2571487426757812 -0.14008712768554688 0.0 0.0 0.0 -0.5954333543777466 0.803404688835144
1638451979563615132 1.2641716003417969 -0.15522384643554688 0.0 0.0 0.0 -0.6272196769714355 0.7788423895835876
1638451979764140717 1.2748489379882812 -0.17361068725585938 0.0 0.0 0.0 -0.6572011709213257 0.7537152171134949
1638451979964849482 1.2811050415039062 -0.18791580200195312 0.0 0.0 0.0 -0.6796613335609436 0.7335260510444641
1638451980168166152 1.2835807800292969 -0.20280075073242188 0.0 0.0 0.0 -0.6968867182731628 0.7171812057495117
1638451980566589104 1.2865066528320312 -0.25096893310546875 0.0 0.0 0.0 -0.7244601845741272 0.6893166899681091
1638451980767123023 1.2859001159667969 -0.2628822326660156 0.0 0.0 0.0 -0.7371151447296143 0.675767183303833
1638451980967494907 1.2911262512207031 -0.2804985046386719 0.0 0.0 0.0 -0.7508083581924438 0.660520076751709
1638451981168124661 1.2936019897460938 -0.35047149658203125 0.0 0.0 0.0 -0.7612149119377136 0.6484996676445007
1638451981368796186 1.2939529418945312 -0.3717231750488281 0.0 0.0 0.0 -0.7609609961509705 0.6487976312637329
1638451981569544587 1.2915840148925781 -0.39060211181640625 0.0 0.0 0.0 -0.7603009939193726 0.6495709419250488
1638451981770249081 1.2904167175292969 -0.4102935791015625 0.0 0.0 0.0 -0.7619596719741821 0.6476244926452637
1638451981970804979 1.2790946960449219 -0.3722190856933594 0.0 0.0 0.0 -0.7570242881774902 0.6533867716789246
1638451982171427024 1.2918624877929688 -0.44945526123046875 0.0 0.0 0.0 -0.753657877445221 0.6572669148445129
1638451982372085840 1.281982421875 -0.46370697021484375 0.0 0.0 0.0 -0.7396770119667053 0.6729620695114136
1638451982572718510 1.2750663757324219 -0.4850120544433594 0.0 0.0 0.0 -0.720119059085846 0.693850576877594
1638451982773805458 1.2735214233398438 -0.5057754516601562 0.0 0.0 0.0 -0.7002352476119995 0.7139121890068054
1638451982973998902 1.267303466796875 -0.5245246887207031 0.0 0.0 0.0 -0.6731798648834229 0.7394788265228271
1638451983174686469 1.268890380859375 -0.5423316955566406 0.0 0.0 0.0 -0.6459385752677917 0.7633894085884094
1638451983375274659 1.2643241882324219 -0.5648422241210938 0.0 0.0 0.0 -0.6156120896339417 0.7880493402481079
1638451983576128479 1.2710800170898438 -0.5834236145019531 0.0 0.0 0.0 -0.5819398760795593 0.8132318258285522
1638451983776879119 1.2723274230957031 -0.6079902648925781 0.0 0.0 0.0 -0.5523327589035034 0.8336237668991089
1638451983977549915 1.2755813598632812 -0.6263885498046875 0.0 0.0 0.0 -0.5278596878051758 0.8493315577507019
1638451984178077844 1.2840995788574219 -0.6457710266113281 0.0 0.0 0.0 -0.503695547580719 0.8638812303543091
1638451984378969008 1.2934379577636719 -0.6657676696777344 0.0 0.0 0.0 -0.4769296944141388 0.8789414763450623
1638451984579526364 1.298675537109375 -0.6860542297363281 0.0 0.0 0.0 -0.4556021988391876 0.8901835083961487
1638451984780305391 1.312255859375 -0.7022132873535156 0.0 0.0 0.0 -0.440049946308136 0.8979732990264893
1638451984980907227 1.3175582885742188 -0.7224464416503906 0.0 0.0 0.0 -0.4310169517993927 0.9023438096046448
1638451985181605210 1.3309135437011719 -0.7395896911621094 0.0 0.0 0.0 -0.4281332492828369 0.9037156105041504
1638451985382336319 1.3351554870605469 -0.7000503540039062 0.0 0.0 0.0 -0.419430673122406 0.9077873826026917
1638451985583154357 1.35333251953125 -0.7684555053710938 0.0 0.0 0.0 -0.4271159768104553 0.9041968584060669
1638451985783729943 1.3667373657226562 -0.732208251953125 0.0 0.0 0.0 -0.4254417419433594 0.9049858450889587
1638451985984461208 1.37994384765625 -0.7477569580078125 0.0 0.0 0.0 -0.4381805956363678 0.8988869786262512
1638451986185270860 1.3954696655273438 -0.7598953247070312 0.0 0.0 0.0 -0.46144622564315796 0.8871681690216064
1638451986386127388 1.413330078125 -0.7772293090820312 0.0 0.0 0.0 -0.4951075315475464 0.8688316941261292
1638451986586643337 1.4330978393554688 -0.7995452880859375 0.0 0.0 0.0 -0.5344386100769043 0.8452072739601135
1638451986787326269 1.4469528198242188 -0.8174667358398438 0.0 0.0 0.0 -0.5789583921432495 0.8153570890426636
1638451986988027065 1.4592781066894531 -0.8363075256347656 0.0 0.0 0.0 -0.6275891065597534 0.7785447239875793
1638451987188693642 1.4700546264648438 -0.8542594909667969 0.0 0.0 0.0 -0.6762881278991699 0.7366371750831604
1638451987389158132 1.4788742065429688 -0.8797378540039062 0.0 0.0 0.0 -0.7260841727256775 0.6876057982444763
1638451987589743458 1.4881401062011719 -0.8927383422851562 0.0 0.0 0.0 -0.7692221999168396 0.6389814019203186
1638451987790386440 1.4893417358398438 -0.9105453491210938 0.0 0.0 0.0 -0.8089358806610107 0.5878968834877014
1638451987990843795 1.49267578125 -0.9351272583007812 0.0 0.0 0.0 -0.8414208292961121 0.5403804183006287
1638451988191528289 1.48785400390625 -0.9490547180175781 0.0 0.0 0.0 -0.8687038421630859 0.49533185362815857
1638451988391974029 1.479888916015625 -0.9638671875 0.0 0.0 0.0 -0.8927379250526428 0.4505762755870819
1638451988592641335 1.4759635925292969 -0.9792594909667969 0.0 0.0 0.0 -0.9132678508758545 0.4073595404624939
1638451988793234161 1.4647941589355469 -0.9971580505371094 0.0 0.0 0.0 -0.9311699867248535 0.36458536982536316
1638451988993828341 1.4514274597167969 -1.0108871459960938 0.0 0.0 0.0 -0.947674572467804 0.31923794746398926
1638451989194394343 1.4398574829101562 -1.0246086120605469 0.0 0.0 0.0 -0.9592093825340271 0.28269660472869873
1638451989394825083 1.3994140625 -1.1021041870117188 0.0 0.0 0.0 -0.9733510613441467 0.22932009398937225
1638451989595358324 1.384490966796875 -1.1088180541992188 0.0 0.0 0.0 -0.9793804883956909 0.20202454924583435
1638451989795991098 1.3715400695800781 -1.0537338256835938 0.0 0.0 0.0 -0.9820037484169006 0.18886148929595947
1638451989996570278 1.3547439575195312 -1.065460205078125 0.0 0.0 0.0 -0.9855002760887146 0.16967371106147766
1638451990197097999 1.3371658325195312 -1.0735931396484375 0.0 0.0 0.0 -0.9868412613868713 0.16169211268424988
1638451990397498269 1.3237075805664062 -1.08184814453125 0.0 0.0 0.0 -0.9869895577430725 0.16078445315361023
1638451990597937343 1.3028450012207031 -1.0827865600585938 0.0 0.0 0.0 -0.9870737791061401 0.16026636958122253
1638451990798699129 1.2875442504882812 -1.0907821655273438 0.0 0.0 0.0 -0.9863879084587097 0.1644349843263626
1638451990999312476 1.2620658874511719 -1.0903205871582031 0.0 0.0 0.0 -0.9864605665206909 0.16399848461151123
1638451991200065825 1.2449150085449219 -1.1006698608398438 0.0 0.0 0.0 -0.9840447902679443 0.17792080342769623
1638451991400564899 1.22698974609375 -1.1026840209960938 0.0 0.0 0.0 -0.9800758361816406 0.19862377643585205
1638451991601266425 1.2054939270019531 -1.1119384765625 0.0 0.0 0.0 -0.9732790589332581 0.22962547838687897
1638451991801896282 1.1879653930664062 -1.1154022216796875 0.0 0.0 0.0 -0.9630328416824341 0.26938411593437195
1638451992002481868 1.1631355285644531 -1.1185951232910156 0.0 0.0 0.0 -0.9500497579574585 0.3120984435081482
1638451992203310479 1.1589889526367188 -1.1816902160644531 0.0 0.0 0.0 -0.936536967754364 0.3505687713623047
1638451992404099453 1.1364059448242188 -1.1890220642089844 0.0 0.0 0.0 -0.9186639189720154 0.39504003524780273
1638451992604702696 1.1186027526855469 -1.2018623352050781 0.0 0.0 0.0 -0.8989381194114685 0.43807563185691833
1638451992805475889 1.0993461608886719 -1.2126579284667969 0.0 0.0 0.0 -0.8766860365867615 0.48106294870376587
1638451993006171425 1.0835990905761719 -1.2298164367675781 0.0 0.0 0.0 -0.8524848222732544 0.5227519869804382
1638451993206737635 1.0672225952148438 -1.2512054443359375 0.0 0.0 0.0 -0.8253735303878784 0.5645869970321655
1638451993407416608 1.04864501953125 -1.2702445983886719 0.0 0.0 0.0 -0.7943169474601746 0.6075035929679871
1638451993608013236 1.0375556945800781 -1.2933120727539062 0.0 0.0 0.0 -0.7649670839309692 0.6440693736076355
1638451993808781117 1.0276679992675781 -1.3227615356445312 0.0 0.0 0.0 -0.7323696613311768 0.6809072494506836
1638451994009549049 1.0213699340820312 -1.3501091003417969 0.0 0.0 0.0 -0.6993351578712463 0.7147939205169678
1638451994210162917 1.00201416015625 -1.3339271545410156 0.0 0.0 0.0 -0.664879560470581 0.746950626373291
1638451994411014444 1.0016365051269531 -1.3641281127929688 0.0 0.0 0.0 -0.635251522064209 0.7723053097724915
1638451994611538675 1.0037918090820312 -1.3953399658203125 0.0 0.0 0.0 -0.614791989326477 0.7886893153190613
1638451994812261555 1.0090255737304688 -1.4199562072753906 0.0 0.0 0.0 -0.5913811326026917 0.8063921928405762
1638451995012898965 1.014404296875 -1.452056884765625 0.0 0.0 0.0 -0.5689694881439209 0.8223586082458496
1638451995213572208 1.0239791870117188 -1.4830398559570312 0.0 0.0 0.0 -0.5535874366760254 0.8327910900115967
1638451995414409830 1.0303764343261719 -1.5106124877929688 0.0 0.0 0.0 -0.5394836068153381 0.8419961333274841
1638451995614957446 1.0430793762207031 -1.5385971069335938 0.0 0.0 0.0 -0.5344906449317932 0.8451744318008423
1638451995815695691 1.0557174682617188 -1.560394287109375 0.0 0.0 0.0 -0.5263920426368713 0.8502419590950012
1638451996016398779 1.0667953491210938 -1.5908470153808594 0.0 0.0 0.0 -0.5169004201889038 0.8560455441474915
1638451996217296713 1.0791206359863281 -1.6151046752929688 0.0 0.0 0.0 -0.5124756693840027 0.858701765537262
1638451996417810163 1.0876998901367188 -1.6349296569824219 0.0 0.0 0.0 -0.515203595161438 0.8570678234100342
1638451996618393561 1.1201095581054688 -1.6708946228027344 0.0 0.0 0.0 -0.5152236223220825 0.8570557832717896
1638451996819373685 1.1359443664550781 -1.6907310485839844 0.0 0.0 0.0 -0.5283790230751038 0.8490086197853088
1638451997020062033 1.1481742858886719 -1.7134552001953125 0.0 0.0 0.0 -0.5530776381492615 0.8331297039985657
1638451997220936946 1.1665229797363281 -1.7398452758789062 0.0 0.0 0.0 -0.5740492343902588 0.8188207745552063
1638451997421758265 1.1736831665039062 -1.7728500366210938 0.0 0.0 0.0 -0.5971417427062988 0.8021357655525208
1638451997622566355 1.1622238159179688 -1.8306198120117188 0.0 0.0 0.0 -0.6270963549613953 0.7789416909217834
1638451997823509029 1.191864013671875 -1.8321075439453125 0.0 0.0 0.0 -0.644410252571106 0.7646799683570862
1638451998024433840 1.1698684692382812 -1.9021148681640625 0.0 0.0 0.0 -0.6741065382957458 0.7386341691017151
1638451998224815204 1.1750602722167969 -1.9277267456054688 0.0 0.0 0.0 -0.6966686844825745 0.7173930406570435
1638451998425304226 1.1758232116699219 -1.9610710144042969 0.0 0.0 0.0 -0.7173608541488647 0.6967018246650696
1638451998625903718 1.182159423828125 -1.9866828918457031 0.0 0.0 0.0 -0.7357062101364136 0.6773008108139038
1638451998826425553 1.179351806640625 -2.0152359008789062 0.0 0.0 0.0 -0.7565330266952515 0.6539554595947266
1638451999027049473 1.1762161254882812 -2.0422401428222656 0.0 0.0 0.0 -0.7743229269981384 0.6327906847000122
1638451999227346304 1.1770553588867188 -2.071735382080078 0.0 0.0 0.0 -0.7941503524780273 0.6077213287353516
1638451999427849702 1.1719245910644531 -2.0953941345214844 0.0 0.0 0.0 -0.8087919354438782 0.5880948901176453
1638451999628186534 1.163482666015625 -2.1191368103027344 0.0 0.0 0.0 -0.8179221153259277 0.5753289461135864
1638451999828970404 1.157745361328125 -2.1415481567382812 0.0 0.0 0.0 -0.819579005241394 0.5729661583900452
1638452000029501145 1.1493606567382812 -2.1632347106933594 0.0 0.0 0.0 -0.8198826909065247 0.572531521320343
1638452000230088815 1.1380844116210938 -2.1828460693359375 0.0 0.0 0.0 -0.8132355809211731 0.5819346308708191
1638452000430958520 1.1253547668457031 -2.2097091674804688 0.0 0.0 0.0 -0.8063485026359558 0.5914406776428223
1638452000631651555 1.1161270141601562 -2.2312088012695312 0.0 0.0 0.0 -0.8012473583221436 0.5983332395553589
1638452000832496833 1.1073989868164062 -2.2547645568847656 0.0 0.0 0.0 -0.7944775223731995 0.6072935461997986
1638452001033314610 1.1009101867675781 -2.2799606323242188 0.0 0.0 0.0 -0.7887632250785828 0.6146971583366394
1638452001233952697 1.0914688110351562 -2.3075942993164062 0.0 0.0 0.0 -0.7831699848175049 0.6218076944351196
1638452001434668962 1.0776138305664062 -2.3301925659179688 0.0 0.0 0.0 -0.7782475352287292 0.6279576420783997
1638452001635340747 1.0724868774414062 -2.358489990234375 0.0 0.0 0.0 -0.7718439698219299 0.6358120441436768
1638452001836045137 1.0667915344238281 -2.378162384033203 0.0 0.0 0.0 -0.7636941075325012 0.6455782651901245
1638452002036754631 1.0576171875 -2.406261444091797 0.0 0.0 0.0 -0.7530277371406555 0.6579887866973877
1638452002237115995 1.0517807006835938 -2.4317779541015625 0.0 0.0 0.0 -0.7402075529098511 0.6723784804344177
1638452002437702779 1.0440139770507812 -2.4594078063964844 0.0 0.0 0.0 -0.7277001142501831 0.6858954429626465
1638452002638390710 1.0421562194824219 -2.483715057373047 0.0 0.0 0.0 -0.7124103307723999 0.7017630934715271
1638452002838987338 1.0392074584960938 -2.5127601623535156 0.0 0.0 0.0 -0.7010055780410767 0.7131558060646057
1638452003039499017 1.0371513366699219 -2.5315170288085938 0.0 0.0 0.0 -0.6867079138755798 0.726933479309082
1638452003240168250 1.0406265258789062 -2.5493316650390625 0.0 0.0 0.0 -0.6691746115684509 0.7431052327156067
1638452003440594146 1.0409660339355469 -2.591045379638672 0.0 0.0 0.0 -0.6557759046554565 0.7549555897712708
1638452003641318328 1.0416069030761719 -2.6110877990722656 0.0 0.0 0.0 -0.640186071395874 0.7682198882102966
1638452003841853549 1.0522651672363281 -2.6286697387695312 0.0 0.0 0.0 -0.6232542991638184 0.7820191979408264
1638452004042488302 1.043853759765625 -2.6644935607910156 0.0 0.0 0.0 -0.6113516688346863 0.7913590669631958
1638452004243079774 1.0486335754394531 -2.6911849975585938 0.0 0.0 0.0 -0.595966100692749 0.803009569644928
1638452004443878384 1.0624809265136719 -2.714813232421875 0.0 0.0 0.0 -0.5860592722892761 0.8102681636810303
1638452004644575430 1.0729904174804688 -2.7541732788085938 0.0 0.0 0.0 -0.5880295634269714 0.8088394403457642
1638452004845325550 1.0856208801269531 -2.776233673095703 0.0 0.0 0.0 -0.599821150302887 0.8001341223716736
1638452005046023742 1.0924911499023438 -2.8140029907226562 0.0 0.0 0.0 -0.6173586249351501 0.7866818308830261
1638452005246753809 1.09979248046875 -2.8412094116210938 0.0 0.0 0.0 -0.6385250091552734 0.7696011066436768
1638452005447512314 1.11053466796875 -2.8687667846679688 0.0 0.0 0.0 -0.6674269437789917 0.7446752786636353
1638452005648192225 1.1254806518554688 -2.894275665283203 0.0 0.0 0.0 -0.6965816020965576 0.717477560043335
1638452005848774634 1.1272201538085938 -2.9238204956054688 0.0 0.0 0.0 -0.737640917301178 0.675193190574646
1638452006049339438 1.1292648315429688 -2.9444007873535156 0.0 0.0 0.0 -0.7765138149261475 0.6301001906394958
1638452006250091745 1.1430854797363281 -2.9722900390625 0.0 0.0 0.0 -0.8066043853759766 0.5910916924476624
1638452006450587330 1.1261825561523438 -3.0038070678710938 0.0 0.0 0.0 -0.8437606692314148 0.5367196202278137
1638452006651312085 1.1255264282226562 -3.0246315002441406 0.0 0.0 0.0 -0.871724545955658 0.48999619483947754
1638452006852146945 1.1182861328125 -3.055511474609375 0.0 0.0 0.0 -0.8975269198417664 0.4409596621990204
1638452007052913784 1.1078681945800781 -3.0804786682128906 0.0 0.0 0.0 -0.9216164350509644 0.3881019353866577
1638452007253489943 1.0965080261230469 -3.103435516357422 0.0 0.0 0.0 -0.9413220882415771 0.3375096619129181
1638452007454328346 1.0871963500976562 -3.1294097900390625 0.0 0.0 0.0 -0.9583313465118408 0.2856590151786804
1638452007655120133 1.0654373168945312 -3.1484375 0.0 0.0 0.0 -0.9729298949241638 0.23110035061836243
1638452007855831137 1.0599899291992188 -3.1663284301757812 0.0 0.0 0.0 -0.9842979311943054 0.17651504278182983
1638452008056709228 1.0184707641601562 -3.1817283630371094 0.0 0.0 0.0 -0.993242084980011 0.11606103926897049
1638452008257380440 0.9930496215820312 -3.1881561279296875 0.0 0.0 0.0 -0.998488187789917 0.05496634542942047
1638452008457917588 0.9585456848144531 -3.192943572998047 0.0 0.0 0.0 0.9999992251396179 0.0012417591642588377
1638452008658578592 0.9337539672851562 -3.1922988891601562 0.0 0.0 0.0 0.998350203037262 0.057418059557676315
1638452008859407046 0.90289306640625 -3.1981887817382812 0.0 0.0 0.0 0.9937476515769958 0.11164925247430801
1638452009060144249 0.8832626342773438 -3.200420379638672 0.0 0.0 0.0 0.9858809113502502 0.16744807362556458
1638452009260831608 0.8527603149414062 -3.1975479125976562 0.0 0.0 0.0 0.9745556712150574 0.22414566576480865
1638452009461421100 0.8319816589355469 -3.1920318603515625 0.0 0.0 0.0 0.9604073166847229 0.2785997688770294
1638452009662035593 0.8116226196289062 -3.1878890991210938 0.0 0.0 0.0 0.946315586566925 0.3232441246509552
1638452009862722899 0.7950859069824219 -3.169902801513672 0.0 0.0 0.0 0.9317958950996399 0.3629826009273529
1638452010064117039 0.7488479614257812 -3.1443634033203125 0.0 0.0 0.0 0.9173668622970581 0.3980427384376526
1638452010263942770 0.7438888549804688 -3.137523651123047 0.0 0.0 0.0 0.9111234545707703 0.4121335744857788
1638452010464531376 0.7010574340820312 -3.1147193908691406 0.0 0.0 0.0 0.9056469202041626 0.42403262853622437
1638452010665063160 0.6698684692382812 -3.094188690185547 0.0 0.0 0.0 0.9059661030769348 0.42335018515586853
1638452010865566609 0.6409492492675781 -3.0651206970214844 0.0 0.0 0.0 0.9113954901695251 0.4115316569805145
1638452011066267822 0.6345024108886719 -3.0494232177734375 0.0 0.0 0.0 0.9217729568481445 0.3877300024032593
1638452011267148152 0.6026420593261719 -3.0259475708007812 0.0 0.0 0.0 0.9336711168289185 0.3581315875053406
1638452011467807281 0.5818977355957031 -3.0061874389648438 0.0 0.0 0.0 0.948531985282898 0.31668126583099365
1638452011668695840 0.5799674987792969 -2.9890708923339844 0.0 0.0 0.0 0.9650229811668396 0.2621653079986572
1638452011869312885 0.5491867065429688 -2.9613418579101562 0.0 0.0 0.0 0.9805704355239868 0.19616729021072388
1638452012069843991 0.5257453918457031 -2.9623336791992188 0.0 0.0 0.0 0.9908178448677063 0.13520365953445435
1638452012270564214 0.4993782043457031 -2.9319534301757812 0.0 0.0 0.0 0.9980629682540894 0.06221191957592964
1638452012471464128 0.4886054992675781 -2.9194183349609375 0.0 0.0 0.0 -0.9999086260795593 0.013517520390450954
1638452012672473002 0.45851898193359375 -2.9062271118164062 0.0 0.0 0.0 -0.9960848689079285 0.08840207010507584
1638452012873290467 0.43426513671875 -2.906238555908203 0.0 0.0 0.0 -0.9881527423858643 0.1534736454486847
1638452013074052410 0.39959716796875 -2.9088821411132812 0.0 0.0 0.0 -0.9750308990478516 0.22206920385360718
1638452013274864978 0.3602714538574219 -2.910003662109375 0.0 0.0 0.0 -0.9594188928604126 0.28198474645614624
1638452013475665516 0.32544708251953125 -2.9193496704101562 0.0 0.0 0.0 -0.9400953054428101 0.3409116864204407
1638452013676276935 0.3018379211425781 -2.9341392517089844 0.0 0.0 0.0 -0.9214257001876831 0.3885546624660492
1638452013876927679 0.2981758117675781 -2.9504013061523438 0.0 0.0 0.0 -0.9026667475700378 0.4303402900695801
1638452014077682226 0.25698089599609375 -2.9682083129882812 0.0 0.0 0.0 -0.8869712352752686 0.4618246257305145
1638452014278409064 0.27008819580078125 -3.007282257080078 0.0 0.0 0.0 -0.8755192160606384 0.4831832945346832
1638452014479145850 0.23122024536132812 -3.0341644287109375 0.0 0.0 0.0 -0.8719277381896973 0.48963451385498047
1638452014679783624 0.21706008911132812 -3.0644454956054688 0.0 0.0 0.0 -0.8737289309501648 0.4864131510257721
1638452014880494889 0.201202392578125 -3.0885696411132812 0.0 0.0 0.0 -0.8795530200004578 0.47580087184906006
1638452015081088653 0.181884765625 -3.1159820556640625 0.0 0.0 0.0 -0.8900340795516968 0.4558940529823303
1638452015281668353 0.15021896362304688 -3.152454376220703 0.0 0.0 0.0 -0.9044391512870789 0.42660266160964966
1638452015482237637 0.12958526611328125 -3.168670654296875 0.0 0.0 0.0 -0.9224304556846619 0.38616329431533813
1638452015682652699 0.118316650390625 -3.1999435424804688 0.0 0.0 0.0 -0.9374163150787354 0.3482106328010559
1638452015883208337 0.104248046875 -3.2233848571777344 0.0 0.0 0.0 -0.9531786441802979 0.30240777134895325
1638452016083972624 0.06627273559570312 -3.2345542907714844 0.0 0.0 0.0 -0.967229425907135 0.2539040148258209
1638452016284630398 0.05529022216796875 -3.2608108520507812 0.0 0.0 0.0 -0.9779945015907288 0.20863057672977448
1638452016485373487 0.009540557861328125 -3.2762527465820312 0.0 0.0 0.0 -0.9875721335411072 0.15716631710529327
1638452016685893499 -0.00412750244140625 -3.2808914184570312 0.0 0.0 0.0 -0.9933445453643799 0.11518089473247528
1638452016886346062 -0.048931121826171875 -3.2839889526367188 0.0 0.0 0.0 -0.9982030391693115 0.059922851622104645
1638452017086891178 -0.08509445190429688 -3.3042678833007812 0.0 0.0 0.0 -0.9999523162841797 0.009763400070369244
1638452017287373742 -0.11386871337890625 -3.2985610961914062 0.0 0.0 0.0 0.9992589354515076 0.03849099203944206
1638452017488010214 -0.13274383544921875 -3.3017616271972656 0.0 0.0 0.0 0.9968589544296265 0.07919707149267197
1638452017688558768 -0.14945220947265625 -3.304149627685547 0.0 0.0 0.0 0.9923408031463623 0.12353025376796722
1638452017889379879 -0.17490005493164062 -3.30657958984375 0.0 0.0 0.0 0.9853179454803467 0.17072929441928864
1638452018090126613 -0.20047760009765625 -3.30682373046875 0.0 0.0 0.0 0.9767504334449768 0.21437963843345642
1638452018290942672 -0.24106597900390625 -3.2888107299804688 0.0 0.0 0.0 0.9651294350624084 0.26177310943603516
1638452018491572633 -0.2735099792480469 -3.285614013671875 0.0 0.0 0.0 0.9510406255722046 0.3090658187866211
1638452018692250096 -0.29528045654296875 -3.2691993713378906 0.0 0.0 0.0 0.9360193014144897 0.351948618888855
1638452018892894901 -0.32628631591796875 -3.2560081481933594 0.0 0.0 0.0 0.918067455291748 0.39642417430877686
1638452019093640646 -0.3339576721191406 -3.2434730529785156 0.0 0.0 0.0 0.8993699550628662 0.43718844652175903
1638452019295452449 -0.3650245666503906 -3.2120132446289062 0.0 0.0 0.0 0.8761014938354492 0.48212671279907227
1638452019494699108 -0.37827301025390625 -3.19305419921875 0.0 0.0 0.0 0.8516034483909607 0.5241866111755371
1638452019695393289 -0.401824951171875 -3.1546707153320312 0.0 0.0 0.0 0.8238497376441956 0.5668082237243652
1638452019896081221 -0.4143104553222656 -3.127857208251953 0.0 0.0 0.0 0.7892460227012634 0.614077091217041
1638452020096736808 -0.43614959716796875 -3.087268829345703 0.0 0.0 0.0 0.7584589123725891 0.6517208218574524
1638452020297382447 -0.453033447265625 -3.0707435607910156 0.0 0.0 0.0 0.7256296873092651 0.6880854368209839
1638452020497829541 -0.45319366455078125 -3.0299301147460938 0.0 0.0 0.0 0.6907041072845459 0.7231374979019165
1638452020698586849 -0.45769500732421875 -2.9895553588867188 0.0 0.0 0.0 0.651088535785675 0.7590017914772034
1638452020899252123 -0.4563140869140625 -2.9567337036132812 0.0 0.0 0.0 0.6236805319786072 0.7816793918609619
1638452021099815365 -0.44828033447265625 -2.9243927001953125 0.0 0.0 0.0 0.5981976389884949 0.8013485670089722
1638452021300814291 -0.44069671630859375 -2.9026107788085938 0.0 0.0 0.0 0.5770934224128723 0.8166781663894653
1638452021500795128 -0.4346466064453125 -2.8730545043945312 0.0 0.0 0.0 0.5629587173461914 0.8264849781990051
1638452021701336755 -0.4357948303222656 -2.8427810668945312 0.0 0.0 0.0 0.5498833060264587 0.8352414965629578
1638452021901677129 -0.4122772216796875 -2.8198928833007812 0.0 0.0 0.0 0.5463144779205322 0.837580144405365
1638452022102297715 -0.4098548889160156 -2.7793350219726562 0.0 0.0 0.0 0.5486747622489929 0.8360359072685242
1638452022302787675 -0.40450286865234375 -2.7668724060058594 0.0 0.0 0.0 0.5574591159820557 0.8302043676376343
1638452022503533524 -0.3941917419433594 -2.7325439453125 0.0 0.0 0.0 0.5740224719047546 0.8188395500183105
1638452022704254737 -0.3919792175292969 -2.7032394409179688 0.0 0.0 0.0 0.5961460471153259 0.8028759956359863
1638452022904909178 -0.3792228698730469 -2.6758575439453125 0.0 0.0 0.0 0.6181128025054932 0.7860894203186035
1638452023105644871 -0.3720741271972656 -2.643951416015625 0.0 0.0 0.0 0.638131320476532 0.7699275612831116
1638452023306296916 -0.3649749755859375 -2.6188697814941406 0.0 0.0 0.0 0.6662005186080933 0.745772659778595
1638452023506922867 -0.3460121154785156 -2.5944442749023438 0.0 0.0 0.0 0.6972514390945435 0.7168266177177429
1638452023707514807 -0.3470802307128906 -2.5634422302246094 0.0 0.0 0.0 0.7165693044662476 0.6975158452987671
1638452023908235760 -0.3483734130859375 -2.528217315673828 0.0 0.0 0.0 0.7454535961151123 0.6665575504302979
1638452024108684729 -0.3472747802734375 -2.505504608154297 0.0 0.0 0.0 0.7709082961082458 0.6369461417198181
1638452024309364900 -0.35378265380859375 -2.4796409606933594 0.0 0.0 0.0 0.7981019616127014 0.6025223731994629
1638452024509808036 -0.35558319091796875 -2.4402084350585938 0.0 0.0 0.0 0.8193028569221497 0.5733609795570374
1638452024710426539 -0.3577232360839844 -2.4117889404296875 0.0 0.0 0.0 0.8365703821182251 0.5478594303131104
1638452024910831758 -0.3694877624511719 -2.378337860107422 0.0 0.0 0.0 0.8478132486343384 0.5302948951721191
1638452025111311926 -0.3707466125488281 -2.3438339233398438 0.0 0.0 0.0 0.8559904098510742 0.5169916749000549
1638452025312090588 -0.38375091552734375 -2.3185386657714844 0.0 0.0 0.0 0.8577063679695129 0.5141398310661316
1638452025512448149 -0.3957481384277344 -2.293315887451172 0.0 0.0 0.0 0.8544875383377075 0.5194718837738037
1638452025712893160 -0.409942626953125 -2.2592315673828125 0.0 0.0 0.0 0.8501717448234558 0.5265054702758789
1638452025913487757 -0.4204444885253906 -2.2205963134765625 0.0 0.0 0.0 0.8451049327850342 0.5346004366874695
1638452026114196105 -0.4378471374511719 -2.2078323364257812 0.0 0.0 0.0 0.8405287861824036 0.541766881942749
1638452026315100602 -0.4563140869140625 -2.171405792236328 0.0 0.0 0.0 0.8326598405838013 0.5537848472595215
1638452026516373699 -0.4673957824707031 -2.143463134765625 0.0 0.0 0.0 0.8220776319503784 0.5693754553794861
1638452026716437454 -0.4826545715332031 -2.12225341796875 0.0 0.0 0.0 0.8050011992454529 0.5932732224464417
1638452026917046009 -0.4903564453125 -2.088573455810547 0.0 0.0 0.0 0.7870869040489197 0.6168420910835266
1638452027117753159 -0.5030593872070312 -2.0698623657226562 0.0 0.0 0.0 0.7689183354377747 0.6393470168113708
1638452027318348693 -0.5068740844726562 -2.0331687927246094 0.0 0.0 0.0 0.7501924633979797 0.6612195372581482
1638452027519044437 -0.5142059326171875 -2.0114669799804688 0.0 0.0 0.0 0.7300525307655334 0.6833910346031189
1638452027719282205 -0.5175704956054688 -1.9809722900390625 0.0 0.0 0.0 0.7084189057350159 0.7057921886444092
1638452027919925917 -0.5205535888671875 -1.9605331420898438 0.0 0.0 0.0 0.6904016137123108 0.7234262824058533
1638452028120446919 -0.5245780944824219 -1.9281425476074219 0.0 0.0 0.0 0.6724514961242676 0.7401412129402161
1638452028321172820 -0.5222587585449219 -1.9027290344238281 0.0 0.0 0.0 0.6641121506690979 0.7476329803466797
1638452028521629654 -0.5138587951660156 -1.8641014099121094 0.0 0.0 0.0 0.6585132479667664 0.7525691390037537
1638452028722132582 -0.5167770385742188 -1.8277168273925781 0.0 0.0 0.0 0.6493245959281921 0.7605113983154297
1638452028922758585 -0.5161590576171875 -1.789794921875 0.0 0.0 0.0 0.6416374444961548 0.7670080661773682
1638452029123606050 -0.5059585571289062 -1.7544288635253906 0.0 0.0 0.0 0.6363933682441711 0.771364688873291
1638452029324397160 -0.5073318481445312 -1.7235221862792969 0.0 0.0 0.0 0.6277431845664978 0.7784205079078674
1638452029525136968 -0.5010299682617188 -1.6850013732910156 0.0 0.0 0.0 0.6207415461540222 0.7840152978897095
1638452029726050423 -0.48854827880859375 -1.6433563232421875 0.0 0.0 0.0 0.6168319582939148 0.7870948910713196
1638452029926870648 -0.4858665466308594 -1.6236305236816406 0.0 0.0 0.0 0.6082391142845154 0.7937538623809814
1638452030127623268 -0.47476959228515625 -1.5806961059570312 0.0 0.0 0.0 0.6032096147537231 0.7975826859474182
1638452030328414274 -0.4642448425292969 -1.5484657287597656 0.0 0.0 0.0 0.5983589291572571 0.8012281656265259
1638452030529150748 -0.46068572998046875 -1.5261001586914062 0.0 0.0 0.0 0.6015439033508301 0.7988397479057312
1638452030730026599 -0.4372100830078125 -1.4869117736816406 0.0 0.0 0.0 0.6054168939590454 0.795908510684967
1638452030930754375 -0.42919158935546875 -1.4654388427734375 0.0 0.0 0.0 0.6240414977073669 0.7813912034034729
1638452031131299387 -0.4195976257324219 -1.4387855529785156 0.0 0.0 0.0 0.6442984342575073 0.7647742033004761
1638452031332014819 -0.41532135009765625 -1.4188003540039062 0.0 0.0 0.0 0.6711826920509338 0.7412919998168945
1638452031532825825 -0.40717315673828125 -1.3933334350585938 0.0 0.0 0.0 0.699677586555481 0.714458703994751
1638452031733440891 -0.40155029296875 -1.3589248657226562 0.0 0.0 0.0 0.7231746912002563 0.6906651854515076
1638452031934257157 -0.3993873596191406 -1.328765869140625 0.0 0.0 0.0 0.752469539642334 0.6586270332336426
1638452032135003788 -0.39980316162109375 -1.2938232421875 0.0 0.0 0.0 0.7732428908348083 0.6341099739074707
1638452032335585936 -0.4053077697753906 -1.2467422485351562 0.0 0.0 0.0 0.7900744080543518 0.6130109429359436
1638452032536443974 -0.4119987487792969 -1.2280349731445312 0.0 0.0 0.0 0.8044427633285522 0.5940301418304443
1638452032736856953 -0.42818450927734375 -1.19537353515625 0.0 0.0 0.0 0.8123210072517395 0.5832105278968811
1638452032937541291 -0.4350013732910156 -1.1621437072753906 0.0 0.0 0.0 0.8159186244010925 0.5781667232513428
1638452033140904420 -0.44242095947265625 -1.13726806640625 0.0 0.0 0.0 0.8147489428520203 0.5798138976097107
1638452033539670555 -0.47055816650390625 -1.0826072692871094 0.0 0.0 0.0 0.801742672920227 0.5976694226264954
1638452033740274631 -0.4746894836425781 -1.0523834228515625 0.0 0.0 0.0 0.7953010201454163 0.606214702129364
1638452033940891988 -0.4815826416015625 -1.0118637084960938 0.0 0.0 0.0 0.7914367318153381 0.6112511157989502
1638452034141598409 -0.49192047119140625 -0.9818687438964844 0.0 0.0 0.0 0.7855004668235779 0.6188610792160034
1638452034342309726 -0.49817657470703125 -0.9613685607910156 0.0 0.0 0.0 0.7759466171264648 0.6307985782623291
1638452034543126670 -0.504638671875 -0.9071769714355469 0.0 0.0 0.0 0.7680603265762329 0.6403775215148926
1638452034743600483 -0.5174827575683594 -0.8688774108886719 0.0 0.0 0.0 0.7563120126724243 0.6542111039161682
1638452034944046744 -0.5204200744628906 -0.8446578979492188 0.0 0.0 0.0 0.7414861917495728 0.6709681749343872
1638452035144757072 -0.5248298645019531 -0.8206558227539062 0.0 0.0 0.0 0.7303104400634766 0.6831154227256775
1638452035345363960 -0.5265998840332031 -0.7813453674316406 0.0 0.0 0.0 0.7147517204284668 0.699378252029419
1638452035546003974 -0.5305557250976562 -0.7651176452636719 0.0 0.0 0.0 0.7012052536010742 0.7129594683647156
1638452035746562060 -0.5301895141601562 -0.7344818115234375 0.0 0.0 0.0 0.6881323456764221 0.7255851626396179
1638452035947069259 -0.5335769653320312 -0.678680419921875 0.0 0.0 0.0 0.6761246919631958 0.7367871999740601
1638452036147529687 -0.5300788879394531 -0.6642303466796875 0.0 0.0 0.0 0.6641533970832825 0.7475963234901428
1638452036348002354 -0.5293159484863281 -0.6408462524414062 0.0 0.0 0.0 0.6581815481185913 0.7528592944145203
1638452036548735391 -0.5259857177734375 -0.6067733764648438 0.0 0.0 0.0 0.6622980833053589 0.7492404580116272
1638452036749357852 -0.5282478332519531 -0.5835647583007812 0.0 0.0 0.0 0.6710867285728455 0.7413788437843323
1638452036949980730 -0.5203590393066406 -0.5647964477539062 0.0 0.0 0.0 0.6847676634788513 0.7287614345550537
1638452037150707517 -0.5239601135253906 -0.5394515991210938 0.0 0.0 0.0 0.7065640091896057 0.7076491713523865
1638452037351301384 -0.5142555236816406 -0.5051040649414062 0.0 0.0 0.0 0.7264806032180786 0.6871869564056396
1638452037551887803 -0.5153884887695312 -0.4720115661621094 0.0 0.0 0.0 0.7481895089149475 0.6634851098060608
1638452037752611725 -0.5130691528320312 -0.43810272216796875 0.0 0.0 0.0 0.7698528170585632 0.6382215023040771
1638452037953283823 -0.521148681640625 -0.41107177734375 0.0 0.0 0.0 0.7849679589271545 0.6195363402366638
1638452038153881388 -0.5247268676757812 -0.37636566162109375 0.0 0.0 0.0 0.8028176426887512 0.5962246656417847
1638452038354403015 -0.5281486511230469 -0.3432350158691406 0.0 0.0 0.0 0.8212279677391052 0.5706002116203308
1638452038555210114 -0.5359420776367188 -0.3105049133300781 0.0 0.0 0.0 0.8372197151184082 0.5468666553497314
1638452038755904348 -0.5460319519042969 -0.2818717956542969 0.0 0.0 0.0 0.8465142846107483 0.5323659777641296
1638452038956602748 -0.5515785217285156 -0.24311065673828125 0.0 0.0 0.0 0.8545870184898376 0.5193081498146057
1638452039157406567 -0.5664939880371094 -0.2114715576171875 0.0 0.0 0.0 0.8581019043922424 0.513479471206665
1638452039358120488 -0.5787925720214844 -0.18828964233398438 0.0 0.0 0.0 0.8557990193367004 0.5173084735870361
1638452039558921703 -0.5917320251464844 -0.15184783935546875 0.0 0.0 0.0 0.8473764657974243 0.5309925675392151
1638452039759757188 -0.6052970886230469 -0.12453460693359375 0.0 0.0 0.0 0.8361780643463135 0.5484580397605896
1638452039960280013 -0.6169357299804688 -0.09249114990234375 0.0 0.0 0.0 0.814017117023468 0.5808409452438354
1638452040160678773 -0.6343612670898438 -0.07257080078125 0.0 0.0 0.0 0.7896111011505127 0.61360764503479
1638452040361374673 -0.6386489868164062 -0.07583999633789062 0.0 0.0 0.0 0.7907746434211731 0.6121073961257935
1638452040562005416 -0.6376686096191406 -0.07057571411132812 0.0 0.0 0.0 0.7845665812492371 0.6200445890426636
1638452040762674910 -0.6346702575683594 -0.06781768798828125 0.0 0.0 0.0 0.7731047868728638 0.6342782974243164
1638452040963220808 -0.6382522583007812 -0.06430435180664062 0.0 0.0 0.0 0.7561091780662537 0.654445469379425
1638452041163998324 -0.6403007507324219 -0.06755828857421875 0.0 0.0 0.0 0.7330499887466431 0.6801747679710388
1638452041364841570 -0.6503372192382812 -0.06525421142578125 0.0 0.0 0.0 0.7065308094024658 0.7076822519302368
1638452041565737890 -0.6519889831542969 -0.061206817626953125 0.0 0.0 0.0 0.6721112728118896 0.7404501438140869
1638452041766334153 -0.6555633544921875 -0.058574676513671875 0.0 0.0 0.0 0.6348931193351746 0.7725999355316162
1638452041967039741 -0.6609535217285156 -0.049465179443359375 0.0 0.0 0.0 0.5937826633453369 0.8046255111694336
1638452042167680328 -0.6671066284179688 -0.04553985595703125 0.0 0.0 0.0 0.5411638021469116 0.8409172296524048
1638452042368349249 -0.6853713989257812 -0.04618072509765625 0.0 0.0 0.0 0.48546645045280457 0.8742552995681763
1638452042568766499 -0.684661865234375 -0.04473114013671875 0.0 0.0 0.0 0.42509499192237854 0.9051487445831299
1638452042769452138 -0.693389892578125 -0.03998565673828125 0.0 0.0 0.0 0.3634447455406189 0.9316157698631287
1638452042970127674 -0.6944656372070312 -0.037445068359375 0.0 0.0 0.0 0.3019990622997284 0.9533082246780396
1638452043170713208 -0.6948509216308594 -0.02545928955078125 0.0 0.0 0.0 0.23546572029590607 0.9718826413154602
1638452043371314315 -0.6959304809570312 -0.024318695068359375 0.0 0.0 0.0 0.16912375390529633 0.9855948090553284
1638452043571506926 -0.6957664489746094 -0.01944732666015625 0.0 0.0 0.0 0.10250242054462433 0.9947327375411987
1638452043772446423 -0.7138824462890625 -0.018367767333984375 0.0 0.0 0.0 0.0816379114985466 0.9966620802879333
1638452043973227117 -0.7172775268554688 -0.0164337158203125 0.0 0.0 0.0 0.07723299413919449 0.9970130920410156
1638452044173966820 -0.7104072570800781 -0.018703460693359375 0.0 0.0 0.0 0.07519537955522537 0.9971688389778137
1638452044374804805 -0.7101860046386719 -0.01778411865234375 0.0 0.0 0.0 0.06760621070861816 0.9977120757102966
1638452044575468361 -0.7095718383789062 -0.01386260986328125 0.0 0.0 0.0 0.05741070583462715 0.9983506202697754
1638452044776153584 -0.7051506042480469 -0.016841888427734375 0.0 0.0 0.0 0.047721050679683685 0.9988607168197632
1638452044976760421 -0.7045326232910156 -0.014499664306640625 0.0 0.0 0.0 0.03911745548248291 0.9992346167564392
1638452045177397987 -0.6991119384765625 -0.00911712646484375 0.0 0.0 0.0 0.03574943542480469 0.9993607997894287
1638452045377984041 -0.7006072998046875 -0.006114959716796875 0.0 0.0 0.0 0.04189063981175423 0.9991222023963928
1638452045578577909 -0.6950798034667969 -0.00968170166015625 0.0 0.0 0.0 0.05083111673593521 0.9987072348594666
1638452045779572564 -0.6884078979492188 -0.00937652587890625 0.0 0.0 0.0 0.06330639868974686 0.9979941248893738
1638452045980384716 -0.6872177124023438 -0.011005401611328125 0.0 0.0 0.0 0.0703807845711708 0.9975202083587646
1638452046180976969 -0.6833267211914062 -0.013126373291015625 0.0 0.0 0.0 0.08167766034603119 0.9966588020324707
1638452046381882351 -0.6763534545898438 -0.010143280029296875 0.0 0.0 0.0 0.09063053131103516 0.9958845973014832
1638452046582474396 -0.6736564636230469 -0.01313018798828125 0.0 0.0 0.0 0.09975847601890564 0.9950116872787476
1638452046783318736 -0.6684036254882812 -0.017276763916015625 0.0 0.0 0.0 0.10775664448738098 0.9941772818565369
1638452046983994063 -0.6603546142578125 -0.01711273193359375 0.0 0.0 0.0 0.10439842939376831 0.9945355653762817
1638452047184630118 -0.6539077758789062 -0.01729583740234375 0.0 0.0 0.0 0.0913143903017044 0.9958221316337585
1638452047385248048 -0.6508445739746094 -0.015106201171875 0.0 0.0 0.0 0.06591681391000748 0.9978251457214355
1638452047585809207 -0.6448554992675781 -0.006534576416015625 0.0 0.0 0.0 0.038088299334049225 0.9992743730545044
1638452047786539431 -0.6531867980957031 -0.00188446044921875 0.0 0.0 0.0 0.030577385798096657 0.9995324015617371
1638452047989010150 -0.6538352966308594 -0.002315521240234375 0.0 0.0 0.0 0.030759787186980247 0.9995267987251282
1638452048187730134 -0.6521644592285156 -0.0035858154296875 0.0 0.0 0.0 0.028775697574019432 0.9995858669281006
1638452048388233531 -0.6509552001953125 -0.00302886962890625 0.0 0.0 0.0 0.027639292180538177 0.9996179342269897
1638452048588961776 -0.6543807983398438 -0.001140594482421875 0.0 0.0 0.0 0.030934344977140427 0.9995214343070984
1638452048789406266 -0.6542015075683594 -0.001373291015625 0.0 0.0 0.0 0.02868165262043476 0.9995886087417603
1638452048990048728 -0.6527481079101562 -0.00101470947265625 0.0 0.0 0.0 0.030019696801900864 0.9995493292808533
1638452049190362539 -0.6540451049804688 -0.002765655517578125 0.0 0.0 0.0 0.029504522681236267 0.9995646476745605
1638452049390938125 -0.653076171875 -0.00202178955078125 0.0 0.0 0.0 0.029334012418985367 0.9995696544647217
1638452049591701734 -0.6566200256347656 -0.00038909912109375 0.0 0.0 0.0 0.03345460072159767 0.9994402527809143
1638452049792391905 -0.6586875915527344 -0.001964569091796875 0.0 0.0 0.0 0.03157750144600868 0.9995012879371643
1638452049993051138 -0.6569442749023438 -9.5367431640625e-05 0.0 0.0 0.0 0.02959306165575981 0.9995620250701904
1638452050193657141 -0.6578292846679688 0.001934051513671875 0.0 0.0 0.0 0.03031661920249462 0.9995403289794922
1638452050394501742 -0.6568260192871094 0.00091552734375 0.0 0.0 0.0 0.031928855925798416 0.9994901418685913
1638452050595150922 -0.6552810668945312 0.00283050537109375 0.0 0.0 0.0 0.03075443021953106 0.9995269775390625
1638452050795869740 -0.6574287414550781 -0.002155303955078125 0.0 0.0 0.0 0.03117426298558712 0.9995139837265015
1638452050996411262 -0.6544342041015625 -0.000194549560546875 0.0 0.0 0.0 0.02958190254867077 0.9995623826980591
1638452051197058985 -0.6536293029785156 -0.003875732421875 0.0 0.0 0.0 0.030068842694163322 0.9995478391647339
1638452051397535715 -0.651519775390625 -0.0040740966796875 0.0 0.0 0.0 0.02938380464911461 0.9995682239532471
1638452051598393076 -0.6570167541503906 -0.0032501220703125 0.0 0.0 0.0 0.03208106383681297 0.9994852542877197
1638452051798996058 -0.6503868103027344 0.00151824951171875 0.0 0.0 0.0 0.02856159396469593 0.9995920062065125
1638452051999695917 -0.6566352844238281 0.00397491455078125 0.0 0.0 0.0 0.032191187143325806 0.999481737613678
