1638451959258019924 2.5310680939583108e-05 1.8369322063449545e-08 0.0 0.0 0.0 -9.767711162567139e-06 1.0
1638451959395020008 -5.548791461029712e-12 1.7602181046072474e-08 0.0 0.0 0.0 -7.514655590057373e-05 1.0
1638451959527019978 0.00010124273831024766 3.149811789171508e-08 0.0 0.0 0.0 7.088854908943176e-05 1.0
1638451959665019989 0.0010883595095947385 -1.2819734251934278e-07 0.0 0.0 0.0 -0.00010149553418159485 1.0
1638451959872848988 0.003366321325302124 -1.154474603026756e-06 0.0 0.0 0.0 -0.00025060027837753296 0.9999999403953552
16384519605848885 0.005796147044748068 -2.1948280846117996e-06 0.0 0.0 0.0 -0.0001433826982975006 1.0
1638451960172848940 0.00901060365140438 -3.2994291814247845e-06 0.0 0.0 0.0 -0.00042126700282096863 0.9999999403953552
1638451960305848837 0.01219975110143423 -5.324272933648899e-06 0.0 0.0 0.0 -0.00028742849826812744 0.9999999403953552
1638451960474848986 0.017160644754767418 -7.53077711124206e-06 0.0 0.0 0.0 -0.00022706389427185059 1.0
1638451960607848883 0.021590014919638634 -8.89777766133193e-06 0.0 0.0 0.0 -0.00014471635222434998 1.0
1638451960773849010 0.028069553896784782 -1.0613956874294672e-05 0.0 0.0 0.0 -0.00031437352299690247 0.9999999403953552
1638451960905848980 0.03330886736512184 -1.3824354027747177e-05 0.0 0.0 0.0 -0.00029364973306655884 0.9999999403953552
163845196172849035 0.03981371223926544 -1.8463282685843296e-05 0.0 0.0 0.0 -0.00047412511776201427 0.9999998807907104
1638451961205848932 0.04515426605939865 -2.264154863951262e-05 0.0 0.0 0.0 -0.0003787130117416382 0.9999999403953552
1638451961370848894 0.05155787244439125 -2.5619587177061476e-05 0.0 0.0 0.0 -0.00037578120827674866 0.9999999403953552
1638451961506849051 0.05702497810125351 -2.9655793696292676e-05 0.0 0.0 0.0 -0.00026635825634002686 0.9999999403953552
1638451961673848867 0.0643903836607933 -3.0153152692946605e-05 0.0 0.0 0.0 -5.163997411727905e-05 1.0
1638451961807848930 0.0714520588517189 -3.1651325116399676e-05 0.0 0.0 0.0 -8.499249815940857e-05 1.0
1638451961973849058 0.08114604651927948 -3.4773849620250985e-05 0.0 0.0 0.0 -0.00010065734386444092 1.0
1638451962106848955 0.08886580914258957 -3.824410305242054e-05 0.0 0.0 0.0 -0.0002856701612472534 0.9999999403953552
1638451962240567923 0.09701584279537201 -3.335120345582254e-05 0.0 0.0 0.0 0.0013226602459326386 0.9999991059303284
1638451962342567921 0.10293835401535034 1.1524157343956176e-05 0.0 0.0 0.0 0.006256593391299248 0.9999804496765137
1638451962508568048 0.1127568855881691 0.00020618991402443498 0.0 0.0 0.0 0.01386383268982172 0.9999039173126221
1638451962645567894 0.1207757219672203 0.0004777678695973009 0.0 0.0 0.0 0.020056402310729027 0.9997988343238831
1638451962811568022 0.1306357979774475 0.0009439903078600764 0.0 0.0 0.0 0.02725946344435215 0.9996283650398254
1638451962978567839 0.14043700695037842 0.0015583214117214084 0.0 0.0 0.0 0.03510359674692154 0.9993836879730225
1638451963113567829 0.14856311678886414 0.002181806368753314 0.0 0.0 0.0 0.04152021184563637 0.9991376399993896
1638451963278568029 0.15831772983074188 0.0030718136113137007 0.0 0.0 0.0 0.04928344860672951 0.9987848401069641
1638451963445567846 0.16835859417915344 0.0041525959968566895 0.0 0.0 0.0 0.057847507297992706 0.9983254075050354
1638451963614567995 0.17830441892147064 0.005393147002905607 0.0 0.0 0.0 0.06648530811071396 0.9977874159812927
1638451963750567913 0.18637491762638092 0.006528553087264299 0.0 0.0 0.0 0.07336810231208801 0.9973049163818359
1638451963917567968 0.19720277190208435 0.008221580646932125 0.0 0.0 0.0 0.0814739316701889 0.9966754913330078
163845196451568031 0.2062835544347763 0.00977697130292654 0.0 0.0 0.0 0.08794935792684555 0.9961249232292175
1638451964219568014 0.21782797574996948 0.011932909488677979 0.0 0.0 0.0 0.09661123901605606 0.9953221678733826
1638451964355567932 0.2270803600549698 0.013809803873300552 0.0 0.0 0.0 0.10313393175601959 0.9946674704551697
1638451964522567987 0.23845583200454712 0.01629035547375679 0.0 0.0 0.0 0.1110454797744751 0.9938153028488159
1638451964655567884 0.24748381972312927 0.01836676523089409 0.0 0.0 0.0 0.11393922567367554 0.9934877157211304
1638451964813103199 0.2589706480503082 0.021044403314590454 0.0 0.0 0.0 0.11431678384542465 0.9934443235397339
1638451964980103016 0.27021917700767517 0.02362915500998497 0.0 0.0 0.0 0.11001875251531601 0.9939295053482056
1638451965115103006 0.2792472243309021 0.02558903582394123 0.0 0.0 0.0 0.10352461785078049 0.9946268796920776
1638451965282103062 0.29066672921180725 0.027857448905706406 0.0 0.0 0.0 0.09090527892112732 0.9958595633506775
1638451965453103065 0.30247896909713745 0.02980181761085987 0.0 0.0 0.0 0.07125278562307358 0.997458279132843
1638451965622103214 0.3140904903411865 0.031173139810562134 0.0 0.0 0.0 0.04473267123103142 0.9989989995956421
1638451965756103039 0.3233337700366974 0.031773243099451065 0.0 0.0 0.0 0.019072167575359344 0.9998180866241455
1638451965925103188 0.3351510465145111 0.03176650404930115 0.0 0.0 0.0 -0.019722098484635353 0.9998055100440979
163845196658103085 0.3444885015487671 0.031074097380042076 0.0 0.0 0.0 -0.05478278547525406 0.9984983205795288
1638451966193103075 0.3539484441280365 0.029659118503332138 0.0 0.0 0.0 -0.09371913969516754 0.9955986738204956
1638451966360103130 0.36565372347831726 0.026826215907931328 0.0 0.0 0.0 -0.1425391435623169 0.9897891879081726
1638451966527103186 0.37807902693748474 0.022500289604067802 0.0 0.0 0.0 -0.19013778865337372 0.981757402420044
1638451966661103010 0.3878007233142853 0.018143430352211 0.0 0.0 0.0 -0.2278028279542923 0.9737072587013245
1638451966811103106 0.39830195903778076 0.012349075637757778 0.0 0.0 0.0 -0.27083975076675415 0.9626244306564331
1638451966946103096 0.40726178884506226 0.006400832440704107 0.0 0.0 0.0 -0.30771777033805847 0.9514776468276978
1638451967179103136 0.42148512601852417 -0.0052171205170452595 0.0 0.0 0.0 -0.36185422539711 0.9322347044944763
1638451967319230080 0.42915570735931396 -0.012648088857531548 0.0 0.0 0.0 -0.3881261646747589 0.9216062426567078
1638451967453229904 0.4364781677722931 -0.02052680402994156 0.0 0.0 0.0 -0.4106141924858093 0.9118092060089111
1638451967653229952 0.4466364085674286 -0.032683998346328735 0.0 0.0 0.0 -0.43509194254875183 0.9003860354423523
1638451967821229935 0.4547234773635864 -0.043227214366197586 0.0 0.0 0.0 -0.4491598606109619 0.8934513926506042
1638451967954230070 0.461001992225647 -0.051805444061756134 0.0 0.0 0.0 -0.45478424429893494 0.890601634979248
1638451968123229980 0.4689408838748932 -0.06280656158924103 0.0 0.0 0.0 -0.45498126745224 0.8905010223388672
1638451968323230028 0.4783582389354706 -0.07564274966716766 0.0 0.0 0.0 -0.4473603665828705 0.8943538069725037
1638451968522229910 0.48813334107398987 -0.08823982626199722 0.0 0.0 0.0 -0.4308733642101288 0.9024124145507812
1638451968723229885 0.4985755980014801 -0.10048845410346985 0.0 0.0 0.0 -0.40576058626174927 0.9139794111251831
1638451968856230021 0.5058057904243469 -0.10817679017782211 0.0 0.0 0.0 -0.38805559277534485 0.9216359853744507
163845196923230076 0.5153400897979736 -0.11746714264154434 0.0 0.0 0.0 -0.3655391037464142 0.9307959675788879
1638451969157229900 0.5232369899749756 -0.1245068907737732 0.0 0.0 0.0 -0.3468877375125885 0.9379066824913025
1638451969292229891 0.5315032601356506 -0.13130995631217957 0.0 0.0 0.0 -0.3278157114982605 0.9447416663169861
1638451969461230040 0.5421475768089294 -0.13930457830429077 0.0 0.0 0.0 -0.30509576201438904 0.9523216485977173
1638451969594229937 0.5508537292480469 -0.1452702134847641 0.0 0.0 0.0 -0.28684553503990173 0.9579768776893616
1638451969760957003 0.5621324777603149 -0.1522935926914215 0.0 0.0 0.0 -0.2630014717578888 0.9647954106330872
1638451969893956900 0.5713266730308533 -0.15747565031051636 0.0 0.0 0.0 -0.2446931153535843 0.9696005582809448
163845197059957027 0.5832832455635071 -0.16355516016483307 0.0 0.0 0.0 -0.2209952473640442 0.9752748608589172
1638451970195956945 0.5930995345115662 -0.1680145263671875 0.0 0.0 0.0 -0.20191523432731628 0.979403018951416
1638451970368957043 0.605974018573761 -0.17317140102386475 0.0 0.0 0.0 -0.17705228924751282 0.9842014312744141
1638451970501956940 0.6159824132919312 -0.176676943898201 0.0 0.0 0.0 -0.15810999274253845 0.9874215126037598
1638451970670957088 0.6287533044815063 -0.1805228739976883 0.0 0.0 0.0 -0.13377635180950165 0.9910115599632263
1638451970871957064 0.6442182660102844 -0.18429437279701233 0.0 0.0 0.0 -0.10459569096565247 0.9945148229598999
16384519717956982 0.6547063589096069 -0.18631218373775482 0.0 0.0 0.0 -0.08527784049510956 0.9963572025299072
1638451971173957109 0.6679250597953796 -0.1882694661617279 0.0 0.0 0.0 -0.06170261651277542 0.9980945587158203
1638451971343956947 0.6811479330062866 -0.1895715445280075 0.0 0.0 0.0 -0.03698098659515381 0.9993159770965576
1638451971510957003 0.6945446133613586 -0.190241277217865 0.0 0.0 0.0 -0.012904594652354717 0.9999167323112488
1638451971678956985 0.707932710647583 -0.19025558233261108 0.0 0.0 0.0 0.011613037437200546 0.999932587146759
1638451971811957121 0.7187300324440002 -0.18979790806770325 0.0 0.0 0.0 0.030801570042967796 0.9995255470275879
1638451971977957010 0.7318151593208313 -0.18865500390529633 0.0 0.0 0.0 0.05611224099993706 0.9984244704246521
1638451972156956911 0.7460534572601318 -0.18667751550674438 0.0 0.0 0.0 0.0823030099272728 0.9966073632240295
1638451972295743942 0.7565040588378906 -0.18473368883132935 0.0 0.0 0.0 0.10198771208524704 0.9947856664657593
1638451972467743874 0.7698599100112915 -0.18160687386989594 0.0 0.0 0.0 0.12659074366092682 0.991955041885376
1638451972666743994 0.7849286198616028 -0.17723338305950165 0.0 0.0 0.0 0.15500621497631073 0.9879134893417358
1638451972799743891 0.7947921752929688 -0.17385105788707733 0.0 0.0 0.0 0.1738930493593216 0.9847645163536072
1638451972963743925 0.8069757223129272 -0.16907988488674164 0.0 0.0 0.0 0.19742296636104584 0.9803184270858765
163845197396743822 0.8164674043655396 -0.1648862212896347 0.0 0.0 0.0 0.21581758558750153 0.9764336943626404
1638451973266743898 0.8286521434783936 -0.15886643528938293 0.0 0.0 0.0 0.23824843764305115 0.9712042212486267
1638451973401743889 0.8380895256996155 -0.15375787019729614 0.0 0.0 0.0 0.2521860599517822 0.9676787853240967
1638451973569743872 0.8497104048728943 -0.14705714583396912 0.0 0.0 0.0 0.26393991708755493 0.964539110660553
1638451973770743847 0.8635486960411072 -0.1387837827205658 0.0 0.0 0.0 0.2664252817630768 0.9638555645942688
1638451973904743910 0.8727754354476929 -0.13330313563346863 0.0 0.0 0.0 0.262495756149292 0.9649331569671631
163845197473743820 0.8843956589698792 -0.12660083174705505 0.0 0.0 0.0 0.2547464668750763 0.9670078754425049
1638451974207743883 0.8937039971351624 -0.12141439318656921 0.0 0.0 0.0 0.24845856428146362 0.96864253282547
1638451974375743866 0.9053587913513184 -0.11513804644346237 0.0 0.0 0.0 0.24061843752861023 0.970619797706604
1638451974509743929 0.9147666692733765 -0.11024309694766998 0.0 0.0 0.0 0.23423819243907928 0.9721792340278625
1638451974675743818 0.9265986084938049 -0.10430734604597092 0.0 0.0 0.0 0.2259129136800766 0.9741474986076355
1638451974810689926 0.9363033175468445 -0.09966744482517242 0.0 0.0 0.0 0.21589025855064392 0.9764176607131958
1638451974976690054 0.9483593702316284 -0.09432664513587952 0.0 0.0 0.0 0.19602523744106293 0.9805988669395447
1638451975109689951 0.9583099484443665 -0.09044706076383591 0.0 0.0 0.0 0.1727275848388672 0.9849696159362793
1638451975276690006 0.9709684252738953 -0.08632997423410416 0.0 0.0 0.0 0.1403699368238449 0.9900991320610046
1638451975409689903 0.9811294674873352 -0.08367235213518143 0.0 0.0 0.0 0.11502213776111603 0.9933629035949707
1638451975575690031 0.9939308166503906 -0.08109533786773682 0.0 0.0 0.0 0.0834357738494873 0.9965131282806396
1638451975708689928 1.0044294595718384 -0.07960356026887894 0.0 0.0 0.0 0.05745367705821991 0.9983481764793396
1638451975875689983 1.0176701545715332 -0.07851045578718185 0.0 0.0 0.0 0.02501782588660717 0.9996870160102844
16384519768689880 1.028220534324646 -0.07825365662574768 0.0 0.0 0.0 -0.0004468355036806315 0.9999998807907104
1638451976142689943 1.038820743560791 -0.07854034751653671 0.0 0.0 0.0 -0.02663462981581688 0.9996452331542969
1638451976309689999 1.0519815683364868 -0.07967839390039444 0.0 0.0 0.0 -0.060017041862010956 0.9981973767280579
1638451976476690054 1.0652143955230713 -0.08170522749423981 0.0 0.0 0.0 -0.09208604693412781 0.9957510828971863
1638451976610689878 1.0756090879440308 -0.08392689377069473 0.0 0.0 0.0 -0.11784320324659348 0.9930322170257568
1638451976779690027 1.088584542274475 -0.08751678466796875 0.0 0.0 0.0 -0.1508823186159134 0.9885517358779907
1638451976945689917 1.1010338068008423 -0.09185847640037537 0.0 0.0 0.0 -0.18324966728687286 0.9830663800239563
1638451977112689972 1.1131340265274048 -0.09696660190820694 0.0 0.0 0.0 -0.21378172934055328 0.9768814444541931
1638451977263718128 1.1248626708984375 -0.1028214618563652 0.0 0.0 0.0 -0.24516239762306213 0.9694820046424866
1638451977466717958 1.1387336254119873 -0.11103232204914093 0.0 0.0 0.0 -0.2828093469142914 0.9591761231422424
1638451977664717913 1.1516790390014648 -0.12011771649122238 0.0 0.0 0.0 -0.3194781243801117 0.947593629360199
1638451977844717979 1.1625900268554688 -0.12904106080532074 0.0 0.0 0.0 -0.3525979220867157 0.9357749223709106
163845197812717962 1.172427773475647 -0.13826881349086761 0.0 0.0 0.0 -0.3831041157245636 0.9237051606178284
1638451978212718010 1.1833316087722778 -0.15007133781909943 0.0 0.0 0.0 -0.41863155364990234 0.908156156539917
1638451978347718000 1.1900392770767212 -0.15834951400756836 0.0 0.0 0.0 -0.4420270621776581 0.8970016837120056
1638451978513718128 1.197712779045105 -0.1690400093793869 0.0 0.0 0.0 -0.47074466943740845 0.8822695016860962
1638451978645718098 1.2033191919326782 -0.177891343832016 0.0 0.0 0.0 -0.49360907077789307 0.8696839213371277
1638451978812717915 1.209790587425232 -0.18955251574516296 0.0 0.0 0.0 -0.5210894346237183 0.853502094745636
163845197911718035 1.2164568901062012 -0.20389416813850403 0.0 0.0 0.0 -0.5539615154266357 0.8325423002243042
1638451979176717997 1.221115231513977 -0.21612021327018738 0.0 0.0 0.0 -0.5804562568664551 0.8142914175987244
1638451979376718044 1.2259389162063599 -0.23216216266155243 0.0 0.0 0.0 -0.6118983030319214 0.7909364104270935
1638451979544718027 1.2293598651885986 -0.24750050902366638 0.0 0.0 0.0 -0.637999951839447 0.7700363993644714
1638451979711718082 1.2319364547729492 -0.26400306820869446 0.0 0.0 0.0 -0.6618444323539734 0.7496411800384521
1638451979876249075 1.2335528135299683 -0.2803991436958313 0.0 0.0 0.0 -0.6806211471557617 0.7326355576515198
163845198078248978 1.2346047163009644 -0.3003908097743988 0.0 0.0 0.0 -0.6957772970199585 0.7182576060295105
1638451980278249025 1.2348697185516357 -0.32048457860946655 0.0 0.0 0.0 -0.7091640830039978 0.7050434350967407
1638451980465249062 1.2344374656677246 -0.33903130888938904 0.0 0.0 0.0 -0.7214511036872864 0.6924654245376587
1638451980630249023 1.2335035800933838 -0.35537996888160706 0.0 0.0 0.0 -0.7323733568191528 0.6809033155441284
1638451980796248913 1.2320359945297241 -0.3718164563179016 0.0 0.0 0.0 -0.7430694103240967 0.6692143678665161
1638451980994248867 1.2297295331954956 -0.3914741575717926 0.0 0.0 0.0 -0.7507055997848511 0.6606369018554688
1638451981164248943 1.22747802734375 -0.40835878252983093 0.0 0.0 0.0 -0.7533214092254639 0.6576525568962097
1638451981298249006 1.2256879806518555 -0.4214746356010437 0.0 0.0 0.0 -0.7536122798919678 0.657319188117981
1638451981496248960 1.2229995727539062 -0.44095638394355774 0.0 0.0 0.0 -0.7539975047111511 0.6568772792816162
1638451981670248985 1.2206249237060547 -0.458105206489563 0.0 0.0 0.0 -0.7541220188140869 0.6567343473434448
1638451981804249048 1.2188045978546143 -0.4712425172328949 0.0 0.0 0.0 -0.7539860606193542 0.6568903923034668
1638451981942249060 1.216965675354004 -0.48486262559890747 0.0 0.0 0.0 -0.7516576647758484 0.6595534682273865
1638451982110249043 1.214936375617981 -0.5015201568603516 0.0 0.0 0.0 -0.7449116110801697 0.6671631336212158
1638451982276092052 1.2133681774139404 -0.5182777643203735 0.0 0.0 0.0 -0.733199954032898 0.680013120174408
1638451982455091953 1.2124816179275513 -0.5360978841781616 0.0 0.0 0.0 -0.715349018573761 0.6987673044204712
1638451982623091936 1.2124934196472168 -0.5526495575904846 0.0 0.0 0.0 -0.69825679063797 0.715847373008728
1638451982757091999 1.2130857706069946 -0.5659235715866089 0.0 0.0 0.0 -0.6836549043655396 0.7298054099082947
1638451982923091888 1.2146360874176025 -0.5822489857673645 0.0 0.0 0.0 -0.6609513759613037 0.7504287362098694
163845198357091951 1.2166202068328857 -0.5952843427658081 0.0 0.0 0.0 -0.642257034778595 0.7664893269538879
1638451983255091906 1.2207788228988647 -0.6143719553947449 0.0 0.0 0.0 -0.6125036478042603 0.7904677391052246
1638451983421092033 1.2254284620285034 -0.6302293539047241 0.0 0.0 0.0 -0.5865355134010315 0.809923529624939
1638451983622092009 1.232425570487976 -0.6490364074707031 0.0 0.0 0.0 -0.5555616021156311 0.8314753770828247
1638451983820091963 1.2405529022216797 -0.6670807600021362 0.0 0.0 0.0 -0.5307444930076599 0.8475318551063538
163845198419091845 1.2496790885925293 -0.6845841407775879 0.0 0.0 0.0 -0.506373941898346 0.862313985824585
1638451984219091892 1.2598018646240234 -0.7015599608421326 0.0 0.0 0.0 -0.48100215196609497 0.8767194151878357
1638451984421092033 1.271082878112793 -0.7181885838508606 0.0 0.0 0.0 -0.45615074038505554 0.8899025321006775
1638451984653091908 1.284948706626892 -0.7365459203720093 0.0 0.0 0.0 -0.43577155470848083 0.900057315826416
1638451984800898075 1.2934529781341553 -0.7470507025718689 0.0 0.0 0.0 -0.42603012919425964 0.904708981513977
1638451984967897892 1.304146647453308 -0.7598183751106262 0.0 0.0 0.0 -0.420555055141449 0.9072670340538025
1638451985101897955 1.312803864479065 -0.770032525062561 0.0 0.0 0.0 -0.4203396439552307 0.9073668122291565
1638451985265897989 1.3234329223632812 -0.7825568318367004 0.0 0.0 0.0 -0.4198468029499054 0.9075949788093567
1638451985402898073 1.332268476486206 -0.7929515242576599 0.0 0.0 0.0 -0.41967374086380005 0.90767502784729
1638451985569897890 1.3430747985839844 -0.8056573271751404 0.0 0.0 0.0 -0.42025771737098694 0.9074047803878784
1638451985702898026 1.3516262769699097 -0.8158280253410339 0.0 0.0 0.0 -0.4246935546398163 0.9053371548652649
1638451985870898008 1.3621152639389038 -0.8287313580513 0.0 0.0 0.0 -0.4357044994831085 0.9000897407531738
16384519863897905 1.3701950311660767 -0.8392483592033386 0.0 0.0 0.0 -0.44872552156448364 0.893669605255127
1638451986171897888 1.3798109292984009 -0.8528442978858948 0.0 0.0 0.0 -0.4707746207714081 0.8822535276412964
1638451986306897879 1.3870435953140259 -0.8642306923866272 0.0 0.0 0.0 -0.49279558658599854 0.8701450824737549
1638451986472898006 1.3950361013412476 -0.8787223696708679 0.0 0.0 0.0 -0.524702250957489 0.8512858152389526
1638451986606898069 1.4006456136703491 -0.8908771872520447 0.0 0.0 0.0 -0.5537110567092896 0.8327088952064514
1638451986740897894 1.4052733182907104 -0.9032220840454102 0.0 0.0 0.0 -0.5852851867675781 0.8108274936676025
1638451986910897970 1.4097822904586792 -0.9195883274078369 0.0 0.0 0.0 -0.6262825131416321 0.7795961499214172
163845198742897940 1.4120512008666992 -0.932574450969696 0.0 0.0 0.0 -0.6601641178131104 0.7511214017868042
1638451987210897923 1.4132533073425293 -0.9492276310920715 0.0 0.0 0.0 -0.7013314962387085 0.7128353118896484
1638451987400569916 1.4122484922409058 -0.9691832661628723 0.0 0.0 0.0 -0.747833788394928 0.6638860106468201
1638451987570569992 1.4092904329299927 -0.9859238862991333 0.0 0.0 0.0 -0.7838767766952515 0.6209164261817932
1638451987748569965 1.4042279720306396 -1.0028666257858276 0.0 0.0 0.0 -0.818404495716095 0.574642539024353
1638451987915570021 1.3977924585342407 -1.0182204246520996 0.0 0.0 0.0 -0.845941424369812 0.5332757830619812
163845198853570032 1.3913671970367432 -1.0303945541381836 0.0 0.0 0.0 -0.8662277460098267 0.4996493458747864
1638451988220570087 1.3825048208236694 -1.0444003343582153 0.0 0.0 0.0 -0.8855322599411011 0.464577853679657
1638451988353569984 1.3746442794799805 -1.0550169944763184 0.0 0.0 0.0 -0.9002646803855896 0.43534302711486816
1638451988522569895 1.36363685131073 -1.0677777528762817 0.0 0.0 0.0 -0.917514979839325 0.3977012038230896
1638451988721570015 1.349286675453186 -1.081654667854309 0.0 0.0 0.0 -0.9360889196395874 0.35176339745521545
1638451988922569990 1.3338596820831299 -1.0939639806747437 0.0 0.0 0.0 -0.9507001042366028 0.3101118505001068
1638451989123569965 1.3173542022705078 -1.1050612926483154 0.0 0.0 0.0 -0.9619789123535156 0.27312371134757996
1638451989323570013 1.300052285194397 -1.114872694015503 0.0 0.0 0.0 -0.9711432456970215 0.23849695920944214
1638451989524569988 1.2822332382202148 -1.1235407590866089 0.0 0.0 0.0 -0.977507472038269 0.21090087294578552
1638451989725569963 1.2637910842895508 -1.1313940286636353 0.0 0.0 0.0 -0.981756329536438 0.1901434063911438
1638451989908268929 1.2479329109191895 -1.1374715566635132 0.0 0.0 0.0 -0.9846944808959961 0.17428940534591675
1638451990107269049 1.2289941310882568 -1.144118070602417 0.0 0.0 0.0 -0.9864232540130615 0.16422273218631744
1638451990272269011 1.213354229927063 -1.1494622230529785 0.0 0.0 0.0 -0.9865044355392456 0.16373448073863983
1638451990476269007 1.1941214799880981 -1.1560335159301758 0.0 0.0 0.0 -0.9864670634269714 0.1639595627784729
1638451990608268976 1.1817619800567627 -1.1602543592453003 0.0 0.0 0.0 -0.9864818453788757 0.16387054324150085
1638451990776268959 1.1659791469573975 -1.1656500101089478 0.0 0.0 0.0 -0.9862722754478455 0.16512705385684967
1638451990911268950 1.1531977653503418 -1.170121669769287 0.0 0.0 0.0 -0.985303521156311 0.17081257700920105
163845199144269085 1.1407612562179565 -1.1746559143066406 0.0 0.0 0.0 -0.9840980172157288 0.1776261180639267
1638451991245269060 1.1223058700561523 -1.1818758249282837 0.0 0.0 0.0 -0.9809725880622864 0.1941462606191635
1638451991412268877 1.1070795059204102 -1.1884946823120117 0.0 0.0 0.0 -0.9768008589744568 0.21414966881275177
1638451991547269106 1.0950837135314941 -1.1943256855010986 0.0 0.0 0.0 -0.9720312356948853 0.23485156893730164
1638451991713268995 1.0806736946105957 -1.202310562133789 0.0 0.0 0.0 -0.9638482332229614 0.2664518356323242
1638451991847269058 1.0693186521530151 -1.2095909118652344 0.0 0.0 0.0 -0.9551623463630676 0.29608264565467834
163845199213268948 1.0558363199234009 -1.2196598052978516 0.0 0.0 0.0 -0.9423049092292786 0.3347558379173279
1638451992148268938 1.0458756685256958 -1.228298306465149 0.0 0.0 0.0 -0.9312225580215454 0.36445096135139465
1638451992304942846 1.0337677001953125 -1.2404522895812988 0.0 0.0 0.0 -0.9152618050575256 0.40285950899124146
1638451992473942995 1.022963523864746 -1.253220796585083 0.0 0.0 0.0 -0.8986743092536926 0.4386166036128998
1638451992607942820 1.015236258506775 -1.263810157775879 0.0 0.0 0.0 -0.8841822147369385 0.46714213490486145
1638451992807942867 1.0041559934616089 -1.2818574905395508 0.0 0.0 0.0 -0.8610009551048279 0.5086033344268799
163845199312943029 0.9937751293182373 -1.3032262325286865 0.0 0.0 0.0 -0.8340926170349121 0.5516244173049927
1638451993210942984 0.985126793384552 -1.3267066478729248 0.0 0.0 0.0 -0.8062131404876709 0.5916251540184021
1638451993344942808 0.9804917573928833 -1.3433316946029663 0.0 0.0 0.0 -0.7867353558540344 0.6172904372215271
1638451993511942863 0.9762060046195984 -1.3645378351211548 0.0 0.0 0.0 -0.7609149813652039 0.6488516330718994
1638451993676942825 0.973513662815094 -1.386897325515747 0.0 0.0 0.0 -0.7352059483528137 0.6778438091278076
1638451993809942961 0.972579300403595 -1.4053730964660645 0.0 0.0 0.0 -0.7138684391975403 0.7002798318862915
163845199410942936 0.9732891321182251 -1.433526635169983 0.0 0.0 0.0 -0.6826213598251343 0.7307722568511963
1638451994176942825 0.9756056070327759 -1.4567440748214722 0.0 0.0 0.0 -0.658740222454071 0.7523704171180725
1638451994375942945 0.9802576303482056 -1.483957290649414 0.0 0.0 0.0 -0.631261944770813 0.7755696773529053
1638451994508942842 0.9843830466270447 -1.5020703077316284 0.0 0.0 0.0 -0.6158645749092102 0.7878520488739014
1638451994713943005 0.9920576214790344 -1.529487133026123 0.0 0.0 0.0 -0.5926358103752136 0.8054705262184143
1638451994928682089 1.0009499788284302 -1.5556272268295288 0.0 0.0 0.0 -0.5723927617073059 0.8199796080589294
163845199597681999 1.0095009803771973 -1.5778014659881592 0.0 0.0 0.0 -0.5591597557067871 0.8290599584579468
1638451995266682148 1.0187194347381592 -1.599596619606018 0.0 0.0 0.0 -0.5460940599441528 0.8377238512039185
1638451995401682138 1.0265552997589111 -1.6169143915176392 0.0 0.0 0.0 -0.5386539697647095 0.8425270915031433
1638451995570682049 1.036604881286621 -1.6382001638412476 0.0 0.0 0.0 -0.5320141315460205 0.8467354774475098
1638451995773682117 1.049159049987793 -1.663672685623169 0.0 0.0 0.0 -0.5241718888282776 0.8516125082969666
1638451995908682108 1.0577136278152466 -1.6803631782531738 0.0 0.0 0.0 -0.5189165472984314 0.8548249006271362
163845199641682005 1.0663795471191406 -1.6967674493789673 0.0 0.0 0.0 -0.5138645768165588 0.8578712940216064
1638451996213681936 1.0776325464248657 -1.7175862789154053 0.0 0.0 0.0 -0.511225700378418 0.8594465255737305
1638451996346682072 1.0865777730941772 -1.7340707778930664 0.0 0.0 0.0 -0.5115771293640137 0.8592373728752136
1638451996516682148 1.0978167057037354 -1.7549548149108887 0.0 0.0 0.0 -0.5149430632591248 0.8572244048118591
1638451996648682117 1.1063913106918335 -1.7713783979415894 0.0 0.0 0.0 -0.5220716595649719 0.8529016375541687
1638451996849682093 1.1186710596084595 -1.7966171503067017 0.0 0.0 0.0 -0.5399863719940186 0.841673731803894
163845199718682003 1.1279804706573486 -1.8182897567749023 0.0 0.0 0.0 -0.560600221157074 0.8280866146087646
1638451997152682066 1.1346319913864136 -1.8358519077301025 0.0 0.0 0.0 -0.5758658051490784 0.8175442218780518
1638451997318695068 1.1419048309326172 -1.8578373193740845 0.0 0.0 0.0 -0.5951336026191711 0.8036267757415771
1638451997458695173 1.1471601724624634 -1.8763930797576904 0.0 0.0 0.0 -0.611051619052887 0.7915907502174377
1638451997625694990 1.1525533199310303 -1.8991217613220215 0.0 0.0 0.0 -0.6293894648551941 0.7770900130271912
1638451997757695198 1.1560306549072266 -1.9171127080917358 0.0 0.0 0.0 -0.6437520384788513 0.765234112739563
1638451997923695087 1.1594518423080444 -1.9400156736373901 0.0 0.0 0.0 -0.6617879867553711 0.7496910691261292
1638451998122695208 1.1620928049087524 -1.9675757884979248 0.0 0.0 0.0 -0.6830881237983704 0.7303359508514404
1638451998254695177 1.162988305091858 -1.986131191253662 0.0 0.0 0.0 -0.6967112421989441 0.7173517346382141
1638451998419695139 1.1630951166152954 -2.0092122554779053 0.0 0.0 0.0 -0.7141684293746948 0.6999738812446594
1638451998551695108 1.1623793840408325 -2.0275981426239014 0.0 0.0 0.0 -0.7272681593894958 0.6863534450531006
1638451998718695164 1.160477876663208 -2.050931215286255 0.0 0.0 0.0 -0.7433722019195557 0.6688780188560486
1638451998916695118 1.1567680835723877 -2.0783934593200684 0.0 0.0 0.0 -0.7622709274291992 0.6472581028938293
163845199949695015 1.1533993482589722 -2.0966622829437256 0.0 0.0 0.0 -0.7748630046844482 0.6321291923522949
1638451999217694998 1.1481475830078125 -2.1194236278533936 0.0 0.0 0.0 -0.7904155850410461 0.6125710010528564
1638451999350695133 1.1431734561920166 -2.137479782104492 0.0 0.0 0.0 -0.8002908825874329 0.5996119976043701
1638451999516695023 1.136346459388733 -2.159609317779541 0.0 0.0 0.0 -0.8084823489189148 0.5885204076766968
1638451999652695179 1.1304072141647339 -2.1775057315826416 0.0 0.0 0.0 -0.8127596974372864 0.5825990438461304
1638451999801185131 1.122936725616455 -2.199320077896118 0.0 0.0 0.0 -0.8140197992324829 0.5808371305465698
16384520002185106 1.1139355897903442 -2.225853681564331 0.0 0.0 0.0 -0.8107852339744568 0.5853437185287476
1638452000169185162 1.106781005859375 -2.2480392456054688 0.0 0.0 0.0 -0.805889904499054 0.5920653939247131
1638452000370185137 1.0986264944076538 -2.274977207183838 0.0 0.0 0.0 -0.8000075221061707 0.5999899506568909
1638452000503185034 1.0934796333312988 -2.2930386066436768 0.0 0.0 0.0 -0.7963553667068481 0.6048290133476257
1638452000671185017 1.0874125957489014 -2.3155457973480225 0.0 0.0 0.0 -0.7914125919342041 0.6112823486328125
1638452000805185080 1.0827698707580566 -2.3337955474853516 0.0 0.0 0.0 -0.7876383066177368 0.6161379218101501
1638452000951185226 1.0783934593200684 -2.3519551753997803 0.0 0.0 0.0 -0.7836126685142517 0.6212497353553772
1638452001104185104 1.073315978050232 -2.3743948936462402 0.0 0.0 0.0 -0.7788870930671692 0.6271641254425049
1638452001307185173 1.0675883293151855 -2.4018990993499756 0.0 0.0 0.0 -0.772921085357666 0.6345021724700928
1638452001507185221 1.0624250173568726 -2.4293603897094727 0.0 0.0 0.0 -0.7666873931884766 0.642020583152771
1638452001708185196 1.057754635810852 -2.4571661949157715 0.0 0.0 0.0 -0.7595548033714294 0.6504433155059814
1638452001875185013 1.0544512271881104 -2.4804201126098633 0.0 0.0 0.0 -0.7502155303955078 0.6611933708190918
163845200277185154 1.0514780282974243 -2.5082788467407227 0.0 0.0 0.0 -0.7370676398277283 0.6758189797401428
1638452002244185209 1.0498199462890625 -2.531453847885132 0.0 0.0 0.0 -0.7263109087944031 0.6873663067817688
1638452002412759066 1.0489023923873901 -2.554720401763916 0.0 0.0 0.0 -0.7154033780097961 0.6987116932868958
1638452002612759113 1.0487481355667114 -2.5826363563537598 0.0 0.0 0.0 -0.7025073766708374 0.7116764187812805
1638452002813759089 1.0496355295181274 -2.6108169555664062 0.0 0.0 0.0 -0.6891990303993225 0.7245721220970154
163845200317759085 1.0516645908355713 -2.6392934322357178 0.0 0.0 0.0 -0.6737768650054932 0.7389348745346069
1638452003219758987 1.0548114776611328 -2.6672606468200684 0.0 0.0 0.0 -0.6589890718460083 0.7521525025367737
1638452003419759035 1.059047818183899 -2.695007085800171 0.0 0.0 0.0 -0.6441542506217957 0.7648956179618835
1638452003658759117 1.0654031038284302 -2.7274692058563232 0.0 0.0 0.0 -0.6268343925476074 0.779152512550354
1638452003824759007 1.0707083940505981 -2.749985933303833 0.0 0.0 0.0 -0.6146642565727234 0.7887888550758362
1638452003992758989 1.0767858028411865 -2.772568464279175 0.0 0.0 0.0 -0.6020137667655945 0.7984856963157654
1638452004159759045 1.083585500717163 -2.794997215270996 0.0 0.0 0.0 -0.589535117149353 0.807742714881897
1638452004328758955 1.0910857915878296 -2.817575693130493 0.0 0.0 0.0 -0.5813555121421814 0.8136496543884277
1638452004515758991 1.099635124206543 -2.842230796813965 0.0 0.0 0.0 -0.5803048610687256 0.8143993020057678
1638452004681759119 1.1070619821548462 -2.8642466068267822 0.0 0.0 0.0 -0.5865489840507507 0.8099137544631958
1638452004857084990 1.113990068435669 -2.8863978385925293 0.0 0.0 0.0 -0.5984991192817688 0.8011234998703003
163845200525084972 1.1202787160873413 -2.9089748859405518 0.0 0.0 0.0 -0.6120202541351318 0.7908421158790588
1638452005193084955 1.1256359815597534 -2.9316861629486084 0.0 0.0 0.0 -0.6301102042198181 0.776505708694458
1638452005363085032 1.129854679107666 -2.9549691677093506 0.0 0.0 0.0 -0.6527682542800903 0.7575576305389404
1638452005565084934 1.1327955722808838 -2.9831037521362305 0.0 0.0 0.0 -0.6864703893661499 0.7271577715873718
1638452005702085018 1.1332032680511475 -3.0022809505462646 0.0 0.0 0.0 -0.7129167318344116 0.7012486457824707
1638452005869085073 1.1316922903060913 -3.0255343914031982 0.0 0.0 0.0 -0.7464004755020142 0.6654970645904541
163845200671084976 1.1268378496170044 -3.053370475769043 0.0 0.0 0.0 -0.7836676239967346 0.6211804151535034
1638452006271085024 1.1188817024230957 -3.080061674118042 0.0 0.0 0.0 -0.8190822005271912 0.5736761689186096
1638452006403084993 1.1119166612625122 -3.097198247909546 0.0 0.0 0.0 -0.8401409387588501 0.5423681735992432
1638452006573085070 1.1010438203811646 -3.1183786392211914 0.0 0.0 0.0 -0.8658009767532349 0.500388503074646
1638452006772084951 1.0857614278793335 -3.1416327953338623 0.0 0.0 0.0 -0.8934095501899719 0.4492431581020355
1638452006973084927 1.0677272081375122 -3.1631555557250977 0.0 0.0 0.0 -0.9181375503540039 0.39626187086105347
1638452007204085112 1.0442346334457397 -3.184950113296509 0.0 0.0 0.0 -0.9427087306976318 0.33361688256263733
1638452007344672918 1.0288633108139038 -3.1964235305786133 0.0 0.0 0.0 -0.9549567103385925 0.29674506187438965
1638452007514672995 1.0085257291793823 -3.208995819091797 0.0 0.0 0.0 -0.9680529832839966 0.2507456839084625
1638452007646672964 0.9922233819961548 -3.2172439098358154 0.0 0.0 0.0 -0.9769062995910645 0.21366815268993378
1638452007812672853 0.9708254933357239 -3.2258107662200928 0.0 0.0 0.0 -0.9862568974494934 0.16521911323070526
1638452007979672909 0.9483843445777893 -3.2323625087738037 0.0 0.0 0.0 -0.9931517839431763 0.11683110147714615
1638452008146672964 0.9256640076637268 -3.2366719245910645 0.0 0.0 0.0 -0.997588038444519 0.06941235810518265
1638452008320672989 0.9107134342193604 -3.2381978034973145 0.0 0.0 0.0 0.9998046159744263 -0.019765563309192657
1638452008519672871 0.8829157948493958 -3.237710952758789 0.0 0.0 0.0 0.9993290901184082 0.03662394359707832
1638452008719672918 0.8553271293640137 -3.2340750694274902 0.0 0.0 0.0 0.9955999255180359 0.09370573610067368
1638452008921672821 0.8280901312828064 -3.2272486686706543 0.0 0.0 0.0 0.988436222076416 0.15163704752922058
1638452009121672869 0.8021169900894165 -3.2174744606018066 0.0 0.0 0.0 0.978283166885376 0.2072729617357254
1638452009323673010 0.7769697308540344 -3.204586982727051 0.0 0.0 0.0 0.9647577404975891 0.26313966512680054
1638452009526672840 0.7532746195793152 -3.1888651847839355 0.0 0.0 0.0 0.949785053730011 0.31290313601493835
1638452009692672968 0.7351722717285156 -3.174386978149414 0.0 0.0 0.0 0.9377315640449524 0.3473607301712036
1638452009852696896 0.7178578972816467 -3.158557653427124 0.0 0.0 0.0 0.9270262718200684 0.37499645352363586
163845201018697023 0.7015672922134399 -3.1420280933380127 0.0 0.0 0.0 0.9183611869812012 0.39574334025382996
1638452010150696993 0.6890185475349426 -3.128432273864746 0.0 0.0 0.0 0.9141186475753784 0.4054467976093292
1638452010351696968 0.6702954769134521 -3.1073501110076904 0.0 0.0 0.0 0.9106409549713135 0.4131985604763031
1638452010519696951 0.654913604259491 -3.0897669792175293 0.0 0.0 0.0 0.9110319018363953 0.41233590245246887
1638452010717696905 0.6365116834640503 -3.069246768951416 0.0 0.0 0.0 0.9161033034324646 0.4009423553943634
1638452010886697054 0.6203291416168213 -3.0523290634155273 0.0 0.0 0.0 0.9234375953674316 0.3837486207485199
163845201154697037 0.6035270094871521 -3.036247491836548 0.0 0.0 0.0 0.9330121874809265 0.35984480381011963
1638452011224696875 0.5853301286697388 -3.0207695960998535 0.0 0.0 0.0 0.944273054599762 0.32916316390037537
1638452011390697002 0.5664451122283936 -3.0068981647491455 0.0 0.0 0.0 0.9562416076660156 0.29257822036743164
1638452011558696985 0.5464746952056885 -2.9947447776794434 0.0 0.0 0.0 0.969568133354187 0.24482154846191406
1638452011724696875 0.5256357192993164 -2.9849021434783936 0.0 0.0 0.0 0.981654703617096 0.19066722691059113
1638452011924696922 0.4992750585079193 -2.976245403289795 0.0 0.0 0.0 0.9921536445617676 0.125024676322937
163845201258696985 0.48099225759506226 -2.972446918487549 0.0 0.0 0.0 0.9968372583389282 0.07947015017271042
1638452012225697041 0.45781412720680237 -2.9700772762298584 0.0 0.0 0.0 0.9997431635856628 0.02266363613307476
1638452012398904085 0.43365901708602905 -2.970428228378296 0.0 0.0 0.0 0.9993187785148621 -0.03690493851900101
1638452012563904047 0.4200385510921478 -2.972635507583618 0.0 0.0 0.0 -0.9956756830215454 0.09289722889661789
1638452012698904037 0.40189164876937866 -2.9769287109375 0.0 0.0 0.0 -0.9904483556747437 0.13788412511348724
1638452012864903927 0.37944865226745605 -2.9847137928009033 0.0 0.0 0.0 -0.9811417460441589 0.19328971207141876
1638452012999904156 0.36151552200317383 -2.993015766143799 0.0 0.0 0.0 -0.9715499877929688 0.23683463037014008
1638452013204904079 0.33501771092414856 -3.0089776515960693 0.0 0.0 0.0 -0.954429566860199 0.29843634366989136
1638452013404904127 0.3105514347553253 -3.0282013416290283 0.0 0.0 0.0 -0.935128927230835 0.3543076813220978
1638452013570904016 0.2915172874927521 -3.0465917587280273 0.0 0.0 0.0 -0.9191104769706726 0.39399996399879456
1638452013770904064 0.2706417143344879 -3.0706212520599365 0.0 0.0 0.0 -0.9010098576545715 0.43379858136177063
1638452013972903967 0.2514745593070984 -3.0965752601623535 0.0 0.0 0.0 -0.8849776983261108 0.465633362531662
1638452014183903933 0.2332400381565094 -3.12477707862854 0.0 0.0 0.0 -0.8727248907089233 0.48821237683296204
1638452014368904114 0.21807686984539032 -3.1500954627990723 0.0 0.0 0.0 -0.8680580258369446 0.49646270275115967
1638452014517904043 0.20606516301631927 -3.1706912517547607 0.0 0.0 0.0 -0.8670789003372192 0.4981708228588104
1638452014718904018 0.18982668220996857 -3.197991371154785 0.0 0.0 0.0 -0.8718608617782593 0.4897536337375641
1638452014904990911 0.1754857301712036 -3.2208447456359863 0.0 0.0 0.0 -0.8788291811943054 0.4771365523338318
163845201572990894 0.16043132543563843 -3.2430503368377686 0.0 0.0 0.0 -0.8887596130371094 0.4583735466003418
1638452015204990864 0.1478215903043747 -3.2600722312927246 0.0 0.0 0.0 -0.8975858688354492 0.4408397078514099
1638452015339990854 0.13423551619052887 -3.2767837047576904 0.0 0.0 0.0 -0.9083898663520813 0.4181242287158966
1638452015506990910 0.11615720391273499 -3.296393394470215 0.0 0.0 0.0 -0.9233788251876831 0.3838900625705719
1638452015672990799 0.0967634841799736 -3.314405918121338 0.0 0.0 0.0 -0.9378514289855957 0.3470369875431061
1638452015807990789 0.08001577854156494 -3.3278238773345947 0.0 0.0 0.0 -0.9488160014152527 0.3158293664455414
1638452015976990938 0.05775001645088196 -3.3430941104888916 0.0 0.0 0.0 -0.961165189743042 0.27597370743751526
1638452016109990835 0.03940743952989578 -3.353787899017334 0.0 0.0 0.0 -0.9694480895996094 0.24529655277729034
1638452016243990898 0.020388033241033554 -3.3632822036743164 0.0 0.0 0.0 -0.9770069718360901 0.2132074236869812
1638452016409990788 -0.004067040979862213 -3.3733410835266113 0.0 0.0 0.0 -0.9847005009651184 0.17425537109375
1638452016544990778 -0.02439635433256626 -3.3800554275512695 0.0 0.0 0.0 -0.989691436290741 0.1432160586118698
1638452016784990788 -0.061466947197914124 -3.388733386993408 0.0 0.0 0.0 -0.9963054656982422 0.08587993681430817
1638452016950990915 -0.0877494066953659 -3.3922691345214844 0.0 0.0 0.0 -0.9988861083984375 0.04718620702624321
1638452017117990971 -0.1038270816206932 -3.3929624557495117 0.0 0.0 0.0 0.9999830722808838 -0.005817662458866835
1638452017250990868 -0.12500418722629547 -3.392524242401123 0.0 0.0 0.0 0.9996470808982849 0.026564886793494225
1638452017395416975 -0.151457741856575 -3.390044927597046 0.0 0.0 0.0 0.9977596998214722 0.06689956039190292
1638452017629416943 -0.18831905722618103 -3.382934808731079 0.0 0.0 0.0 0.99233478307724 0.1235787570476532
1638452017832417011 -0.21942776441574097 -3.373401403427124 0.0 0.0 0.0 0.9850341081619263 0.17235951125621796
16384520181417160 -0.2442770004272461 -3.3633034229278564 0.0 0.0 0.0 0.9774127006530762 0.2113395780324936
1638452018203417063 -0.2728950083255768 -3.348635673522949 0.0 0.0 0.0 0.9662145972251892 0.2577388286590576
1638452018404417038 -0.2997952103614807 -3.331480026245117 0.0 0.0 0.0 0.953040361404419 0.30284327268600464
1638452018605417013 -0.32506006956100464 -3.3117482662200928 0.0 0.0 0.0 0.9376586675643921 0.3475574851036072
1638452018808417082 -0.3485490679740906 -3.2894911766052246 0.0 0.0 0.0 0.9193803071975708 0.3933698534965515
163845201911417150 -0.36962878704071045 -3.2651069164276123 0.0 0.0 0.0 0.8989279270172119 0.4380965232849121
1638452019210417032 -0.38782358169555664 -3.2393627166748047 0.0 0.0 0.0 0.8766394853591919 0.48114779591560364
1638452019413417101 -0.4038000702857971 -3.2112512588500977 0.0 0.0 0.0 0.851711094379425 0.5240116715431213
1638452019614417076 -0.4168705940246582 -3.1817874908447266 0.0 0.0 0.0 0.824325680732727 0.5661158561706543
1638452019814417124 -0.42683523893356323 -3.1516387462615967 0.0 0.0 0.0 0.7962369918823242 0.6049848198890686
163845202031596899 -0.4339618682861328 -3.1201512813568115 0.0 0.0 0.0 0.7655991315841675 0.6433179974555969
1638452020208596945 -0.4376239776611328 -3.09233021736145 0.0 0.0 0.0 0.7378962635993958 0.6749141812324524
1638452020375597000 -0.4389118254184723 -3.0655643939971924 0.0 0.0 0.0 0.7098556756973267 0.7043471336364746
1638452020544596910 -0.43801310658454895 -3.038630723953247 0.0 0.0 0.0 0.6803667545318604 0.7328718304634094
1638452020709596872 -0.4350551962852478 -3.0126330852508545 0.0 0.0 0.0 0.6520218849182129 0.7582001686096191
1638452020876596928 -0.4302229881286621 -2.986427068710327 0.0 0.0 0.0 0.6282235980033875 0.7780328392982483
163845202175597048 -0.4226289391517639 -2.955770492553711 0.0 0.0 0.0 0.6055512428283691 0.795806348323822
1638452021209596872 -0.41667282581329346 -2.93546724319458 0.0 0.0 0.0 0.5931608080863953 0.8050839900970459
1638452021378597021 -0.40823304653167725 -2.9098148345947266 0.0 0.0 0.0 0.5797879695892334 0.8147674202919006
1638452021512596846 -0.40101358294487 -2.889655828475952 0.0 0.0 0.0 0.5723298192024231 0.8200234770774841
1638452021714596987 -0.3895634710788727 -2.859431028366089 0.0 0.0 0.0 0.563980758190155 0.8257879614830017
1638452021914597034 -0.37774479389190674 -2.829756021499634 0.0 0.0 0.0 0.5602350831031799 0.8283336758613586
163845202250596952 -0.36963483691215515 -2.8094470500946045 0.0 0.0 0.0 0.5624045729637146 0.8268622159957886
1638452022218596935 -0.3600972294807434 -2.7844796180725098 0.0 0.0 0.0 0.5727693438529968 0.8197165727615356
1638452022410171032 -0.34977394342422485 -2.7542550563812256 0.0 0.0 0.0 0.5918704867362976 0.8060330748558044
1638452022575170994 -0.342520534992218 -2.729137420654297 0.0 0.0 0.0 0.6098253130912781 0.7925358414649963
1638452022807170868 -0.33420833945274353 -2.693007707595825 0.0 0.0 0.0 0.6353456974029541 0.7722278237342834
1638452022975170851 -0.3296431601047516 -2.6664438247680664 0.0 0.0 0.0 0.6535577774047852 0.7568766474723816
1638452023174170971 -0.3259165287017822 -2.634775400161743 0.0 0.0 0.0 0.6754346489906311 0.737419843673706
1638452023308171034 -0.3245335519313812 -2.6135106086730957 0.0 0.0 0.0 0.6924891471862793 0.7214282751083374
1638452023475170851 -0.32431113719940186 -2.587141990661621 0.0 0.0 0.0 0.7154363989830017 0.6986778974533081
1638452023740170956 -0.3274405896663666 -2.5452096462249756 0.0 0.0 0.0 0.7500485777854919 0.6613827347755432
1638452023908170938 -0.33168306946754456 -2.518568992614746 0.0 0.0 0.0 0.7712233662605286 0.6365646123886108
1638452024107170820 -0.3389553725719452 -2.4876561164855957 0.0 0.0 0.0 0.795605480670929 0.605815052986145
1638452024242170811 -0.34523826837539673 -2.467134952545166 0.0 0.0 0.0 0.8119341135025024 0.5837490558624268
1638452024474170923 -0.3584800362586975 -2.432783365249634 0.0 0.0 0.0 0.8363100290298462 0.5482568144798279
1638452024676170826 -0.37216904759407043 -2.4037599563598633 0.0 0.0 0.0 0.8516156077384949 0.5241667628288269
1638452024917796135 -0.3899190127849579 -2.370488405227661 0.0 0.0 0.0 0.8623055815696716 0.506388247013092
1638452025122796059 -0.4062452018260956 -2.341862440109253 0.0 0.0 0.0 0.8664185404777527 0.4993184506893158
1638452025325796127 -0.4223532974720001 -2.314016342163086 0.0 0.0 0.0 0.865256667137146 0.5013290643692017
1638452025458796024 -0.43282365798950195 -2.2955124378204346 0.0 0.0 0.0 0.8623465895652771 0.5063184499740601
1638452025659796000 -0.44817855954170227 -2.2674169540405273 0.0 0.0 0.0 0.8577451109886169 0.5140751600265503
1638452025827795982 -0.4605673849582672 -2.243790864944458 0.0 0.0 0.0 0.8534743785858154 0.5211347937583923
1638452025959795952 -0.4701150357723236 -2.224907875061035 0.0 0.0 0.0 0.8502216339111328 0.5264248847961426
1638452026162796021 -0.4842585325241089 -2.1957051753997803 0.0 0.0 0.0 0.8437469601631165 0.5367411375045776
1638452026329796076 -0.49523937702178955 -2.1713104248046875 0.0 0.0 0.0 0.8354344367980957 0.5495901107788086
1638452026496796131 -0.5053741335868835 -2.1466619968414307 0.0 0.0 0.0 0.8253037929534912 0.5646889209747314
1638452026662796021 -0.5143991112709045 -2.121694564819336 0.0 0.0 0.0 0.8116135597229004 0.5841947197914124
1638452026862796068 -0.5235937833786011 -2.0912413597106934 0.0 0.0 0.0 0.7936990857124329 0.6083105802536011
1638452026995795965 -0.5286808609962463 -2.070781707763672 0.0 0.0 0.0 0.7817217111587524 0.6236274242401123
1638452027164796114 -0.5340162515640259 -2.0442845821380615 0.0 0.0 0.0 0.7658479809761047 0.6430217027664185
1638452027367795944 -0.5386090874671936 -2.0123984813690186 0.0 0.0 0.0 0.7452479600906372 0.6667874455451965
1638452027547662973 -0.5409207940101624 -1.9858747720718384 0.0 0.0 0.0 0.7286387085914612 0.6848982572555542
1638452027647663116 -0.5416744351387024 -1.9699726104736328 0.0 0.0 0.0 0.7185264825820923 0.69549959897995
1638452027812663078 -0.541902482509613 -1.9435770511627197 0.0 0.0 0.0 0.7016664743423462 0.712505578994751
1638452027979663134 -0.5409324169158936 -1.9170708656311035 0.0 0.0 0.0 0.6872894167900085 0.7263836860656738
1638452028144663095 -0.5391124486923218 -1.8905577659606934 0.0 0.0 0.0 0.6784971356391907 0.7346030473709106
1638452028311663151 -0.5367466807365417 -1.8637571334838867 0.0 0.0 0.0 0.6722525358200073 0.740321934223175
1638452028447663069 -0.5345332622528076 -1.8422809839248657 0.0 0.0 0.0 0.667653501033783 0.7444722056388855
1638452028579663038 -0.5321164727210999 -1.8213107585906982 0.0 0.0 0.0 0.6630983352661133 0.7485322952270508
1638452028786663055 -0.5278251767158508 -1.7886883020401 0.0 0.0 0.0 0.655572235584259 0.7551324963569641
1638452028986663103 -0.5230390429496765 -1.7572352886199951 0.0 0.0 0.0 0.6479513645172119 0.7616816759109497
1638452029118663073 -0.5195326805114746 -1.7365479469299316 0.0 0.0 0.0 0.6429874300956726 0.7658767104148865
1638452029250663042 -0.5157454013824463 -1.715755820274353 0.0 0.0 0.0 0.6385672688484192 0.769565999507904
1638452029418663025 -0.5105575919151306 -1.6892526149749756 0.0 0.0 0.0 0.6327028870582581 0.7743946313858032
1638452029617663145 -0.5039141774177551 -1.657983660697937 0.0 0.0 0.0 0.6259850859642029 0.779835045337677
1638452029796663046 -0.4974963963031769 -1.6301382780075073 0.0 0.0 0.0 0.6195685863494873 0.7849425077438354
16384520304837036 -0.488435834646225 -1.5937913656234741 0.0 0.0 0.0 0.6115844249725342 0.7911791801452637
1638452030203837156 -0.48018789291381836 -1.563194990158081 0.0 0.0 0.0 0.6055744290351868 0.7957887053489685
1638452030369837046 -0.47313743829727173 -1.5377811193466187 0.0 0.0 0.0 0.6055998206138611 0.7957693338394165
1638452030603837013 -0.4634365737438202 -1.5015736818313599 0.0 0.0 0.0 0.6141867637634277 0.7891606688499451
1638452030835837126 -0.4550830125808716 -1.4652947187423706 0.0 0.0 0.0 0.633230984210968 0.7739628553390503
16384520311837015 -0.45043250918388367 -1.4392081499099731 0.0 0.0 0.0 0.6513441205024719 0.7587824463844299
1638452031198837042 -0.4466398358345032 -1.4081093072891235 0.0 0.0 0.0 0.6754687428474426 0.7373886108398438
1638452031431837082 -0.44499894976615906 -1.3712034225463867 0.0 0.0 0.0 0.7067480683326721 0.7074652910232544
1638452031600836992 -0.445796400308609 -1.3443900346755981 0.0 0.0 0.0 0.728219747543335 0.6853437423706055
1638452031866837025 -0.4505062401294708 -1.302121877670288 0.0 0.0 0.0 0.7615963816642761 0.6480516195297241
163845203265837145 -0.45663878321647644 -1.2709341049194336 0.0 0.0 0.0 0.78170245885849 0.6236515641212463
1638452032265836954 -0.4645530581474304 -1.2400962114334106 0.0 0.0 0.0 0.7976764440536499 0.6030856370925903
1638452032455763102 -0.4723258912563324 -1.21428644657135 0.0 0.0 0.0 0.8072233200073242 0.5902461409568787
1638452032722763062 -0.48605114221572876 -1.1738287210464478 0.0 0.0 0.0 0.8167544007301331 0.5769855380058289
1638452032855762959 -0.4932298958301544 -1.1537895202636719 0.0 0.0 0.0 0.8180679082870483 0.5751217007637024
163845203319762993 -0.502132773399353 -1.1290446519851685 0.0 0.0 0.0 0.8180049657821655 0.5752111673355103
1638452033218763113 -0.5127472877502441 -1.0990792512893677 0.0 0.0 0.0 0.8144599795341492 0.5802197456359863
1638452033351763010 -0.5195531249046326 -1.078937292098999 0.0 0.0 0.0 0.8103348016738892 0.5859671831130981
1638452033517763138 -0.5276325941085815 -1.0538054704666138 0.0 0.0 0.0 0.8055323362350464 0.5925518274307251
1638452033719763041 -0.536894679069519 -1.0229454040527344 0.0 0.0 0.0 0.7991889715194702 0.6010798215866089
1638452033853763103 -0.5426669120788574 -1.002377986907959 0.0 0.0 0.0 0.794867992401123 0.6067823767662048
163845203454763079 -0.5508103966712952 -0.9713087677955627 0.0 0.0 0.0 0.7888968586921692 0.6145256757736206
1638452034254763126 -0.5583096742630005 -0.9402859807014465 0.0 0.0 0.0 0.7828575372695923 0.6222010254859924
1638452034453763008 -0.5650627017021179 -0.9091190099716187 0.0 0.0 0.0 0.7728059887886047 0.6346423029899597
1638452034657763004 -0.5707308650016785 -0.8772231936454773 0.0 0.0 0.0 0.7597453594207764 0.6502206921577454
1638452034823763132 -0.5744354128837585 -0.8508819341659546 0.0 0.0 0.0 0.7496249079704285 0.6618629097938538
163845203518826962 -0.5777568221092224 -0.8191151022911072 0.0 0.0 0.0 0.7362969517707825 0.676658570766449
1638452035218827009 -0.5798126459121704 -0.7874947786331177 0.0 0.0 0.0 0.7230309247970581 0.6908156275749207
1638452035417826891 -0.5806685090065002 -0.7558698654174805 0.0 0.0 0.0 0.7097679972648621 0.7044355273246765
1638452035551826954 -0.580579936504364 -0.734508216381073 0.0 0.0 0.0 0.7014187574386597 0.7127493619918823
1638452035717827082 -0.5797528028488159 -0.7079204320907593 0.0 0.0 0.0 0.6907883882522583 0.723056972026825
1638452035850826979 -0.578504741191864 -0.6866966485977173 0.0 0.0 0.0 0.6816549301147461 0.7316737771034241
163845203653827047 -0.5756098628044128 -0.6541760563850403 0.0 0.0 0.0 0.6688193678855896 0.7434249520301819
1638452036220827103 -0.5725479125976562 -0.627777099609375 0.0 0.0 0.0 0.6621648073196411 0.7493582367897034
1638452036421827078 -0.5685389637947083 -0.5960110425949097 0.0 0.0 0.0 0.6617490649223328 0.7497254014015198
1638452036619827032 -0.5648263692855835 -0.5646680593490601 0.0 0.0 0.0 0.6676669120788574 0.7444601655006409
1638452036852827072 -0.5615603923797607 -0.5278620719909668 0.0 0.0 0.0 0.6841363310813904 0.7293541431427002
1638452037118827105 -0.5604199767112732 -0.4853404462337494 0.0 0.0 0.0 0.7114076018333435 0.7027796506881714
1638452037318826914 -0.5617715120315552 -0.453406423330307 0.0 0.0 0.0 0.7323437333106995 0.6809351444244385
1638452037459573030 -0.5637148022651672 -0.4321848452091217 0.0 0.0 0.0 0.7450814247131348 0.6669734716415405
1638452037660573006 -0.5681607723236084 -0.4005836248397827 0.0 0.0 0.0 0.7642625570297241 0.6449052095413208
1638452037824572802 -0.5731337070465088 -0.3750462234020233 0.0 0.0 0.0 0.7791088223457336 0.6268886923789978
163845203824572849 -0.5808182954788208 -0.3441508412361145 0.0 0.0 0.0 0.7965356707572937 0.6045915484428406
1638452038157572985 -0.586938202381134 -0.32373809814453125 0.0 0.0 0.0 0.8078447580337524 0.5893953442573547
1638452038358572960 -0.5976578593254089 -0.29343849420547485 0.0 0.0 0.0 0.8248035311698914 0.5654194951057434
1638452038557572842 -0.6098297834396362 -0.2643212378025055 0.0 0.0 0.0 0.838962733745575 0.5441888570785522
1638452038757572889 -0.6233159899711609 -0.235647052526474 0.0 0.0 0.0 0.8489550948143005 0.5284649729728699
1638452038955572844 -0.6376163959503174 -0.2075677365064621 0.0 0.0 0.0 0.8552406430244446 0.5182310342788696
1638452039121572971 -0.6500235199928284 -0.18400824069976807 0.0 0.0 0.0 0.8564374446868896 0.5162508487701416
1638452039355572939 -0.6674879789352417 -0.15066877007484436 0.0 0.0 0.0 0.8535153269767761 0.5210677981376648
1638452039521572828 -0.6793560981750488 -0.1269187331199646 0.0 0.0 0.0 0.8470275402069092 0.5315489768981934
1638452039721572876 -0.6925468444824219 -0.09799744188785553 0.0 0.0 0.0 0.8342275619506836 0.551420271396637
1638452039943125010 -0.7057552337646484 -0.06325222551822662 0.0 0.0 0.0 0.8105303049087524 0.5856966972351074
1638452040109125137 -0.7115672826766968 -0.04364773631095886 0.0 0.0 0.0 0.789898157119751 0.6132380366325378
1638452040411124945 -0.7117102742195129 -0.04308344051241875 0.0 0.0 0.0 0.7877346277236938 0.6160147190093994
1638452040578125000 -0.7117284536361694 -0.043009720742702484 0.0 0.0 0.0 0.7815237045288086 0.6238754987716675
1638452040780125141 -0.7117182612419128 -0.04305929318070412 0.0 0.0 0.0 0.7680485248565674 0.6403916478157043
1638452040946125031 -0.7117390036582947 -0.04293445125222206 0.0 0.0 0.0 0.7515260577201843 0.6597034335136414
1638452041176125050 -0.7117471098899841 -0.04280814155936241 0.0 0.0 0.0 0.7228174805641174 0.6910390257835388
1638452041409125090 -0.7117431163787842 -0.042808081954717636 0.0 0.0 0.0 0.6884629726409912 0.7252715229988098
1638452041674124956 -0.7117599248886108 -0.042907897382974625 0.0 0.0 0.0 0.640980064868927 0.7675575613975525
1638452041844125032 -0.7117650508880615 -0.042906757444143295 0.0 0.0 0.0 0.6056783199310303 0.7957096099853516
163845204210125160 -0.7117822766304016 -0.04295441508293152 0.0 0.0 0.0 0.5647734999656677 0.8252459764480591
1638452042309124947 -0.7118666768074036 -0.04311002790927887 0.0 0.0 0.0 0.47837743163108826 0.8781543374061584
1638452042450349092 -0.7118805646896362 -0.04313120245933533 0.0 0.0 0.0 0.4379570186138153 0.8989958763122559
1638452042651349068 -0.7119972705841064 -0.043264240026474 0.0 0.0 0.0 0.3766928017139435 0.926338255405426
1638452042816349030 -0.7119602560997009 -0.04322982579469681 0.0 0.0 0.0 0.323883593082428 0.9460969567298889
163845204323349047 -0.7119162082672119 -0.04320460930466652 0.0 0.0 0.0 0.2579169273376465 0.9661670923233032
1638452043226349115 -0.7117326259613037 -0.04311937093734741 0.0 0.0 0.0 0.19104233384132385 0.9815818071365356
1638452043460349083 -0.7115881443023682 -0.043072838336229324 0.0 0.0 0.0 0.11258818209171295 0.99364173412323
1638452043661349058 -0.7115381956100464 -0.043064262717962265 0.0 0.0 0.0 0.07496819645166397 0.9971859455108643
1638452043797348976 -0.7115381956100464 -0.04306427389383316 0.0 0.0 0.0 0.07526152580976486 0.9971638321876526
163845204428348923 -0.7115131616592407 -0.04306047782301903 0.0 0.0 0.0 0.07518403977155685 0.9971696734428406
1638452044264348984 -0.7113878726959229 -0.043042510747909546 0.0 0.0 0.0 0.068650983273983 0.9976407289505005
1638452044501348972 -0.7096297740936279 -0.04282314330339432 0.0 0.0 0.0 0.057532962411642075 0.9983435869216919
1638452044700349092 -0.7062816023826599 -0.04247481748461723 0.0 0.0 0.0 0.04682990536093712 0.9989028573036194
1638452044866348982 -0.702978253364563 -0.04218916594982147 0.0 0.0 0.0 0.039320167154073715 0.9992266893386841
1638452045105700970 -0.6984851360321045 -0.0418582521378994 0.0 0.0 0.0 0.03587887063622475 0.9993561506271362
1638452045303700924 -0.6944472193717957 -0.0415496826171875 0.0 0.0 0.0 0.04178250953555107 0.9991267323493958
1638452045508701086 -0.6904152035713196 -0.04117199406027794 0.0 0.0 0.0 0.05158964544534683 0.998668372631073
1638452045740700960 -0.6858642101287842 -0.04064766690135002 0.0 0.0 0.0 0.06295155733823776 0.9980165958404541
1638452045908700943 -0.6826785802841187 -0.04021840915083885 0.0 0.0 0.0 0.07084468007087708 0.9974873661994934
163845204654701090 -0.6798251867294312 -0.03979009762406349 0.0 0.0 0.0 0.0778643935918808 0.9969639778137207
1638452046220700979 -0.6765789985656738 -0.03925259783864021 0.0 0.0 0.0 0.08582615852355957 0.9963101148605347
1638452046353701115 -0.6740630865097046 -0.03879944235086441 0.0 0.0 0.0 0.09198518097400665 0.9957603812217712
1638452046626701117 -0.6688264608383179 -0.03775206580758095 0.0 0.0 0.0 0.10481429100036621 0.9944918155670166
1638452046792701006 -0.6657094359397888 -0.03707752749323845 0.0 0.0 0.0 0.10686290264129639 0.9942737817764282
1638452046960700989 -0.6624177098274231 -0.03637247160077095 0.0 0.0 0.0 0.10263174772262573 0.9947194457054138
1638452047159701109 -0.658367931842804 -0.03558593615889549 0.0 0.0 0.0 0.08679621666669846 0.9962260723114014
1638452047324701071 -0.6551663875579834 -0.03509106487035751 0.0 0.0 0.0 0.06504520028829575 0.9978823065757751
1638452047476717949 -0.6517942547798157 -0.034731026738882065 0.0 0.0 0.0 0.04164488613605499 0.9991324543952942
1638452047714717865 -0.6505320072174072 -0.034639451652765274 0.0 0.0 0.0 0.03043285198509693 0.9995368123054504
163845204847718048 -0.6505067348480225 -0.034637924283742905 0.0 0.0 0.0 0.030365778133273125 0.9995388388633728
1638452048213717937 -0.6505320072174072 -0.03463946282863617 0.0 0.0 0.0 0.03042059764266014 0.9995371699333191
1638452048413717985 -0.6505320072174072 -0.03463946655392647 0.0 0.0 0.0 0.030505185946822166 0.9995346069335938
1638452048617717981 -0.6064565193167607 -0.04852903597498729 -0.2226550559359587 0.002634736671267119 -0.027410228415947327 0.025721783773697594 0.9992897913184297
1638452048851717949 -0.6064817667544552 -0.048530341602248464 -0.22265644643189847 0.00263040891333666 -0.02741064492566339 0.025879562338244996 0.9992857487137956
163845204916717911 -0.6064817667544552 -0.048530341602248464 -0.22265644643189847 0.002629538253070364 -0.027410728875512807 0.025911304987844712 0.9992849410506776
1638452049217717886 -0.6064817668213696 -0.04853034905233668 -0.22265644648537153 0.002628529537582684 -0.02741082537079406 0.02594807750148788 0.9992839777204204
1638452049416718006 -0.6064565193502178 -0.0485290397000314 -0.22265505596269522 0.0026261305630603665 -0.02741105516927464 0.026035532979224504 0.999281697813023
1638452049621717930 -0.6064817668213696 -0.04853034905233668 -0.22265644648537153 0.002628980387112867 -0.027410781427628393 0.025931638291324267 0.9992843789460862
1638452049821717978 -0.6064565193502178 -0.0485290397000314 -0.22265505596269522 0.0026242970840149975 -0.027411229793574673 0.026102368691326046 0.999279919113039
163845205026249170 -0.6064817667879123 -0.04853034532729257 -0.222656446458635 0.002624344459309298 -0.02741122543967742 0.02610064241879888 0.9992799707742477
1638452050226249218 -0.6064817666875408 -0.04853033415216025 -0.22265644637842538 0.0026351777032972844 -0.027410187372336327 0.025705711088216204 0.9992902538086614
1638452050359249115 -0.6064817665871693 -0.04853032297702793 -0.22265644629821577 0.002632049479054913 -0.02741048649524245 0.025819749290568496 0.999287261725796
1638452050558248997 -0.6064817665871693 -0.04853032297702793 -0.22265644629821577 0.002632525518774127 -0.027410441011796113 0.02580239560466001 0.9992877183378162
1638452050758249044 -0.6064817665871693 -0.04853032297702793 -0.22265644629821577 0.002630690516201583 -0.027410617483771223 0.025869294348610027 0.9992859995097405
16384520516249189 -0.6064817665537121 -0.048530319251983825 -0.22265644627147924 0.002624958045417206 -0.02741116747533174 0.026078277488039196 0.9992805831388462
1638452051205249071 -0.6064817665537121 -0.048530319251983825 -0.22265644627147924 0.0026305769896867335 -0.02741062857281462 0.02587343394185854 0.9992858993400267
1638452051412249088 -0.6064817665202551 -0.04853031552693973 -0.22265644624474273 0.0026306837487268106 -0.027410618342053345 0.025869541983867008 0.9992860006460808
1638452051679249048 -0.6064817665202551 -0.04853031552693973 -0.22265644624474268 0.0026318083313597116 -0.027410510460879233 0.02582854422869096 0.9992870637530318
1638452051849249125 -0.6064565190491034 -0.04852900617463445 -0.2226550557220664 0.002625718588347674 -0.027411094182158036 0.02605054968309989 0.9992812900598083
163845205249249172 -0.6064817665202551 -0.04853031552693973 -0.22265644624474273 0.00263736834686199 -0.0274099757230693 0.025625842436429926 0.9992922706168806
