1638451957674019814 4.0059698180189285e-13 -6.34927799225693e-09 0.0 0.0 0.0 0.00011141225695610046 1.0
1638451957811019897 1.3518222999331364e-13 3.2971194664033014e-09 0.0 0.0 0.0 -1.3183802366256714e-05 1.0
1638451957912019968 2.531068639653744e-05 6.63987620448168e-09 0.0 0.0 0.0 3.343448042869568e-05 1.0
163845195812019873 2.2137966373264595e-13 2.5847610719087293e-09 0.0 0.0 0.0 8.010119199752808e-05 1.0
1638451958111019850 -7.115965125091203e-14 4.9238044753185755e-09 0.0 0.0 0.0 0.0002793706953525543 0.9999999403953552
1638451958211019993 -1.9202931345746466e-12 1.2649144842733477e-08 0.0 0.0 0.0 -8.569657802581787e-05 1.0
1638451958311019897 -1.9202931345746466e-12 1.2649144842733477e-08 0.0 0.0 0.0 -0.00011063367128372192 1.0
1638451958410019875 -1.9202931345746466e-12 1.2649144842733477e-08 0.0 0.0 0.0 0.00010403245687484741 1.0
1638451958511019945 -1.9202931345746466e-12 1.2649144842733477e-08 0.0 0.0 0.0 0.000270061194896698 0.9999999403953552
1638451958612019777 2.5310684577548037e-05 1.1149279721742715e-08 0.0 0.0 0.0 4.5299530029296875e-05 1.0
1638451958712019920 2.5310684577548037e-05 1.1149279721742715e-08 0.0 0.0 0.0 0.00035388022661209106 0.9999999403953552
1638451958814019918 2.5310684577548037e-05 9.762184838344438e-09 0.0 0.0 0.0 4.531443119049072e-05 1.0
1638451958914019823 2.5310684577548037e-05 1.0893189461633738e-08 0.0 0.0 0.0 0.00013614818453788757 1.0
163845195914019966 -2.7006877094913617e-13 1.7473760217190197e-09 0.0 0.0 0.0 0.00014643371105194092 1.0
1638451959146019936 2.531068093956923e-05 1.722077946914922e-08 0.0 0.0 0.0 0.00017836689949035645 1.0
1638451959258019924 2.531068093956923e-05 1.836932206351392e-08 0.0 0.0 0.0 -9.767711162567139e-06 1.0
1638451959360019922 -5.5488053388175196e-12 1.7602181046136848e-08 0.0 0.0 0.0 7.20098614692688e-06 1.0
1638451959461019993 2.531068093956923e-05 2.2758598561332092e-08 0.0 0.0 0.0 0.00012900680303573608 1.0
1638451959560019970 0.00020248547662048144 1.836206031675445e-08 0.0 0.0 0.0 -0.00020063668489456177 1.0
1638451959665019989 0.0010883595095947246 -1.281973425192784e-07 0.0 0.0 0.0 -0.00010149553418159485 1.0
1638451959771848917 0.0020754763390868763 -4.901683041679728e-07 0.0 0.0 0.0 -0.00019269809126853943 1.0
1638451959872848988 0.00336632132530211 -1.1544746030266917e-06 0.0 0.0 0.0 -0.00025060027837753296 0.9999999403953552
1638451959972848892 0.005163379944860921 -1.9428459836489576e-06 0.0 0.0 0.0 -0.0002548396587371826 0.9999999403953552
163845196071848869 0.007086991798132644 -2.523447392377356e-06 0.0 0.0 0.0 -7.667765021324158e-05 1.0
1638451960172848940 0.009010603651404367 -3.29942918142472e-06 0.0 0.0 0.0 -0.00042126700282096863 0.9999999403953552
1638451960272848845 0.011364498175680623 -4.768349299410992e-06 0.0 0.0 0.0 -0.00037814676761627197 0.9999999403953552
1638451960373848915 0.014148673973977552 -5.998051165079168e-06 0.0 0.0 0.0 -0.0001706331968307495 1.0
1638451960474848986 0.017160644754767404 -7.530777111241995e-06 0.0 0.0 0.0 -0.00022706389427185059 1.0
1638451960574848890 0.02042572386562823 -8.706519111001334e-06 0.0 0.0 0.0 -1.9554048776626587e-05 1.0
1638451960673848867 0.0241210851818323 -9.540979590383294e-06 0.0 0.0 0.0 8.223205804824829e-05 1.0
1638451960773849010 0.02806955389678477 -1.0613956874294608e-05 0.0 0.0 0.0 -0.00031437352299690247 0.9999999403953552
1638451960872848988 0.029538998178576397 -4.049893364713556e-05 0.0 0.0 0.0 -0.000635069195381407 0.9999997819459717
1638451960972848892 0.028148344599341266 -0.00010209239512176588 0.0 0.0 0.0 -0.0010153015025129745 0.9999994751495188
163845196172849035 0.03212211300618582 -0.0001099396886976195 0.0 0.0 0.0 -0.0010208596348075644 0.9999994721106948
1638451961172848940 0.036121195206709394 -0.00011739285370884953 0.0 0.0 0.0 -0.00098651249249308 0.9999994908894706
1638451961258566618 0.039433734497795234 -0.00012314191438187358 0.0 0.0 0.0 -0.0006819719811753526 0.9999997589162116
1638451961370848894 0.0438662583650134 -0.00012993786570221193 0.0 0.0 0.0 -0.0009225157726086455 0.9999995854833539
1638451961473849058 0.04799189219085473 -0.00013765356083241152 0.0 0.0 0.0 -0.0009004210791507281 0.9999995975632903
1638451961572849035 0.05209221851777732 -0.00014341355491992002 0.0 0.0 0.0 -0.0006135067464137689 0.9999998140339756
1638451961673848867 0.05669875695234422 -0.00014850338354674192 0.0 0.0 0.0 -0.0005983746194830555 0.999999822307235
1638451961774848938 0.06193806070417043 -0.00015514355993764286 0.0 0.0 0.0 -0.0007838605210111567 0.9999997208956498
1638451961874848843 0.06753171314411015 -0.00016282347225960825 0.0 0.0 0.0 -0.0007834991679062135 0.9999997210932141
1638451961973849058 0.07345440474107626 -0.00017144587801350337 0.0 0.0 0.0 -0.0006473919819041106 0.9999997955077404
163845196273848963 0.07922523829267794 -0.00018027025701354606 0.0 0.0 0.0 -0.0007516479406148302 0.9999997385073864
1638451962173848867 0.08517323913160287 -0.0001892543188651671 0.0 0.0 0.0 -0.00033273165858317726 0.9999999675434688
1638451962273567915 0.09119717921812948 -0.00018197279166183217 0.0 0.0 0.0 0.0021090754537074546 0.9999977858896654
1638451962375567913 0.09722081760369962 -0.00012354478912428936 0.0 0.0 0.0 0.007172519241527599 0.9999742685979873
1638451962475568056 0.1030918569274905 -1.3926224033301129e-05 0.0 0.0 0.0 0.01144294665326685 0.999934522503485
1638451962578567982 0.10918929063193894 0.0001578418019903836 0.0 0.0 0.0 0.01658429162115886 0.9998624700103356
1638451962708316565 0.11680511547248594 0.00045328244156282455 0.0 0.0 0.0 0.022202762089126672 0.9997534714463369
1638451962778568029 0.12099890405013596 0.0006520669698411333 0.0 0.0 0.0 0.025197405884974267 0.9996825238819658
1638451962877568007 0.12681147133922752 0.0009730538960705113 0.0 0.0 0.0 0.02993346005668039 0.9995518968463039
1638451962978567839 0.13274707172632166 0.0013568155952412364 0.0 0.0 0.0 0.03455719380641738 0.9994027309585239
163845196378567982 0.1388302961078283 0.0018069788168029763 0.0 0.0 0.0 0.03929678713217459 0.9992275811815386
1638451963179568052 0.14465670947660028 0.002294140151490412 0.0 0.0 0.0 0.04404180947780348 0.9990296653950798
1638451963278568029 0.15062943887393543 0.0028507548712915077 0.0 0.0 0.0 0.04873737095779348 0.9988116357983563
1638451963378567934 0.15664682198438776 0.003470848409875538 0.0 0.0 0.0 0.053726398059709454 0.9985556792757778
1638451963481567860 0.16268266367648088 0.004155450117532272 0.0 0.0 0.0 0.05889940703757991 0.9982639413409639
1638451963581568003 0.16863600845489918 0.004890870505547168 0.0 0.0 0.0 0.06404535811958975 0.9979469758441499
1638451963682567835 0.17468155614752656 0.005703001413383637 0.0 0.0 0.0 0.06930448374591164 0.9975955611293076
1638451963783567905 0.18069331283167608 0.0065740731304201995 0.0 0.0 0.0 0.07438231475959936 0.9972298017821729
1638451963884567976 0.1872213409336785 0.007586429215074276 0.0 0.0 0.0 0.07915386071600357 0.9968623848620165
163845196417567873 0.20267542379031678 0.02389322381521619 0.0 0.0 0.0 0.08367804333810265 0.9964928412100605
1638451964118567944 0.20963216295398748 0.02510597668535349 0.0 0.0 0.0 0.08870088142275995 0.9960582796654112
1638451964219568014 0.2165014950221543 0.02637578538578974 0.0 0.0 0.0 0.0939735416583567 0.9955746696418971
1638451964322567940 0.22353101280518442 0.027751684857029668 0.0 0.0 0.0 0.09889004359628922 0.9950983413533027
1638451964423568010 0.23047228624646848 0.029181305757292005 0.0 0.0 0.0 0.1037872559868154 0.9945994909220196
1638451964522567987 0.23715215384507846 0.030623853105539806 0.0 0.0 0.0 0.10841172456445931 0.9941060570843471
1638451964622567892 0.24394462351885288 0.03214370062606272 0.0 0.0 0.0 0.11092475907541069 0.9938288181094822
1638451964712103128 0.25085567246042206 0.033713059114559664 0.0 0.0 0.0 0.11167742671260182 0.9937445046714083
1638451964813103199 0.25769187583330994 0.0352691161670373 0.0 0.0 0.0 0.11168400015480755 0.9937437472263672
1638451964913103104 0.2643820870027454 0.03678233991637277 0.0 0.0 0.0 0.11000000061940436 0.9939315702864668
163845196548103094 0.2734575035696857 0.03876282175602633 0.0 0.0 0.0 0.10390081214616494 0.9945876920335164
1638451965181103230 0.28260806047260373 0.04063227015991414 0.0 0.0 0.0 0.09678138231688835 0.9953056624400888
1638451965282103062 0.28942361755948964 0.04191409308543071 0.0 0.0 0.0 0.08826617762934856 0.9960969438460467
1638451965420103073 0.29899081829070556 0.04347452728059431 0.0 0.0 0.0 0.07279492900399823 0.9973469302434173
1638451965522103071 0.3059907199681779 0.04440482410875318 0.0 0.0 0.0 0.058926853513936076 0.9982623110738704
1638451965622103214 0.3128646212275108 0.04510560348939015 0.0 0.0 0.0 0.04208541330138618 0.9991140230503268
1638451965723103046 0.31978420700936666 0.04556398604163865 0.0 0.0 0.0 0.023406001554590664 0.9997260217137007
1638451965823103189 0.32676728382673786 0.04573767671767268 0.0 0.0 0.0 0.0015230859570344196 0.9999988441222631
1638451965925103188 0.33392802618705064 0.0455873492314648 0.0 0.0 0.0 -0.022371267192928108 0.9997497414290034
163845196625103092 0.3409462448085725 0.045092653868521904 0.0 0.0 0.0 -0.048873222613418525 0.9988049951205271
1638451966126103163 0.34802709116141456 0.044200978202170865 0.0 0.0 0.0 -0.07685329196432938 0.9970424278793409
1638451966226103067 0.3549701362568289 0.04291689741642754 0.0 0.0 0.0 -0.10590447295561556 0.9943763334974306
1638451966327103138 0.3620700053950537 0.0411608135117802 0.0 0.0 0.0 -0.13554802106526562 0.9907707871052133
1638451966427103043 0.3693905154602573 0.03887822925578773 0.0 0.0 0.0 -0.16461714792739982 0.9863575672946985
1638451966527103186 0.37680629760666723 0.03609376858947552 0.0 0.0 0.0 -0.19273853606728347 0.9812501376281115
1638451966628103018 0.4169588831797833 -0.0036065406767397737 0.0 0.0 0.0 -0.20303140270620104 0.979172226614758
1638451966761103153 0.42665073425976435 -0.0082676695658472 0.0 0.0 0.0 -0.24090291364965716 0.9705492161131243
1638451966879103184 0.43472796278093173 -0.012903122954149165 0.0 0.0 0.0 -0.27350093966106365 0.9618717202879224
1638451966979103088 0.44138364586437345 -0.017290944170865755 0.0 0.0 0.0 -0.3003176294600986 0.9538392640562479
1638451967113103151 0.4497353480160116 -0.02357425020848417 0.0 0.0 0.0 -0.3326571840339705 0.9430478065741309
1638451967212103128 0.45580615186653856 -0.028702575599423037 0.0 0.0 0.0 -0.35377755642464126 0.9353295821631045
1638451967319230080 0.46172304210726617 -0.034158308712936986 0.0 0.0 0.0 -0.37343138704465406 0.9276577954067213
1638451967453229904 0.4692921826716957 -0.04180034315302669 0.0 0.0 0.0 -0.3960722653369395 0.9182193658730136
1638451967586230040 0.47636644866952726 -0.04959819428062165 0.0 0.0 0.0 -0.41352083977711795 0.9104946460669988
1638451967686229944 0.4543020676132896 -0.04678537777785337 0.0 0.0 0.0 -0.4270441431727941 0.9042307850657677
1638451967788229942 0.45937131568841283 -0.053069667809305554 0.0 0.0 0.0 -0.4356164902062969 0.9001323628066279
1638451967887229919 0.46422506391771845 -0.05929879665683087 0.0 0.0 0.0 -0.44156871137660386 0.8972274069967957
163845196823230076 0.4708104581481841 -0.06793212382412303 0.0 0.0 0.0 -0.44467104749727165 0.8956939310749247
1638451968123229980 0.475649169985151 -0.07430060920850647 0.0 0.0 0.0 -0.4439366588125855 0.8960581830893196
1638451968222229958 0.4804495627161743 -0.08057100129310324 0.0 0.0 0.0 -0.4412379244176091 0.8973901631068573
1638451968323230028 0.48538102571166003 -0.08690002525955037 0.0 0.0 0.0 -0.43626870599084555 0.8998164511768185
1638451968422230005 0.4903978687351169 -0.09316155359338858 0.0 0.0 0.0 -0.42906714550518266 0.9032726044890894
1638451968522229910 0.49546460702176937 -0.09925155749311962 0.0 0.0 0.0 -0.41968333004917824 0.9076706034679971
1638451968622230053 0.5008212693747331 -0.10539370802099231 0.0 0.0 0.0 -0.4080654884606095 0.912952642761021
1638451968723229885 0.5062065236282106 -0.11123825183972225 0.0 0.0 0.0 -0.39442946136813906 0.9189262306241208
1638451968822230101 0.5117480479555053 -0.11689952541488229 0.0 0.0 0.0 -0.3811219284361596 0.9245247656633686
1638451968922230005 0.5174503315343948 -0.12239872543997128 0.0 0.0 0.0 -0.36734569146280927 0.9300844818748064
163845196923230076 0.5233856948617875 -0.12779724110220708 0.0 0.0 0.0 -0.35400313925593757 0.9352442178521028
1638451969123229980 0.5294021113769505 -0.13295090811983343 0.0 0.0 0.0 -0.3397479193468143 0.9405165369922591
1638451969225229979 0.5356469259538917 -0.1379881692409855 0.0 0.0 0.0 -0.32584764447839276 0.9454222968232145
1638451969325229883 0.5419995842117404 -0.1428054898691153 0.0 0.0 0.0 -0.31180668296918096 0.9501455820253394
1638451969427229881 0.548448318535265 -0.14740680550014454 0.0 0.0 0.0 -0.29799189849366137 0.9545683721983987
1638451969561229944 0.5573479587117021 -0.15331182338363122 0.0 0.0 0.0 -0.27930359474252786 0.9602028444607186
1638451969661230087 0.5641150735262636 -0.15747899079822336 0.0 0.0 0.0 -0.2651792281695893 0.9641991179365497
1638451969760957003 0.5710248749882608 -0.16145608408844586 0.0 0.0 0.0 -0.2510529876551634 0.9679733239686409
1638451969859956980 0.5780475936010658 -0.16523033496110237 0.0 0.0 0.0 -0.23709196851300549 0.9714872328012618
1638451969960957050 0.585220474829938 -0.16882508873514473 0.0 0.0 0.0 -0.22302761390657055 0.9748121545603131
163845197059957027 0.5852796459535636 -0.15841712053639137 0.0 0.0 0.0 -0.23428383478456066 0.9721682150428064
1638451970161957026 0.5925876539615453 -0.16202441391588962 0.0 0.0 0.0 -0.22000856971376878 0.9754979419166177
1638451970261956930 0.5998616908041566 -0.16534937092174654 0.0 0.0 0.0 -0.20562298309167729 0.9786312685930612
1638451970400000095 0.6101114219307286 -0.16960723566905697 0.0 0.0 0.0 -0.1857454521077397 0.9825978885920548
1638451970501956940 0.6176085330164984 -0.17242639745380955 0.0 0.0 0.0 -0.17157019622202901 0.9851719043527769
1638451970603956938 0.6252482302608825 -0.1750383020532514 0.0 0.0 0.0 -0.15656270297140895 0.9876680210791801
1638451970703957081 0.6328646127286192 -0.17739469515656045 0.0 0.0 0.0 -0.14202013860919244 0.9898637950407648
1638451970802556992 0.640387151731005 -0.17948768247818483 0.0 0.0 0.0 -0.1283712173407082 0.9917261963322365
1638451970906956911 0.6482371509686679 -0.18142794373219723 0.0 0.0 0.0 -0.11313545815537214 0.9935795485572105
16384519717956982 0.6560551039284113 -0.18311484898252417 0.0 0.0 0.0 -0.09886676763097454 0.9951006719779335
1638451971107957125 0.6638933274558158 -0.1845725206494233 0.0 0.0 0.0 -0.08465237542414457 0.9964105707426197
1638451971207957029 0.6716946559472616 -0.18579598442959974 0.0 0.0 0.0 -0.07026949881056761 0.9975280224482739
1638451971307956934 0.6796294915600567 -0.18679876193040956 0.0 0.0 0.0 -0.05579618722981464 0.998442185815716
1638451971409956932 0.6876654173777568 -0.18758011721166867 0.0 0.0 0.0 -0.04123902891365851 0.99914933470781
1638451971510957003 0.6957712929023864 -0.188129689630188 0.0 0.0 0.0 -0.02654883651307421 0.9996475175775456
1638451971612957001 0.7038393062195355 -0.1884367992516872 0.0 0.0 0.0 -0.011620370618555287 0.9999325077480898
1638451971712956905 0.7118622562094135 -0.18850749539281392 0.0 0.0 0.0 0.0027226872449826224 0.9999962826875176
1638451971844957113 0.7206853424114316 -0.19194036815122495 0.0 0.0 0.0 0.025381017526216187 0.999677870265157
1638451971977957010 0.731162987336515 -0.1912070921686482 0.0 0.0 0.0 0.045017022113385305 0.9989862233548693
1638451972109956980 0.7417550745713551 -0.1900484563388914 0.0 0.0 0.0 0.0640137628112581 0.9979490181990112
1638451972222956896 0.7507459310417085 -0.18873572856206924 0.0 0.0 0.0 0.08041112732259131 0.9967618100045554
1638451972333743811 0.7588418977373997 -0.18728095390858004 0.0 0.0 0.0 0.09708029407525616 0.9952765398775648
1638451972434743881 0.7667657111936264 -0.18560495155812853 0.0 0.0 0.0 0.11129280371202423 0.9937876409299946
1638451972534743786 0.7745158204058353 -0.1837345902798257 0.0 0.0 0.0 0.12536424476250704 0.9921107794916108
1638451972633744001 0.7819905265306951 -0.1817068992163501 0.0 0.0 0.0 0.13941976285000973 0.9902333975757509
1638451972733743906 0.7895245495713926 -0.17942721857212912 0.0 0.0 0.0 0.15347309731852976 0.9881528462345781
1638451972832743883 0.7969417532515441 -0.17694745276187537 0.0 0.0 0.0 0.16775339628565664 0.985828991731621
1638451972931743860 0.804309485789704 -0.1742497966722738 0.0 0.0 0.0 0.1815376097836841 0.9833839855995132
163845197363743830 0.8139296047333523 -0.17035977177558828 0.0 0.0 0.0 0.20041219498075133 0.9797116891510242
1638451973164743900 0.8212851334868009 -0.16709253921045433 0.0 0.0 0.0 0.21472827852843246 0.976673826459366
1638451973334743977 0.8334525140125482 -0.16115174072435676 0.0 0.0 0.0 0.23525933291713788 0.9719326178688331
1638451973469743967 0.8429125871055925 -0.15613885040495612 0.0 0.0 0.0 0.24661096236077593 0.9691145595461143
1638451973569743872 0.8499533183930122 -0.15223879778216903 0.0 0.0 0.0 0.25320831445660374 0.9674117661658252
1638451973669744015 0.8549129634903707 -0.16895462889349278 0.0 0.0 0.0 0.26539464229595777 0.9641398712561741
1638451973770743847 0.8618923648359212 -0.16479535058044023 0.0 0.0 0.0 0.2650682099596626 0.9642296532624641
1638451973871743917 0.8688411739553967 -0.1606837147469783 0.0 0.0 0.0 0.26247017329260924 0.9649401199906221
1638451973972743988 0.8758217191045464 -0.15662627459336032 0.0 0.0 0.0 0.2578737416795679 0.9661786130918976
163845197473743820 0.8827735446963744 -0.1526711398674917 0.0 0.0 0.0 0.253384969173063 0.9673655208608211
1638451974207743883 0.8920964477304362 -0.14751092830608828 0.0 0.0 0.0 0.2470947717220162 0.9689913252196806
1638451974306743860 0.8990252432678173 -0.1437755217404546 0.0 0.0 0.0 0.2424647912371656 0.9701602124051967
1638451974410743952 0.9063037760232582 -0.13994286352496133 0.0 0.0 0.0 0.2376150204188782 0.9713594270119791
1638451974509743929 0.9131904877599706 -0.13639897562028427 0.0 0.0 0.0 0.2328694353975333 0.9725080050723299
1638451974608743906 0.9203374465440053 -0.13280843453063773 0.0 0.0 0.0 0.22843528808173982 0.973559091011815
1638451974708743811 0.9274084551774459 -0.1293497267753819 0.0 0.0 0.0 0.22243924755837854 0.9749465330086892
1638451974810689926 0.9347568250859222 -0.12588399910987677 0.0 0.0 0.0 0.21451555330607674 0.9767205993934404
1638451974909689903 0.9420060222217822 -0.12262651991109197 0.0 0.0 0.0 0.20402865676070642 0.9789649149811812
16384519759690046 0.9493365282405422 -0.11955680148489672 0.0 0.0 0.0 0.1892531133588506 0.9819283443133967
1638451975109689951 0.9567893275881417 -0.11672560846588212 0.0 0.0 0.0 0.17134088387555443 0.9852117865690978
1638451975208689928 0.9642489762607125 -0.11421384238640594 0.0 0.0 0.0 0.1522700099672022 0.9883389236069846
1638451975309689999 0.9719945471517936 -0.11193580971216305 0.0 0.0 0.0 0.13264285345058588 0.9911639161892188
1638451975409689903 0.9796278295255095 -0.11001517214531199 0.0 0.0 0.0 0.11362367884235065 0.9935238346512372
1638451975509690046 0.9873285981736613 -0.10838611794023906 0.0 0.0 0.0 0.09445592478004042 0.9955290151811574
1638451975608690023 0.9950609490704955 -0.10705642130821941 0.0 0.0 0.0 0.07566010913461213 0.9971336392327305
1638451975708689928 1.002939184435107 -0.10601199457393315 0.0 0.0 0.0 0.05604825746949219 0.998428064169756
1638451975806689978 1.0107764184683456 -0.10528271007136385 0.0 0.0 0.0 0.03638817214800092 0.9993377324502518
1638451975908689976 1.0187876993342884 -0.10484961539213698 0.0 0.0 0.0 0.017269751465802632 0.9998508382705306
16384519768689880 1.026733965382155 -0.10472907703121383 0.0 0.0 0.0 -0.0018545228091785297 0.9999982609927643
1638451976109689951 1.0347042829456101 -0.10491518408996961 0.0 0.0 0.0 -0.021521005984621745 0.9997683975392223
1638451976209689856 1.0648851884322943 -0.10367629728763982 0.0 0.0 0.0 -0.029401320955861614 0.9995677150018589
1638451976305024624 1.0724375923190232 -0.10426759298576789 0.0 0.0 0.0 -0.0487212289102406 0.998812433405413
1638451976409689903 1.0807243995621056 -0.10524224635653585 0.0 0.0 0.0 -0.06868511734894764 0.9976383643522888
1638451976509690046 1.0886487268426632 -0.1064972367360307 0.0 0.0 0.0 -0.08824226819980001 0.9960990607080551
1638451976610689878 1.0965176854003025 -0.10806246179554824 0.0 0.0 0.0 -0.10760398811593798 0.9941938374100158
1638451976711689949 1.1043919959745314 -0.10995674603829958 0.0 0.0 0.0 -0.12805602052174483 0.9917669562980406
1638451976812690020 1.1120875673798494 -0.11213415581409772 0.0 0.0 0.0 -0.14721861342352494 0.9891039731239447
1638451976978689909 1.124498521774132 -0.1163540632553765 0.0 0.0 0.0 -0.17883521030718835 0.9838790530061338
163845197778690052 1.1318129339182543 -0.11926195861074393 0.0 0.0 0.0 -0.1973567145294793 0.9803317382190667
1638451977211689949 1.1414368010682652 -0.12359282971512789 0.0 0.0 0.0 -0.22251239686544683 0.9749298427318435
1638451977329718113 1.1507566164087137 -0.12838050361351705 0.0 0.0 0.0 -0.24718833469758272 0.9689674585441735
1638451977466717958 1.160187416902374 -0.13386123624620042 0.0 0.0 0.0 -0.2729102517388033 0.9620394775705066
1638451977565717936 1.1668273402776852 -0.1381353117023704 0.0 0.0 0.0 -0.2912242700837705 0.9566548193334588
1638451977664717913 1.1752979433821462 -0.14226045166207166 0.0 0.0 0.0 -0.30849233425637734 0.9512268068481461
1638451977811717987 1.189063747916797 -0.1482109599989732 0.0 0.0 0.0 -0.3327233974049545 0.9430244612398004
1638451977911718130 1.1952476483981738 -0.15340170487342747 0.0 0.0 0.0 -0.3516685539436154 0.9361245537557324
163845197812717962 1.2012044839212326 -0.15881381847760442 0.0 0.0 0.0 -0.36961970616594536 0.9291831143810719
1638451978111717939 1.2068929176455592 -0.16439974209048733 0.0 0.0 0.0 -0.38747058128527145 0.9218820727544426
1638451978279717922 1.2159492789064021 -0.17425860561120482 0.0 0.0 0.0 -0.41688159218355164 0.9089607758614189
1638451978413717985 1.222681177564546 -0.1825170652166533 0.0 0.0 0.0 -0.44104673377517 0.8974841544327148
1638451978513718128 1.2273743856522237 -0.1888360476827688 0.0 0.0 0.0 -0.45785404186366 0.8890273863938487
1638451978613718033 1.2318474962628394 -0.19537403441714074 0.0 0.0 0.0 -0.474972469579944 0.8800006761372247
1638451978712718010 1.2360638591058257 -0.2020805872612681 0.0 0.0 0.0 -0.49188846406664194 0.8706582406053485
1638451978877717972 1.2424890894319383 -0.21356475641820835 0.0 0.0 0.0 -0.5201067953168648 0.8541011981288097
1638451978977718115 1.2459691786040419 -0.22062479702812687 0.0 0.0 0.0 -0.5362250730792771 0.8440750376428162
1638451979110718012 1.224074644251624 -0.21332728006608961 0.0 0.0 0.0 -0.5568649818874533 0.8306030188493818
1638451979203661680 1.226770702815488 -0.22027746157005829 0.0 0.0 0.0 -0.5723675294780748 0.8199971993612373
1638451979309718132 1.2296109404171969 -0.2285195388812628 0.0 0.0 0.0 -0.5893770698845007 0.8078580802514178
1638451979409718037 1.2321583590853198 -0.2370299563067821 0.0 0.0 0.0 -0.6054541475197561 0.7958801843034589
1638451979511718035 1.2345115298349656 -0.2462245778896108 0.0 0.0 0.0 -0.6207949942617514 0.7839729343879211
1638451979611717939 1.2365757821224967 -0.25585104066964204 0.0 0.0 0.0 -0.6360807307104451 0.7716225083267341
1638451979711718082 1.2383100854679456 -0.2657481039981153 0.0 0.0 0.0 -0.6501181215248714 0.7598331260957034
1638451979810249090 1.2396855999750076 -0.2755481446124327 0.0 0.0 0.0 -0.6621915729371796 0.7493345844334783
1638451979910248995 1.2407679524113537 -0.2853595637338005 0.0 0.0 0.0 -0.6716035483029908 0.7409107305273352
163845198011249065 1.2416376075020226 -0.29531919376891685 0.0 0.0 0.0 -0.6794489151562012 0.733722848347842
1638451980111248970 1.24230609279832 -0.3053451276855959 0.0 0.0 0.0 -0.686690161937083 0.7269501945525647
1638451980213248968 1.2427882125931384 -0.31553377982813124 0.0 0.0 0.0 -0.6935990194567032 0.7203612860504442
1638451980365248919 1.2431462802786795 -0.33074077375700306 0.0 0.0 0.0 -0.7040059402812336 0.7101941037822768
1638451980465249062 1.243140886516435 -0.3406624238332839 0.0 0.0 0.0 -0.7106058819169203 0.7035903209800426
1638451980563248873 1.2429523887112834 -0.3503797662519541 0.0 0.0 0.0 -0.7174824127732422 0.696576652729015
1638451980729249001 1.242207558922099 -0.3668901605422885 0.0 0.0 0.0 -0.7284305004151118 0.6851197120217885
1638451980862248898 1.2420006934683525 -0.3835591664766823 0.0 0.0 0.0 -0.7373386397257036 0.6755233005307963
1638451980962249041 1.2448546990295384 -0.4146783913990229 0.0 0.0 0.0 -0.7505068302683205 0.6608626759425229
163845198163248873 1.2435280929932657 -0.42471534702783453 0.0 0.0 0.0 -0.7533107586042184 0.6576647893125527
1638451981164248943 1.2421400449831312 -0.43476959296336154 0.0 0.0 0.0 -0.7542514624629081 0.656585685620792
1638451981265249014 1.2407683050961742 -0.4446216158899716 0.0 0.0 0.0 -0.7543761315170063 0.6564423982749703
1638451981364248991 1.2394089152362384 -0.4543220687544987 0.0 0.0 0.0 -0.7547244310043395 0.6560418981374713
1638451981530248880 1.2370981998159256 -0.4706875587997979 0.0 0.0 0.0 -0.7550219104283481 0.6556995845150249
1638451981670248985 1.2351461518582025 -0.48449641857296055 0.0 0.0 0.0 -0.75505077166283 0.6556663438458767
1638451981770248890 1.233766836332766 -0.49424521419924916 0.0 0.0 0.0 -0.7550122700924181 0.6557106250298046
1638451981909249067 1.2318586442072288 -0.5079324551406775 0.0 0.0 0.0 -0.7533590791555925 0.6576093481515908
163845198211249065 1.2305231224092874 -0.5180448155117556 0.0 0.0 0.0 -0.7503718637093522 0.6610159318485679
1638451982110249043 1.229334732086563 -0.5278950924615272 0.0 0.0 0.0 -0.7458551335244514 0.6661081556178072
1638451982276092052 1.2277191044930746 -0.5446481936929559 0.0 0.0 0.0 -0.7341616754209347 0.6789747053803282
1638451982389091969 1.2270199479338266 -0.5558893049608303 0.0 0.0 0.0 -0.7229483152813998 0.6909020995641102
1638451982523092031 1.226670304750409 -0.5691973704680566 0.0 0.0 0.0 -0.7093401196546933 0.7048664169814666
1638451982623091936 1.2267470541744878 -0.579017373082808 0.0 0.0 0.0 -0.6992692649927104 0.7148583790878368
1638451982723091841 1.2271134296545543 -0.5889826777816077 0.0 0.0 0.0 -0.6887456307743572 0.7250030932416813
1638451982855092049 1.2280714397673058 -0.6019813404176168 0.0 0.0 0.0 -0.6717985552661159 0.7407339321983628
1638451982957092047 1.22923109082534 -0.6118855306552241 0.0 0.0 0.0 -0.6576741148613574 0.753302561266427
163845198357091951 1.2307531387617536 -0.621663669120113 0.0 0.0 0.0 -0.6433412412527288 0.7655795414979528
1638451983156091928 1.2326150160575127 -0.6312024426514707 0.0 0.0 0.0 -0.6285616722462503 0.7777597598728018
1638451983321091890 1.236585694745488 -0.6471913675679023 0.0 0.0 0.0 -0.6028503578245819 0.7978542659332424
1638451983421092033 1.2394624400064063 -0.6566334737366673 0.0 0.0 0.0 -0.5876812502336298 0.8090925660544463
1638451983521091938 1.2427235268718275 -0.6660301760543821 0.0 0.0 0.0 -0.5718498540341312 0.8203583276394805
1638451983688091993 1.2352102057693817 -0.6943438986705299 0.0 0.0 0.0 -0.5676822512288526 0.8232477917743828
1638451983820091963 1.2401359157460627 -0.7065754761476002 0.0 0.0 0.0 -0.5519044008628501 0.833907365710481
1638451983920091867 1.2441145557390179 -0.7155813105694302 0.0 0.0 0.0 -0.5398339871148116 0.8417714748920286
163845198486091995 1.2513852044696852 -0.7304787096336116 0.0 0.0 0.0 -0.5199017096243815 0.8542260735820384
1638451984219091892 1.2576257224493121 -0.7419794943604332 0.0 0.0 0.0 -0.5029123121203817 0.8643374395923428
1638451984354091883 1.264495132201717 -0.753530402277725 0.0 0.0 0.0 -0.4860155979968544 0.8739501662677772
1638451984521091938 1.2734949810115408 -0.767391911203853 0.0 0.0 0.0 -0.4694567136911343 0.8829554704989124
1638451984686091900 1.2828974024081798 -0.780860713527592 0.0 0.0 0.0 -0.4554092797832943 0.890282174306627
1638451984834897995 1.2909453440218213 -0.791782044342616 0.0 0.0 0.0 -0.4473184779983325 0.8943747272719285
1638451984933897972 1.2969116329585142 -0.7996778754968572 0.0 0.0 0.0 -0.4441627500578555 0.8959461252594918
163845198534898043 1.3030414591655477 -0.8077037526042692 0.0 0.0 0.0 -0.44293209837134817 0.8965551542881824
1638451985166898012 1.3110676750481014 -0.8181986479180093 0.0 0.0 0.0 -0.44284744278864796 0.89659699457423
1638451985265897989 1.3171009368240127 -0.8260752938691531 0.0 0.0 0.0 -0.44255330802740256 0.8967421887372179
1638451985368897915 1.3233692338860845 -0.8342501857448914 0.0 0.0 0.0 -0.442450953912879 0.8967927025913875
1638451985469897985 1.3295011086647008 -0.8422425064034067 0.0 0.0 0.0 -0.4421428876108772 0.8969446271674923
1638451985569897890 1.3355556644883626 -0.8501347870721572 0.0 0.0 0.0 -0.44295930600940275 0.8965417099612903
1638451985736897945 1.345538010403564 -0.8633391778053503 0.0 0.0 0.0 -0.4490194165042524 0.893521983916243
1638451985835897923 1.3514205198216531 -0.8713603541399999 0.0 0.0 0.0 -0.4554896616899734 0.8902410974597275
1638451985969897985 1.3590827422165577 -0.8822782476850912 0.0 0.0 0.0 -0.46773758932250165 0.8838674008172335
163845198672897911 1.3646683578479457 -0.8907220427120379 0.0 0.0 0.0 -0.47955127981163354 0.877513876782414
1638451986171897888 1.369871116441183 -0.89911032445561 0.0 0.0 0.0 -0.4928272847650847 0.8701271734574487
1638451986273897886 1.3749667940911812 -0.9079751296014034 0.0 0.0 0.0 -0.5089656170830346 0.860786818110065
1638451986372898102 1.379524431313299 -0.916673356910457 0.0 0.0 0.0 -0.5266615833191088 0.8500750246904358
1638451986506897926 1.3767466926078946 -0.9241382512569843 0.0 0.0 0.0 -0.5374732790110576 0.8432807809865565
1638451986640897989 1.3819530947793588 -0.9364160478778635 0.0 0.0 0.0 -0.5671177409493958 0.8236367577837134
1638451986773897886 1.3861687986786413 -0.9489077504530243 0.0 0.0 0.0 -0.5984707491870538 0.80114463846392
1638451986876898050 1.3887636383782298 -0.9588492849820516 0.0 0.0 0.0 -0.6241782105420021 0.7812819929745081
1638451986976897955 1.3906633918496856 -0.968611744862327 0.0 0.0 0.0 -0.6486096524526407 0.7611212494018493
163845198776898098 1.3919154208477622 -0.9785035525321436 0.0 0.0 0.0 -0.6737752882390935 0.7389362791973818
1638451987177897930 1.3924984024535738 -0.9885838449209723 0.0 0.0 0.0 -0.6984802873869359 0.7156293069232682
1638451987269570112 1.3924095593840518 -0.9986049027307792 0.0 0.0 0.0 -0.7217566290372572 0.6921469468292054
1638451987434570074 1.3973850838971522 -1.033672162310445 0.0 0.0 0.0 -0.7525819693799214 0.6584985749219882
1638451987570569992 1.3987496742166279 -1.0578771374905998 0.0 0.0 0.0 -0.7780501594431983 0.6282021639049973
1638451987681570053 1.3959880881787723 -1.0686636658030526 0.0 0.0 0.0 -0.8011992155268433 0.5983977191471709
1638451987815570116 1.3917306142907877 -1.0811674783980114 0.0 0.0 0.0 -0.8247311426117249 0.5655249872914764
1638451987915570021 1.3878562613405678 -1.0903825733544927 0.0 0.0 0.0 -0.8409297026359625 0.5411443333250265
163845198818569946 1.3833558489643338 -1.099534712799717 0.0 0.0 0.0 -0.8562447193738628 0.5165704155886641
1638451988120569944 1.3783816240800097 -1.108380568755133 0.0 0.0 0.0 -0.8694101295711939 0.4940911591884038
1638451988287570000 1.3738875757997888 -1.10272368080258 0.0 0.0 0.0 -0.887253250697368 0.46128261453349745
1638451988421570063 1.3679203414218994 -1.1047673090832573 0.0 0.0 0.0 -0.9010866033098475 0.433639177478134
1638451988555569887 1.3591904678011466 -1.1149829700997669 0.0 0.0 0.0 -0.9149793986831658 0.40350050809349297
1638451988654570103 1.3522689788489717 -1.122196228780552 0.0 0.0 0.0 -0.9245811310461053 0.3809851624466882
1638451988788569927 1.3425176980223203 -1.131257123809544 0.0 0.0 0.0 -0.9366528570593421 0.35025914468727665
1638451988922569990 1.3323664913447013 -1.1395919889634913 0.0 0.0 0.0 -0.9461085604827958 0.32384971792061235
163845198921569967 1.3245342335798687 -1.1454311776603068 0.0 0.0 0.0 -0.9520756743715719 0.30586252065880426
1638451989123569965 1.3161893811778245 -1.1511627410363854 0.0 0.0 0.0 -0.9579219394776222 0.2870288267414268
1638451989223570108 1.3077752658827095 -1.15646721644629 0.0 0.0 0.0 -0.9633256542566423 0.2683349773776113
1638451989323570013 1.299178920339117 -1.1614711916159566 0.0 0.0 0.0 -0.9675868620482894 0.2525384477790273
1638451989422569990 1.290610944292009 -1.1661125118821525 0.0 0.0 0.0 -0.971159606509071 0.23843027449363896
1638451989524569988 1.2859193042508115 -1.1344006802383553 0.0 0.0 0.0 -0.9745547764232825 0.22414955688224697
1638451989624569893 1.2769443114893124 -1.1386300716632882 0.0 0.0 0.0 -0.9771040801695252 0.21276174302939682
1638451989725569963 1.2676971174994796 -1.1427516559089779 0.0 0.0 0.0 -0.9790849921730752 0.20345167406619194
1638451989874269009 1.2550886066034337 -1.1480265837457408 0.0 0.0 0.0 -0.9817102490456074 0.19038127746603256
1638451989974268913 1.2457620392053033 -1.1516976380568635 0.0 0.0 0.0 -0.9831836017059206 0.18261978545051827
163845199073268890 1.2364825510418567 -1.1552096419377218 0.0 0.0 0.0 -0.9839578628209018 0.17840086720325474
1638451990173269033 1.2270673038449305 -1.1587198466156834 0.0 0.0 0.0 -0.9842096876556442 0.17700650245851265
1638451990272269011 1.2177692968096683 -1.1621822670069326 0.0 0.0 0.0 -0.9841911200243816 0.17710962928793877
1638451990410269022 1.2049371838821648 -1.1669608527434263 0.0 0.0 0.0 -0.9841790619827064 0.17717673564282632
1638451990509268999 1.195638535718102 -1.1704216209988598 0.0 0.0 0.0 -0.9841572074310876 0.17729804365256976
1638451990608268976 1.1864816331532428 -1.1738279768772464 0.0 0.0 0.0 -0.9841666851125217 0.17724537263073228
1638451990706866741 1.1772654134535048 -1.1772531516931724 0.0 0.0 0.0 -0.9841906585335591 0.17711221275194453
1638451990776268959 1.17085107693761 -1.1796500539357135 0.0 0.0 0.0 -0.9839400793500144 0.1784989229132797
1638451990877269030 1.161383139069219 -1.18323562639708 0.0 0.0 0.0 -0.9832234119861475 0.1824052971977282
163845199111269093 1.1489637437398792 -1.1881013889791565 0.0 0.0 0.0 -0.9820460447068392 0.1886414643623799
1638451991178268909 1.13371257583269 -1.194403771795836 0.0 0.0 0.0 -0.9795143671365693 0.20137436686583737
1638451991278269053 1.1246088687953653 -1.1984121045361162 0.0 0.0 0.0 -0.9774889990175823 0.21098647301392198
1638451991379268885 1.115527201504785 -1.2026523826030375 0.0 0.0 0.0 -0.9748222844645277 0.22298311575219865
1638451991480268955 1.106587638760809 -1.2071281431514582 0.0 0.0 0.0 -0.9713575153223576 0.23762287275101726
1638451991580269098 1.0978401977896524 -1.2118631904288806 0.0 0.0 0.0 -0.9672021372045007 0.2540078495204429
1638451991680269003 1.089339008359865 -1.2168790704513053 0.0 0.0 0.0 -0.9620326875670829 0.27293418948987835
1638451991780268908 1.0809465478294842 -1.2223110538683186 0.0 0.0 0.0 -0.9558343172554699 0.293906137121939
1638451991915268898 1.0699574142423862 -1.2303058214882578 0.0 0.0 0.0 -0.9457766375529061 0.3248177555991773
163845199213268948 1.0622148942481724 -1.2366297006006004 0.0 0.0 0.0 -0.9376743219721096 0.34751529303251627
1638451992114269018 1.0548455743181249 -1.2432718691140912 0.0 0.0 0.0 -0.9288979334889484 0.3703358954350961
1638451992218268871 1.0475412851262467 -1.2505346543760394 0.0 0.0 0.0 -0.9198099894877334 0.39236410335492533
1638451992304942846 1.0244904014783467 -1.2247443298275564 0.0 0.0 0.0 -0.9272576036591739 0.3744239472016587
1638451992407943010 1.0173560732423288 -1.2319622709790576 0.0 0.0 0.0 -0.9181439601509408 0.39624697760965544
1638451992506942987 1.0107915706899973 -1.2392653550736024 0.0 0.0 0.0 -0.9084778802233543 0.4179330015879924
1638451992605885506 1.0046795079232491 -1.2467547948100222 0.0 0.0 0.0 -0.8983953052875966 0.4391877060446099
1638451992708942890 0.9983849432430474 -1.2552586393533145 0.0 0.0 0.0 -0.8875382187308376 0.46073416679663337
1638451992807942867 0.992380893836043 -1.264243992624154 0.0 0.0 0.0 -0.8762857020045554 0.4817918273943115
1638451992911942959 0.9863061740396316 -1.2743824396931438 0.0 0.0 0.0 -0.8637842959294137 0.5038617933220116
163845199312943029 0.9807016089964734 -1.2849316648034397 0.0 0.0 0.0 -0.8507177494351411 0.5256227757196502
1638451993177942991 0.9721767572664952 -1.3038764369986102 0.0 0.0 0.0 -0.8286613658879085 0.5597502341726892
1638451993311942816 0.9662945372772906 -1.319994439219405 0.0 0.0 0.0 -0.8097363483891556 0.5867939324425867
1638451993411942959 0.9625421749024848 -1.3323972593261473 0.0 0.0 0.0 -0.795501942710503 0.6059510156415734
1638451993511942863 0.9854803583116676 -1.306574930160007 0.0 0.0 0.0 -0.7682836088297118 0.6401096367105199
1638451993610942841 0.9833556468334059 -1.3198449001837118 0.0 0.0 0.0 -0.7532061243651389 0.6577845875654927
1638451993709942818 0.9818329732581424 -1.3334775367733274 0.0 0.0 0.0 -0.7376001183372951 0.6752377575921074
1638451993809942961 0.9809209191541431 -1.3473165927076534 0.0 0.0 0.0 -0.7218281233582869 0.6920723602038147
1638451993910943031 0.9806527400170882 -1.3614616789035345 0.0 0.0 0.0 -0.7056920113849354 0.7085187230357229
163845199410942936 0.9809868451013145 -1.3754790012762688 0.0 0.0 0.0 -0.6909317080482958 0.7229200419730876
1638451994110942841 0.9818858110757522 -1.389547637789549 0.0 0.0 0.0 -0.6768696163798824 0.7361029070545018
1638451994209942818 0.9833031134318649 -1.4033191769321758 0.0 0.0 0.0 -0.6628582070403236 0.7487449008303723
1638451994375942945 0.9868004433685037 -1.4260558048017393 0.0 0.0 0.0 -0.6400878214823128 0.768301729879053
1638451994475942850 0.9895283608102536 -1.4397837471419186 0.0 0.0 0.0 -0.6286265966249258 0.7777072681890372
1638451994576942921 0.9926903130469867 -1.453548206744601 0.0 0.0 0.0 -0.6170419223274015 0.7869303256480442
1638451994677942991 0.9933776804740212 -1.4692305854426038 0.0 0.0 0.0 -0.6004078475187103 0.7996939217378922
1638451994780942917 0.994780073337817 -1.4846839299838595 0.0 0.0 0.0 -0.5832253144181679 0.8123104065762541
1638451994862682104 0.9978175464437656 -1.4934354619785934 0.0 0.0 0.0 -0.5763101593292551 0.8172310604858548
1638451994961682081 1.0025828090423492 -1.5063263580151947 0.0 0.0 0.0 -0.5672561534935673 0.8235414124530164
163845199562682152 1.0077292799529776 -1.5194513458902492 0.0 0.0 0.0 -0.5598203911491527 0.8286139974584986
1638451995163681984 1.013153577704071 -1.5325460115202925 0.0 0.0 0.0 -0.5514416596888692 0.834213469666953
1638451995266682148 1.0189407696667108 -1.5457889226446355 0.0 0.0 0.0 -0.5436911855998343 0.8392853316264138
1638451995368682146 1.02488266012512 -1.5587964586075571 0.0 0.0 0.0 -0.5376667906207256 0.8431574059359003
1638451995468682051 1.0308841086169134 -1.5715252949572147 0.0 0.0 0.0 -0.5334688779399543 0.8458197282770393
1638451995570682049 1.0370471708526023 -1.5842893260432331 0.0 0.0 0.0 -0.5295854907535185 0.8482565725747627
1638451995673681974 1.0434415152470755 -1.5972219075883283 0.0 0.0 0.0 -0.525615832934199 0.8507220184156586
1638451995773682117 1.0497471239588505 -1.6096894777909503 0.0 0.0 0.0 -0.5217293043219042 0.8531111101945847
1638451995875682116 1.0562535591817144 -1.6222532925674191 0.0 0.0 0.0 -0.5176061615712909 0.8556189721135439
1638451995976681948 1.062807031629736 -1.6346209736755326 0.0 0.0 0.0 -0.513644903389109 0.8580028429313018
163845199675681925 1.0693577211328762 -1.6467318897067231 0.0 0.0 0.0 -0.5106191362943016 0.8598069951844001
1638451996179682016 1.0762584986650456 -1.6593150215888581 0.0 0.0 0.0 -0.5087697350331106 0.8609026573208732
1638451996304732323 1.0847011126008341 -1.674655897718899 0.0 0.0 0.0 -0.50898679821616 0.8607743042788497
1638451996414682150 1.0921205531192049 -1.6881719387487952 0.0 0.0 0.0 -0.5098404454666547 0.8602689665912951
1638451996516682148 1.0989271455404677 -1.7006912363690283 0.0 0.0 0.0 -0.5124844348567636 0.858696536986892
1638451996615682125 1.1054661026452663 -1.7129806788806616 0.0 0.0 0.0 -0.5173820163603058 0.8557545269593885
1638451996706811666 1.1112779374578554 -1.724262844743379 0.0 0.0 0.0 -0.5239508220153983 0.8517485208557994
1638451996815681934 1.1180040871706651 -1.7379509294853255 0.0 0.0 0.0 -0.533972377081603 0.8455019273522842
1638451996915682077 1.1238506122336838 -1.750667898158313 0.0 0.0 0.0 -0.5453911207181773 0.8381816713480056
163845199718682003 1.1294534064643094 -1.7638522605144962 0.0 0.0 0.0 -0.558224904297638 0.8296897043337695
1638451997119682074 1.1345931327892231 -1.7770068514347865 0.0 0.0 0.0 -0.5699743352668505 0.821662468698223
1638451997219681978 1.139323269585279 -1.7902065867108325 0.0 0.0 0.0 -0.5816345315102853 0.8134502021877128
1638451997318695068 1.1436041968838526 -1.803319368935482 0.0 0.0 0.0 -0.5928282375570904 0.8053289268430824
1638451997424695015 1.1477446234919213 -1.8173767518708714 0.0 0.0 0.0 -0.6047742752309488 0.7963969159510731
1638451997524695158 1.1512908226314253 -1.8308380271929057 0.0 0.0 0.0 -0.6158819128445953 0.787838490122392
1638451997625694990 1.1544891244014128 -1.844542103170845 0.0 0.0 0.0 -0.6271600044884096 0.7788904387572143
1638451997724695206 1.1725428416159698 -1.8871996213515954 0.0 0.0 0.0 -0.6313150084188893 0.7755265232162031
1638451997824695110 1.1905544110259285 -1.9299089183851967 0.0 0.0 0.0 -0.6352827863049365 0.7722795613245423
1638451997923695087 1.1930006177352455 -1.9434069528370863 0.0 0.0 0.0 -0.6463452601637367 0.7630451121690495
163845199822695065 1.1950408155990508 -1.9568699141712904 0.0 0.0 0.0 -0.6571444511604357 0.7537646281800787
1638451998122695208 1.196764414000014 -1.9708362884517436 0.0 0.0 0.0 -0.6680360894004218 0.7441288660165302
1638451998221695185 1.1980694757340835 -1.984720855181118 0.0 0.0 0.0 -0.6782514092456546 0.734829961658707
1638451998320695162 1.198975074977073 -1.9986371328504517 0.0 0.0 0.0 -0.6888760777040965 0.7248790971618844
1638451998419695139 1.1994655378105732 -2.0123971347074696 0.0 0.0 0.0 -0.6997297538586361 0.7144076227932927
1638451998518695116 1.1995578474550594 -2.026165409500236 0.0 0.0 0.0 -0.7097597673431794 0.7044438409705933
1638451998619695187 1.1992493574364584 -2.040335664874031 0.0 0.0 0.0 -0.7198086384349922 0.694172581657329
1638451998817695141 1.197456333367104 -2.068065400269682 0.0 0.0 0.0 -0.7392837294558385 0.6733940831463443
1638451998983695030 1.1947374019097867 -2.0910625232434668 0.0 0.0 0.0 -0.7551683528025898 0.6555308742897942
163845199982695007 1.1925986452496233 -2.10463823248045 0.0 0.0 0.0 -0.7648466239012522 0.6442124452147728
1638451999183695078 1.1899865626326704 -2.1185432436342055 0.0 0.0 0.0 -0.7742891852759151 0.6328319111619114
1638451999317695141 1.185893187728435 -2.1368969485983134 0.0 0.0 0.0 -0.7856968194470424 0.6186117591645579
1638451999516695023 1.1740040955544935 -2.1721086500933606 0.0 0.0 0.0 -0.7979892893882928 0.6026716127269962
1638451999619695187 1.1532456123809744 -2.2130676558123232 0.0 0.0 0.0 -0.8072066746651789 0.5902688836909177
1638451999720695019 1.148976744628619 -2.226344139375881 0.0 0.0 0.0 -0.8087714427232096 0.5881230249938124
1638451999834185123 1.1433274573919228 -2.2437234230662506 0.0 0.0 0.0 -0.8089681833771558 0.5878524327830831
1638451999969185114 1.1375750504670266 -2.261628056428526 0.0 0.0 0.0 -0.8067285761321129 0.5909221422508261
1638452000103185177 1.132050060229893 -2.279471212383758 0.0 0.0 0.0 -0.8029026732514467 0.5961101128089431
1638452000202185154 1.1281087503663816 -2.2927432165303783 0.0 0.0 0.0 -0.800004455153682 0.5999940120972713
1638452000370185137 1.1216918339072501 -2.3154166924370183 0.0 0.0 0.0 -0.7950044925700872 0.6066035221700347
1638452000470185041 1.1180470322820315 -2.3289830348592084 0.0 0.0 0.0 -0.7922953256864784 0.6101377866094175
1638452000636185169 1.11229121730936 -2.35151964270968 0.0 0.0 0.0 -0.7872699896477382 0.6166084410901022
1638452000772185087 1.107870578248035 -2.369928448142715 0.0 0.0 0.0 -0.7833052113100701 0.6216373022196411
1638452000951185226 1.1027382441928257 -2.3927196337552328 0.0 0.0 0.0 -0.7784339022356536 0.6277266186687686
163845200171185112 1.0989480674299128 -2.4107257291603217 0.0 0.0 0.0 -0.7745748672059598 0.6324822255360317
1638452001206185102 1.0953338593025106 -2.4290260161762594 0.0 0.0 0.0 -0.7706429284830932 0.6372671503764606
1638452001307185173 1.092762909228913 -2.4428358892650275 0.0 0.0 0.0 -0.7676327885585585 0.6408899382807871
1638452001474185228 1.0888038285681914 -2.4657823989106555 0.0 0.0 0.0 -0.7622280104912729 0.6473085685746417
1638452001609185219 1.0858468074213916 -2.484507674239988 0.0 0.0 0.0 -0.7580542089737417 0.6521915672964471
1638452001708185196 1.0838471607815494 -2.4982584731982884 0.0 0.0 0.0 -0.7541347714575453 0.6567196909562714
1638452001809185028 1.0820043079684718 -2.512311889167894 0.0 0.0 0.0 -0.7487783475520305 0.6628204821081586
1638452001908185005 1.080446023536726 -2.5261195106445227 0.0 0.0 0.0 -0.7423049697622022 0.6700621811804367
16384520029185076 1.0791459639314214 -2.5400554278948797 0.0 0.0 0.0 -0.7359456567012015 0.6770406493176022
1638452002110185146 1.078105480384896 -2.5541148494784918 0.0 0.0 0.0 -0.7296164219750598 0.6838565810109436
1638452002211185217 1.0773352670098861 -2.5681662113038617 0.0 0.0 0.0 -0.7230921539279834 0.6907516027649416
1638452002312759161 1.0768435725032721 -2.5820527139960046 0.0 0.0 0.0 -0.7161659921886883 0.6979299998305045
1638452002412759066 1.076614049821007 -2.5959460752429253 0.0 0.0 0.0 -0.7095845902842226 0.7046202756342174
1638452002513759136 1.067199682257154 -2.6053094540299284 0.0 0.0 0.0 -0.7055218584049543 0.7086881668887145
1638452002681759119 1.0169758709647576 -2.602554374785883 0.0 0.0 0.0 -0.7075033198758324 0.706709991201932
1638452002780759096 1.0170922570472785 -2.6163733283822186 0.0 0.0 0.0 -0.7006465916952115 0.7135084295283638
1638452002881759167 1.0174883072400944 -2.6306174942747687 0.0 0.0 0.0 -0.6935363040523984 0.7204217329795088
163845200317759085 1.0184702956157006 -2.649600114219388 0.0 0.0 0.0 -0.6834373052472138 0.7300092207750067
1638452003118759155 1.019542147142117 -2.6637079897512677 0.0 0.0 0.0 -0.6761142848539008 0.7367967440603366
1638452003252758980 1.0213777841904828 -2.6821945690952727 0.0 0.0 0.0 -0.6664249717993136 0.7455720840218963
1638452003353759050 1.023107926143306 -2.696287806087803 0.0 0.0 0.0 -0.659153897048921 0.7520080607543137
1638452003452759027 1.0250560812214902 -2.7099949220367123 0.0 0.0 0.0 -0.6518446013958985 0.7583525623017495
1638452003553759098 1.0272922409294503 -2.7238374524045406 0.0 0.0 0.0 -0.6445409047359916 0.7645698424979462
1638452003658759117 1.0298848215119143 -2.738106737651829 0.0 0.0 0.0 -0.6370278489610187 0.7708407832634148
1638452003753543139 1.0324828526737695 -2.751021320708727 0.0 0.0 0.0 -0.6301920085586625 0.7764393377714689
1638452003857758999 1.0356183628815263 -2.7652468563771433 0.0 0.0 0.0 -0.6224597626905443 0.7826517849939912
163845200425758982 1.0412477136359606 -2.787971247971092 0.0 0.0 0.0 -0.6100946789009353 0.792328510647966
1638452004159759045 1.046284779509817 -2.8060896251294474 0.0 0.0 0.0 -0.6001078277096047 0.7999190852322116
1638452004259758949 1.050343663342492 -2.8196700626783717 0.0 0.0 0.0 -0.5946920540056274 0.8039535982876778
1638452004361758947 1.0545645027053736 -2.833227333894194 0.0 0.0 0.0 -0.5909206944931398 0.8067296378297614
1638452004482758999 1.0596938650188854 -2.8493380522999305 0.0 0.0 0.0 -0.5902869436632571 0.8071934523416973
1638452004615759134 1.0652426054018689 -2.8670677795385187 0.0 0.0 0.0 -0.5944644130254326 0.8041219501444365
1638452004714759111 1.0692281241374462 -2.880300221656189 0.0 0.0 0.0 -0.5990364677257546 0.8007217553909182
1638452004814759016 1.0730103048310962 -2.8935921859426665 0.0 0.0 0.0 -0.6062889165352593 0.7952444300310353
1638452004924085140 1.076640673589029 -2.907319474842688 0.0 0.0 0.0 -0.6137029217469814 0.7895370317652847
163845200525084972 1.0799674145108944 -2.9209929826297585 0.0 0.0 0.0 -0.6223687374872708 0.7827242160034392
1638452005127084970 1.0829783482465338 -2.9348172612856547 0.0 0.0 0.0 -0.6328036612439637 0.7743122856344212
1638452005262084961 1.0863479474200233 -2.9532659731122557 0.0 0.0 0.0 -0.6484550685760794 0.7612529327644963
1638452005363085032 1.0883303047965842 -2.9672232226168465 0.0 0.0 0.0 -0.6626754444026278 0.7489066782780281
1638452005466084957 1.089763844470552 -2.981476083326329 0.0 0.0 0.0 -0.679151138049505 0.7339984745836732
1638452005565084934 0.9931789772200834 -2.9802864500322563 0.0 0.0 0.0 -0.695440019931759 0.7185841627351247
1638452005668085098 0.9932598649972706 -2.99471173926933 0.0 0.0 0.0 -0.7146264771100811 0.6995062255273354
1638452005769084930 0.9925501495243003 -3.0087143530752654 0.0 0.0 0.0 -0.7347600415280388 0.6783271129826075
1638452005869085073 0.9910231687317015 -3.0226766478317577 0.0 0.0 0.0 -0.7546004148945924 0.6561845979974329
1638452005970085144 0.9886889303975859 -3.0364500529302383 0.0 0.0 0.0 -0.7731212188370605 0.6342582674627163
1638452006137084961 0.9829952263682811 -3.0591762950668735 0.0 0.0 0.0 -0.8029800816725782 0.5960059074704737
1638452006271085024 0.9768634952068473 -3.076869261422929 0.0 0.0 0.0 -0.8261372435716228 0.5634689457188214
1638452006436084986 0.9674352306849843 -3.0979578550453306 0.0 0.0 0.0 -0.8519294016537617 0.5236566456816217
1638452006573085070 0.967407979385313 -3.1079101685592447 0.0 0.0 0.0 -0.8635247264776208 0.504306486293693
1638452006673084974 0.9601315676854034 -3.119953561549024 0.0 0.0 0.0 -0.8780062104570371 0.47864921857297904
1638452006772084951 0.952336950884872 -3.1313018636032415 0.0 0.0 0.0 -0.8913647664384706 0.4532867664340415
1638452006873085022 0.9437183088554966 -3.1424246890216936 0.0 0.0 0.0 -0.9041019486959917 0.4273167735639237
16384520076084919 0.9313704323548251 -3.156299394735664 0.0 0.0 0.0 -0.9202731416406646 0.39127656537364214
1638452007105085135 0.921472615528597 -3.1660139719707594 0.0 0.0 0.0 -0.93090840980677 0.3652527018948531
1638452007237085104 0.9076020437762513 -3.1779054013673282 0.0 0.0 0.0 -0.9443819593524763 0.32885050636239493
1638452007380672932 0.8918458194303149 -3.1894107374670777 0.0 0.0 0.0 -0.9567760790987017 0.2908256137871134
1638452007480672836 0.8799195466833833 -3.1969255988358602 0.0 0.0 0.0 -0.9645121487680424 0.264038540765797
1638452007580672979 0.869390473699899 -3.1733085218060295 0.0 0.0 0.0 -0.9709415572146759 0.2393166699216614
1638452007679672956 0.8571396438107719 -3.1793079535426574 0.0 0.0 0.0 -0.9772745336188342 0.2119774895695591
1638452007779672861 0.8443232317906273 -3.1846723963118593 0.0 0.0 0.0 -0.9831919522754868 0.18257485837423917
1638452007911672831 0.8267701705835395 -3.1906671283506705 0.0 0.0 0.0 -0.9894625174461102 0.14478941201105078
163845200812672901 0.8132493169591205 -3.1942790497262488 0.0 0.0 0.0 -0.9932392984137274 0.11608462784649279
1638452008112672806 0.7995931008571819 -3.197099581124801 0.0 0.0 0.0 -0.996205734529589 0.08702934771185716
1638452008220672846 0.7847886665411958 -3.199226501066666 0.0 0.0 0.0 -0.9984187168613676 0.05621399326543752
1638452008320672989 0.7801496126713453 -3.199615585146837 0.0 0.0 0.0 0.9996142004718256 -0.0277740496106074
1638452008486672878 0.7570246832687111 -3.1998010773289884 0.0 0.0 0.0 0.9998023521395032 0.0198799881391122
1638452008619673014 0.8414984599381383 -3.1944357607286133 0.0 0.0 0.0 0.9989742314452948 0.04528259920333736
1638452008754673004 0.8228538494904325 -3.192012281770585 0.0 0.0 0.0 0.9964913729443121 0.0836954873681286
1638452008855672836 0.8091031862707181 -3.189275466847788 0.0 0.0 0.0 0.9935767270678809 0.1131606363528732
1638452008954672813 0.7956812107015836 -3.1857842019810048 0.0 0.0 0.0 0.9900576910784633 0.14066192999865187
163845200987672949 0.7781681974798835 -3.1799875367513444 0.0 0.0 0.0 0.9839869516160553 0.1782403776519587
1638452009222672939 0.7607987188216886 -3.172723918970353 0.0 0.0 0.0 0.9764923260456875 0.21555204827387645
1638452009323673010 0.7481589421876012 -3.166426481431347 0.0 0.0 0.0 0.9698054537595151 0.24387981275898793
1638452009423672915 0.7359863703480933 -3.159469051737602 0.0 0.0 0.0 0.962904497278705 0.26984239901133195
1638452009592672825 0.6755483831043002 -3.144383051846683 0.0 0.0 0.0 0.9495600412436337 0.313585316848558
1638452009726672888 0.6486339728175727 -3.1321923397167892 0.0 0.0 0.0 0.9401426183639416 0.3407812109692166
1638452009826673031 0.6378863785673138 -3.1228751113373785 0.0 0.0 0.0 0.9338012961454487 0.35779204521161373
1638452009985697031 0.6210097050595212 -3.1069449117496384 0.0 0.0 0.0 0.9250209184202292 0.3799162000367114
1638452010117697001 0.608024292975524 -3.0937657495684374 0.0 0.0 0.0 0.9202910920635538 0.39123433106852645
1638452010218697071 0.5982506155711116 -3.0835004638637105 0.0 0.0 0.0 0.9180380606139472 0.39649232377137805
1638452010318696976 0.5887139346978058 -3.0732898512759177 0.0 0.0 0.0 0.9164796038560131 0.40008138942024773
1638452010417696953 0.5793196597562931 -3.0631197645190413 0.0 0.0 0.0 0.9159758534734487 0.40123334182220727
1638452010519696951 0.5697009108114883 -3.052709110372597 0.0 0.0 0.0 0.9165015205996706 0.40003123047260064
1638452010684696913 0.5539419641953613 -3.035981053797655 0.0 0.0 0.0 0.9203578855923314 0.39107722346057927
1638452010886697054 0.5341208576480732 -3.016216064284765 0.0 0.0 0.0 0.9285211539934478 0.3712794945200338
163845201118697023 0.5206540853861398 -3.0038648407341033 0.0 0.0 0.0 0.9354763603568347 0.35338925215611094
1638452011120697021 0.5097551098167505 -2.99460773893494 0.0 0.0 0.0 0.9418946283180598 0.33590839966360103
1638452011224696875 0.4982846999304818 -2.9856104980498626 0.0 0.0 0.0 0.9486197164274726 0.31641843138024073
1638452011324697018 0.4868279452257416 -2.977396855480099 0.0 0.0 0.0 0.9554344153247398 0.2952033635399975
1638452011423696995 0.4750404268983869 -2.969758095500913 0.0 0.0 0.0 0.962429667140359 0.27153112246497485
1638452011558696985 0.4245068750792421 -2.9685336885132227 0.0 0.0 0.0 0.9588928109001145 0.2837684496403526
1638452011658141375 0.41253472163716365 -2.9612895331992704 0.0 0.0 0.0 0.9675722661332632 0.2525943822308039
1638452011790696859 0.39618367512705915 -2.9530824218156715 0.0 0.0 0.0 0.9779462436227229 0.20885686550327312
1638452011924696922 0.378953738906329 -2.9462863439071394 0.0 0.0 0.0 0.9862967312851987 0.1649811563875887
163845201258696985 0.36103702497753837 -2.9410251027982426 0.0 0.0 0.0 0.9928158002328036 0.11965287789786815
1638452012159697056 0.34718736092213665 -2.9381442100099853 0.0 0.0 0.0 0.9963313445350177 0.08557921118468173
1638452012326904058 0.3240131389064417 -2.935503095148197 0.0 0.0 0.0 0.9995981194856944 0.028347706255811466
1638452012464904070 0.3979309624745173 -2.9428380166208985 0.0 0.0 0.0 -0.9999128259061344 0.013205152738319827
1638452012563904047 0.3841886432225276 -2.9436559507527 0.0 0.0 0.0 -0.9989331901466137 0.04617837719756536
1638452012665904045 0.3702079459863723 -2.9454503125850744 0.0 0.0 0.0 -0.9967107672196638 0.0810412984678964
1638452012764904022 0.3565045557032265 -2.9481622678635895 0.0 0.0 0.0 -0.9934468990375332 0.11429455546600328
1638452012864903927 0.34264693857215023 -2.9518846587393535 0.0 0.0 0.0 -0.9891155113605071 0.14714123762316023
163845201332904148 0.31943585881305137 -2.960379046554187 0.0 0.0 0.0 -0.9796413380107871 0.2007555786995434
1638452013171904087 0.30298114419285893 -2.9675691035396805 0.0 0.0 0.0 -0.9688013997888764 0.2478382919174695
1638452013270904064 0.29728604678457793 -2.9689110967180277 0.0 0.0 0.0 -0.9579900982003596 0.2868013130198265
1638452013404904127 0.2801282614672068 -2.981198971850239 0.0 0.0 0.0 -0.9458768144734663 0.324525954939295
1638452013570904016 0.2599684498201749 -2.9983479717465795 0.0 0.0 0.0 -0.9311229640091625 0.36470545156756373
1638452013704904079 0.24487683522815917 -3.0132112633473205 0.0 0.0 0.0 -0.9196955959653174 0.39263209095614393
1638452013805904150 0.23391880137052035 -3.02513974394347 0.0 0.0 0.0 -0.9114270851166661 0.4114616451146186
1638452013972903967 0.2168428343862956 -3.0456972250631265 0.0 0.0 0.0 -0.8992750505040801 0.43738351406746845
1638452014110903978 0.20358596976164386 -3.0632782141266417 0.0 0.0 0.0 -0.8908324027786587 0.45433204524797
1638452014216904163 0.18841271415677963 -3.07284264918373 0.0 0.0 0.0 -0.8855166563807892 0.4646075950959293
1638452014368904114 0.16346611325261673 -3.084029538176165 0.0 0.0 0.0 -0.8795389500503132 0.4758268453831838
1638452014484904051 0.15341136245846576 -3.0995308977231852 0.0 0.0 0.0 -0.8783433608788668 0.4780303368496095
1638452014616904020 0.1419232197499492 -3.1171494274793754 0.0 0.0 0.0 -0.8806061365611547 0.47384892311635524
1638452014718904018 0.1329861297344259 -3.1305382657806287 0.0 0.0 0.0 -0.8831823045971171 0.46902985076261605
1638452014820904016 0.12375808261037269 -3.143974455147757 0.0 0.0 0.0 -0.8867276146476739 0.462292289085225
1638452014938990831 0.11444850599229894 -3.1570136772049953 0.0 0.0 0.0 -0.8915905844823659 0.45284243641193966
163845201572990894 0.10149619405460852 -3.174159147697337 0.0 0.0 0.0 -0.8993353668959883 0.43725948341791987
1638452015204990864 0.088096869664704 -3.190566719632587 0.0 0.0 0.0 -0.9077451356440924 0.41952211940026823
1638452015339990854 0.07373695088939465 -3.2066181210655986 0.0 0.0 0.0 -0.9180097407296799 0.3965578594049567
1638452015405990839 0.0664289890537769 -3.2141626696947507 0.0 0.0 0.0 -0.9236048375948904 0.383345961949242
1638452015506990910 0.05475297060382634 -3.225352415766816 0.0 0.0 0.0 -0.932186149811664 0.3619793047188323
1638452015602521896 0.04329493051204432 -3.235361097527069 0.0 0.0 0.0 -0.9403062417075462 0.3403294908645892
1638452015703040600 0.030727858682347675 -3.245337417160435 0.0 0.0 0.0 -0.9482535347896863 0.31751420652590284
1638452015807990789 0.017167927720245918 -3.255041511953588 0.0 0.0 0.0 -0.956009118106759 0.2933369382600112
1638452015906990767 0.003797692513939452 -3.26363520412535 0.0 0.0 0.0 -0.9628933566849367 0.26988215416449973
16384520169990931 -0.010424873983796393 -3.2718005090446307 0.0 0.0 0.0 -0.9692815156000469 0.24595403842055846
1638452016109990835 -0.02325801446068894 -3.281394865458735 0.0 0.0 0.0 -0.9742855396643645 0.22531685341685478
1638452016276990891 -0.03167797119690406 -3.311066890658438 0.0 0.0 0.0 -0.9757985379943072 0.21867138824437615
1638452016376990795 -0.04628391069456181 -3.317524302157494 0.0 0.0 0.0 -0.9807556121706779 0.19523950201958243
1638452016476990938 -0.06117953668031337 -3.323282139032319 0.0 0.0 0.0 -0.9851202942875225 0.17186613964363034
1638452016578990936 -0.07633286851683402 -3.328322631146122 0.0 0.0 0.0 -0.9890440659565598 0.1476204493389443
1638452016710990906 -0.09667467476411677 -3.3338546980500627 0.0 0.0 0.0 -0.9931246750459235 0.11706156782771052
1638452016817990780 -0.11338656784171187 -3.337395967294727 0.0 0.0 0.0 -0.9958043232304268 0.09150837795238911
1638452016916990995 -0.12907783736035516 -3.3399255310069424 0.0 0.0 0.0 -0.9976665426050684 0.06827525730333765
163845201717990828 -0.13454146833405561 -3.340715751183862 0.0 0.0 0.0 0.9990483658081452 -0.04361556999045491
1638452017117990971 -0.15035302562806538 -3.341714190220391 0.0 0.0 0.0 0.9998214914660899 -0.018893788591071943
1638452017217990875 -0.16624532602914804 -3.3419281680408464 0.0 0.0 0.0 0.9999871099918589 0.005083179425684901
1638452017361417055 -0.19926975412119594 -3.3322423776478907 0.0 0.0 0.0 0.9989356939274343 0.046124551178420674
1638452017528417110 -0.2536622454201816 -3.292697415448051 0.0 0.0 0.0 0.995933172748128 0.09009510163221136
1638452017699417114 -0.28029293078561524 -3.2866775576016445 0.0 0.0 0.0 0.9912742862044731 0.13181546991761484
1638452017832417011 -0.30076966235491465 -3.280427475275859 0.0 0.0 0.0 0.9865450878611746 0.1634894032646489
1638452017967417002 -0.32078336455961487 -3.272894982688161 0.0 0.0 0.0 0.9809342246035929 0.19434003464744096
1638452018137417078 -0.34539476795990154 -3.261549563339373 0.0 0.0 0.0 0.9722816481734087 0.23381285199880997
1638452018269417048 -0.36382196833779934 -3.251415325721834 0.0 0.0 0.0 0.9646481154105438 0.2635413857591447
1638452018437417030 -0.38622867727568777 -3.236949359898192 0.0 0.0 0.0 0.9533715512767535 0.3017991198918293
1638452018605417013 -0.36994486320095565 -3.240339066863763 0.0 0.0 0.0 0.9461865987295803 0.32362154238357377
1638452018774417162 -0.3905488935016932 -3.2230094171364403 0.0 0.0 0.0 0.9322720179329181 0.3617579903721903
1638452018912416935 -0.40617900855495437 -3.207720458048501 0.0 0.0 0.0 0.9195030738806133 0.3930827752156573
163845201911417150 -0.41682537080807947 -3.1960219810531103 0.0 0.0 0.0 0.9097687494280198 0.4151154107594251
1638452019110417128 -0.4268656279524021 -3.1838648763093675 0.0 0.0 0.0 0.8994544112206239 0.43701462249826345
1638452019210417032 -0.43630445315302774 -3.1712352966349955 0.0 0.0 0.0 0.8885813365201704 0.4587190830925828
1638452019311417103 -0.4453244502152683 -3.157842689248054 0.0 0.0 0.0 0.8770532951489185 0.4803931171880739
1638452019479417086 -0.45879228956962587 -3.134676054159892 0.0 0.0 0.0 0.8563800602847021 0.5163459899672644
1638452019614417076 -0.4682387254264604 -3.1152099647841465 0.0 0.0 0.0 0.8384432624405255 0.5449888863008079
1638452019781417131 -0.47160247263224947 -3.093864118418491 0.0 0.0 0.0 0.8167917722471479 0.5769325369735807
163845202031596899 -0.4761282301214703 -3.0609827236043627 0.0 0.0 0.0 0.783356596121809 0.6215726179982223
1638452020175596952 -0.48054129648486776 -3.03863934985409 0.0 0.0 0.0 0.7614021850380197 0.6482798159747469
1638452020309597015 -0.48327978866421356 -3.0173807783164697 0.0 0.0 0.0 0.7403359284677362 0.6722371253552366
1638452020477596998 -0.48476960856633194 -2.9904988422468524 0.0 0.0 0.0 0.7124291152947241 0.7017441268529332
1638452020643596888 -0.48408704153100274 -2.9641151848097564 0.0 0.0 0.0 0.6837099774187912 0.7297538405972018
1638452020810596943 -0.48142722372562435 -2.9377283207430622 0.0 0.0 0.0 0.6583049941098367 0.7527512803055388
1638452020909596920 -0.4790591092529892 -2.9221136549283666 0.0 0.0 0.0 0.6453291870463436 0.7639046174377797
16384520219596825 -0.45098021151615486 -2.8745770254900895 0.0 0.0 0.0 0.6207049055900206 0.7840442463013065
1638452021108597040 -0.44716889894223677 -2.859250411234243 0.0 0.0 0.0 0.6112513132997399 0.7914365775682138
1638452021209596872 -0.4429712472974381 -2.843920082024238 0.0 0.0 0.0 0.601963773150711 0.7985233817330867
1638452021310596943 -0.4383908828561601 -2.8285145746776026 0.0 0.0 0.0 0.5938840650581634 0.8045506213796484
1638452021446596861 -0.431738923510131 -2.8078688484391217 0.0 0.0 0.0 0.5843453732818288 0.811505110744107
1638452021579596996 -0.4248503713027726 -2.7877549744350034 0.0 0.0 0.0 0.5785346952512956 0.815657734857431
1638452021714596987 -0.41753787269626697 -2.767306985650591 0.0 0.0 0.0 0.573012782926605 0.8195464621006555
1638452021814596891 -0.41200666077170034 -2.7523785345639875 0.0 0.0 0.0 0.5698806514154001 0.8217274624991718
1638452021914597034 -0.40637358663667994 -2.7373796423045205 0.0 0.0 0.0 0.5692952820163782 0.8221331454086435
163845202215596867 -0.4006765289850229 -2.722188564036305 0.0 0.0 0.0 0.5703500665288297 0.8214017355578029
1638452022116596937 -0.39507100814763346 -2.7069367768223547 0.0 0.0 0.0 0.5748614339743786 0.8182507873931982
1638452022218596935 -0.3897243615002968 -2.691726684686204 0.0 0.0 0.0 0.5817341834453114 0.8133789527206414
1638452022317596912 -0.3847583059520952 -2.676707384983743 0.0 0.0 0.0 0.5901644092330962 0.8072830704869595
1638452022410171032 -0.3800671720741834 -2.6612827516810365 0.0 0.0 0.0 0.6006839492073343 0.7994865752441659
1638452022509171009 -0.375927593093361 -2.6462250835806524 0.0 0.0 0.0 0.6116051267626605 0.7911632041094536
1638452022608170986 -0.3721547082134352 -2.6308888202967506 0.0 0.0 0.0 0.6222555206404359 0.7828141940317819
1638452022708170891 -0.36878679800644204 -2.6153551689515253 0.0 0.0 0.0 0.6330852420733591 0.7740820799974422
1638452022907171011 -0.36332883344171185 -2.5838869110852816 0.0 0.0 0.0 0.6543210577016769 0.7562168689984956
16384520238170843 -0.36122935375349624 -2.567723160548989 0.0 0.0 0.0 0.6653871455180288 0.7464984450923592
1638452023107170820 -0.3596412301171659 -2.551908083646695 0.0 0.0 0.0 0.6761527237295 0.7367615039516986
1638452023207170963 -0.3585221548778338 -2.5360782676302422 0.0 0.0 0.0 0.6873167938167241 0.7263577613158164
1638452023308171034 -0.35792303904650624 -2.5200180558231144 0.0 0.0 0.0 0.700367701545148 0.7137822200986361
1638452023409170866 -0.3876327362327741 -2.5623605386248696 0.0 0.0 0.0 0.6911417038894988 0.7227192933466287
1638452023574170828 -0.38730332319442423 -2.536296748524396 0.0 0.0 0.0 0.7136022490585192 0.7005510828779029
1638452023773170948 -0.3890986020803942 -2.504640810255196 0.0 0.0 0.0 0.7398758195093058 0.672743472732275
1638452023908170938 -0.3917246848801994 -2.483111597944747 0.0 0.0 0.0 0.7573795551622702 0.6529748814723929
163845202474170828 -0.3965235922329562 -2.4570028604986964 0.0 0.0 0.0 0.7787182278343991 0.6273738397768177
1638452024175170898 -0.4002436881153648 -2.441420049400983 0.0 0.0 0.0 0.7913041633669818 0.6114227151715913
1638452024308171034 -0.4061042381166413 -2.4210638976794456 0.0 0.0 0.0 0.8067348923697457 0.5909135647366969
1638452024408170938 -0.4111687890834097 -2.406051655179554 0.0 0.0 0.0 0.8179896425844895 0.5752329604788111
1638452024509171009 -0.4168174581567914 -2.391140554883702 0.0 0.0 0.0 0.8277279934005507 0.5611296095899333
1638452024608170986 -0.42288556487859735 -2.376532162978684 0.0 0.0 0.0 0.8354981271029484 0.5494933321987349
1638452024776170969 -0.4340201963134717 -2.3520963436247326 0.0 0.0 0.0 0.8457286865616167 0.5336131319004956
163845202521795988 -0.4126409394059835 -2.3521547823927698 0.0 0.0 0.0 0.8547993067382246 0.5189587625861909
1638452025122796059 -0.4201460131521121 -2.3378278465431324 0.0 0.0 0.0 0.8563079978211554 0.5164655025748592
1638452025204755306 -0.4262378897779733 -2.32628896353732 0.0 0.0 0.0 0.8564259622866722 0.5162698627895074
1638452025325796127 -0.43513301638410107 -2.309362680984339 0.0 0.0 0.0 0.8551063336009783 0.518452590930042
1638452025424796104 -0.4424712437849253 -2.2951488102199895 0.0 0.0 0.0 0.8528754344785938 0.5221144121415048
1638452025556900501 -0.4518724470573503 -2.276474462272059 0.0 0.0 0.0 0.8498429309781591 0.527036091336496
1638452025659796000 -0.45908306908154994 -2.2617723236610843 0.0 0.0 0.0 0.8473425558468215 0.531046644497613
1638452025758795977 -0.4659231983635418 -2.247480464742663 0.0 0.0 0.0 0.8448291062212557 0.5350362752929972
1638452025858964443 -0.4726185420575567 -2.233136704266532 0.0 0.0 0.0 0.8421504631793054 0.5392426031827283
1638452025959795952 -0.4793102196157778 -2.2184238154241562 0.0 0.0 0.0 0.8395747492500251 0.5432441684223641
1638452026162796021 -0.4922801853679549 -2.188681317945623 0.0 0.0 0.0 0.8328960142578369 0.5534294994916847
1638452026263796091 -0.49841600981443246 -2.173717200478299 0.0 0.0 0.0 0.8279206340195394 0.5608452785436683
1638452026362796068 -0.5041762666219479 -2.1589028565037474 0.0 0.0 0.0 0.8227882205698551 0.5683480713268915
1638452026463796139 -0.509679966533149 -2.143856545315495 0.0 0.0 0.0 0.8162450765873005 0.5777057638562326
1638452026563796043 -0.514814982126792 -2.1286535998128744 0.0 0.0 0.0 0.8082080432498648 0.5888970867212393
1638452026662796021 -0.5194511159293027 -2.113529701209105 0.0 0.0 0.0 0.7998244211533067 0.6002340679143617
1638452026796796083 -0.5249725377135445 -2.093051973885194 0.0 0.0 0.0 0.7875075490059681 0.6163050425826272
1638452026929795980 -0.5296591726303582 -2.072445007219278 0.0 0.0 0.0 0.7753290063942307 0.6315575545495983
163845202762796116 -0.5335620293845124 -2.051469354740838 0.0 0.0 0.0 0.7627733991120562 0.6466658590592865
1638452027264796019 -0.5378601296756895 -2.0195929157535515 0.0 0.0 0.0 0.7429922026088879 0.6693000271042321
1638452027412662983 -0.5396411606193646 -1.9981288860147859 0.0 0.0 0.0 0.7287828717787812 0.6847448510609248
1638452027511663198 -0.5403898747922752 -1.9824293395508037 0.0 0.0 0.0 0.7186747002392282 0.6953464089364787
1638452027614663124 -0.5406784538028991 -1.9660563982843386 0.0 0.0 0.0 0.7079772852895146 0.7062351525652395
1638452027812663078 -0.5408119741681698 -1.9328790423182227 0.0 0.0 0.0 0.6913870006810672 0.7224846410851251
1638452027979663134 -0.5432350260519866 -1.8981557808691862 0.0 0.0 0.0 0.6922801525185283 0.7216288465983249
163845202878663111 -0.5424381218695505 -1.8822301525089384 0.0 0.0 0.0 0.6864726838340377 0.7271556171485493
1638452028212663174 -0.541025359646619 -1.860737491003835 0.0 0.0 0.0 0.6808281978688968 0.7324431379961316
1638452028378663063 -0.5388678737853749 -1.8341222624276443 0.0 0.0 0.0 0.6750162397541847 0.7378028637046745
1638452028558397055 -0.5360994802747544 -1.8056731850888865 0.0 0.0 0.0 0.668949331431636 0.7433080081087351
1638452028712663174 -0.5333529209386811 -1.7813606079613267 0.0 0.0 0.0 0.6635817274984508 0.7481037670764022
1638452028853663206 -0.5305092978231006 -1.7590143897911592 0.0 0.0 0.0 0.6581596721674299 0.7528783346396154
1638452028950866938 -0.5283665324408566 -1.7436885179183998 0.0 0.0 0.0 0.6545156511717036 0.7560484506119773
163845202951466465 -0.5260022393006929 -1.7279167036649141 0.0 0.0 0.0 0.6504987251392595 0.7595073864848575
1638452029118663073 -0.5243260036015004 -1.7173550016547825 0.0 0.0 0.0 0.6482514492892982 0.7614263124631889
1638452029216663122 -0.5217525935774526 -1.7019005994769234 0.0 0.0 0.0 0.6449134620608421 0.7642555755695362
1638452029316663027 -0.5189635890785756 -1.6859694421008675 0.0 0.0 0.0 0.6414192014037116 0.7671905841590053
1638452029418663025 -0.5160037790982753 -1.6699404340688644 0.0 0.0 0.0 0.6380258658122107 0.7700149238590042
1638452029617663145 -0.5097920682373187 -1.6385828655096897 0.0 0.0 0.0 0.6313457258536705 0.7755015153000856
1638452029830663204 -0.5025771226045572 -1.6054175524327512 0.0 0.0 0.0 0.6238614551926125 0.7815349921032911
1638452029937837124 -0.4977115209445306 -1.584538960160824 0.0 0.0 0.0 0.6193106285364501 0.7851460639262191
163845203071836948 -0.4926151178918702 -1.5637936933784966 0.0 0.0 0.0 0.6145215282659963 0.7889000446058343
1638452030170836926 -0.4886990368348519 -1.5485452718687336 0.0 0.0 0.0 0.6114486399632921 0.7912841304238648
1638452030302837133 -0.4833656876459678 -1.528199584720054 0.0 0.0 0.0 0.6105962191872986 0.7919420967252688
1638452030467837095 -0.47672482208199196 -1.5027278630714538 0.0 0.0 0.0 0.613155585734334 0.7899621631038857
1638452030669836998 -0.46905978431136225 -1.4712771748733067 0.0 0.0 0.0 0.6239721896441088 0.7814465482615203
1638452030835837126 -0.49619918277446484 -1.4338009864187633 0.0 0.0 0.0 0.6250861898802406 0.7805557225658977
1638452030967837095 -0.514544552391538 -1.4040172652482932 0.0 0.0 0.0 0.6296633318116371 0.7768681132770766
163845203167837000 -0.511472595534516 -1.3883707204654347 0.0 0.0 0.0 0.6415034982088474 0.7671201250709088
1638452031166836977 -0.5089168130312945 -1.372734328852768 0.0 0.0 0.0 0.6541379440040028 0.7563752347802024
1638452031331836939 -0.5059328058940994 -1.3469157766136028 0.0 0.0 0.0 0.6768489036543751 0.736121980075984
1638452031465837002 -0.5046670955653912 -1.3256944749940658 0.0 0.0 0.0 0.6945079305991222 0.7194850363625211
1638452031666836977 -0.5047375834069034 -1.2934812084685599 0.0 0.0 0.0 0.7210132818675858 0.6929213001411706
1638452031866837025 -0.5072115494958979 -1.261692986492446 0.0 0.0 0.0 0.7465056956574421 0.6653789871120177
163845203232837152 -0.5109923608430823 -1.2354670272718795 0.0 0.0 0.0 0.7641656000363837 0.6450200822590554
1638452032231837034 -0.5171888591638346 -1.2043162277455897 0.0 0.0 0.0 0.7813863727322351 0.6240475481073828
1638452032386763096 -0.5222240489963592 -1.183452312834786 0.0 0.0 0.0 0.7896486811166701 0.6135593031374713
1638452032522763014 -0.5000898753776768 -1.1592980244736821 0.0 0.0 0.0 0.8018601813130164 0.5975116755054256
1638452032622763157 -0.5047643512480912 -1.1440000083115114 0.0 0.0 0.0 0.8055415207374393 0.5925393523960689
1638452032822762966 -0.5145210613868754 -1.113584836802296 0.0 0.0 0.0 0.8094480400178035 0.5871915416911966
1638452032954762936 -0.5210970317455721 -1.0934463044711193 0.0 0.0 0.0 0.8094607604600906 0.5871739067092056
163845203352762985 -0.5259976452335485 -1.0784320969071157 0.0 0.0 0.0 0.8090981822368079 0.5876735522642148
1638452033151762962 -0.5308674005475549 -1.0633546425527478 0.0 0.0 0.0 0.8076880144125083 0.5896100788506956
1638452033284763098 -0.5371802180481813 -1.0431588052770284 0.0 0.0 0.0 0.8037860745772658 0.5949184352831357
1638452033418762922 -0.543277220810963 -1.0226854123556584 0.0 0.0 0.0 0.7997979009585647 0.6002693858706394
1638452033517763138 -0.5476073644654449 -1.0075232007807553 0.0 0.0 0.0 0.796651260473948 0.6044392294491263
1638452033620763063 -0.5519050521944291 -0.9918261094050639 0.0 0.0 0.0 0.793259415481121 0.6088838185763187
1638452033719763041 -0.5559496570522647 -0.976401888609053 0.0 0.0 0.0 0.7901820541634025 0.6128721607277035
1638452033821763039 -0.5598830960476506 -0.960714059980947 0.0 0.0 0.0 0.786654407892111 0.6173935406049451
163845203454763079 -0.5683270278223739 -0.9243750677072614 0.0 0.0 0.0 0.7796915623533638 0.6261638183689379
1638452034187762976 -0.572766301019169 -0.9036087243126488 0.0 0.0 0.0 0.7755793310794165 0.6312501021496112
1638452034286762953 -0.5759337787004919 -0.8879549640164586 0.0 0.0 0.0 0.7723925923469442 0.6351454371789956
1638452034420763016 -0.5798316340876423 -0.867028960974113 0.0 0.0 0.0 0.7654712316054938 0.6434701406817845
1638452034553763151 -0.5832114825898249 -0.8460389072113706 0.0 0.0 0.0 0.7570878490176975 0.6533130843695656
1638452034723762989 -0.5867065082715216 -0.8192607596551248 0.0 0.0 0.0 0.7460472156212646 0.6658930465390483
1638452034823763132 -0.588368203284291 -0.8033002357429051 0.0 0.0 0.0 0.7397215365579914 0.6729131165037165
1638452034984827042 -0.5904388301360682 -0.7767552516573166 0.0 0.0 0.0 0.7282670642092904 0.6852934393989856
1638452035118827105 -0.5914572930176543 -0.7556205078854605 0.0 0.0 0.0 0.7195222009110404 0.6944694535981382
1638452035317826986 -0.5919712619041064 -0.7240640207310038 0.0 0.0 0.0 0.7063966724316698 0.7078161934827545
1638452035516827106 -0.5759957092798506 -0.7092793756626442 0.0 0.0 0.0 0.6901078958909681 0.7237064923388051
1638452035717827082 -0.5738842260665746 -0.6772565998837095 0.0 0.0 0.0 0.6769753151735401 0.7360057097512488
1638452035817826986 -0.5723982509605714 -0.6614058880735673 0.0 0.0 0.0 0.6696803490014981 0.742649472765298
1638452035953826904 -0.569892173741096 -0.6397074593893305 0.0 0.0 0.0 0.6606491952396122 0.7506947640095057
1638452036120826960 -0.5661412166778466 -0.6131934387197685 0.0 0.0 0.0 0.651369107884387 0.7587610356865685
1638452036318826914 -0.5611019304164345 -0.5819591782305396 0.0 0.0 0.0 0.6467208622380146 0.7627267403138275
1638452036520827055 -0.5559304127259389 -0.5502590707598065 0.0 0.0 0.0 0.6496063699873023 0.7602707399100445
1638452036652827024 -0.5527934633929845 -0.5294868888087739 0.0 0.0 0.0 0.6553719401290344 0.7553062937302063
1638452036784826994 -0.5500668217162303 -0.5087082286239394 0.0 0.0 0.0 0.6644069116778528 0.7473710650628819
1638452036918827057 -0.5479018680665112 -0.48745693679412055 0.0 0.0 0.0 0.6765920520980409 0.7363581116167852
163845203717827034 -0.5467924576494358 -0.4717025449962041 0.0 0.0 0.0 0.6870674514652982 0.7265936180990937
1638452037118827105 -0.5461387889521323 -0.45556808193589216 0.0 0.0 0.0 0.6979747329773173 0.7161223956090885
1638452037218827009 -0.5459670329245614 -0.439471966844004 0.0 0.0 0.0 0.70873208767094 0.7054777150498993
1638452037393572807 -0.5467528763123414 -0.41285925537594 0.0 0.0 0.0 0.7257702374535311 0.687937150169963
1638452037627573013 -0.5499919379678092 -0.3758768919397027 0.0 0.0 0.0 0.7488007096454665 0.6627951756682586
1638452037857573032 -0.5556076055394084 -0.33976872013345466 0.0 0.0 0.0 0.7698486696391722 0.6382264196271294
163845203858573008 -0.5733219691585966 -0.34569187449469496 0.0 0.0 0.0 0.7884781362184965 0.6150627918241033
1638452038224572897 -0.5803860218763329 -0.32012667674064327 0.0 0.0 0.0 0.802956494304967 0.5960376673849218
1638452038391572952 -0.5887783102808883 -0.2946730014018409 0.0 0.0 0.0 0.8171995089785797 0.5763549189572782
1638452038557572842 -0.5981390117510001 -0.27012664193549313 0.0 0.0 0.0 0.8289989282430787 0.5592501745678193
1638452038757572889 -0.6105809903475368 -0.24098416715282517 0.0 0.0 0.0 0.8392736030538732 0.5437092972235656
1638452038955572844 -0.6238581182660561 -0.2124067727027415 0.0 0.0 0.0 0.8457429315867963 0.5335905321888537
1638452039155081272 -0.6377601585447751 -0.18354013977019748 0.0 0.0 0.0 0.8470322214100409 0.5315415384600475
1638452039287572861 -0.6469806185025124 -0.1643506546556683 0.0 0.0 0.0 0.8456742568553915 0.533699399586166
1638452039488572836 -0.6605474582583867 -0.13507073286019564 0.0 0.0 0.0 0.8389214883169978 0.5442524032787173
1638452039622572899 -0.6689295958392298 -0.11561512686517765 0.0 0.0 0.0 0.8313994245821806 0.5556752360686524
1638452039721572876 -0.6747961295809275 -0.10092438556453731 0.0 0.0 0.0 0.8241339431349627 0.5663949016350168
1638452039854573011 -0.68196766413549 -0.08096483899859996 0.0 0.0 0.0 0.8115026505501646 0.5843487317707704
1638452039976125002 -0.6881559123701263 -0.06070644944453114 0.0 0.0 0.0 0.7947294595114704 0.6069638182582242
1638452040109125137 -0.69184158067254 -0.045923293189194136 0.0 0.0 0.0 0.7786954567468733 0.6274020830662638
1638452040276124954 -0.6919270012179681 -0.04552744642774858 0.0 0.0 0.0 0.7778896736835448 0.6284008547861322
1638452040578125000 -0.6953873643596976 -0.05177618614136839 0.0 0.0 0.0 0.790133043016779 0.612935325333003
1638452040713124990 -0.6953868908186807 -0.05177606115100959 0.0 0.0 0.0 0.781776449446253 0.6235588413866041
1638452040879125118 -0.6953997090000896 -0.051701190274636155 0.0 0.0 0.0 0.7679373877729537 0.6405249346419857
163845204111125088 -0.695396445805858 -0.05172629584709916 0.0 0.0 0.0 0.7533127232118751 0.6576624963260721
1638452041110125065 -0.6954049868726447 -0.05165084746291512 0.0 0.0 0.0 0.7408849454595628 0.6716319965285634
1638452041210124969 -0.6954066529779009 -0.05165097212607456 0.0 0.0 0.0 0.7275178740174906 0.6860887153478071
1638452041376125097 -0.695407206905939 -0.051549724715995046 0.0 0.0 0.0 0.7040322573128296 0.7101680029340304
1638452041508125067 -0.6954088389366151 -0.05160031587243691 0.0 0.0 0.0 0.6816450274699555 0.7316829969941441
1638452041607125044 -0.6954079945306002 -0.05157496919260432 0.0 0.0 0.0 0.6636319388914981 0.7480592379025903
1638452041773125172 -0.69540506072296 -0.051575401774231144 0.0 0.0 0.0 0.6323471794486715 0.774685115752683
1638452041877125025 -0.6954142265778835 -0.05162524870673245 0.0 0.0 0.0 0.6092433542981388 0.7929833149046798
1638452041977125168 -0.6954427061810535 -0.05172240032985795 0.0 0.0 0.0 0.5850529563050524 0.8109950727569899
1638452042109125137 -0.695462275678863 -0.051769086051772994 0.0 0.0 0.0 0.5488135294427183 0.8359448369322638
1638452042275125027 -0.6905437342922353 -0.030935301565698722 0.0 0.0 0.0 0.5188748914321192 0.8548501934323559
1638452042375125170 -0.690594782014513 -0.031022693146446984 0.0 0.0 0.0 0.4903697617274063 0.8715144626752365
1638452042483349085 -0.6906111456928449 -0.031042201796147112 0.0 0.0 0.0 0.4596610950038294 0.8880944144284137
1638452042618349075 -0.690658381922871 -0.031101604575657443 0.0 0.0 0.0 0.418840336966149 0.9080598670004407
1638452042716348886 -0.6906587671127217 -0.031101228547748272 0.0 0.0 0.0 0.3890677019616214 0.9212091668886757
1638452042924349070 -0.6906596059066886 -0.03110035436525556 0.0 0.0 0.0 0.3226925265097618 0.9465038735816897
163845204391348886 -0.6777777517784348 -0.041911485898546944 0.0 0.0 0.0 0.264511300155609 0.9643825571904848
1638452043226349115 -0.6776431140556171 -0.041841274491939015 0.0 0.0 0.0 0.22020440073364295 0.9754537607280542
1638452043426348925 -0.6775500988117139 -0.04180101363910553 0.0 0.0 0.0 0.1533073764241639 0.9881785675073971
1638452043527348995 -0.6775261851786414 -0.04179249978319542 0.0 0.0 0.0 0.1195903603027666 0.9928233395294809
1638452043661349058 -0.6774523114424733 -0.04177468289974186 0.0 0.0 0.0 0.10464673480602785 0.9945094777316346
1638452043863348961 -0.6735546052704213 -0.04426938732666046 0.0 0.0 0.0 0.10204509410751131 0.9947797747973713
1638452044129348993 -0.6498451821646288 -0.059190676351593384 0.0 0.0 0.0 0.08355727169682224 0.996502960934398
1638452044264348984 -0.6497452271065208 -0.059174475792627065 0.0 0.0 0.0 0.07848193433786982 0.996915526786476
1638452044366348982 -0.6492698488297403 -0.05910183457765034 0.0 0.0 0.0 0.0738489697613775 0.9972694292480818
1638452044568348885 -0.6470382693419044 -0.058794697516916045 0.0 0.0 0.0 0.06365096782631068 0.9979722359707139
1638452044667349100 -0.6453048931619194 -0.058581770783957585 0.0 0.0 0.0 0.05831060260928055 0.998298480022253
1638452044833348989 -0.6419836807067206 -0.0582185635174947 0.0 0.0 0.0 0.05060562020707358 0.9987187290659691
1638452044969701052 -0.6394391634951726 -0.05797251052336076 0.0 0.0 0.0 0.04633451815652119 0.9989260061805785
1638452045171700954 -0.6355325768625446 -0.057612448820801035 0.0 0.0 0.0 0.046590880472441615 0.9989140609637183
1638452045371701002 -0.6314782255360948 -0.05720279771718782 0.0 0.0 0.0 0.054955415615082256 0.9984888002229819
1638452045502451897 -0.6289324517132172 -0.0569053723385803 0.0 0.0 0.0 0.061134886397852244 0.9981295199696864
1638452045608700991 -0.6269056151743997 -0.0566457655595017 0.0 0.0 0.0 0.06626256856120588 0.9978022405037398
1638452045805114269 -0.623023179633521 -0.05608899377748754 0.0 0.0 0.0 0.07601866336475108 0.9971063880102081
1638452045908700943 -0.6210971888269562 -0.055784944357509476 0.0 0.0 0.0 0.08067401277020074 0.9967405470259052
1638452046187700987 -0.6156640643798418 -0.054823450295312603 0.0 0.0 0.0 0.09421275997426035 0.9955520878890876
1638452046320701122 -0.6131559885423017 -0.054328670363329175 0.0 0.0 0.0 0.10022201492967707 0.9949650833532211
1638452046459701061 -0.610505967331394 -0.053770353796999626 0.0 0.0 0.0 0.10683013669579457 0.99427727996992
1638452046559700966 -0.6085788580752186 -0.05334176449299481 0.0 0.0 0.0 0.1114273849276543 0.9937725648770772
1638452046725701094 -0.6054490258564883 -0.05260908108590388 0.0 0.0 0.0 0.11656511577953396 0.9931830648425427
1638452046925700903 -0.6449986564872535 -0.008936374316948457 0.0 0.0 0.0 0.10022715071916821 0.9949645648766561
163845204727701139 -0.6430124978190063 -0.008542389927386321 0.0 0.0 0.0 0.09464946318697769 0.9955106359739891
1638452047159701109 -0.6402978489309811 -0.008050927066397904 0.0 0.0 0.0 0.08293624350989633 0.9965548403841713
1638452047324701071 -0.6370925665636282 -0.00758087563791102 0.0 0.0 0.0 0.06117897419027493 0.9981268000482502
1638452047510717869 -0.6330865269188798 -0.00720256748130934 0.0 0.0 0.0 0.032448562422215166 0.9994733802150618
1638452047681717873 -0.6324295427716508 -0.0071638396529612215 0.0 0.0 0.0 0.026520258956816894 0.9996483030454755
1638452047847718000 -0.6324548263317294 -0.007165186070944903 0.0 0.0 0.0 0.026390174319690134 0.9996517330374504
1638452047980717897 -0.6324548263894553 -0.0071651935213018735 0.0 0.0 0.0 0.02668161178355656 0.9996439808989929
1638452048213717937 -0.6324548263894553 -0.0071651935213018735 0.0 0.0 0.0 0.026548220514288894 0.9996475172913551
1638452048581717968 -0.6324548263894553 -0.0071651935213018735 0.0 0.0 0.0 0.026619861896495366 0.9996456490446721
1638452048818717957 -0.6324295428582395 -0.00716385082849667 0.0 0.0 0.0 0.0266156612013917 0.9996457519814856
163845204916717911 -0.6324548264183182 -0.0071651972464803655 0.0 0.0 0.0 0.026635670031863977 0.9996452334441923
1638452049217717886 -0.6324548264760439 -0.007165204696837336 0.0 0.0 0.0 0.02667245579681946 0.9996442434544269
1638452049416718006 -0.6324295428871024 -0.007163854553675162 0.0 0.0 0.0 0.02675994279792292 0.9996419001473822
1638452049687717915 -0.6324548264760439 -0.007165204696837336 0.0 0.0 0.0 0.026564153445946058 0.9996471021743325
1638452049923249006 -0.5955185375366909 0.01427442268874133 0.0 0.0 0.0 0.02381520042300677 0.9997164025226922
163845205059249163 -0.5955438279559044 0.014273211925490244 0.0 0.0 0.0 0.023961278461341853 0.9997128898158268
1638452050191249132 -0.5955185374878444 0.014274426413711374 0.0 0.0 0.0 0.023883227126156818 0.9997147623216163
1638452050359249115 -0.5955438276628258 0.014273234275310503 0.0 0.0 0.0 0.023862637706602907 0.9997152233895993
1638452050459249020 -0.5955438276628258 0.01427323427531051 0.0 0.0 0.0 0.023839944624311788 0.9997157898771016
1638452050658249140 -0.5955438276628258 0.01427323427531051 0.0 0.0 0.0 0.023853952287647077 0.9997154644746518
1638452050758249044 -0.5955438276628258 0.01427323427531051 0.0 0.0 0.0 0.02391220394784783 0.9997140582146806
1638452050972249031 -0.5955438276139793 0.014273238000280568 0.0 0.0 0.0 0.023885853790151887 0.9997147199369979
1638452051238249063 -0.5955438276139793 0.014273238000280561 0.0 0.0 0.0 0.02382522358321667 0.9997161106024031
1638452051379249096 -0.5955438275651328 0.014273241725250602 0.0 0.0 0.0 0.023914983345462496 0.9997140168314361
1638452051512248993 -0.5955438275651328 0.014273241725250602 0.0 0.0 0.0 0.02373562547683599 0.999718265039167
1638452051612249136 -0.5955438275651328 0.014273241725250602 0.0 0.0 0.0 0.024103786966712618 0.9997094729177345
1638452051709264755 -0.5955438275651328 0.014273241725250602 0.0 0.0 0.0 0.02390703343307003 0.9997141710877424
1638452051813249111 -0.5955438275651328 0.014273241725250602 0.0 0.0 0.0 0.023941607306110647 0.9997133569042648
163845205215249014 -0.5955438275651328 0.014273241725250595 0.0 0.0 0.0 0.023946326066432187 0.9997132686302194
