1638451958111019850 -7.114577346310422e-14 4.923804475254201e-09 0.0 0.0 0.0 0.0002793706953525543 0.9999999403953552
1638451958277019978 -1.9202792567868388e-12 1.2649144842669102e-08 0.0 0.0 0.0 9.369850158691406e-05 1.0
1638451958410019875 -1.9202792567868388e-12 1.2649144842669102e-08 0.0 0.0 0.0 0.00010403245687484741 1.0
1638451958579019785 2.5310684577561915e-05 1.114927972167834e-08 0.0 0.0 0.0 -0.0001269020140171051 1.0
1638451958712019920 2.5310684577561915e-05 1.114927972167834e-08 0.0 0.0 0.0 0.00035388022661209106 0.9999999403953552
1638451958880019903 -1.479054183815831e-12 5.024601179570709e-09 0.0 0.0 0.0 9.571388363838196e-05 1.0
163845195914019966 -2.7005489316132836e-13 1.7473760216546452e-09 0.0 0.0 0.0 0.00014643371105194092 1.0
1638451959146019936 2.5310680939583108e-05 1.7220779469084846e-08 0.0 0.0 0.0 0.00017836689949035645 1.0
1638451959327019930 -5.548791461029712e-12 1.7602181046072474e-08 0.0 0.0 0.0 5.358085036277771e-05 1.0
1638451959527019978 0.00010124273831024766 3.149811789171508e-08 0.0 0.0 0.0 7.088854908943176e-05 1.0
1638451959665019989 0.0010883595095947385 -1.2819734251934278e-07 0.0 0.0 0.0 -0.00010149553418159485 1.0
1638451959806849003 0.002480447292327881 -7.039267302388907e-07 0.0 0.0 0.0 -0.0003351382911205292 0.9999999403953552
1638451959972848892 0.005163379944860935 -1.942845983649022e-06 0.0 0.0 0.0 -0.0002548396587371826 0.9999999403953552
1638451960104848862 0.0077450694516301155 -2.6740081011666916e-06 0.0 0.0 0.0 -0.00015211105346679688 1.0
1638451960272848845 0.011364498175680637 -4.7683492994110566e-06 0.0 0.0 0.0 -0.00037814676761627197 0.9999999403953552
1638451960474848986 0.017160644754767418 -7.53077711124206e-06 0.0 0.0 0.0 -0.00022706389427185059 1.0
1638451960607848883 0.021590014919638634 -8.89777766133193e-06 0.0 0.0 0.0 -0.00014471635222434998 1.0
1638451960773849010 0.028069553896784782 -1.0613956874294672e-05 0.0 0.0 0.0 -0.00031437352299690247 0.9999999403953552
1638451960972848892 0.03583993762731552 -1.4961186934669968e-05 0.0 0.0 0.0 -0.0004685669846367091 0.9999998807907104
1638451961105849028 0.04112986847758293 -1.9571345546864904e-05 0.0 0.0 0.0 -0.0003677681088447571 0.9999999403953552
1638451961271848917 0.04763471335172653 -2.3830985810491256e-05 0.0 0.0 0.0 -4.307180643081665e-05 1.0
1638451961405848980 0.05297527089715004 -2.6741274268715642e-05 0.0 0.0 0.0 -0.00041558966040611267 0.9999999403953552
1638451961506849051 0.05702497810125351 -2.9655793696292676e-05 0.0 0.0 0.0 -0.00026635825634002686 0.9999999403953552
1638451961673848867 0.0643903836607933 -3.0153152692946605e-05 0.0 0.0 0.0 -5.163997411727905e-05 1.0
1638451961807848930 0.0714520588517189 -3.1651325116399676e-05 0.0 0.0 0.0 -8.499249815940857e-05 1.0
1638451961973849058 0.08114604651927948 -3.4773849620250985e-05 0.0 0.0 0.0 -0.00010065734386444092 1.0
1638451962106848955 0.08886580914258957 -3.824410305242054e-05 0.0 0.0 0.0 -0.0002856701612472534 0.9999999403953552
1638451962273567915 0.0988888218998909 -2.5899580577970482e-05 0.0 0.0 0.0 0.0026558085810393095 0.9999964833259583
1638451962409567833 0.10688634216785431 7.251636270666495e-05 0.0 0.0 0.0 0.009199985302984715 0.9999576807022095
1638451962578567982 0.11688055098056793 0.00033358862856402993 0.0 0.0 0.0 0.01713094860315323 0.999853253364563
1638451962712568045 0.12474583089351654 0.0006484534242190421 0.0 0.0 0.0 0.02293381839990616 0.9997369647026062
1638451962877568007 0.13450182974338531 0.001168069546110928 0.0 0.0 0.0 0.030479945242404938 0.9995353817939758
163845196312567997 0.1425323635339737 0.0017092244233936071 0.0 0.0 0.0 0.036774471402168274 0.9993236064910889
1638451963146567822 0.1504041850566864 0.002337977522984147 0.0 0.0 0.0 0.04307829216122627 0.9990717172622681
1638451963245568037 0.15630242228507996 0.002875374862924218 0.0 0.0 0.0 0.04784492030739784 0.9988547563552856
1638451963345567942 0.16234630346298218 0.0034850595984607935 0.0 0.0 0.0 0.05261828377842903 0.9986146688461304
1638451963514567852 0.17230428755283356 0.004624107852578163 0.0 0.0 0.0 0.06105547398328781 0.9981343746185303
1638451963647567987 0.18028588593006134 0.005661450792104006 0.0 0.0 0.0 0.06800144910812378 0.9976851940155029
1638451963816567898 0.19045419991016388 0.00714530237019062 0.0 0.0 0.0 0.07654551416635513 0.997066080570221
1638451963950567961 0.19949983060359955 0.008603474125266075 0.0 0.0 0.0 0.08308632671833038 0.9965423345565796
1638451964118567944 0.21096546947956085 0.010626714676618576 0.0 0.0 0.0 0.09133987873792648 0.9958197474479675
1638451964255568027 0.2202860563993454 0.012419410981237888 0.0 0.0 0.0 0.0984722450375557 0.9951397776603699
1638451964423568010 0.2317837029695511 0.014812428504228592 0.0 0.0 0.0 0.10642233490943909 0.9943209886550903
1638451964555567980 0.24070174992084503 0.016801154240965843 0.0 0.0 0.0 0.11211872100830078 0.9936948418617249
1638451964712103128 0.2521427869796753 0.019452139735221863 0.0 0.0 0.0 0.11431021243333817 0.993445098400116
1638451964913103104 0.26565274596214294 0.0225930605083704 0.0 0.0 0.0 0.11263328790664673 0.9936366081237793
163845196548103094 0.2747175395488739 0.02462160959839821 0.0 0.0 0.0 0.10653585940599442 0.9943088889122009
1638451965215103149 0.28611689805984497 0.026989707723259926 0.0 0.0 0.0 0.09698464721441269 0.9952858686447144
1638451965353103161 0.2956022024154663 0.028726914897561073 0.0 0.0 0.0 0.083377905189991 0.9965180158615112
1638451965522103071 0.3072203993797302 0.030435942113399506 0.0 0.0 0.0 0.061571795493364334 0.9981026649475098
1638451965655103207 0.3164108693599701 0.03136825934052467 0.0 0.0 0.0 0.039134446531534195 0.9992339611053467
1638451965823103189 0.3279896080493927 0.03187888115644455 0.0 0.0 0.0 0.00417283084243536 0.9999912977218628
1638451965958103180 0.3374769985675812 0.03165576979517937 0.0 0.0 0.0 -0.02784542553126812 0.9996122121810913
1638451966126103163 0.3492572605609894 0.03045487031340599 0.0 0.0 0.0 -0.07421110570430756 0.9972425699234009
1638451966259103060 0.35848116874694824 0.02870708890259266 0.0 0.0 0.0 -0.11293855309486389 0.9936019778251648
1638451966427103043 0.370648592710495 0.025245411321520805 0.0 0.0 0.0 -0.16200296580791473 0.9867902994155884
1638451966595103025 0.3830166161060333 0.02040024660527706 0.0 0.0 0.0 -0.20921634137630463 0.9778693914413452
1638451966761103153 0.3949238955974579 0.014344040304422379 0.0 0.0 0.0 -0.2562960386276245 0.9665983319282532
1638451966912103176 0.405029296875 0.007978255860507488 0.0 0.0 0.0 -0.2977454364299774 0.9546452760696411
1638451967113103151 0.41751042008399963 -0.0016884178621694446 0.0 0.0 0.0 -0.34760168194770813 0.9376422762870789
1638451967252229929 0.42540955543518066 -0.008913325145840645 0.0 0.0 0.0 -0.3758445978164673 0.926682710647583
1638451967419229984 0.4346534311771393 -0.018491463735699654 0.0 0.0 0.0 -0.4048115611076355 0.9144001007080078
1638451967553230047 0.44162440299987793 -0.026516256853938103 0.0 0.0 0.0 -0.4241810142993927 0.9055774211883545
1638451967719229937 0.44992655515670776 -0.036890674382448196 0.0 0.0 0.0 -0.4410400390625 0.8974874019622803
1638451967854229927 0.45633402466773987 -0.04540453106164932 0.0 0.0 0.0 -0.4511905014514923 0.8924276828765869
163845196823230076 0.46426111459732056 -0.05632038414478302 0.0 0.0 0.0 -0.45571109652519226 0.8901277184486389
1638451968222229958 0.47358477115631104 -0.06919372826814651 0.0 0.0 0.0 -0.45229920744895935 0.8918662667274475
1638451968356230021 0.4799724519252777 -0.07778576016426086 0.0 0.0 0.0 -0.44521376490592957 0.8954243063926697
1638451968522229910 0.48813334107398987 -0.08823982626199722 0.0 0.0 0.0 -0.4308733642101288 0.9024124145507812
1638451968723229885 0.4985755980014801 -0.10048845410346985 0.0 0.0 0.0 -0.40576058626174927 0.9139794111251831
1638451968922230005 0.5095400214195251 -0.11192352324724197 0.0 0.0 0.0 -0.3788168430328369 0.9254716634750366
163845196957229996 0.5173338651657104 -0.11930003017187119 0.0 0.0 0.0 -0.3608422875404358 0.9326268434524536
1638451969225229979 0.527345597743988 -0.12795811891555786 0.0 0.0 0.0 -0.3375115990638733 0.9413213729858398
1638451969360229969 0.5357874035835266 -0.1346241533756256 0.0 0.0 0.0 -0.31858351826667786 0.947894811630249
1638451969527230024 0.546440601348877 -0.1423078328371048 0.0 0.0 0.0 -0.29597043991088867 0.9551970958709717
1638451969726957083 0.5598923563957214 -0.1509600728750229 0.0 0.0 0.0 -0.26751816272735596 0.9635528326034546
1638451969859956980 0.5690597295761108 -0.1562403291463852 0.0 0.0 0.0 -0.2490849643945694 0.9684816598892212
1638451969994956970 0.5785109400749207 -0.16121508181095123 0.0 0.0 0.0 -0.23067891597747803 0.9730299115180969
1638451970161957026 0.5906869769096375 -0.166961669921875 0.0 0.0 0.0 -0.20667587220668793 0.978409469127655
1638451970301956892 0.6010333895683289 -0.17128127813339233 0.0 0.0 0.0 -0.1861560195684433 0.9825202226638794
1638451970468956947 0.6135337948799133 -0.17585882544517517 0.0 0.0 0.0 -0.16294535994529724 0.9866350889205933
1638451970603956938 0.6236905455589294 -0.17907938361167908 0.0 0.0 0.0 -0.14306983351707458 0.9897125959396362
1638451970770956993 0.6365447044372559 -0.18254096806049347 0.0 0.0 0.0 -0.11943924427032471 0.9928414821624756
1638451970906956911 0.646845281124115 -0.18483926355838776 0.0 0.0 0.0 -0.09956596046686172 0.99503093957901
163845197173956966 0.6599774956703186 -0.1871699094772339 0.0 0.0 0.0 -0.07579648494720459 0.9971233010292053
1638451971274956942 0.6757757067680359 -0.18912069499492645 0.0 0.0 0.0 -0.04640386626124382 0.9989227652549744
1638451971477957010 0.6918882131576538 -0.1901601403951645 0.0 0.0 0.0 -0.01763121411204338 0.9998445510864258
1638451971678956985 0.707932710647583 -0.19025558233261108 0.0 0.0 0.0 0.011613037437200546 0.999932587146759
1638451971877957106 0.7240060567855835 -0.1894153356552124 0.0 0.0 0.0 0.0409131683409214 0.9991627335548401
163845197276956987 0.7397744059562683 -0.18764308094978333 0.0 0.0 0.0 0.07031436264514923 0.9975248575210571
1638451972222956896 0.7513383626937866 -0.18574917316436768 0.0 0.0 0.0 0.09147945046424866 0.9958069920539856
1638451972366743803 0.7619682550430298 -0.18353769183158875 0.0 0.0 0.0 0.11248578131198883 0.9936533570289612
1638451972501743793 0.7723801136016846 -0.18093988299369812 0.0 0.0 0.0 0.1314113736152649 0.9913279414176941
1638451972666743994 0.7849286198616028 -0.17723338305950165 0.0 0.0 0.0 0.15500621497631073 0.9879134893417358
1638451972799743891 0.7947921752929688 -0.17385105788707733 0.0 0.0 0.0 0.1738930493593216 0.9847645163536072
1638451972963743925 0.8069757223129272 -0.16907988488674164 0.0 0.0 0.0 0.19742296636104584 0.9803184270858765
1638451973129743814 0.8188263773918152 -0.1637764573097229 0.0 0.0 0.0 0.22036762535572052 0.975416898727417
1638451973334743977 0.833411693572998 -0.15633448958396912 0.0 0.0 0.0 0.24604226648807526 0.9692590832710266
1638451973502743959 0.8451254963874817 -0.1497461199760437 0.0 0.0 0.0 0.2601822316646576 0.9655595421791077
1638451973669744015 0.8565810322761536 -0.14296269416809082 0.0 0.0 0.0 0.26675158739089966 0.9637653231620789
1638451973804744005 0.8658515214920044 -0.137407124042511 0.0 0.0 0.0 0.26589158177375793 0.9640029668807983
1638451973972743988 0.8774549961090088 -0.1305755227804184 0.0 0.0 0.0 0.2592335641384125 0.9658146500587463
1638451974106743813 0.8866887092590332 -0.12530814111232758 0.0 0.0 0.0 0.25297242403030396 0.9674735069274902
1638451974273743868 0.8983269333839417 -0.11889559775590897 0.0 0.0 0.0 0.24515844881534576 0.9694830179214478
1638451974410743952 0.9078899621963501 -0.1138063594698906 0.0 0.0 0.0 0.238982155919075 0.9710239768028259
1638451974575743914 0.9195284247398376 -0.10782498866319656 0.0 0.0 0.0 0.2313433438539505 0.9728721380233765
1638451974708743811 0.9289647340774536 -0.10315384715795517 0.0 0.0 0.0 0.22381144762039185 0.9746324419975281
1638451974876689911 0.9410680532455444 -0.09748850017786026 0.0 0.0 0.0 0.2093847393989563 0.9778333306312561
16384519759690046 0.9508651494979858 -0.09329922497272491 0.0 0.0 0.0 0.19063517451286316 0.9816609621047974
1638451975208689928 0.9657624959945679 -0.08791430294513702 0.0 0.0 0.0 0.15366113185882568 0.9881235957145691
1638451975375689983 0.978570282459259 -0.08428855985403061 0.0 0.0 0.0 0.12071479856967926 0.9926872253417969
1638451975509690046 0.9888256192207336 -0.08202162384986877 0.0 0.0 0.0 0.09585722535848618 0.9953950643539429
1638451975708689928 1.0044294595718384 -0.07960356026887894 0.0 0.0 0.0 0.05745367705821991 0.9983481764793396
1638451975875689983 1.0176701545715332 -0.07851045578718185 0.0 0.0 0.0 0.02501782588660717 0.9996870160102844
16384519768689880 1.028220534324646 -0.07825365662574768 0.0 0.0 0.0 -0.0004468355036806315 0.9999998807907104
1638451976175689936 1.0414483547210693 -0.07869789004325867 0.0 0.0 0.0 -0.03324124962091446 0.9994473457336426
1638451976376689911 1.0572751760482788 -0.08038419485092163 0.0 0.0 0.0 -0.07251997292041779 0.9973669648170471
1638451976509690046 1.0677740573883057 -0.0821998342871666 0.0 0.0 0.0 -0.09850214421749115 0.9951368570327759
1638451976677690029 1.0808570384979248 -0.08526696264743805 0.0 0.0 0.0 -0.13108958303928375 0.9913704991340637
1638451976812690020 1.0910917520523071 -0.0883185938000679 0.0 0.0 0.0 -0.15740327537059784 0.9875344038009644
1638451976978689909 1.1034131050109863 -0.09279337525367737 0.0 0.0 0.0 -0.1889643520116806 0.9819839596748352
1638451977112689972 1.1131340265274048 -0.09696660190820694 0.0 0.0 0.0 -0.21378172934055328 0.9768814444541931
1638451977263718128 1.1248626708984375 -0.1028214618563652 0.0 0.0 0.0 -0.24516239762306213 0.9694820046424866
1638451977466717958 1.1387336254119873 -0.11103232204914093 0.0 0.0 0.0 -0.2828093469142914 0.9591761231422424
1638451977598717928 1.1474502086639404 -0.1169821247458458 0.0 0.0 0.0 -0.3071228265762329 0.9516698718070984
1638451977778717995 1.1586275100708008 -0.12565241754055023 0.0 0.0 0.0 -0.3400898873806 0.9403929114341736
1638451977978718042 1.170465350151062 -0.13632972538471222 0.0 0.0 0.0 -0.3767199218273163 0.9263272285461426
1638451978179718018 1.181592345237732 -0.14806188642978668 0.0 0.0 0.0 -0.41268956661224365 0.9108717441558838
1638451978313718081 1.1884233951568604 -0.1562715768814087 0.0 0.0 0.0 -0.4367337226867676 0.8995908498764038
1638451978480718136 1.196218729019165 -0.16684211790561676 0.0 0.0 0.0 -0.4650021195411682 0.8853095769882202
1638451978645718098 1.2033191919326782 -0.177891343832016 0.0 0.0 0.0 -0.49360907077789307 0.8696839213371277
1638451978812717915 1.209790587425232 -0.18955251574516296 0.0 0.0 0.0 -0.5210894346237183 0.853502094745636
1638451978977718115 1.21537446975708 -0.20135650038719177 0.0 0.0 0.0 -0.548453152179718 0.8361812829971313
1638451979176717997 1.221115231513977 -0.21612021327018738 0.0 0.0 0.0 -0.5804562568664551 0.8142914175987244
1638451979376718044 1.2259389162063599 -0.23216216266155243 0.0 0.0 0.0 -0.6118983030319214 0.7909364104270935
1638451979577718019 1.2299630641937256 -0.2508123517036438 0.0 0.0 0.0 -0.6432416439056396 0.765663206577301
1638451979777248859 1.232688546180725 -0.2705915868282318 0.0 0.0 0.0 -0.6697580814361572 0.7425793409347534
1638451979977248907 1.2341883182525635 -0.2904779016971588 0.0 0.0 0.0 -0.6885792016983032 0.7251611351966858
1638451980111248970 1.234700322151184 -0.3037051260471344 0.0 0.0 0.0 -0.69790118932724 0.7161940336227417
1638451980246248960 1.2348780632019043 -0.3171941936016083 0.0 0.0 0.0 -0.7068385481834412 0.7073748707771301
1638451980399249077 1.234667420387268 -0.33240392804145813 0.0 0.0 0.0 -0.7171300053596497 0.6969394087791443
1638451980563248873 1.2339471578598022 -0.3487381041049957 0.0 0.0 0.0 -0.7282178401947021 0.6853457689285278
1638451980729249001 1.2326897382736206 -0.365217387676239 0.0 0.0 0.0 -0.738986611366272 0.673720121383667
1638451980929249048 1.2305434942245483 -0.3849439322948456 0.0 0.0 0.0 -0.7484354972839355 0.6632075905799866
163845198197249031 1.2283998727798462 -0.40156179666519165 0.0 0.0 0.0 -0.7529600858688354 0.6580662131309509
1638451981265249014 1.226134181022644 -0.4182146489620209 0.0 0.0 0.0 -0.7534462809562683 0.657509446144104
1638451981396249056 1.2243528366088867 -0.4311784505844116 0.0 0.0 0.0 -0.7539164423942566 0.6569703221321106
1638451981567249060 1.2220276594161987 -0.44797638058662415 0.0 0.0 0.0 -0.7539801001548767 0.656897246837616
1638451981704248905 1.2201764583587646 -0.4613393545150757 0.0 0.0 0.0 -0.7540832757949829 0.6567788124084473
1638451981909249067 1.217403769493103 -0.4815504550933838 0.0 0.0 0.0 -0.7524275779724121 0.658674955368042
163845198276248884 1.2153000831604004 -0.4983008801937103 0.0 0.0 0.0 -0.7465841770172119 0.6652909517288208
1638451982276092052 1.2133681774139404 -0.5182777643203735 0.0 0.0 0.0 -0.733199954032898 0.680013120174408
1638451982455091953 1.2124816179275513 -0.5360978841781616 0.0 0.0 0.0 -0.715349018573761 0.6987673044204712
1638451982623091936 1.2124934196472168 -0.5526495575904846 0.0 0.0 0.0 -0.69825679063797 0.715847373008728
1638451982757091999 1.2130857706069946 -0.5659235715866089 0.0 0.0 0.0 -0.6836549043655396 0.7298054099082947
1638451982957092047 1.2150704860687256 -0.5855105519294739 0.0 0.0 0.0 -0.6566072702407837 0.75423264503479
1638451983156091928 1.2185090780258179 -0.604817807674408 0.0 0.0 0.0 -0.627460241317749 0.7786486148834229
1638451983321091890 1.2225250005722046 -0.6207954287528992 0.0 0.0 0.0 -0.6017205119132996 0.7987067103385925
1638451983454092026 1.2264745235443115 -0.6333490014076233 0.0 0.0 0.0 -0.5814274549484253 0.8135982751846313
1638451983622092009 1.232425570487976 -0.6490364074707031 0.0 0.0 0.0 -0.5555616021156311 0.8314753770828247
1638451983820091963 1.2405529022216797 -0.6670807600021362 0.0 0.0 0.0 -0.5307444930076599 0.8475318551063538
163845198419091845 1.2496790885925293 -0.6845841407775879 0.0 0.0 0.0 -0.506373941898346 0.862313985824585
1638451984219091892 1.2598018646240234 -0.7015599608421326 0.0 0.0 0.0 -0.48100215196609497 0.8767194151878357
1638451984421092033 1.271082878112793 -0.7181885838508606 0.0 0.0 0.0 -0.45615074038505554 0.8899025321006775
1638451984554091930 1.278913140296936 -0.7287670969963074 0.0 0.0 0.0 -0.4441746473312378 0.8959402441978455
1638451984720092058 1.2890774011611938 -0.7417028546333313 0.0 0.0 0.0 -0.4306160807609558 0.9025352001190186
1638451984900897980 1.299805760383606 -0.7546719908714294 0.0 0.0 0.0 -0.422355592250824 0.9064302444458008
163845198568897963 1.3106273412704468 -0.7674644589424133 0.0 0.0 0.0 -0.42042869329452515 0.9073255658149719
1638451985200897932 1.319140076637268 -0.7775024175643921 0.0 0.0 0.0 -0.4200126826763153 0.9075182676315308
1638451985368897915 1.3301045894622803 -0.7904059886932373 0.0 0.0 0.0 -0.41974321007728577 0.9076429009437561
1638451985503897905 1.338813066482544 -0.8006428480148315 0.0 0.0 0.0 -0.4193105101585388 0.9078428745269775
1638451985669898033 1.3495349884033203 -0.8133206367492676 0.0 0.0 0.0 -0.42322269082069397 0.9060257077217102
1638451985802897930 1.3579392433166504 -0.8235151171684265 0.0 0.0 0.0 -0.43039101362228394 0.902642548084259
1638451985969897985 1.3681893348693848 -0.8365763425827026 0.0 0.0 0.0 -0.4453471004962921 0.8953580260276794
1638451986171897888 1.3798109292984009 -0.8528442978858948 0.0 0.0 0.0 -0.4707746207714081 0.8822535276412964
1638451986306897879 1.3870435953140259 -0.8642306923866272 0.0 0.0 0.0 -0.49279558658599854 0.8701450824737549
1638451986472898006 1.3950361013412476 -0.8787223696708679 0.0 0.0 0.0 -0.524702250957489 0.8512858152389526
1638451986606898069 1.4006456136703491 -0.8908771872520447 0.0 0.0 0.0 -0.5537110567092896 0.8327088952064514
1638451986773897886 1.4062875509262085 -0.9063788652420044 0.0 0.0 0.0 -0.5929230451583862 0.805259108543396
1638451986976897955 1.4110538959503174 -0.9260188937187195 0.0 0.0 0.0 -0.6433371901512146 0.7655829787254333
1638451987109898090 1.41275954246521 -0.9392184019088745 0.0 0.0 0.0 -0.6767604351043701 0.7362033128738403
1638451987301569939 1.413085699081421 -0.9592223167419434 0.0 0.0 0.0 -0.7250078916549683 0.6887405514717102
1638451987469569921 1.411276936531067 -0.9760239124298096 0.0 0.0 0.0 -0.7630465626716614 0.6463435292243958
1638451987602570057 1.4085112810134888 -0.9890685677528381 0.0 0.0 0.0 -0.7912138104438782 0.6115396022796631
1638451987782570124 1.4030601978302002 -1.0059969425201416 0.0 0.0 0.0 -0.8244537115097046 0.5659293532371521
1638451987984570026 1.3946983814239502 -1.0243699550628662 0.0 0.0 0.0 -0.856757640838623 0.5157192349433899
1638451988154570103 1.3861842155456543 -1.0388834476470947 0.0 0.0 0.0 -0.8778969049453735 0.47884970903396606
1638451988320569992 1.3766820430755615 -1.0524013042449951 0.0 0.0 0.0 -0.8967003226280212 0.4426381587982178
1638451988454570055 1.3682103157043457 -1.0627342462539673 0.0 0.0 0.0 -0.9107598066329956 0.4129365086555481
1638451988621570110 1.3566958904266357 -1.0748308897018433 0.0 0.0 0.0 -0.9270095229148865 0.3750377595424652
1638451988755569935 1.346774935722351 -1.0838191509246826 0.0 0.0 0.0 -0.938751220703125 0.34459567070007324
1638451988922569990 1.3338596820831299 -1.0939639806747437 0.0 0.0 0.0 -0.9507001042366028 0.3101118505001068
163845198954569960 1.3230786323547363 -1.1014225482940674 0.0 0.0 0.0 -0.958240807056427 0.2859625518321991
1638451989223570108 1.3087899684906006 -1.1101198196411133 0.0 0.0 0.0 -0.9671112895011902 0.2543535530567169
1638451989356570005 1.2971514463424683 -1.1163713932037354 0.0 0.0 0.0 -0.9722664952278137 0.23387567698955536
1638451989524569988 1.2822332382202148 -1.1235407590866089 0.0 0.0 0.0 -0.977507472038269 0.21090087294578552
1638451989657570124 1.270114541053772 -1.1288026571273804 0.0 0.0 0.0 -0.9804688692092896 0.19667422771453857
1638451989807269096 1.2573162317276 -1.1339480876922607 0.0 0.0 0.0 -0.9830646514892578 0.1832590401172638
1638451989974268913 1.2416212558746338 -1.13974130153656 0.0 0.0 0.0 -0.9855718016624451 0.16925780475139618
1638451990107269049 1.2289941310882568 -1.144118070602417 0.0 0.0 0.0 -0.9864232540130615 0.16422273218631744
1638451990272269011 1.213354229927063 -1.1494622230529785 0.0 0.0 0.0 -0.9865044355392456 0.16373448073863983
1638451990410269022 1.2003971338272095 -1.1538907289505005 0.0 0.0 0.0 -0.9864932894706726 0.16380174458026886
1638451990575268984 1.1848520040512085 -1.1591994762420654 0.0 0.0 0.0 -0.9865201711654663 0.16363957524299622
1638451990709269047 1.1722276210784912 -1.163506031036377 0.0 0.0 0.0 -0.9864991307258606 0.16376645863056183
1638451990877269030 1.1564173698425293 -1.1689772605895996 0.0 0.0 0.0 -0.985608696937561 0.16904279589653015
163845199179268932 1.1376104354858398 -1.175840973854065 0.0 0.0 0.0 -0.9836357235908508 0.1801687628030777
1638451991211268902 1.1253994703292847 -1.1806139945983887 0.0 0.0 0.0 -0.9816409349441528 0.19073814153671265
1638451991379268885 1.1100512742996216 -1.1871421337127686 0.0 0.0 0.0 -0.9777591228485107 0.20973090827465057
1638451991514268875 1.0980873107910156 -1.192805528640747 0.0 0.0 0.0 -0.9733310341835022 0.22940514981746674
1638451991680269003 1.083486557006836 -1.2006527185440063 0.0 0.0 0.0 -0.9656487107276917 0.25985097885131836
1638451991814269066 1.0720877647399902 -1.2077215909957886 0.0 0.0 0.0 -0.9573236107826233 0.2890182435512543
1638451991981268883 1.0583674907684326 -1.2176376581192017 0.0 0.0 0.0 -0.9451553225517273 0.3266211450099945
1638451992148268938 1.0458756685256958 -1.228298306465149 0.0 0.0 0.0 -0.9312225580215454 0.36445096135139465
1638451992304942846 1.0337677001953125 -1.2404522895812988 0.0 0.0 0.0 -0.9152618050575256 0.40285950899124146
1638451992473942995 1.022963523864746 -1.253220796585083 0.0 0.0 0.0 -0.8986743092536926 0.4386166036128998
1638451992674942970 1.0114190578460693 -1.2696000337600708 0.0 0.0 0.0 -0.8764305114746094 0.4815283715724945
1638451992807942867 1.0041559934616089 -1.2818574905395508 0.0 0.0 0.0 -0.8610009551048279 0.5086033344268799
1638451992945942879 0.9970030188560486 -1.2959638833999634 0.0 0.0 0.0 -0.8426666259765625 0.538435697555542
1638451993144942999 0.9877990484237671 -1.318660020828247 0.0 0.0 0.0 -0.8154428601264954 0.5788375735282898
1638451993311942816 0.9815584421157837 -1.3391109704971313 0.0 0.0 0.0 -0.7912430763244629 0.6115018129348755
1638451993478942871 0.9769385457038879 -1.3601951599121094 0.0 0.0 0.0 -0.7663812041282654 0.6423860192298889
1638451993610942841 0.9743852615356445 -1.3778529167175293 0.0 0.0 0.0 -0.7456364035606384 0.6663530468940735
1638451993776942968 0.9727004766464233 -1.4008947610855103 0.0 0.0 0.0 -0.7193281054496765 0.6946704983711243
1638451993975942850 0.9730061292648315 -1.4288274049758911 0.0 0.0 0.0 -0.6884121298789978 0.7253197431564331
1638451994143942833 0.975038468837738 -1.4522490501403809 0.0 0.0 0.0 -0.6639888882637024 0.7477424144744873
1638451994309942961 0.9785051941871643 -1.475015640258789 0.0 0.0 0.0 -0.6399033665657043 0.7684553861618042
1638451994475942850 0.9832987189292908 -1.4976192712783813 0.0 0.0 0.0 -0.61969393491745 0.7848435640335083
1638451994677942991 0.9905998706817627 -1.5247187614440918 0.0 0.0 0.0 -0.5970209836959839 0.8022255897521973
1638451994862682104 0.9978966116905212 -1.5471229553222656 0.0 0.0 0.0 -0.5786496996879578 0.8155761957168579
163845199529682159 1.005967140197754 -1.5688834190368652 0.0 0.0 0.0 -0.5644911527633667 0.8254390954971313
1638451995163681984 1.0130082368850708 -1.5863207578659058 0.0 0.0 0.0 -0.5538299679756165 0.8326297998428345
1638451995301681995 1.0207332372665405 -1.6041303873062134 0.0 0.0 0.0 -0.5439095497131348 0.8391438722610474
1638451995468682051 1.0305150747299194 -1.6254010200500488 0.0 0.0 0.0 -0.535890519618988 0.8442875146865845
1638451995603682041 1.0386098623275757 -1.6423474550247192 0.0 0.0 0.0 -0.5307738780975342 0.8475134968757629
1638451995773682117 1.049159049987793 -1.663672685623169 0.0 0.0 0.0 -0.5241718888282776 0.8516125082969666
1638451995908682108 1.0577136278152466 -1.6803631782531738 0.0 0.0 0.0 -0.5189165472984314 0.8548249006271362
163845199675681925 1.0685570240020752 -1.70082688331604 0.0 0.0 0.0 -0.5130809545516968 0.8583402037620544
1638451996213681936 1.0776325464248657 -1.7175862789154053 0.0 0.0 0.0 -0.511225700378418 0.8594465255737305
1638451996381682158 1.0888437032699585 -1.7382550239562988 0.0 0.0 0.0 -0.511951208114624 0.8590145111083984
1638451996516682148 1.0978167057037354 -1.7549548149108887 0.0 0.0 0.0 -0.5149430632591248 0.8572244048118591
1638451996648682117 1.1063913106918335 -1.7713783979415894 0.0 0.0 0.0 -0.5220716595649719 0.8529016375541687
1638451996815681934 1.1166797876358032 -1.7923232316970825 0.0 0.0 0.0 -0.5363931059837341 0.8439682722091675
1638451996951682091 1.1243915557861328 -1.8095850944519043 0.0 0.0 0.0 -0.5524533987045288 0.8335437774658203
1638451997119682074 1.133044719696045 -1.8314735889434814 0.0 0.0 0.0 -0.5723266005516052 0.8200257420539856
1638451997252681971 1.1391363143920898 -1.8490501642227173 0.0 0.0 0.0 -0.5875998139381409 0.8091517090797424
1638451997424695015 1.1459646224975586 -1.8719182014465332 0.0 0.0 0.0 -0.6070539951324463 0.7946605682373047
1638451997559695005 1.1505552530288696 -1.8901280164718628 0.0 0.0 0.0 -0.6221746206283569 0.7828785181045532
1638451997724695206 1.1552214622497559 -1.912577748298645 0.0 0.0 0.0 -0.6402618288993835 0.7681567668914795
1638451997857695103 1.1582200527191162 -1.930859923362732 0.0 0.0 0.0 -0.6547288298606873 0.7558638453483582
163845199822695065 1.1609407663345337 -1.9535506963729858 0.0 0.0 0.0 -0.6723954677581787 0.7401920557022095
1638451998221695185 1.1628299951553345 -1.9815020561218262 0.0 0.0 0.0 -0.6931114792823792 0.7208304405212402
1638451998353695154 1.163189172744751 -2.0000503063201904 0.0 0.0 0.0 -0.707236111164093 0.7069774270057678
1638451998485695124 1.1628233194351196 -2.018421173095703 0.0 0.0 0.0 -0.7206270694732666 0.6933228969573975
1638451998652695179 1.1613627672195435 -2.0417098999023438 0.0 0.0 0.0 -0.7369450926780701 0.6759526133537292
1638451998817695141 1.1588151454925537 -2.0647521018981934 0.0 0.0 0.0 -0.752876877784729 0.6581614017486572
1638451998950695038 1.1559771299362183 -2.0830600261688232 0.0 0.0 0.0 -0.7655382752418518 0.643390417098999
163845199982695007 1.1524685621261597 -2.1010961532592773 0.0 0.0 0.0 -0.7778387069702148 0.6284639835357666
1638451999284695148 1.1456959247589111 -2.1286189556121826 0.0 0.0 0.0 -0.7956212162971497 0.605794370174408
1638451999416695118 1.1405388116836548 -2.1462817192077637 0.0 0.0 0.0 -0.8037643432617188 0.5949477553367615
1638451999549695015 1.1348905563354492 -2.16408634185791 0.0 0.0 0.0 -0.8096909523010254 0.5868565440177917
1638451999720695019 1.127384901046753 -2.1863694190979004 0.0 0.0 0.0 -0.8136207461357117 0.5813959240913391
1638451999868185043 1.119905710220337 -2.2081542015075684 0.0 0.0 0.0 -0.8135508894920349 0.5814937353134155
16384520002185106 1.1139355897903442 -2.225853681564331 0.0 0.0 0.0 -0.8107852339744568 0.5853437185287476
1638452000169185162 1.106781005859375 -2.2480392456054688 0.0 0.0 0.0 -0.805889904499054 0.5920653939247131
1638452000370185137 1.0986264944076538 -2.274977207183838 0.0 0.0 0.0 -0.8000075221061707 0.5999899506568909
1638452000570185184 1.0910193920135498 -2.3019957542419434 0.0 0.0 0.0 -0.7943106293678284 0.6075118184089661
1638452000772185087 1.0839030742645264 -2.329252243041992 0.0 0.0 0.0 -0.788433313369751 0.6151202321052551
1638452000906185150 1.0794342756271362 -2.347545623779297 0.0 0.0 0.0 -0.7846479415893555 0.6199415922164917
163845200171185112 1.0743051767349243 -2.3698959350585938 0.0 0.0 0.0 -0.7797932028770447 0.6260371804237366
1638452001274185181 1.0684823989868164 -2.3974318504333496 0.0 0.0 0.0 -0.7738416194915771 0.6333791613578796
1638452001407185078 1.0649389028549194 -2.4156172275543213 0.0 0.0 0.0 -0.7696711421012878 0.6384404897689819
1638452001574185133 1.0607916116714478 -2.4386844635009766 0.0 0.0 0.0 -0.7646113038063049 0.6444917321205139
1638452001775185108 1.056338906288147 -2.4665513038635254 0.0 0.0 0.0 -0.7563371658325195 0.6541820168495178
1638452001974185228 1.0528546571731567 -2.4941213130950928 0.0 0.0 0.0 -0.7438763380050659 0.6683173179626465
1638452002178185225 1.0503854751586914 -2.522334337234497 0.0 0.0 0.0 -0.7306843996047974 0.6827154159545898
1638452002312759161 1.049362301826477 -2.540832757949829 0.0 0.0 0.0 -0.7219290733337402 0.6919670701026917
1638452002445759058 1.048806071281433 -2.5594019889831543 0.0 0.0 0.0 -0.7132731080055237 0.7008861899375916
1638452002612759113 1.0487481355667114 -2.5826363563537598 0.0 0.0 0.0 -0.7025073766708374 0.7116764187812805
1638452002747759104 1.049223780632019 -2.6015117168426514 0.0 0.0 0.0 -0.693653404712677 0.7203088998794556
1638452002914759159 1.0504957437515259 -2.6249899864196777 0.0 0.0 0.0 -0.6819977760314941 0.7313542366027832
1638452003118759155 1.0531071424484253 -2.6533682346343994 0.0 0.0 0.0 -0.6663652062416077 0.7456254959106445
1638452003252758980 1.055428385734558 -2.671800136566162 0.0 0.0 0.0 -0.6565613150596619 0.7542726397514343
1638452003419759035 1.059047818183899 -2.695007085800171 0.0 0.0 0.0 -0.6441542506217957 0.7648956179618835
1638452003625759125 1.0644311904907227 -2.722966432571411 0.0 0.0 0.0 -0.629350483417511 0.7771216034889221
1638452003824759007 1.0707083940505981 -2.749985933303833 0.0 0.0 0.0 -0.6146642565727234 0.7887888550758362
163845200425758982 1.0780736207962036 -2.777017593383789 0.0 0.0 0.0 -0.5996209383010864 0.8002841472625732
1638452004226758957 1.086537480354309 -2.8040714263916016 0.0 0.0 0.0 -0.5857226252555847 0.810511589050293
1638452004361758947 1.0925761461257935 -2.8219077587127686 0.0 0.0 0.0 -0.5802592039108276 0.8144318461418152
1638452004582759142 1.1026601791381836 -2.851066827774048 0.0 0.0 0.0 -0.5826706290245056 0.8127084374427795
1638452004748759031 1.1098755598068237 -2.8729665279388428 0.0 0.0 0.0 -0.5909482836723328 0.8067094087600708
1638452004924085140 1.1165934801101685 -2.8953936100006104 0.0 0.0 0.0 -0.6032655835151672 0.7975403666496277
1638452005127084970 1.1236522197723389 -2.922715187072754 0.0 0.0 0.0 -0.6225649118423462 0.7825681567192078
1638452005262084961 1.127505898475647 -2.9410688877105713 0.0 0.0 0.0 -0.6383867263793945 0.7697157859802246
1638452005430084944 1.1311167478561401 -2.964324951171875 0.0 0.0 0.0 -0.6634108424186707 0.7482553720474243
1638452005602085114 1.1330387592315674 -2.988210678100586 0.0 0.0 0.0 -0.6936840415000916 0.7202794551849365
1638452005769084930 1.1328723430633545 -3.011538505554199 0.0 0.0 0.0 -0.7262868881225586 0.6873916983604431
1638452005970085144 1.1297005414962769 -3.0393614768981934 0.0 0.0 0.0 -0.765191912651062 0.6438022255897522
1638452006104084969 1.1257636547088623 -3.057745933532715 0.0 0.0 0.0 -0.7901156544685364 0.6129578351974487
1638452006271085024 1.1188817024230957 -3.080061674118042 0.0 0.0 0.0 -0.8190822005271912 0.5736761689186096
1638452006403084993 1.1119166612625122 -3.097198247909546 0.0 0.0 0.0 -0.8401409387588501 0.5423681735992432
1638452006573085070 1.1010438203811646 -3.1183786392211914 0.0 0.0 0.0 -0.8658009767532349 0.500388503074646
1638452006706084967 1.0911165475845337 -3.134136438369751 0.0 0.0 0.0 -0.8850060701370239 0.46557945013046265
1638452006873085022 1.0770423412322998 -3.152677059173584 0.0 0.0 0.0 -0.9060289263725281 0.42321571707725525
163845200739085150 1.0613124370574951 -3.1696970462799072 0.0 0.0 0.0 -0.9256430864334106 0.3783978223800659
1638452007204085112 1.0442346334457397 -3.184950113296509 0.0 0.0 0.0 -0.9427087306976318 0.33361688256263733
1638452007413672924 1.0208097696304321 -3.2017269134521484 0.0 0.0 0.0 -0.9605828523635864 0.27799394726753235
1638452007580672979 1.0003643035888672 -3.2133238315582275 0.0 0.0 0.0 -0.9728274941444397 0.2315310835838318
1638452007713672876 0.9836829900741577 -3.2209601402282715 0.0 0.0 0.0 -0.981137216091156 0.19331252574920654
1638452007878672838 0.9619415402412415 -3.2286911010742188 0.0 0.0 0.0 -0.9892101287841797 0.14650361239910126
163845200846672821 0.9392622113227844 -3.2343645095825195 0.0 0.0 0.0 -0.9951486587524414 0.09838264435529709
1638452008220672846 0.9153581261634827 -3.2378830909729004 0.0 0.0 0.0 -0.9988369941711426 0.04821417108178139
1638452008420672894 0.8967950344085693 -3.2383475303649902 0.0 0.0 0.0 0.9999659657478333 0.00825236365199089
1638452008552672863 0.8783504962921143 -3.2373292446136475 0.0 0.0 0.0 0.9989067316055298 0.046747881919145584
1638452008754673004 0.8505868315696716 -3.233126163482666 0.0 0.0 0.0 0.9946275353431702 0.10351838916540146
1638452008921672821 0.8280901312828064 -3.2272486686706543 0.0 0.0 0.0 0.988436222076416 0.15163704752922058
163845200954672956 0.8106563687324524 -3.221064329147339 0.0 0.0 0.0 0.9822525978088379 0.187562957406044
1638452009222672939 0.7893487811088562 -3.2113826274871826 0.0 0.0 0.0 0.9720072746276855 0.23495064675807953
1638452009356673002 0.772956371307373 -3.2021749019622803 0.0 0.0 0.0 0.9624507427215576 0.27145636081695557
1638452009559672832 0.7496336698532104 -3.186126470565796 0.0 0.0 0.0 0.9471266865730286 0.3208598792552948
1638452009726672888 0.7316777110099792 -3.17134690284729 0.0 0.0 0.0 0.9354686737060547 0.3534095883369446
1638452009919697046 0.7111786603927612 -3.1519575119018555 0.0 0.0 0.0 0.9232618808746338 0.38417118787765503
163845201084697008 0.6952317357063293 -3.135235071182251 0.0 0.0 0.0 0.9159286618232727 0.401341050863266
1638452010251697063 0.6795282959938049 -3.1178364753723145 0.0 0.0 0.0 0.9120334982872009 0.41011568903923035
1638452010417696953 0.664248526096344 -3.100432872772217 0.0 0.0 0.0 0.910490095615387 0.4135308265686035
1638452010618696928 0.6457548141479492 -3.0794179439544678 0.0 0.0 0.0 0.9129272699356079 0.4081222712993622
1638452010750696898 0.6334446668624878 -3.065946578979492 0.0 0.0 0.0 0.9173390865325928 0.3981068432331085
1638452010952697039 0.6138088703155518 -3.0458922386169434 0.0 0.0 0.0 0.92685467004776 0.37542030215263367
1638452011120697021 0.5965541005134583 -3.0300724506378174 0.0 0.0 0.0 0.9372861385345459 0.34856081008911133
1638452011324697018 0.5740987062454224 -3.0122504234313965 0.0 0.0 0.0 0.9513728022575378 0.3080417811870575
1638452011522696972 0.5508782267570496 -2.997189998626709 0.0 0.0 0.0 0.9665085077285767 0.2566346526145935
1638452011724696875 0.5256357192993164 -2.9849021434783936 0.0 0.0 0.0 0.981654703617096 0.19066722691059113
1638452011924696922 0.4992750585079193 -2.976245403289795 0.0 0.0 0.0 0.9921536445617676 0.125024676322937
1638452012126697063 0.471664160490036 -2.9711711406707764 0.0 0.0 0.0 0.9984355568885803 0.055914506316185
1638452012258697033 0.45308375358581543 -2.969916343688965 0.0 0.0 0.0 0.9999356865882874 0.01133866235613823
1638452012464904070 0.4336441159248352 -2.9705357551574707 0.0 0.0 0.0 -0.9981980323791504 0.0600060299038887
1638452012665904045 0.40628698468208313 -2.9757297039031982 0.0 0.0 0.0 -0.9918234348297119 0.12761786580085754
1638452012864903927 0.37944865226745605 -2.9847137928009033 0.0 0.0 0.0 -0.9811417460441589 0.19328971207141876
163845201365904140 0.3528224229812622 -2.99774432182312 0.0 0.0 0.0 -0.9665440320968628 0.2565007507801056
1638452013204904079 0.33501771092414856 -3.0089776515960693 0.0 0.0 0.0 -0.954429566860199 0.29843634366989136
1638452013371904135 0.31449151039123535 -3.0247864723205566 0.0 0.0 0.0 -0.9387044906616211 0.3447228968143463
1638452013570904016 0.2915172874927521 -3.0465917587280273 0.0 0.0 0.0 -0.9191104769706726 0.39399996399879456
1638452013704904079 0.2773965299129486 -3.062380313873291 0.0 0.0 0.0 -0.9068047404289246 0.42155084013938904
1638452013871904135 0.2608354985713959 -3.0834178924560547 0.0 0.0 0.0 -0.8925241827964783 0.45099958777427673
163845201476904058 0.2422056943178177 -3.1105027198791504 0.0 0.0 0.0 -0.8781527876853943 0.4783802628517151
1638452014249904156 0.22774408757686615 -3.133817434310913 0.0 0.0 0.0 -0.870545506477356 0.4920879006385803
1638452014451904058 0.2113983929157257 -3.161524772644043 0.0 0.0 0.0 -0.8667317628860474 0.49877455830574036
1638452014616904020 0.19812168180942535 -3.1841955184936523 0.0 0.0 0.0 -0.8691716194152832 0.4945105314254761
1638452014754904032 0.18678498268127441 -3.2029550075531006 0.0 0.0 0.0 -0.8731294274330139 0.48748841881752014
1638452014904990911 0.1754857301712036 -3.2208447456359863 0.0 0.0 0.0 -0.8788291811943054 0.4771365523338318
163845201572990894 0.16043132543563843 -3.2430503368377686 0.0 0.0 0.0 -0.8887596130371094 0.4583735466003418
1638452015204990864 0.1478215903043747 -3.2600722312927246 0.0 0.0 0.0 -0.8975858688354492 0.4408397078514099
1638452015372990847 0.1307668834924698 -3.2807776927948 0.0 0.0 0.0 -0.9113268852233887 0.4116835296154022
1638452015606990814 0.10466776043176651 -3.3074119091033936 0.0 0.0 0.0 -0.9324493408203125 0.3613007366657257
1638452015774990797 0.08418645709753036 -3.324652671813965 0.0 0.0 0.0 -0.9464470148086548 0.32285916805267334
1638452015906990767 0.06706618517637253 -3.3370392322540283 0.0 0.0 0.0 -0.9562521576881409 0.2925436794757843
163845201676990843 0.04401905834674835 -3.351248264312744 0.0 0.0 0.0 -0.9675266742706299 0.25276902318000793
1638452016209990978 0.025155281648039818 -3.361048460006714 0.0 0.0 0.0 -0.9751667976379395 0.22147172689437866
1638452016376990795 0.0008390416041947901 -3.37150239944458 0.0 0.0 0.0 -0.9832248687744141 0.18239761888980865
1638452016511990786 -0.01935899257659912 -3.3785252571105957 0.0 0.0 0.0 -0.9885932803153992 0.1506098359823227
1638452016677990913 -0.04479483142495155 -3.3853743076324463 0.0 0.0 0.0 -0.9937344193458557 0.1117670014500618
1638452016850990772 -0.07194141298532486 -3.3903913497924805 0.0 0.0 0.0 -0.9975032210350037 0.07062067091464996
163845201717990828 -0.08799482136964798 -3.3923778533935547 0.0 0.0 0.0 0.9995332956314087 -0.03054744005203247
1638452017184990883 -0.11435586959123611 -3.392914056777954 0.0 0.0 0.0 0.9999456405639648 0.010425811633467674
1638452017317990780 -0.13560853898525238 -3.391784429550171 0.0 0.0 0.0 0.9990711808204651 0.043090544641017914
1638452017461416960 -0.16191966831684113 -3.3884716033935547 0.0 0.0 0.0 0.9965885877609253 0.0825299397110939
1638452017596416950 -0.1830821931362152 -3.3842153549194336 0.0 0.0 0.0 0.9932859539985657 0.11568509787321091
1638452017765417099 -0.2092045098543167 -3.376906156539917 0.0 0.0 0.0 0.9876605868339539 0.156609445810318
1638452017967417002 -0.23930267989635468 -3.3655099868774414 0.0 0.0 0.0 0.979145884513855 0.2031584084033966
1638452018170417070 -0.26833149790763855 -3.3512094020843506 0.0 0.0 0.0 0.968203604221344 0.25016355514526367
1638452018369416952 -0.29528358578681946 -3.3346123695373535 0.0 0.0 0.0 0.9555677175521851 0.2947717010974884
1638452018572417021 -0.3210418224334717 -3.3151497840881348 0.0 0.0 0.0 0.9402296543121338 0.3405410647392273
1638452018774417162 -0.34475716948509216 -3.2933943271636963 0.0 0.0 0.0 0.9227796196937561 0.385328084230423
1638452018978417158 -0.366306334733963 -3.2692880630493164 0.0 0.0 0.0 0.9022335410118103 0.4312478303909302
1638452019177417040 -0.38499054312705994 -3.2437398433685303 0.0 0.0 0.0 0.8802509903907776 0.4745084047317505
1638452019379416943 -0.40129590034484863 -3.216111183166504 0.0 0.0 0.0 0.8559301495552063 0.5170914530754089
1638452019581417084 -0.41490915417671204 -3.1867547035217285 0.0 0.0 0.0 0.8293030858039856 0.5587990283966064
1638452019781417131 -0.4253908395767212 -3.156675100326538 0.0 0.0 0.0 0.8010508418083191 0.5985962748527527
1638452019963597059 -0.4318985044956207 -3.1308627128601074 0.0 0.0 0.0 0.7763793468475342 0.6302659511566162
1638452020131597042 -0.4363117516040802 -3.104560375213623 0.0 0.0 0.0 0.7500128149986267 0.6614232659339905
1638452020309597015 -0.43865513801574707 -3.076216697692871 0.0 0.0 0.0 0.7211731672286987 0.692754864692688
1638452020477596998 -0.4386339485645294 -3.0492935180664062 0.0 0.0 0.0 0.6924490332603455 0.7214668393135071
1638452020643596888 -0.43647176027297974 -3.0229897499084473 0.0 0.0 0.0 0.6629549264907837 0.7486593127250671
1638452020810596943 -0.4323352575302124 -2.996793746948242 0.0 0.0 0.0 0.6369143724441528 0.770934522151947
16384520219596825 -0.42535296082496643 -2.9659409523010254 0.0 0.0 0.0 0.6120597720146179 0.7908114790916443
1638452021175596952 -0.4182489812374115 -2.9406228065490723 0.0 0.0 0.0 0.5964955687522888 0.8026163578033447
1638452021310596943 -0.4117553234100342 -2.920166015625 0.0 0.0 0.0 0.5850154161453247 0.811022162437439
1638452021479596853 -0.4028549790382385 -2.89469575881958 0.0 0.0 0.0 0.5738216042518616 0.81898033618927
1638452021647596836 -0.3934333622455597 -2.8694405555725098 0.0 0.0 0.0 0.5669125318527222 0.8237780332565308
1638452021814596891 -0.38370582461357117 -2.844627618789673 0.0 0.0 0.0 0.5608248710632324 0.8279344439506531
1638452021948596954 -0.3756619095802307 -2.8245646953582764 0.0 0.0 0.0 0.5601553916931152 0.8283875584602356
1638452022116596937 -0.36577653884887695 -2.7995686531066895 0.0 0.0 0.0 0.5658435225486755 0.8245126605033875
1638452022317596912 -0.35480260848999023 -2.7695729732513428 0.0 0.0 0.0 0.5812659859657288 0.8137136101722717
1638452022475170851 -0.34675973653793335 -2.7443251609802246 0.0 0.0 0.0 0.5990264415740967 0.8007292747497559
1638452022675170898 -0.3386685252189636 -2.713716745376587 0.0 0.0 0.0 0.6210342049598694 0.7837834358215332
1638452022874171019 -0.33223631978034973 -2.6824331283569336 0.0 0.0 0.0 0.6422824859619141 0.7664680480957031
163845202374170828 -0.32754549384117126 -2.650611639022827 0.0 0.0 0.0 0.664423942565918 0.7473558783531189
1638452023207170963 -0.32548514008522034 -2.62955379486084 0.0 0.0 0.0 0.6793009638786316 0.7338597774505615
1638452023376170874 -0.32423627376556396 -2.6027324199676514 0.0 0.0 0.0 0.7017651200294495 0.7124084234237671
1638452023508170843 -0.32446813583374023 -2.58193039894104 0.0 0.0 0.0 0.7199042439460754 0.6940734386444092
1638452023673170805 -0.32624080777168274 -2.5558738708496094 0.0 0.0 0.0 0.741105854511261 0.6713881492614746
1638452023875170946 -0.330707311630249 -2.523793935775757 0.0 0.0 0.0 0.7673249840736389 0.6412584781646729
16384520247170916 -0.33500930666923523 -2.5030527114868164 0.0 0.0 0.0 0.7840078473091125 0.6207509636878967
1638452024175170898 -0.3419839143753052 -2.4772815704345703 0.0 0.0 0.0 0.8042480945587158 0.5942937135696411
1638452024375170946 -0.35244837403297424 -2.447324752807617 0.0 0.0 0.0 0.8264532089233398 0.5630053877830505
1638452024575170994 -0.3651106059551239 -2.418198823928833 0.0 0.0 0.0 0.8446134924888611 0.5353765487670898
1638452024776170969 -0.37956368923187256 -2.3894901275634766 0.0 0.0 0.0 0.8569896221160889 0.5153336524963379
1638452024955796003 -0.3928903043270111 -2.365190029144287 0.0 0.0 0.0 0.8634610176086426 0.5044155716896057
1638452025122796059 -0.4062452018260956 -2.341862440109253 0.0 0.0 0.0 0.8664185404777527 0.4993184506893158
1638452025257796049 -0.4169587194919586 -2.323381185531616 0.0 0.0 0.0 0.8661826252937317 0.49972760677337646
1638452025424796104 -0.43025144934654236 -2.3001058101654053 0.0 0.0 0.0 0.8630990982055664 0.5050345659255981
1638452025559796095 -0.4406071901321411 -2.281421661376953 0.0 0.0 0.0 0.8600992560386658 0.5101267695426941
1638452025725795984 -0.45313671231269836 -2.258070945739746 0.0 0.0 0.0 0.8561187386512756 0.5167791843414307
1638452025860795975 -0.4629767835140228 -2.239081382751465 0.0 0.0 0.0 0.8526726365089417 0.522445559501648
163845202661795950 -0.47732120752334595 -2.210259199142456 0.0 0.0 0.0 0.8474997282028198 0.5307958126068115
1638452026229795933 -0.4888140559196472 -2.185821056365967 0.0 0.0 0.0 0.8406063914299011 0.541646420955658
1638452026429795980 -0.5014433860778809 -2.156538963317871 0.0 0.0 0.0 0.8298250436782837 0.5580236315727234
1638452026563796043 -0.5091646909713745 -2.1366219520568848 0.0 0.0 0.0 0.8197698593139648 0.5726931095123291
1638452026761795998 -0.5191550254821777 -2.106766939163208 0.0 0.0 0.0 0.8030951023101807 0.5958508253097534
1638452026929795980 -0.5262343287467957 -2.0810487270355225 0.0 0.0 0.0 0.7877464890480042 0.6159995794296265
163845202762796116 -0.530968964099884 -2.0602450370788574 0.0 0.0 0.0 0.7754940986633301 0.631354808807373
1638452027264796019 -0.5365324020385742 -2.028564929962158 0.0 0.0 0.0 0.7561673521995544 0.6543782353401184
1638452027412662983 -0.5391663312911987 -2.0071887969970703 0.0 0.0 0.0 0.7422682642936707 0.6701028347015381
1638452027580663204 -0.5412189960479736 -1.9806692600250244 0.0 0.0 0.0 0.7254472970962524 0.6882777214050293
1638452027713663101 -0.5419149994850159 -1.959471583366394 0.0 0.0 0.0 0.7117820978164673 0.7024003267288208
1638452027878663063 -0.5416426658630371 -1.9330511093139648 0.0 0.0 0.0 0.6952341198921204 0.7187833786010742
163845202878663111 -0.5399160385131836 -1.9011577367782593 0.0 0.0 0.0 0.681443989276886 0.7318702936172485
1638452028212663174 -0.5382071137428284 -1.8796865940093994 0.0 0.0 0.0 0.6757631897926331 0.7371187806129456
1638452028378663063 -0.5356829166412354 -1.8531036376953125 0.0 0.0 0.0 0.6699144244194031 0.7424383163452148
1638452028513663054 -0.5333573818206787 -1.8317921161651611 0.0 0.0 0.0 0.6654543280601501 0.7464385628700256
1638452028679663181 -0.5301233530044556 -1.805566668510437 0.0 0.0 0.0 0.6595548987388611 0.7516564130783081
1638452028819663048 -0.5270774960517883 -1.7834770679473877 0.0 0.0 0.0 0.6543754935264587 0.7561697959899902
1638452028953663111 -0.523866593837738 -1.762383222579956 0.0 0.0 0.0 0.6491854190826416 0.760630190372467
1638452029118663073 -0.5195326805114746 -1.7365479469299316 0.0 0.0 0.0 0.6429874300956726 0.7658767104148865
1638452029250663042 -0.5157454013824463 -1.715755820274353 0.0 0.0 0.0 0.6385672688484192 0.769565999507904
1638452029418663025 -0.5105575919151306 -1.6892526149749756 0.0 0.0 0.0 0.6327028870582581 0.7743946313858032
1638452029551663160 -0.506163477897644 -1.6682698726654053 0.0 0.0 0.0 0.628385066986084 0.7779024243354797
1638452029730663061 -0.49991482496261597 -1.6403859853744507 0.0 0.0 0.0 0.6216536164283752 0.7832922339439392
1638452029869837046 -0.4937419891357422 -1.6146929264068604 0.0 0.0 0.0 0.6163396835327148 0.7874804139137268
163845203071836948 -0.4857078194618225 -1.5834383964538574 0.0 0.0 0.0 0.6090689301490784 0.7931172847747803
1638452030203837156 -0.48018789291381836 -1.563194990158081 0.0 0.0 0.0 0.6055744290351868 0.7957887053489685
1638452030369837046 -0.47313743829727173 -1.5377811193466187 0.0 0.0 0.0 0.6055998206138611 0.7957693338394165
1638452030501837015 -0.4675999879837036 -1.5174899101257324 0.0 0.0 0.0 0.6085739731788635 0.7934971451759338
1638452030669836998 -0.46087929606437683 -1.4912554025650024 0.0 0.0 0.0 0.6185707449913025 0.7857291102409363
1638452030868837118 -0.45405274629592896 -1.4600802659988403 0.0 0.0 0.0 0.6365429162979126 0.7712412476539612
163845203167837000 -0.44894322752952576 -1.4288616180419922 0.0 0.0 0.0 0.6589595079421997 0.752178430557251
1638452031232836962 -0.44621193408966064 -1.4028874635696411 0.0 0.0 0.0 0.6797575950622559 0.7334368824958801
1638452031397836924 -0.44503721594810486 -1.3765438795089722 0.0 0.0 0.0 0.7023822665214539 0.7117999792098999
1638452031567837000 -0.4455062448978424 -1.3496973514556885 0.0 0.0 0.0 0.7240732908248901 0.689723014831543
1638452031767837048 -0.44827142357826233 -1.3177049160003662 0.0 0.0 0.0 0.7494243383407593 0.6620899438858032
1638452031965837002 -0.45333531498908997 -1.2864298820495605 0.0 0.0 0.0 0.7727932929992676 0.6346578001976013
1638452032132837057 -0.459134578704834 -1.2604446411132812 0.0 0.0 0.0 0.7875139117240906 0.6162968873977661
1638452032298836946 -0.4659860134124756 -1.2351093292236328 0.0 0.0 0.0 0.7999231815338135 0.600102424621582
1638452032455763102 -0.4723258912563324 -1.21428644657135 0.0 0.0 0.0 0.8072233200073242 0.5902461409568787
1638452032622763157 -0.48075875639915466 -1.1889508962631226 0.0 0.0 0.0 0.8142450451850891 0.5805213451385498
1638452032756762981 -0.48786792159080505 -1.1687259674072266 0.0 0.0 0.0 0.8175139427185059 0.5759087800979614
1638452032921762943 -0.49677616357803345 -1.1439292430877686 0.0 0.0 0.0 0.8181141018867493 0.5750558972358704
163845203352762985 -0.5039283037185669 -1.1240419149398804 0.0 0.0 0.0 0.817729115486145 0.5756033062934875
1638452033218763113 -0.5127472877502441 -1.0990792512893677 0.0 0.0 0.0 0.8144599795341492 0.5802197456359863
1638452033351763010 -0.5195531249046326 -1.078937292098999 0.0 0.0 0.0 0.8103348016738892 0.5859671831130981
1638452033517763138 -0.5276325941085815 -1.0538054704666138 0.0 0.0 0.0 0.8055323362350464 0.5925518274307251
1638452033719763041 -0.536894679069519 -1.0229454040527344 0.0 0.0 0.0 0.7991889715194702 0.6010798215866089
1638452033853763103 -0.5426669120788574 -1.002377986907959 0.0 0.0 0.0 0.794867992401123 0.6067823767662048
163845203421763086 -0.5495083928108215 -0.9764359593391418 0.0 0.0 0.0 0.7897915244102478 0.6133754253387451
1638452034154762983 -0.5546175837516785 -0.9558764100074768 0.0 0.0 0.0 0.7857241630554199 0.6185770034790039
1638452034320763111 -0.5606513023376465 -0.9299944639205933 0.0 0.0 0.0 0.7801477313041687 0.6255953311920166
1638452034453763008 -0.5650627017021179 -0.9091190099716187 0.0 0.0 0.0 0.7728059887886047 0.6346423029899597
1638452034657763004 -0.5707308650016785 -0.8772231936454773 0.0 0.0 0.0 0.7597453594207764 0.6502206921577454
1638452034823763132 -0.5744354128837585 -0.8508819341659546 0.0 0.0 0.0 0.7496249079704285 0.6618629097938538
1638452034950827122 -0.5767742395401001 -0.8299033641815186 0.0 0.0 0.0 0.7408193945884705 0.6717042326927185
1638452035118827105 -0.5789379477500916 -0.8033148646354675 0.0 0.0 0.0 0.7297476530075073 0.6837165951728821
1638452035251827002 -0.5800392031669617 -0.782184362411499 0.0 0.0 0.0 0.7210081815719604 0.6929265260696411
1638452035417826891 -0.5806685090065002 -0.7558698654174805 0.0 0.0 0.0 0.7097679972648621 0.7044355273246765
1638452035584826946 -0.5804795622825623 -0.7291685938835144 0.0 0.0 0.0 0.6994403004646301 0.7146910429000854
1638452035817826986 -0.5788679718971252 -0.692024827003479 0.0 0.0 0.0 0.6836205124855042 0.7298376560211182
1638452035953826904 -0.5771851539611816 -0.6702470779418945 0.0 0.0 0.0 0.6747432947158813 0.738052487373352
1638452036153826952 -0.5738266706466675 -0.6383303999900818 0.0 0.0 0.0 0.6644080877304077 0.7473700046539307
1638452036318826914 -0.5705874562263489 -0.6122074127197266 0.0 0.0 0.0 0.661045253276825 0.7503460049629211
1638452036454827070 -0.5678900480270386 -0.5907865762710571 0.0 0.0 0.0 0.6624398827552795 0.7491150498390198
1638452036619827032 -0.5648263692855835 -0.5646680593490601 0.0 0.0 0.0 0.6676669120788574 0.7444601655006409
1638452036817826986 -0.5619415044784546 -0.5334427356719971 0.0 0.0 0.0 0.6810439825057983 0.7322425246238708
163845203717827034 -0.5604623556137085 -0.5014880895614624 0.0 0.0 0.0 0.7007005214691162 0.7134554982185364
1638452037151827097 -0.5605118870735168 -0.47995004057884216 0.0 0.0 0.0 0.7148052453994751 0.6993235349655151
1638452037318826914 -0.5617715120315552 -0.453406423330307 0.0 0.0 0.0 0.7323437333106995 0.6809351444244385
1638452037459573030 -0.5637148022651672 -0.4321848452091217 0.0 0.0 0.0 0.7450814247131348 0.6669734716415405
1638452037627573013 -0.5672873258590698 -0.4058522582054138 0.0 0.0 0.0 0.7612148523330688 0.6484997272491455
1638452037758572817 -0.5709965825080872 -0.3852527439594269 0.0 0.0 0.0 0.7731432914733887 0.6342313885688782
1638452037924572945 -0.5767384171485901 -0.359617680311203 0.0 0.0 0.0 0.7878262996673584 0.6158974766731262
163845203858573008 -0.5823002457618713 -0.3389410376548767 0.0 0.0 0.0 0.7994564175605774 0.6007241010665894
1638452038258572817 -0.5921133756637573 -0.30838873982429504 0.0 0.0 0.0 0.8165814876556396 0.5772301554679871
1638452038425572872 -0.6015470623970032 -0.28365397453308105 0.0 0.0 0.0 0.830085039138794 0.5576367974281311
1638452038557572842 -0.6098297834396362 -0.2643212378025055 0.0 0.0 0.0 0.838962733745575 0.5441888570785522
1638452038757572889 -0.6233159899711609 -0.235647052526474 0.0 0.0 0.0 0.8489550948143005 0.5284649729728699
1638452038923573017 -0.6352093815803528 -0.21219290792942047 0.0 0.0 0.0 0.8545196056365967 0.5194191336631775
163845203954572821 -0.645010769367218 -0.19349730014801025 0.0 0.0 0.0 0.8563768863677979 0.5163512229919434
1638452039220572948 -0.6575233340263367 -0.16979306936264038 0.0 0.0 0.0 0.8560677766799927 0.5168635845184326
1638452039422572851 -0.6723418831825256 -0.14112591743469238 0.0 0.0 0.0 0.851272702217102 0.5247235298156738
1638452039555572987 -0.6816731691360474 -0.12207892537117004 0.0 0.0 0.0 0.8451957702636719 0.5344569087028503
1638452039721572876 -0.6925468444824219 -0.09799744188785553 0.0 0.0 0.0 0.8342275619506836 0.551420271396637
1638452039909125090 -0.7040437459945679 -0.06831110268831253 0.0 0.0 0.0 0.8145597577095032 0.5800796747207642
163845204076125145 -0.7113059759140015 -0.04465204104781151 0.0 0.0 0.0 0.792371392250061 0.6100389957427979
1638452040209125042 -0.7116607427597046 -0.04327977076172829 0.0 0.0 0.0 0.7888730764389038 0.6145561337471008
1638452040378124952 -0.7117041349411011 -0.04310799762606621 0.0 0.0 0.0 0.7884817719459534 0.6150581240653992
1638452040545125008 -0.7117284536361694 -0.043009720742702484 0.0 0.0 0.0 0.7832170128822327 0.6217484474182129
1638452040713124990 -0.7117279767990112 -0.04300960898399353 0.0 0.0 0.0 0.7730200290679932 0.6343816518783569
1638452040846125126 -0.7117268443107605 -0.04300940781831741 0.0 0.0 0.0 0.7617892026901245 0.6478250026702881
163845204111125088 -0.7117361426353455 -0.04295959696173668 0.0 0.0 0.0 0.7440842986106873 0.6680857539176941
1638452041210124969 -0.7117442488670349 -0.042884018272161484 0.0 0.0 0.0 0.7178962230682373 0.6961501240730286
1638452041376125097 -0.7117419838905334 -0.04278279468417168 0.0 0.0 0.0 0.6940776705741882 0.7199001312255859
1638452041574125051 -0.7117365002632141 -0.042757872492074966 0.0 0.0 0.0 0.6596235632896423 0.7515960931777954
1638452041707124949 -0.7117457389831543 -0.04283330217003822 0.0 0.0 0.0 0.6342446208000183 0.7731324434280396
1638452041910125017 -0.711758553981781 -0.042882289737463 0.0 0.0 0.0 0.5904576778411865 0.8070685863494873
1638452042109125137 -0.711803138256073 -0.043000537902116776 0.0 0.0 0.0 0.5371230244636536 0.8435039520263672
1638452042275125027 -0.7118532061576843 -0.043088607490062714 0.0 0.0 0.0 0.48829829692840576 0.8726767897605896
1638452042450349092 -0.7118805646896362 -0.04313120245933533 0.0 0.0 0.0 0.4379570186138153 0.8989958763122559
1638452042618349075 -0.711979329586029 -0.04324638471007347 0.0 0.0 0.0 0.3864434063434601 0.9223130941390991
1638452042750349045 -0.7119415402412415 -0.043212708085775375 0.0 0.0 0.0 0.34575986862182617 0.9383230209350586
1638452042924349070 -0.7119804620742798 -0.04324505105614662 0.0 0.0 0.0 0.2889953553676605 0.9573305249214172
1638452043124349117 -0.7118712067604065 -0.043181437999010086 0.0 0.0 0.0 0.22487607598304749 0.9743873476982117
1638452043294348955 -0.711685061454773 -0.04310203343629837 0.0 0.0 0.0 0.1683313101530075 0.9857304692268372
1638452043460349083 -0.7115881443023682 -0.043072838336229324 0.0 0.0 0.0 0.11258818209171295 0.99364173412323
1638452043628349066 -0.711563229560852 -0.0430680550634861 0.0 0.0 0.0 0.07525969296693802 0.9971639513969421
1638452043760349035 -0.7115131616592407 -0.04306047782301903 0.0 0.0 0.0 0.07507974654436111 0.9971775412559509
1638452043961349010 -0.7115381956100464 -0.04306427389383316 0.0 0.0 0.0 0.0752507671713829 0.9971646666526794
1638452044129348993 -0.7114881277084351 -0.04305673763155937 0.0 0.0 0.0 0.07373014092445374 0.9972782135009766
1638452044296349049 -0.7112875580787659 -0.043028805404901505 0.0 0.0 0.0 0.06701575964689255 0.9977518916130066
1638452044468348980 -0.7099817395210266 -0.04286431148648262 0.0 0.0 0.0 0.05884367972612381 0.9982672333717346
1638452044601349115 -0.7080950736999512 -0.04265454038977623 0.0 0.0 0.0 0.05220542475581169 0.9986363649368286
1638452044766349077 -0.7049456238746643 -0.04235342517495155 0.0 0.0 0.0 0.04373552277684212 0.9990431666374207
1638452044903701067 -0.7023221254348755 -0.042138244956731796 0.0 0.0 0.0 0.03811655938625336 0.9992733001708984
163845204570701122 -0.6991162896156311 -0.04190355911850929 0.0 0.0 0.0 0.03577009588479996 0.9993600249290466
1638452045204700947 -0.6964656710624695 -0.041710320860147476 0.0 0.0 0.0 0.03743674233555794 0.9992989897727966
1638452045371701002 -0.6930855512619019 -0.04143133386969566 0.0 0.0 0.0 0.04511009901762009 0.9989820122718811
1638452045508701086 -0.6904152035713196 -0.04117199406027794 0.0 0.0 0.0 0.05158964544534683 0.998668372631073
1638452045674700975 -0.6871955990791321 -0.040811847895383835 0.0 0.0 0.0 0.059807442128658295 0.9982099533081055
1638452045875700951 -0.6832550168037415 -0.04029981419444084 0.0 0.0 0.0 0.06933338940143585 0.9975935220718384
163845204654701090 -0.6798251867294312 -0.03979009762406349 0.0 0.0 0.0 0.0778643935918808 0.9969639778137207
1638452046220700979 -0.6765789985656738 -0.03925259783864021 0.0 0.0 0.0 0.08582615852355957 0.9963101148605347
1638452046353701115 -0.6740630865097046 -0.03879944235086441 0.0 0.0 0.0 0.09198518097400665 0.9957603812217712
1638452046525701046 -0.6707592010498047 -0.03815467655658722 0.0 0.0 0.0 0.10026773810386658 0.9949604868888855
1638452046659701109 -0.6682077646255493 -0.03761949762701988 0.0 0.0 0.0 0.10586044192314148 0.9943810105323792
1638452046825700998 -0.6650663018226624 -0.03693798929452896 0.0 0.0 0.0 0.1063908115029335 0.9943243861198425
163845204760701132 -0.6603834629058838 -0.03596092760562897 0.0 0.0 0.0 0.09642620384693146 0.99534010887146
1638452047324701071 -0.6551663875579834 -0.03509106487035751 0.0 0.0 0.0 0.06504520028829575 0.9978823065757751
1638452047576717854 -0.6505825519561768 -0.03464258089661598 0.0 0.0 0.0 0.03102947026491165 0.9995184540748596
1638452047781718016 -0.6505067348480225 -0.03463790938258171 0.0 0.0 0.0 0.03050851635634899 0.9995344877243042
1638452047980717897 -0.6505320072174072 -0.03463946282863617 0.0 0.0 0.0 0.030553974211215973 0.9995331168174744
1638452048180717945 -0.6505067348480225 -0.034637920558452606 0.0 0.0 0.0 0.030476944521069527 0.9995354413986206
1638452048380717993 -0.6505320072174072 -0.03463946655392647 0.0 0.0 0.0 0.030466334894299507 0.9995357990264893
1638452048617717981 -0.6505067348480225 -0.034637924283742905 0.0 0.0 0.0 0.030318468809127808 0.9995402693748474
1638452048750717878 -0.6505067348480225 -0.0346379280090332 0.0 0.0 0.0 0.0303647480905056 0.9995388984680176
1638452048917717934 -0.6505320072174072 -0.03463946655392647 0.0 0.0 0.0 0.030497752130031586 0.9995348453521729
1638452049117717981 -0.6506997297112604 -0.03784644827085375 -0.006339391575362982 -0.0020495202504237564 0.0006806524548673352 0.0272101197027733 0.9996274304623814
1638452049318717957 -0.6508644989869098 -0.041664922720986555 -0.013922472525578192 -0.004494009942088254 0.0014924586886146136 0.023452436513763678 0.9997137228356401
1638452049515717983 -0.6508644989355213 -0.04166491899620473 -0.013922472559451803 -0.004493927577290323 0.0014927068039509584 0.023507628826901605 0.9997124349255706
1638452049752717972 -0.6508644989869098 -0.041664922720986555 -0.013922472525578192 -0.004493836769441359 0.0014929802251205204 0.023568452953475698 0.9997110070806681
1638452049923249006 -0.6508392077931278 -0.04166372617765927 -0.01392255350380816 -0.004493987617781921 0.0014925265192458422 0.02346751325313406 0.999713409685844
1638452050125249147 -0.6508644989355213 -0.04166491899620473 -0.013922472559451803 -0.004493636017949776 0.0014935842241363341 0.02370282550760898 0.9997078220001174
1638452050326249123 -0.6508392076389624 -0.04166371500331381 -0.013922553605428996 -0.004494326249621006 0.001491506309650095 0.023240573901561583 0.9997186975446964
1638452050525249004 -0.6508644986271904 -0.04166489664751381 -0.013922472762693473 -0.004493998663648921 0.0014924925001528234 0.023459961119844202 0.9997135363630213
1638452050725249052 -0.6508644986271904 -0.04166489664751381 -0.013922472762693473 -0.004493569756328635 0.0014937833626283868 0.02374713270907855 0.9997067569675401
1638452050906249046 -0.6508392075361854 -0.041663707553750165 -0.013922553673176219 -0.004493903639480198 0.001492779049872297 0.02352369687025565 0.9997120690142202
1638452051106249094 -0.650839207484797 -0.04166370382896835 -0.01392255370704983 -0.004494071656359664 0.00149227280071721 0.023411086049537348 0.9997146890703792
1638452051277249098 -0.6508644985758019 -0.04166489292273199 -0.013922472796567083 -0.004493563323136494 0.0014938029263220384 0.02375148079349029 0.9997066677753944
1638452051478249073 -0.6508644985244135 -0.041664889197950174 -0.013922472830440695 -0.004493854645168893 0.0014929263005560819 0.0235564591952914 0.9997112819095959
1638452051679249048 -0.6508644985244135 -0.041664889197950174 -0.013922472830440695 -0.0044939035687926645 0.0014927792865078687 0.02352374902249222 0.9997120693742729
1638452051813249111 -0.6508644985244135 -0.041664889197950174 -0.013922472830440695 -0.00449379874304915 0.001493094703772357 0.023593919769755854 0.9997104080303229
163845205249249172 -0.6508644985244135 -0.041664889197950174 -0.013922472830440695 -0.004494206227015862 0.0014918676697527953 0.023320961094317555 0.9997168087068639
