1638451958477019787 -1.9202792567868388e-12 1.2649144842669102e-08 0.0 0.0 0.0 7.137283682823181e-05 1.0
1638451958645020008 2.5310684577561915e-05 1.114927972167834e-08 0.0 0.0 0.0 1.4644116163253784e-05 1.0
1638451958781019926 4.117695157827665e-14 1.1792804510690758e-09 0.0 0.0 0.0 0.00029378756880760193 0.9999999403953552
1638451958947019815 2.5310684577561915e-05 1.0893189461569364e-08 0.0 0.0 0.0 7.87787139415741e-05 1.0
163845195980019951 -1.5976411816762126e-12 4.003350095871383e-09 0.0 0.0 0.0 5.730241537094116e-05 1.0
1638451959225019932 -5.5579338874289785e-12 1.6866250618363665e-08 0.0 0.0 0.0 6.915256381034851e-05 1.0
1638451959395020008 -5.548791461029712e-12 1.7602181046072474e-08 0.0 0.0 0.0 -7.514655590057373e-05 1.0
1638451959527019978 0.00010124273831024766 3.149811789171508e-08 0.0 0.0 0.0 7.088854908943176e-05 1.0
1638451959632019997 0.0007340098964050412 -6.896382842569437e-08 0.0 0.0 0.0 -6.566569209098816e-05 1.0
1638451959771848917 0.0020754763390868902 -4.901683041680371e-07 0.0 0.0 0.0 -0.00019269809126853943 1.0
1638451959939848900 0.004530612844973803 -1.6408598639827687e-06 0.0 0.0 0.0 -0.0002224072813987732 1.0
163845196071848869 0.007086991798132658 -2.5234473923774203e-06 0.0 0.0 0.0 -7.667765021324158e-05 1.0
1638451960172848940 0.00901060365140438 -3.2994291814247845e-06 0.0 0.0 0.0 -0.00042126700282096863 0.9999999403953552
1638451960338848829 0.013110935688018799 -5.695952495443635e-06 0.0 0.0 0.0 -0.00012047961354255676 1.0
1638451960474848986 0.017160644754767418 -7.53077711124206e-06 0.0 0.0 0.0 -0.00022706389427185059 1.0
1638451960640848875 0.022855550050735474 -9.362984201288782e-06 0.0 0.0 0.0 -0.00022288039326667786 1.0
1638451960839848995 0.030727175995707512 -1.1989654012722895e-05 0.0 0.0 0.0 -0.0002248026430606842 1.0
1638451960972848892 0.03583993762731552 -1.4961186934669968e-05 0.0 0.0 0.0 -0.0004685669846367091 0.9999998807907104
1638451961138849020 0.04247133433818817 -2.0509158275672235e-05 0.0 0.0 0.0 -0.00033132731914520264 0.9999999403953552
1638451961271848917 0.04763471335172653 -2.3830985810491256e-05 0.0 0.0 0.0 -4.307180643081665e-05 1.0
1638451961438848972 0.05431673675775528 -2.7814825443783775e-05 0.0 0.0 0.0 -0.00038469210267066956 0.9999999403953552
1638451961640848875 0.06277050077915192 -3.0172795959515497e-05 0.0 0.0 0.0 6.376579403877258e-05 1.0
1638451961774848938 0.06962969154119492 -3.106430813204497e-05 0.0 0.0 0.0 -0.00023712590336799622 1.0
1638451961940848827 0.0791211947798729 -3.4301647247048095e-05 0.0 0.0 0.0 -0.0001325458288192749 1.0
163845196273848963 0.08691688627004623 -3.728799492819235e-05 0.0 0.0 0.0 -0.00020491331815719604 1.0
1638451962240567923 0.09701584279537201 -3.335120345582254e-05 0.0 0.0 0.0 0.0013226602459326386 0.9999991059303284
1638451962375567913 0.10491239279508591 3.9115049730753526e-05 0.0 0.0 0.0 0.007719238754361868 0.9999701976776123
1638451962541568041 0.11473027616739273 0.0002637913858052343 0.0 0.0 0.0 0.015315883792936802 0.999882698059082
1638451962712568045 0.12474583089351654 0.0006484534242190421 0.0 0.0 0.0 0.02293381839990616 0.9997369647026062
1638451962877568007 0.13450182974338531 0.001168069546110928 0.0 0.0 0.0 0.030479945242404938 0.9995353817939758
163845196345567989 0.14450104534626007 0.0018571835244074464 0.0 0.0 0.0 0.03822331503033638 0.9992692470550537
1638451963179568052 0.15234561264514923 0.002508668228983879 0.0 0.0 0.0 0.044588007032871246 0.9990054368972778
1638451963345567942 0.16234630346298218 0.0034850595984607935 0.0 0.0 0.0 0.05261828377842903 0.9986146688461304
1638451963481567860 0.17036952078342438 0.004389687906950712 0.0 0.0 0.0 0.05944518372416496 0.9982315897941589
1638451963647567987 0.18028588593006134 0.005661450792104006 0.0 0.0 0.0 0.06800144910812378 0.9976851940155029
1638451963783567905 0.1883775144815445 0.006828003562986851 0.0 0.0 0.0 0.07492752373218536 0.9971889853477478
1638451963917567968 0.19720277190208435 0.008221580646932125 0.0 0.0 0.0 0.0814739316701889 0.9966754913330078
163845196485567951 0.208650141954422 0.01020237896591425 0.0 0.0 0.0 0.0896727442741394 0.9959712624549866
1638451964219568014 0.21782797574996948 0.011932909488677979 0.0 0.0 0.0 0.09661123901605606 0.9953221678733826
1638451964388567924 0.22938334941864014 0.01429667603224516 0.0 0.0 0.0 0.10483017563819885 0.9944901466369629
1638451964522567987 0.23845583200454712 0.01629035547375679 0.0 0.0 0.0 0.1110454797744751 0.9938153028488159
1638451964692567825 0.24992433190345764 0.018934860825538635 0.0 0.0 0.0 0.11426735669374466 0.9934500455856323
1638451964847103119 0.2611645758152008 0.021555444225668907 0.0 0.0 0.0 0.11403817683458328 0.993476390838623
1638451964980103016 0.27021917700767517 0.02362915500998497 0.0 0.0 0.0 0.11001875251531601 0.9939295053482056
1638451965115103006 0.2792472243309021 0.02558903582394123 0.0 0.0 0.0 0.10352461785078049 0.9946268796920776
1638451965282103062 0.29066672921180725 0.027857448905706406 0.0 0.0 0.0 0.09090527892112732 0.9958595633506775
1638451965420103073 0.30022552609443665 0.029468562453985214 0.0 0.0 0.0 0.07543739676475525 0.9971505403518677
1638451965588103056 0.31174734234809875 0.03094850480556488 0.0 0.0 0.0 0.050807394087314606 0.9987084865570068
1638451965790103197 0.32568660378456116 0.03184397891163826 0.0 0.0 0.0 0.010981186293065548 0.9999396800994873
1638451965925103188 0.3351510465145111 0.03176650404930115 0.0 0.0 0.0 -0.019722098484635353 0.9998055100440979
163845196693103170 0.34692609310150146 0.03078116662800312 0.0 0.0 0.0 -0.06474283337593079 0.997901976108551
1638451966294103146 0.36091703176498413 0.02811937779188156 0.0 0.0 0.0 -0.12325545400381088 0.9923749566078186
1638451966494103193 0.3756512999534607 0.023450329899787903 0.0 0.0 0.0 -0.1807076334953308 0.9835368394851685
1638451966628103018 0.38538506627082825 0.019310813397169113 0.0 0.0 0.0 -0.21856634318828583 0.9758220911026001
1638451966811103106 0.39830195903778076 0.012349075637757778 0.0 0.0 0.0 -0.27083975076675415 0.9626244306564331
1638451966979103088 0.4093626141548157 0.0048571242950856686 0.0 0.0 0.0 -0.3154377043247223 0.9489462971687317
1638451967146103144 0.41953015327453613 -0.0034544270019978285 0.0 0.0 0.0 -0.35551416873931885 0.9346708655357361
1638451967285229921 0.4272681474685669 -0.010741457343101501 0.0 0.0 0.0 -0.3818775713443756 0.9242129325866699
1638451967419229984 0.4346534311771393 -0.018491463735699654 0.0 0.0 0.0 -0.4048115611076355 0.9144001007080078
1638451967586230040 0.4433010518550873 -0.028545530512928963 0.0 0.0 0.0 -0.4279378056526184 0.9038081765174866
1638451967719229937 0.44992655515670776 -0.036890674382448196 0.0 0.0 0.0 -0.4410400390625 0.8974874019622803
1638451967887229919 0.45789119601249695 -0.04752686992287636 0.0 0.0 0.0 -0.452627956867218 0.8916994333267212
163845196823230076 0.46426111459732056 -0.05632038414478302 0.0 0.0 0.0 -0.45571109652519226 0.8901277184486389
1638451968189229965 0.472002774477005 -0.06702683866024017 0.0 0.0 0.0 -0.45362359285354614 0.8911933898925781
1638451968323230028 0.4783582389354706 -0.07564274966716766 0.0 0.0 0.0 -0.4473603665828705 0.8943538069725037
1638451968488229990 0.4864705502986908 -0.08616664260625839 0.0 0.0 0.0 -0.43438076972961426 0.9007293581962585
1638451968689229965 0.4968035817146301 -0.0985078290104866 0.0 0.0 0.0 -0.4106045067310333 0.9118135571479797
1638451968822230101 0.5039754509925842 -0.10628501325845718 0.0 0.0 0.0 -0.39252328872680664 0.9197420477867126
1638451968990230083 0.5134193301200867 -0.1156671866774559 0.0 0.0 0.0 -0.3697480857372284 0.9291320443153381
1638451969123229980 0.521227240562439 -0.12276799231767654 0.0 0.0 0.0 -0.35135015845298767 0.9362441301345825
1638451969292229891 0.5315032601356506 -0.13130995631217957 0.0 0.0 0.0 -0.3278157114982605 0.9447416663169861
1638451969461230040 0.5421475768089294 -0.13930457830429077 0.0 0.0 0.0 -0.30509576201438904 0.9523216485977173
1638451969628230095 0.553017258644104 -0.14667880535125732 0.0 0.0 0.0 -0.2822950780391693 0.9593276381492615
1638451969793956995 0.5644508600234985 -0.1536439061164856 0.0 0.0 0.0 -0.25831738114356995 0.9660601019859314
1638451969994956970 0.5785109400749207 -0.16121508181095123 0.0 0.0 0.0 -0.23067891597747803 0.9730299115180969
1638451970195956945 0.5930995345115662 -0.1680145263671875 0.0 0.0 0.0 -0.20191523432731628 0.979403018951416
1638451970368957043 0.605974018573761 -0.17317140102386475 0.0 0.0 0.0 -0.17705228924751282 0.9842014312744141
1638451970535957098 0.6185358166694641 -0.17750059068202972 0.0 0.0 0.0 -0.15265965461730957 0.9882788062095642
1638451970670957088 0.6287533044815063 -0.1805228739976883 0.0 0.0 0.0 -0.13377635180950165 0.9910115599632263
1638451970838957071 0.6417452096939087 -0.1837555319070816 0.0 0.0 0.0 -0.10952369123697281 0.9939841628074646
1638451970972956896 0.6520647406578064 -0.1858433187007904 0.0 0.0 0.0 -0.09015762805938721 0.9959275126457214
1638451971140957117 0.6652390360832214 -0.18792326748371124 0.0 0.0 0.0 -0.06638948619365692 0.9977937936782837
1638451971274956942 0.6757757067680359 -0.18912069499492645 0.0 0.0 0.0 -0.04640386626124382 0.9989227652549744
1638451971444957018 0.6891568899154663 -0.19005024433135986 0.0 0.0 0.0 -0.02258000522851944 0.9997450113296509
1638451971578957081 0.6999350786209106 -0.1903257668018341 0.0 0.0 0.0 -0.0028938462492078543 0.9999958276748657
1638451971778956890 0.7159755825996399 -0.1899542659521103 0.0 0.0 0.0 0.02589370496571064 0.9996647238731384
1638451971944957018 0.7292231321334839 -0.18893420696258545 0.0 0.0 0.0 0.051137082278728485 0.9986916184425354
163845197276956987 0.7397744059562683 -0.18764308094978333 0.0 0.0 0.0 0.07031436264514923 0.9975248575210571
1638451972222956896 0.7513383626937866 -0.18574917316436768 0.0 0.0 0.0 0.09147945046424866 0.9958069920539856
1638451972366743803 0.7619682550430298 -0.18353769183158875 0.0 0.0 0.0 0.11248578131198883 0.9936533570289612
1638451972534743786 0.7749912738800049 -0.18022117018699646 0.0 0.0 0.0 0.13637812435626984 0.990656852722168
1638451972666743994 0.7849286198616028 -0.17723338305950165 0.0 0.0 0.0 0.15500621497631073 0.9879134893417358
1638451972832743883 0.7972608804702759 -0.17293746769428253 0.0 0.0 0.0 0.17869487404823303 0.9839045405387878
163845197330743837 0.811741828918457 -0.16702887415885925 0.0 0.0 0.0 0.20653557777404785 0.9784390926361084
1638451973197743893 0.8237614631652832 -0.16136589646339417 0.0 0.0 0.0 0.2297334372997284 0.973253607749939
1638451973334743977 0.833411693572998 -0.15633448958396912 0.0 0.0 0.0 0.24604226648807526 0.9692590832710266
1638451973502743959 0.8451254963874817 -0.1497461199760437 0.0 0.0 0.0 0.2601822316646576 0.9655595421791077
1638451973635743856 0.8542571663856506 -0.14435343444347382 0.0 0.0 0.0 0.26602014899253845 0.9639674425125122
1638451973770743847 0.8635486960411072 -0.1387837827205658 0.0 0.0 0.0 0.2664252817630768 0.9638555645942688
1638451973972743988 0.8774549961090088 -0.1305755227804184 0.0 0.0 0.0 0.2592335641384125 0.9658146500587463
1638451974139743805 0.8890084028244019 -0.12401126325130463 0.0 0.0 0.0 0.25130558013916016 0.9679077863693237
1638451974273743868 0.8983269333839417 -0.11889559775590897 0.0 0.0 0.0 0.24515844881534576 0.9694830179214478
1638451974443743944 0.9102681875228882 -0.11256447434425354 0.0 0.0 0.0 0.23763197660446167 0.9713552594184875
1638451974575743914 0.9195284247398376 -0.10782498866319656 0.0 0.0 0.0 0.2313433438539505 0.9728721380233765
1638451974741689920 0.9313132762908936 -0.10202212631702423 0.0 0.0 0.0 0.22147294878959656 0.9751664996147156
1638451974976690054 0.9483593702316284 -0.09432664513587952 0.0 0.0 0.0 0.19602523744106293 0.9805988669395447
1638451975142689943 0.9607908129692078 -0.08956702798604965 0.0 0.0 0.0 0.16650423407554626 0.9860407114028931
1638451975342689991 0.9760437607765198 -0.08493129163980484 0.0 0.0 0.0 0.12774986028671265 0.9918064475059509
1638451975476690054 0.9862697124481201 -0.08253518491983414 0.0 0.0 0.0 0.10210783779621124 0.9947733283042908
1638451975641690016 0.9991577863693237 -0.08028239011764526 0.0 0.0 0.0 0.07065203785896301 0.997501015663147
1638451975774689913 1.0096664428710938 -0.07906660437583923 0.0 0.0 0.0 0.044509999454021454 0.9990089535713196
1638451975941689968 1.0228550434112549 -0.07831639796495438 0.0 0.0 0.0 0.012377734296023846 0.9999234080314636
163845197676689959 1.033585786819458 -0.07832951843738556 0.0 0.0 0.0 -0.01357076596468687 0.999907910823822
1638451976242689848 1.0466963052749634 -0.07911591976881027 0.0 0.0 0.0 -0.046295229345560074 0.9989277720451355
1638451976376689911 1.0572751760482788 -0.08038419485092163 0.0 0.0 0.0 -0.07251997292041779 0.9973669648170471
1638451976543689966 1.070525050163269 -0.08277013152837753 0.0 0.0 0.0 -0.10555081814527512 0.9944139122962952
1638451976677690029 1.0808570384979248 -0.08526696264743805 0.0 0.0 0.0 -0.13108958303928375 0.9913704991340637
1638451976845690012 1.0935643911361694 -0.08914483338594437 0.0 0.0 0.0 -0.16369077563285828 0.9865117073059082
1638451976978689909 1.1034131050109863 -0.09279337525367737 0.0 0.0 0.0 -0.1889643520116806 0.9819839596748352
1638451977145689964 1.1155415773391724 -0.09809205681085587 0.0 0.0 0.0 -0.22002717852592468 0.9754937291145325
1638451977329718113 1.1294177770614624 -0.10535839945077896 0.0 0.0 0.0 -0.2571601867675781 0.9663687944412231
1638451977499717951 1.1409358978271484 -0.11247429996728897 0.0 0.0 0.0 -0.28883346915245056 0.9573793411254883
1638451977711718082 1.1545984745025635 -0.12238317728042603 0.0 0.0 0.0 -0.3285270631313324 0.9444945454597473
1638451977877717972 1.1645946502685547 -0.13082420825958252 0.0 0.0 0.0 -0.35848984122276306 0.9335336089134216
163845197845717955 1.1743110418319702 -0.14017972350120544 0.0 0.0 0.0 -0.3889907896518707 0.9212416410446167
1638451978179718018 1.181592345237732 -0.14806188642978668 0.0 0.0 0.0 -0.41268956661224365 0.9108717441558838
1638451978347718000 1.1900392770767212 -0.15834951400756836 0.0 0.0 0.0 -0.4420270621776581 0.8970016837120056
1638451978513718128 1.197712779045105 -0.1690400093793869 0.0 0.0 0.0 -0.47074466943740845 0.8822695016860962
1638451978679718018 1.2046806812286377 -0.1802031248807907 0.0 0.0 0.0 -0.4988774061203003 0.8666725754737854
1638451978845718145 1.2109671831130981 -0.19187892973423004 0.0 0.0 0.0 -0.5264703035354614 0.8501935601234436
163845197944718027 1.217438817024231 -0.206281840801239 0.0 0.0 0.0 -0.5592844486236572 0.8289757966995239
1638451979243718147 1.2227896451950073 -0.2211913764476776 0.0 0.0 0.0 -0.5908809900283813 0.8067587614059448
1638451979376718044 1.2259389162063599 -0.23216216266155243 0.0 0.0 0.0 -0.6118983030319214 0.7909364104270935
1638451979544718027 1.2293598651885986 -0.24750050902366638 0.0 0.0 0.0 -0.637999951839447 0.7700363993644714
1638451979744248867 1.2323271036148071 -0.26727017760276794 0.0 0.0 0.0 -0.6657525300979614 0.7461726069450378
1638451979943248987 1.2339937686920166 -0.2869904637336731 0.0 0.0 0.0 -0.6856786608695984 0.7279043793678284
1638451980144248962 1.2347759008407593 -0.307019978761673 0.0 0.0 0.0 -0.7000948190689087 0.7140498757362366
1638451980365248919 1.2347511053085327 -0.3291146159172058 0.0 0.0 0.0 -0.7149545550346375 0.6991709470748901
1638451980531249046 1.234126329421997 -0.34560468792915344 0.0 0.0 0.0 -0.725812554359436 0.6878925561904907
1638451980696249008 1.2329823970794678 -0.36194002628326416 0.0 0.0 0.0 -0.7367783188819885 0.6761344075202942
1638451980862248898 1.2313165664672852 -0.37838324904441833 0.0 0.0 0.0 -0.7461746335029602 0.66575026512146
163845198128249025 1.2292944192886353 -0.39483776688575745 0.0 0.0 0.0 -0.7514821290969849 0.6597534418106079
1638451981164248943 1.22747802734375 -0.40835878252983093 0.0 0.0 0.0 -0.7533214092254639 0.6576525568962097
1638451981330249071 1.2252576351165771 -0.42460906505584717 0.0 0.0 0.0 -0.753709077835083 0.6572082042694092
1638451981496248960 1.2229995727539062 -0.44095638394355774 0.0 0.0 0.0 -0.7539975047111511 0.6568772792816162
1638451981670248985 1.2206249237060547 -0.458105206489563 0.0 0.0 0.0 -0.7541220188140869 0.6567343473434448
1638451981837249041 1.2183594703674316 -0.4744771122932434 0.0 0.0 0.0 -0.7535552382469177 0.6573845744132996
163845198244249058 1.2156883478164673 -0.4950079917907715 0.0 0.0 0.0 -0.7481368780136108 0.6635444164276123
1638451982243092060 1.2136342525482178 -0.5149219632148743 0.0 0.0 0.0 -0.7358407974243164 0.677154541015625
1638451982423091888 1.2125755548477173 -0.5328088402748108 0.0 0.0 0.0 -0.7189105153083801 0.6951026320457458
1638451982590091944 1.2124276161193848 -0.549385130405426 0.0 0.0 0.0 -0.7016296982765198 0.7125417590141296
1638451982723091841 1.2128880023956299 -0.5626137852668762 0.0 0.0 0.0 -0.6877188086509705 0.7259771823883057
1638451982889091969 1.214226245880127 -0.5788311958312988 0.0 0.0 0.0 -0.6664079427719116 0.7455872893333435
163845198389092016 1.2172003984451294 -0.598420262336731 0.0 0.0 0.0 -0.6368641257286072 0.7709760665893555
1638451983222091913 1.2199718952178955 -0.6111559271812439 0.0 0.0 0.0 -0.6176502108573914 0.7864529490470886
1638451983387091875 1.2244127988815308 -0.6270730495452881 0.0 0.0 0.0 -0.5913192629814148 0.8064375519752502
1638451983521091938 1.2287161350250244 -0.6396167874336243 0.0 0.0 0.0 -0.5706881880760193 0.8211668729782104
1638451983688091993 1.235018014907837 -0.6551125049591064 0.0 0.0 0.0 -0.5467855930328369 0.8372727036476135
1638451983887091875 1.2435187101364136 -0.6730401515960693 0.0 0.0 0.0 -0.5225831866264343 0.8525882959365845
163845198419091845 1.2496790885925293 -0.6845841407775879 0.0 0.0 0.0 -0.506373941898346 0.862313985824585
1638451984186091900 1.2580749988555908 -0.6988188028335571 0.0 0.0 0.0 -0.48539307713508606 0.8742960691452026
1638451984320091963 1.2653107643127441 -0.7099329829216003 0.0 0.0 0.0 -0.4681198298931122 0.8836650252342224
1638451984487092018 1.2749625444412231 -0.7235040664672852 0.0 0.0 0.0 -0.44977375864982605 0.8931425213813782
1638451984653091908 1.284948706626892 -0.7365459203720093 0.0 0.0 0.0 -0.43577155470848083 0.900057315826416
1638451984834897995 1.295585036277771 -0.7496230006217957 0.0 0.0 0.0 -0.4246700406074524 0.9053481817245483
1638451984967897892 1.304146647453308 -0.7598183751106262 0.0 0.0 0.0 -0.420555055141449 0.9072670340538025
1638451985134897947 1.3149480819702148 -0.7725616097450256 0.0 0.0 0.0 -0.4202670454978943 0.9074004888534546
1638451985299897909 1.3255800008773804 -0.7850834727287292 0.0 0.0 0.0 -0.41974228620529175 0.9076433181762695
1638451985469897985 1.3366308212280273 -0.7980796694755554 0.0 0.0 0.0 -0.4194314181804657 0.907787024974823
1638451985636898041 1.347387671470642 -0.8107610940933228 0.0 0.0 0.0 -0.42208215594291687 0.906557559967041
1638451985769897938 1.355861783027649 -0.820963442325592 0.0 0.0 0.0 -0.4282572567462921 0.9036568403244019
1638451985936897993 1.3661631345748901 -0.833919882774353 0.0 0.0 0.0 -0.44181761145591736 0.8971049189567566
163845198672897911 1.374192714691162 -0.844728410243988 0.0 0.0 0.0 -0.45731693506240845 0.8893038034439087
1638451986240897894 1.3835861682891846 -0.8586314916610718 0.0 0.0 0.0 -0.4815467894077301 0.8764203786849976
1638451986372898102 1.3903356790542603 -0.8698993921279907 0.0 0.0 0.0 -0.505102813243866 0.8630591630935669
1638451986540898085 1.3979722261428833 -0.8848088383674622 0.0 0.0 0.0 -0.5389050841331482 0.8423665165901184
1638451986673897982 1.4030920267105103 -0.8970404863357544 0.0 0.0 0.0 -0.5702760815620422 0.8214530944824219
1638451986841897964 1.4081546068191528 -0.912873387336731 0.0 0.0 0.0 -0.6093569993972778 0.7928959727287292
1638451986976897955 1.4110538959503174 -0.9260188937187195 0.0 0.0 0.0 -0.6433371901512146 0.7655829787254333
1638451987143898010 1.4130016565322876 -0.9426013827323914 0.0 0.0 0.0 -0.6860106587409973 0.7275915145874023
1638451987269570112 1.4132142066955566 -0.9559850692749023 0.0 0.0 0.0 -0.7169588208198547 0.6971155405044556
1638451987434570074 1.411811351776123 -0.9725465774536133 0.0 0.0 0.0 -0.754744291305542 0.6560190916061401
1638451987602570057 1.4085112810134888 -0.9890685677528381 0.0 0.0 0.0 -0.7912138104438782 0.6115396022796631
1638451987782570124 1.4030601978302002 -1.0059969425201416 0.0 0.0 0.0 -0.8244537115097046 0.5659293532371521
1638451987984570026 1.3946983814239502 -1.0243699550628662 0.0 0.0 0.0 -0.856757640838623 0.5157192349433899
1638451988120569944 1.3879836797714233 -1.0360385179519653 0.0 0.0 0.0 -0.8739816546440125 0.4859589636325836
1638451988287570000 1.378662109375 -1.0497734546661377 0.0 0.0 0.0 -0.8931354284286499 0.44978782534599304
1638451988421570063 1.3704073429107666 -1.0601837635040283 0.0 0.0 0.0 -0.9072731137275696 0.420541912317276
1638451988588570118 1.3590419292449951 -1.0725237131118774 0.0 0.0 0.0 -0.9239118099212646 0.3826054632663727
1638451988721570015 1.349286675453186 -1.081654667854309 0.0 0.0 0.0 -0.9360889196395874 0.35176339745521545
1638451988889569998 1.3364838361740112 -1.0920212268829346 0.0 0.0 0.0 -0.9486092329025269 0.316449910402298
163845198989570045 1.3201431035995483 -1.1033153533935547 0.0 0.0 0.0 -0.9603060483932495 0.278948575258255
1638451989290570021 1.302937626838684 -1.1133443117141724 0.0 0.0 0.0 -0.9698194861412048 0.24382394552230835
1638451989422569990 1.291353464126587 -1.1192638874053955 0.0 0.0 0.0 -0.9745112657546997 0.22433851659297943
1638451989590569973 1.276216983795166 -1.1262073516845703 0.0 0.0 0.0 -0.979153037071228 0.20312386751174927
1638451989807269096 1.2573162317276 -1.1339480876922607 0.0 0.0 0.0 -0.9830646514892578 0.1832590401172638
1638451989974268913 1.2416212558746338 -1.13974130153656 0.0 0.0 0.0 -0.9855718016624451 0.16925780475139618
1638451990140269041 1.225880742073059 -1.1451826095581055 0.0 0.0 0.0 -0.9865003824234009 0.1637590527534485
1638451990272269011 1.213354229927063 -1.1494622230529785 0.0 0.0 0.0 -0.9865044355392456 0.16373448073863983
1638451990443269014 1.1972352266311646 -1.1549700498580933 0.0 0.0 0.0 -0.98651522397995 0.1636694371700287
1638451990575268984 1.1848520040512085 -1.1591994762420654 0.0 0.0 0.0 -0.9865201711654663 0.16363957524299622
1638451990743268967 1.1690906286239624 -1.16457998752594 0.0 0.0 0.0 -0.9863613247871399 0.16459454596042633
1638451990877269030 1.1564173698425293 -1.1689772605895996 0.0 0.0 0.0 -0.985608696937561 0.16904279589653015
163845199144269085 1.1407612562179565 -1.1746559143066406 0.0 0.0 0.0 -0.9840980172157288 0.1776261180639267
1638451991178268909 1.1284538507461548 -1.1793901920318604 0.0 0.0 0.0 -0.9821574687957764 0.188060462474823
1638451991345268965 1.1131510734558105 -1.1857657432556152 0.0 0.0 0.0 -0.9787397384643555 0.2051062434911728
1638451991514268875 1.0980873107910156 -1.192805528640747 0.0 0.0 0.0 -0.9733310341835022 0.22940514981746674
1638451991680269003 1.083486557006836 -1.2006527185440063 0.0 0.0 0.0 -0.9656487107276917 0.25985097885131836
1638451991847269058 1.0693186521530151 -1.2095909118652344 0.0 0.0 0.0 -0.9551623463630676 0.29608264565467834
1638451991981268883 1.0583674907684326 -1.2176376581192017 0.0 0.0 0.0 -0.9451553225517273 0.3266211450099945
1638451992148268938 1.0458756685256958 -1.228298306465149 0.0 0.0 0.0 -0.9312225580215454 0.36445096135139465
1638451992338943005 1.0315459966659546 -1.2429136037826538 0.0 0.0 0.0 -0.9123148918151855 0.40948936343193054
1638451992540942907 1.018985629081726 -1.2584947347640991 0.0 0.0 0.0 -0.891247570514679 0.45351704955101013
1638451992674942970 1.0114190578460693 -1.2696000337600708 0.0 0.0 0.0 -0.8764305114746094 0.4815283715724945
1638451992844942808 1.002151370048523 -1.2855788469314575 0.0 0.0 0.0 -0.8560962080955505 0.5168164372444153
1638451992979942799 0.9953502416610718 -1.2996054887771606 0.0 0.0 0.0 -0.8385680913925171 0.5447968244552612
1638451993144942999 0.9877990484237671 -1.318660020828247 0.0 0.0 0.0 -0.8154428601264954 0.5788375735282898
1638451993278942823 0.9826793074607849 -1.3349566459655762 0.0 0.0 0.0 -0.7965009212493896 0.6046373248100281
1638451993444942951 0.9777370095252991 -1.3558897972106934 0.0 0.0 0.0 -0.7713680267333984 0.6363893151283264
1638451993643942833 0.9739155769348145 -1.3823591470718384 0.0 0.0 0.0 -0.7400621771812439 0.6725384593009949
1638451993776942968 0.9727004766464233 -1.4008947610855103 0.0 0.0 0.0 -0.7193281054496765 0.6946704983711243
1638451993943943024 0.9727959632873535 -1.4243016242980957 0.0 0.0 0.0 -0.6926050782203674 0.7213169932365417
1638451994143942833 0.975038468837738 -1.4522490501403809 0.0 0.0 0.0 -0.6639888882637024 0.7477424144744873
1638451994342942953 0.9793564081192017 -1.4794913530349731 0.0 0.0 0.0 -0.6353713274002075 0.7722067832946777
1638451994541942835 0.9855273365974426 -1.5065847635269165 0.0 0.0 0.0 -0.6123812198638916 0.7905625700950623
1638451994746942997 0.9934330582618713 -1.5338305234909058 0.0 0.0 0.0 -0.5889676213264465 0.8081566095352173
1638451994928682089 1.0009499788284302 -1.5556272268295288 0.0 0.0 0.0 -0.5723927617073059 0.8199796080589294
163845199597681999 1.0095009803771973 -1.5778014659881592 0.0 0.0 0.0 -0.5591597557067871 0.8290599584579468
1638451995301681995 1.0207332372665405 -1.6041303873062134 0.0 0.0 0.0 -0.5439095497131348 0.8391438722610474
1638451995434682131 1.028506875038147 -1.6211150884628296 0.0 0.0 0.0 -0.5371442437171936 0.8434903621673584
1638451995570682049 1.036604881286621 -1.6382001638412476 0.0 0.0 0.0 -0.5320141315460205 0.8467354774475098
1638451995740682125 1.0471140146255493 -1.6596015691757202 0.0 0.0 0.0 -0.5257139205932617 0.8506613969802856
1638451995875682116 1.0555933713912964 -1.6762735843658447 0.0 0.0 0.0 -0.5200559496879578 0.8541321754455566
163845199641682005 1.0663795471191406 -1.6967674493789673 0.0 0.0 0.0 -0.5138645768165588 0.8578712940216064
1638451996179682016 1.075385570526123 -1.7134493589401245 0.0 0.0 0.0 -0.511234700679779 0.8594411611557007
1638451996346682072 1.0865777730941772 -1.7340707778930664 0.0 0.0 0.0 -0.5115771293640137 0.8592373728752136
1638451996483682156 1.095589280128479 -1.7507785558700562 0.0 0.0 0.0 -0.5140270590782166 0.8577739596366882
1638451996648682117 1.1063913106918335 -1.7713783979415894 0.0 0.0 0.0 -0.5220716595649719 0.8529016375541687
1638451996782681942 1.114719033241272 -1.7881828546524048 0.0 0.0 0.0 -0.5331810712814331 0.846001148223877
1638451996951682091 1.1243915557861328 -1.8095850944519043 0.0 0.0 0.0 -0.5524533987045288 0.8335437774658203
163845199784681988 1.131345272064209 -1.826920747756958 0.0 0.0 0.0 -0.5681117177009583 0.8229514360427856
1638451997219681978 1.1376991271972656 -1.8447002172470093 0.0 0.0 0.0 -0.5839632153511047 0.8117800951004028
1638451997390695095 1.1447254419326782 -1.867455244064331 0.0 0.0 0.0 -0.6032761335372925 0.7975323796272278
1638451997524695158 1.1494336128234863 -1.885399580001831 0.0 0.0 0.0 -0.6181370615959167 0.7860703468322754
1638451997691695213 1.1543874740600586 -1.908150315284729 0.0 0.0 0.0 -0.6363605260848999 0.7713918089866638
1638451997824695110 1.1575586795806885 -1.926429033279419 0.0 0.0 0.0 -0.650916337966919 0.759149432182312
1638451997989695072 1.1604878902435303 -1.949042797088623 0.0 0.0 0.0 -0.6692665219306946 0.7430224418640137
1638451998122695208 1.1620928049087524 -1.9675757884979248 0.0 0.0 0.0 -0.6830881237983704 0.7303359508514404
1638451998287695169 1.163099765777588 -1.9907870292663574 0.0 0.0 0.0 -0.700471818447113 0.71368008852005
1638451998419695139 1.1630951166152954 -2.0092122554779053 0.0 0.0 0.0 -0.7141684293746948 0.6999738812446594
1638451998584695101 1.1620945930480957 -2.032170534133911 0.0 0.0 0.0 -0.7302298545837402 0.6832015514373779
1638451998718695164 1.160477876663208 -2.050931215286255 0.0 0.0 0.0 -0.7433722019195557 0.6688780188560486
1638451998883695126 1.1574982404708862 -2.073819398880005 0.0 0.0 0.0 -0.7593294382095337 0.65070641040802
163845199916695023 1.1543073654174805 -2.092120409011841 0.0 0.0 0.0 -0.7717665433883667 0.6359059810638428
1638451999183695078 1.1492910385131836 -2.1148829460144043 0.0 0.0 0.0 -0.7870469689369202 0.6168930530548096
1638451999317695141 1.1444518566131592 -2.133054256439209 0.0 0.0 0.0 -0.7981619238853455 0.6024429798126221
1638451999483695030 1.1377439498901367 -2.1552464962005615 0.0 0.0 0.0 -0.8071011900901794 0.5904130935668945
1638451999619695187 1.131873369216919 -2.1731655597686768 0.0 0.0 0.0 -0.812073826789856 0.5835546851158142
1638451999786695004 1.1244350671768188 -2.1949639320373535 0.0 0.0 0.0 -0.8140242099761963 0.580830991268158
1638451999934185028 1.116931676864624 -2.2169008255004883 0.0 0.0 0.0 -0.8123329877853394 0.5831938982009888
1638452000136185169 1.1081730127334595 -2.243621587753296 0.0 0.0 0.0 -0.8068950176239014 0.5906948447227478
1638452000269185066 1.1026380062103271 -2.261488437652588 0.0 0.0 0.0 -0.8031282424926758 0.5958062410354614
1638452000436185122 1.0960543155670166 -2.283903121948242 0.0 0.0 0.0 -0.7980307936668396 0.6026166677474976
1638452000636185169 1.0886284112930298 -2.3109192848205566 0.0 0.0 0.0 -0.7923562526702881 0.6100586652755737
1638452000838185072 1.0816690921783447 -2.338268756866455 0.0 0.0 0.0 -0.7865003943443298 0.6175897121429443
163845200138185120 1.075307846069336 -2.3653998374938965 0.0 0.0 0.0 -0.7807506322860718 0.6248427033424377
1638452001173185110 1.0713186264038086 -2.383699655532837 0.0 0.0 0.0 -0.7767857313156128 0.629764974117279
1638452001341185093 1.06667959690094 -2.4065184593200684 0.0 0.0 0.0 -0.7717584371566772 0.6359158158302307
1638452001474185228 1.0632492303848267 -2.424776792526245 0.0 0.0 0.0 -0.7675697207450867 0.6409654021263123
1638452001642185211 1.0592129230499268 -2.4480693340301514 0.0 0.0 0.0 -0.7625104188919067 0.6469759345054626
1638452001842185020 1.0550442934036255 -2.4758520126342773 0.0 0.0 0.0 -0.7522746324539185 0.6588496565818787
163845200242185068 1.0519145727157593 -2.5034642219543457 0.0 0.0 0.0 -0.7396115064620972 0.6730340123176575
1638452002244185209 1.0498199462890625 -2.531453847885132 0.0 0.0 0.0 -0.7263109087944031 0.6873663067817688
1638452002445759058 1.048806071281433 -2.5594019889831543 0.0 0.0 0.0 -0.7132731080055237 0.7008861899375916
1638452002645759106 1.0488210916519165 -2.587217092514038 0.0 0.0 0.0 -0.7003896832466125 0.7137606739997864
1638452002848758936 1.0498991012573242 -2.615694761276245 0.0 0.0 0.0 -0.686328649520874 0.7272915244102478
163845200350759077 1.0521087646484375 -2.6439294815063477 0.0 0.0 0.0 -0.6712989807128906 0.7411866188049316
1638452003219758987 1.0548114776611328 -2.6672606468200684 0.0 0.0 0.0 -0.6589890718460083 0.7521525025367737
1638452003386759043 1.0582668781280518 -2.690390110015869 0.0 0.0 0.0 -0.6467424631118774 0.7627084255218506
1638452003520759106 1.0615622997283936 -2.708801746368408 0.0 0.0 0.0 -0.6369557976722717 0.7709003686904907
1638452003724759102 1.0674266815185547 -2.736431360244751 0.0 0.0 0.0 -0.6221396327018738 0.7829062938690186
1638452003926759005 1.074293851852417 -2.763646364212036 0.0 0.0 0.0 -0.6070318222045898 0.7946775555610657
1638452004126759052 1.0821853876113892 -2.7905819416046143 0.0 0.0 0.0 -0.5917449593544006 0.8061252236366272
1638452004295758963 1.0895841121673584 -2.8131673336029053 0.0 0.0 0.0 -0.5827320218086243 0.8126643896102905
1638452004449759007 1.0966134071350098 -2.8335273265838623 0.0 0.0 0.0 -0.5790967345237732 0.8152588605880737
1638452004582759142 1.1026601791381836 -2.851066827774048 0.0 0.0 0.0 -0.5826706290245056 0.8127084374427795
1638452004748759031 1.1098755598068237 -2.8729665279388428 0.0 0.0 0.0 -0.5909482836723328 0.8067094087600708
1638452004890084982 1.1152911186218262 -2.890843152999878 0.0 0.0 0.0 -0.600763201713562 0.7994270324707031
163845200525084972 1.1202787160873413 -2.9089748859405518 0.0 0.0 0.0 -0.6120202541351318 0.7908421158790588
1638452005193084955 1.1256359815597534 -2.9316861629486084 0.0 0.0 0.0 -0.6301102042198181 0.776505708694458
1638452005397084951 1.1305272579193115 -2.959705352783203 0.0 0.0 0.0 -0.6582566499710083 0.7527936100959778
1638452005532084942 1.1324868202209473 -2.9784061908721924 0.0 0.0 0.0 -0.6805787086486816 0.7326749563217163
1638452005668085098 1.1332343816757202 -2.9975225925445557 0.0 0.0 0.0 -0.7058920860290527 0.708319365978241
1638452005836085081 1.132165789604187 -3.021003246307373 0.0 0.0 0.0 -0.7394634485244751 0.6731966733932495
1638452005970085144 1.1297005414962769 -3.0393614768981934 0.0 0.0 0.0 -0.765191912651062 0.6438022255897522
1638452006137084961 1.124572515487671 -3.0622220039367676 0.0 0.0 0.0 -0.7955231070518494 0.6059232950210571
1638452006271085024 1.1188817024230957 -3.080061674118042 0.0 0.0 0.0 -0.8190822005271912 0.5736761689186096
1638452006436084986 1.1099796295166016 -3.1013777256011963 0.0 0.0 0.0 -0.845366358757019 0.5341869592666626
1638452006640084982 1.0961922407150269 -3.126417875289917 0.0 0.0 0.0 -0.8754253387451172 0.4833534061908722
1638452006772084951 1.0857614278793335 -3.1416327953338623 0.0 0.0 0.0 -0.8934095501899719 0.4492431581020355
1638452006940084934 1.0708720684051514 -3.159754991531372 0.0 0.0 0.0 -0.9143067598342896 0.40502241253852844
1638452007138085127 1.051186203956604 -3.1790990829467773 0.0 0.0 0.0 -0.9359751343727112 0.35206612944602966
1638452007344672918 1.0288633108139038 -3.1964235305786133 0.0 0.0 0.0 -0.9549567103385925 0.29674506187438965
1638452007547672987 1.004477620124817 -3.2111942768096924 0.0 0.0 0.0 -0.9703584909439087 0.24167008697986603
1638452007679672956 0.9880189299583435 -3.2191262245178223 0.0 0.0 0.0 -0.9789412617683411 0.20414204895496368
1638452007812672853 0.9708254933357239 -3.2258107662200928 0.0 0.0 0.0 -0.9862568974494934 0.16521911323070526
1638452007979672909 0.9483843445777893 -3.2323625087738037 0.0 0.0 0.0 -0.9931517839431763 0.11683110147714615
1638452008187672853 0.9200146794319153 -3.2373907566070557 0.0 0.0 0.0 -0.9983701109886169 0.0570710152387619
1638452008320672989 0.9107134342193604 -3.2381978034973145 0.0 0.0 0.0 0.9998046159744263 -0.019765563309192657
1638452008486672878 0.8875885009765625 -3.2380127906799316 0.0 0.0 0.0 0.9996110200881958 0.027888452634215355
1638452008686672926 0.8599104285240173 -3.234901189804077 0.0 0.0 0.0 0.9964334964752197 0.08438169211149216
1638452008820672989 0.8415350317955017 -3.2310421466827393 0.0 0.0 0.0 0.9924972653388977 0.1222667545080185
1638452008987672806 0.8193038702011108 -3.2243142127990723 0.0 0.0 0.0 0.9855238795280457 0.16953660547733307
1638452009121672869 0.8021169900894165 -3.2174744606018066 0.0 0.0 0.0 0.978283166885376 0.2072729617357254
1638452009288672924 0.7811175584793091 -3.20697021484375 0.0 0.0 0.0 0.9676089882850647 0.25245368480682373
1638452009423672915 0.7650837898254395 -3.197150468826294 0.0 0.0 0.0 0.9573412537574768 0.28895971179008484
1638452009626672983 0.7423401474952698 -3.1803743839263916 0.0 0.0 0.0 0.9423849582672119 0.33453038334846497
1638452009793673038 0.7246384620666504 -3.164980173110962 0.0 0.0 0.0 0.9310188889503479 0.36497098207473755
1638452009919697046 0.7111786603927612 -3.1519575119018555 0.0 0.0 0.0 0.9232618808746338 0.38417118787765503
163845201084697008 0.6952317357063293 -3.135235071182251 0.0 0.0 0.0 0.9159286618232727 0.401341050863266
1638452010285696983 0.676442563533783 -3.1143481731414795 0.0 0.0 0.0 0.9114639163017273 0.41137996315956116
1638452010453696966 0.6609842777252197 -3.0966970920562744 0.0 0.0 0.0 0.9104951620101929 0.4135197699069977
1638452010651696920 0.6426745653152466 -3.0759925842285156 0.0 0.0 0.0 0.9139065742492676 0.40592458844184875
1638452010818696976 0.6269482970237732 -3.059096336364746 0.0 0.0 0.0 0.9201195240020752 0.3916377127170563
1638452010985697031 0.6105387210845947 -3.0427565574645996 0.0 0.0 0.0 0.9288291931152344 0.37050822377204895
1638452011186697006 0.5894474387168884 -3.0240910053253174 0.0 0.0 0.0 0.9416228532791138 0.33666959404945374
1638452011390697002 0.5664451122283936 -3.0068981647491455 0.0 0.0 0.0 0.9562416076660156 0.29257822036743164
1638452011522696972 0.5508782267570496 -2.997189998626709 0.0 0.0 0.0 0.9665085077285767 0.2566346526145935
1638452011691696882 0.529746949672699 -2.98661732673645 0.0 0.0 0.0 0.9793829321861267 0.20201252400875092
1638452011891696930 0.5037247538566589 -2.9774372577667236 0.0 0.0 0.0 0.9907180070877075 0.13593332469463348
163845201291696978 0.4763858914375305 -2.9717607498168945 0.0 0.0 0.0 0.9976685643196106 0.06824532896280289
1638452012293696880 0.44827497005462646 -2.9698681831359863 0.0 0.0 0.0 0.9999991059303284 -0.0013350681401789188
1638452012497904062 0.4290516674518585 -2.9711387157440186 0.0 0.0 0.0 -0.997514545917511 0.0704609677195549
1638452012665904045 0.40628698468208313 -2.9757297039031982 0.0 0.0 0.0 -0.9918234348297119 0.12761786580085754
1638452012831903934 0.3839181363582611 -2.982938766479492 0.0 0.0 0.0 -0.9832069873809814 0.18249396979808807
1638452012999904156 0.36151552200317383 -2.993015766143799 0.0 0.0 0.0 -0.9715499877929688 0.23683463037014008
1638452013171904087 0.3391430377960205 -3.0061769485473633 0.0 0.0 0.0 -0.9572744965553284 0.2891807556152344
1638452013338904142 0.3185347616672516 -3.0214147567749023 0.0 0.0 0.0 -0.941703736782074 0.33644330501556396
1638452013471904039 0.30267977714538574 -3.0354204177856445 0.0 0.0 0.0 -0.9284892082214355 0.37135931849479675
1638452013671904087 0.28080007433891296 -3.058397054672241 0.0 0.0 0.0 -0.9095659255981445 0.4155595898628235
1638452013838904142 0.2640150189399719 -3.0791585445404053 0.0 0.0 0.0 -0.8953092694282532 0.44544506072998047
1638452013972903967 0.2514745593070984 -3.0965752601623535 0.0 0.0 0.0 -0.8849776983261108 0.465633362531662
1638452014143903971 0.23652960360050201 -3.1194608211517334 0.0 0.0 0.0 -0.8743747472763062 0.4852512776851654
1638452014317903996 0.2221943587064743 -3.143120765686035 0.0 0.0 0.0 -0.868816614151001 0.49513405561447144
1638452014484904051 0.2087651938199997 -3.1660542488098145 0.0 0.0 0.0 -0.8668107390403748 0.4986373484134674
1638452014684904099 0.19255653023719788 -3.1934897899627686 0.0 0.0 0.0 -0.8708526492118835 0.49154409766197205
1638452014871990919 0.17833887040615082 -3.2164201736450195 0.0 0.0 0.0 -0.8772690296173096 0.47999900579452515
163845201538990974 0.16348955035209656 -3.2387030124664307 0.0 0.0 0.0 -0.8862659931182861 0.4631766378879547
1638452015171990871 0.1510189026594162 -3.255889654159546 0.0 0.0 0.0 -0.8953501582145691 0.4453628957271576
1638452015372990847 0.1307668834924698 -3.2807776927948 0.0 0.0 0.0 -0.9113268852233887 0.4116835296154022
1638452015539990902 0.11239677667617798 -3.3001139163970947 0.0 0.0 0.0 -0.9263984560966492 0.376544713973999
1638452015672990799 0.0967634841799736 -3.314405918121338 0.0 0.0 0.0 -0.9378514289855957 0.3470369875431061
1638452015840990782 0.07577621191740036 -3.3309452533721924 0.0 0.0 0.0 -0.9513234496116638 0.3081943094730377
1638452015976990938 0.05775001645088196 -3.3430941104888916 0.0 0.0 0.0 -0.961165189743042 0.27597370743751526
1638452016176990986 0.029862334951758385 -3.3587474822998047 0.0 0.0 0.0 -0.9733608961105347 0.2292783260345459
1638452016343990803 0.0058098710142076015 -3.3695497512817383 0.0 0.0 0.0 -0.9818418622016907 0.18970134854316711
1638452016476990938 -0.014202065765857697 -3.376868724822998 0.0 0.0 0.0 -0.9872835278511047 0.15896917879581451
1638452016644990921 -0.03976882994174957 -3.3841912746429443 0.0 0.0 0.0 -0.9929049015045166 0.1189110055565834
1638452016817990780 -0.0667603388428688 -3.3896124362945557 0.0 0.0 0.0 -0.9969158172607422 0.07847857475280762
1638452017283990860 -0.1302841752767563 -3.392199993133545 0.0 0.0 0.0 0.9993953108787537 0.03477058932185173
1638452017765417099 -0.2092045098543167 -3.376906156539917 0.0 0.0 0.0 0.9876605868339539 0.156609445810318
1638452017967417002 -0.23930267989635468 -3.3655099868774414 0.0 0.0 0.0 0.979145884513855 0.2031584084033966
1638452018137417078 -0.26370593905448914 -3.3537235260009766 0.0 0.0 0.0 0.9701384902000427 0.2425517737865448
1638452018336416960 -0.29086849093437195 -3.337571859359741 0.0 0.0 0.0 0.9578680992126465 0.28720855712890625
1638452018472417116 -0.30849653482437134 -3.32511305809021 0.0 0.0 0.0 0.9478862285614014 0.31860896944999695
1638452018638417006 -0.3291034996509552 -3.308220863342285 0.0 0.0 0.0 0.9350528717041016 0.3545082211494446
1638452018841417074 -0.35213813185691833 -3.2856743335723877 0.0 0.0 0.0 0.9163752794265747 0.4003203213214874
1638452019379416943 -0.40129590034484863 -3.216111183166504 0.0 0.0 0.0 0.8559301495552063 0.5170914530754089
1638452020276597023 -0.43840306997299194 -3.08150053024292 0.0 0.0 0.0 0.726330578327179 0.6873455047607422
1638452020544596910 -0.43801310658454895 -3.038630723953247 0.0 0.0 0.0 0.6803667545318604 0.7328718304634094
1638452020676596880 -0.43580618500709534 -3.0178439617156982 0.0 0.0 0.0 0.6574352383613586 0.7535110116004944
1638452020843596935 -0.4313183128833771 -2.99165415763855 0.0 0.0 0.0 0.6326465010643005 0.7744407057762146
1638452020975596905 -0.4266587793827057 -2.97109317779541 0.0 0.0 0.0 0.6162059903144836 0.7875850200653076
1638452021141597033 -0.4197358191013336 -2.94562029838562 0.0 0.0 0.0 0.599193811416626 0.800603985786438
1638452021345597029 -0.4099782109260559 -2.914888858795166 0.0 0.0 0.0 0.5819047093391418 0.8132569789886475
1638452021479596853 -0.4028549790382385 -2.89469575881958 0.0 0.0 0.0 0.5738216042518616 0.81898033618927
1638452021647596836 -0.3934333622455597 -2.8694405555725098 0.0 0.0 0.0 0.5669125318527222 0.8237780332565308
1638452021781596899 -0.38565486669540405 -2.849518060684204 0.0 0.0 0.0 0.5614820718765259 0.827488899230957
1638452021981596947 -0.3736759424209595 -2.8196070194244385 0.0 0.0 0.0 0.5606780648231506 0.8280338644981384
1638452022116596937 -0.36577653884887695 -2.7995686531066895 0.0 0.0 0.0 0.5658435225486755 0.8245126605033875
1638452022284596920 -0.3565116822719574 -2.77449893951416 0.0 0.0 0.0 0.5782274603843689 0.8158755898475647
1638452022443171024 -0.34822267293930054 -2.7492241859436035 0.0 0.0 0.0 0.5958474278450012 0.803097665309906
1638452022575170994 -0.342520534992218 -2.729137420654297 0.0 0.0 0.0 0.6098253130912781 0.7925358414649963
1638452022741170883 -0.33636659383773804 -2.7034943103790283 0.0 0.0 0.0 0.6283953785896301 0.7778940796852112
1638452022942170858 -0.3304334282875061 -2.6716487407684326 0.0 0.0 0.0 0.650195300579071 0.7597671151161194
163845202374170828 -0.32754549384117126 -2.650611639022827 0.0 0.0 0.0 0.664423942565918 0.7473558783531189
1638452023240170956 -0.3251095414161682 -2.624302625656128 0.0 0.0 0.0 0.6835271120071411 0.7299251556396484
1638452023442170858 -0.32421863079071045 -2.5923805236816406 0.0 0.0 0.0 0.711202085018158 0.7029876708984375
1638452023640170813 -0.3257570266723633 -2.561065435409546 0.0 0.0 0.0 0.7372546792030334 0.6756149530410767
1638452023773170948 -0.328135222196579 -2.5399656295776367 0.0 0.0 0.0 0.7541480660438538 0.6567044258117676
1638452023941170931 -0.3327174782752991 -2.513406991958618 0.0 0.0 0.0 0.7756885290145874 0.6311159133911133
163845202474170828 -0.3375983238220215 -2.492690324783325 0.0 0.0 0.0 0.7920075058937073 0.6105113625526428
1638452024242170811 -0.34523826837539673 -2.467134952545166 0.0 0.0 0.0 0.8119341135025024 0.5837490558624268
1638452024375170946 -0.35244837403297424 -2.447324752807617 0.0 0.0 0.0 0.8264532089233398 0.5630053877830505
1638452024542171001 -0.3628515899181366 -2.4230380058288574 0.0 0.0 0.0 0.8423874974250793 0.5388723015785217
1638452024742170811 -0.3770613670349121 -2.3942368030548096 0.0 0.0 0.0 0.8555169105529785 0.5177748203277588
1638452024917796135 -0.3899190127849579 -2.370488405227661 0.0 0.0 0.0 0.8623055815696716 0.506388247013092
163845202589796066 -0.40360984206199646 -2.3464200496673584 0.0 0.0 0.0 0.8659648299217224 0.5001048445701599
1638452025224796057 -0.41434675455093384 -2.3278937339782715 0.0 0.0 0.0 0.866416335105896 0.4993222653865814
1638452025391796112 -0.4276413023471832 -2.3047361373901367 0.0 0.0 0.0 0.8637859225273132 0.5038589835166931
1638452025525795937 -0.43803906440734863 -2.286104202270508 0.0 0.0 0.0 0.860872209072113 0.5088212490081787
1638452025692795992 -0.4506531357765198 -2.262770175933838 0.0 0.0 0.0 0.8569209575653076 0.5154478549957275
1638452025827795982 -0.4605673849582672 -2.243790864944458 0.0 0.0 0.0 0.8534743785858154 0.5211347937583923
1638452025993796110 -0.47247713804244995 -2.220146417617798 0.0 0.0 0.0 0.8494250178337097 0.5277093648910522
1638452026128796101 -0.48197299242019653 -2.2005598545074463 0.0 0.0 0.0 0.845003068447113 0.5347614288330078
1638452026296796083 -0.4931581914424896 -2.176090955734253 0.0 0.0 0.0 0.837375819683075 0.5466275811195374
1638452026429795980 -0.5014433860778809 -2.156538963317871 0.0 0.0 0.0 0.8298250436782837 0.5580236315727234
1638452026596796036 -0.5109713077545166 -2.1316232681274414 0.0 0.0 0.0 0.8172329068183899 0.5763075351715088
1638452026796796083 -0.5207312107086182 -2.1014528274536133 0.0 0.0 0.0 0.7996190190315247 0.6005076766014099
1638452026995795965 -0.5286808609962463 -2.070781707763672 0.0 0.0 0.0 0.7817217111587524 0.6236274242401123
1638452027164796114 -0.5340162515640259 -2.0442845821380615 0.0 0.0 0.0 0.7658479809761047 0.6430217027664185
1638452027331795931 -0.537937581539154 -2.0181045532226562 0.0 0.0 0.0 0.7493214011192322 0.6622064709663391
1638452027547662973 -0.5409207940101624 -1.9858747720718384 0.0 0.0 0.0 0.7286387085914612 0.6848982572555542
1638452027746663094 -0.5419614315032959 -1.9541819095611572 0.0 0.0 0.0 0.7086242437362671 0.7055860757827759
1638452027878663063 -0.5416426658630371 -1.9330511093139648 0.0 0.0 0.0 0.6952341198921204 0.7187833786010742
163845202845663118 -0.5402833223342896 -1.906485676765442 0.0 0.0 0.0 0.6832696199417114 0.7301661968231201
1638452028176663160 -0.5386897921562195 -1.8853609561920166 0.0 0.0 0.0 0.6771880984306335 0.7358099222183228
1638452028345663071 -0.5362169146537781 -1.85836660861969 0.0 0.0 0.0 0.6710218787193298 0.741437554359436
1638452028480663061 -0.5339601039886475 -1.8370985984802246 0.0 0.0 0.0 0.6665706038475037 0.7454419136047363
1638452028646663189 -0.5308064818382263 -1.8108378648757935 0.0 0.0 0.0 0.6606529951095581 0.7506914138793945
1638452028786663055 -0.5278251767158508 -1.7886883020401 0.0 0.0 0.0 0.655572235584259 0.7551324963569641
1638452028919663191 -0.5247088074684143 -1.7677338123321533 0.0 0.0 0.0 0.650438666343689 0.7595587968826294
163845202985663080 -0.5204374194145203 -1.741734266281128 0.0 0.0 0.0 0.6439844369888306 0.7650385499000549
1638452029283663034 -0.5147477388381958 -1.7104835510253906 0.0 0.0 0.0 0.6374199390411377 0.770516574382782
1638452029485663176 -0.5083616971969604 -1.6786187887191772 0.0 0.0 0.0 0.6304802894592285 0.7762052416801453
1638452029663663149 -0.502315878868103 -1.6508456468582153 0.0 0.0 0.0 0.6242123246192932 0.7812547087669373
1638452029830663204 -0.4962427020072937 -1.6249209642410278 0.0 0.0 0.0 0.6184594035148621 0.7858167886734009
1638452029970837116 -0.4897608458995819 -1.5989127159118652 0.0 0.0 0.0 0.6127715110778809 0.7902601361274719
1638452030170836926 -0.4815818965435028 -1.5682454109191895 0.0 0.0 0.0 0.6059796810150146 0.7954801321029663
1638452030369837046 -0.47313743829727173 -1.5377811193466187 0.0 0.0 0.0 0.6055998206138611 0.7957693338394165
1638452030534837008 -0.4662315249443054 -1.5123538970947266 0.0 0.0 0.0 0.6100633144378662 0.7923526763916016
1638452030734837055 -0.4584827721118927 -1.4810805320739746 0.0 0.0 0.0 0.6234388947486877 0.7818720936775208
1638452030934837103 -0.4521614611148834 -1.449773907661438 0.0 0.0 0.0 0.6437469720840454 0.7652384638786316
1638452031133836985 -0.44765788316726685 -1.4183602333068848 0.0 0.0 0.0 0.6670387983322144 0.7450229525566101
1638452031331836939 -0.4453137218952179 -1.3871959447860718 0.0 0.0 0.0 0.6935833692550659 0.7203763723373413
1638452031498836994 -0.445113867521286 -1.3606497049331665 0.0 0.0 0.0 0.7152777910232544 0.6988402605056763
1638452031699836969 -0.44705820083618164 -1.3285205364227295 0.0 0.0 0.0 0.7409965395927429 0.6715088486671448
1638452031899837017 -0.451418936252594 -1.2967058420181274 0.0 0.0 0.0 0.7655997276306152 0.6433172225952148
163845203299837065 -0.4578738212585449 -1.265634298324585 0.0 0.0 0.0 0.7847886085510254 0.6197634935379028
1638452032265836954 -0.4645530581474304 -1.2400962114334106 0.0 0.0 0.0 0.7976764440536499 0.6030856370925903
1638452032422763109 -0.47075191140174866 -1.2192836999893188 0.0 0.0 0.0 0.805483877658844 0.5926176905632019
1638452032589762926 -0.4790267050266266 -1.1940027475357056 0.0 0.0 0.0 0.8132198452949524 0.5819566249847412
1638452032722763062 -0.48605114221572876 -1.1738287210464478 0.0 0.0 0.0 0.8167544007301331 0.5769855380058289
1638452032888762951 -0.4950285255908966 -1.1487878561019897 0.0 0.0 0.0 0.8180186152458191 0.5751917958259583
163845203319762993 -0.502132773399353 -1.1290446519851685 0.0 0.0 0.0 0.8180049657821655 0.5752111673355103
1638452033251763105 -0.514474630355835 -1.0940525531768799 0.0 0.0 0.0 0.8134068846702576 0.5816951990127563
1638452033452763081 -0.524474024772644 -1.0637966394424438 0.0 0.0 0.0 0.8076486587524414 0.5896639823913574
1638452033586763144 -0.5308144092559814 -1.0434767007827759 0.0 0.0 0.0 0.8033834099769592 0.5954620838165283
1638452033752763033 -0.5383526086807251 -1.0178602933883667 0.0 0.0 0.0 0.7980601191520691 0.6025778651237488
1638452033920763016 -0.545438289642334 -0.9920889139175415 0.0 0.0 0.0 0.7926091551780701 0.609730064868927
163845203488762999 -0.5521127581596375 -0.9661033749580383 0.0 0.0 0.0 0.7876281142234802 0.6161509156227112
1638452034286762953 -0.5594944953918457 -0.9351304173469543 0.0 0.0 0.0 0.7817319631576538 0.6236146092414856
1638452034420763016 -0.5640115737915039 -0.9143292903900146 0.0 0.0 0.0 0.7749348878860474 0.6320410966873169
1638452034588762999 -0.5689610242843628 -0.8880131244659424 0.0 0.0 0.0 0.764220118522644 0.6449555158615112
1638452034723762989 -0.5723008513450623 -0.8667861223220825 0.0 0.0 0.0 0.7558457255363464 0.6547497510910034
1638452034950827122 -0.5767742395401001 -0.8299033641815186 0.0 0.0 0.0 0.7408193945884705 0.6717042326927185
1638452035118827105 -0.5789379477500916 -0.8033148646354675 0.0 0.0 0.0 0.7297476530075073 0.6837165951728821
1638452035283827066 -0.5802246332168579 -0.7771255970001221 0.0 0.0 0.0 0.7188704013824463 0.6951441168785095
1638452035417826891 -0.5806685090065002 -0.7558698654174805 0.0 0.0 0.0 0.7097679972648621 0.7044355273246765
1638452035584826946 -0.5804795622825623 -0.7291685938835144 0.0 0.0 0.0 0.6994403004646301 0.7146910429000854
1638452035751827002 -0.5794892311096191 -0.7025864124298096 0.0 0.0 0.0 0.6880829930305481 0.7256320118904114
1638452035953826904 -0.5771851539611816 -0.6702470779418945 0.0 0.0 0.0 0.6747432947158813 0.738052487373352
1638452036120826960 -0.5744406580924988 -0.6436100602149963 0.0 0.0 0.0 0.6656175851821899 0.7462930083274841
1638452036286827087 -0.5712369680404663 -0.6173297762870789 0.0 0.0 0.0 0.6612333655357361 0.7501803040504456
1638452036487827063 -0.567243754863739 -0.585510790348053 0.0 0.0 0.0 0.6630105972290039 0.7486099600791931
1638452036619827032 -0.5648263692855835 -0.5646680593490601 0.0 0.0 0.0 0.6676669120788574 0.7444601655006409
1638452036784826994 -0.5623334050178528 -0.538591206073761 0.0 0.0 0.0 0.6784374117851257 0.7346582412719727
1638452036951827049 -0.560753345489502 -0.5120131969451904 0.0 0.0 0.0 0.6937668323516846 0.720199704170227
1638452037118827105 -0.5604199767112732 -0.4853404462337494 0.0 0.0 0.0 0.7114076018333435 0.7027796506881714
1638452037285826921 -0.5614159107208252 -0.4586336612701416 0.0 0.0 0.0 0.7290705442428589 0.6844385266304016
1638452037492573023 -0.5643259882926941 -0.42693033814430237 0.0 0.0 0.0 0.7485915422439575 0.6630314588546753
1638452037693572998 -0.569062352180481 -0.39544814825057983 0.0 0.0 0.0 0.7673400640487671 0.6412404179573059
1638452037824572802 -0.5731337070465088 -0.3750462234020233 0.0 0.0 0.0 0.7791088223457336 0.6268886923789978
1638452037991572857 -0.5794153213500977 -0.3492775857448578 0.0 0.0 0.0 0.793395459651947 0.608706533908844
1638452038124572992 -0.5853702425956726 -0.32871076464653015 0.0 0.0 0.0 0.8050462007522583 0.5932121276855469
1638452038325572968 -0.5957712531089783 -0.298380583524704 0.0 0.0 0.0 0.8223955035209656 0.5689162015914917
1638452038490572929 -0.6055948138237 -0.27398881316185 0.0 0.0 0.0 0.8348758220672607 0.5504383444786072
1638452038623572826 -0.614205002784729 -0.25471627712249756 0.0 0.0 0.0 0.8427399396896362 0.5383208990097046
1638452038824572802 -0.6280869245529175 -0.22609072923660278 0.0 0.0 0.0 0.8518151044845581 0.5238425731658936
1638452038989573002 -0.6400933861732483 -0.20283636450767517 0.0 0.0 0.0 0.8557896614074707 0.517323911190033
1638452039121572971 -0.6500235199928284 -0.18400824069976807 0.0 0.0 0.0 0.8564374446868896 0.5162508487701416
1638452039287572861 -0.662459135055542 -0.16037791967391968 0.0 0.0 0.0 0.8551739454269409 0.5183411240577698
1638452039455572844 -0.674731433391571 -0.13634976744651794 0.0 0.0 0.0 0.850156307220459 0.526530385017395
1638452039622572899 -0.6861536502838135 -0.11246675997972488 0.0 0.0 0.0 0.8412982821464539 0.5405711531639099
1638452039787572861 -0.6965764760971069 -0.0882425606250763 0.0 0.0 0.0 0.8284175992012024 0.5601109266281128
1638452039976125002 -0.7073501944541931 -0.05828816071152687 0.0 0.0 0.0 0.8055604696273804 0.5925135612487793
1638452040142125130 -0.7116110324859619 -0.04347605258226395 0.0 0.0 0.0 0.7893656492233276 0.6139233112335205
1638452040276124954 -0.7116669416427612 -0.04325523227453232 0.0 0.0 0.0 0.789110541343689 0.6142511963844299
1638452040447124958 -0.7117284536361694 -0.043009720742702484 0.0 0.0 0.0 0.7868061661720276 0.6172001957893372
1638452040645125151 -0.7117176651954651 -0.043059177696704865 0.0 0.0 0.0 0.7778580188751221 0.6284400820732117
1638452040846125126 -0.7117268443107605 -0.04300940781831741 0.0 0.0 0.0 0.7617892026901245 0.6478250026702881
1638452040979125023 -0.7117390036582947 -0.04293445125222206 0.0 0.0 0.0 0.7484205961227417 0.6632243990898132
1638452041176125050 -0.7117471098899841 -0.04280814155936241 0.0 0.0 0.0 0.7228174805641174 0.6910390257835388
1638452041342125177 -0.7117442488670349 -0.04285869374871254 0.0 0.0 0.0 0.698714017868042 0.7154011130332947
1638452041541125059 -0.7117395997047424 -0.042782992124557495 0.0 0.0 0.0 0.6649729013442993 0.7468674778938293
1638452041741125107 -0.7117405533790588 -0.042808521538972855 0.0 0.0 0.0 0.6277107000350952 0.7784467339515686
1638452041944125175 -0.7117822766304016 -0.04295441508293152 0.0 0.0 0.0 0.5819651484489441 0.8132137656211853
163845204276125145 -0.7117927074432373 -0.04297748580574989 0.0 0.0 0.0 0.5465539693832397 0.8374238610267639
1638452042242125034 -0.7118532061576843 -0.043088607490062714 0.0 0.0 0.0 0.49824807047843933 0.8670344948768616
1638452042416348934 -0.7118805646896362 -0.04313120245933533 0.0 0.0 0.0 0.4491237998008728 0.893469512462616
1638452042584348917 -0.7119442820549011 -0.04320986196398735 0.0 0.0 0.0 0.3978671729564667 0.917443037033081
1638452042716348886 -0.7119796872138977 -0.04324598237872124 0.0 0.0 0.0 0.35622408986091614 0.9344005584716797
1638452042891349077 -0.7119804620742798 -0.04324505105614662 0.0 0.0 0.0 0.2999226748943329 0.9539635181427002
163845204323349047 -0.7119162082672119 -0.04320460930466652 0.0 0.0 0.0 0.2579169273376465 0.9661670923233032
1638452043193348885 -0.7117559909820557 -0.04312911629676819 0.0 0.0 0.0 0.20168590545654297 0.9794502258300781
1638452043327348948 -0.711613118648529 -0.043077703565359116 0.0 0.0 0.0 0.1563829928636551 0.9876964688301086
1638452043527348995 -0.7116129994392395 -0.04307764768600464 0.0 0.0 0.0 0.08995542675256729 0.9959458112716675
1638452043694349051 -0.7115381956100464 -0.043064262717962265 0.0 0.0 0.0 0.07485496997833252 0.9971944093704224
1638452043863348961 -0.7115131616592407 -0.04306047782301903 0.0 0.0 0.0 0.07520461827516556 0.9971681237220764
163845204428348923 -0.7115131616592407 -0.04306047782301903 0.0 0.0 0.0 0.07518403977155685 0.9971696734428406
1638452044231348991 -0.711438000202179 -0.04304952174425125 0.0 0.0 0.0 0.07015688717365265 0.9975359439849854
1638452044366348982 -0.7109111547470093 -0.04297925531864166 0.0 0.0 0.0 0.06401475518941879 0.997948944568634
1638452044568348885 -0.7086739540100098 -0.042716171592473984 0.0 0.0 0.0 0.05381032079458237 0.9985511898994446
1638452044733349085 -0.7056010961532593 -0.04241194203495979 0.0 0.0 0.0 0.045274265110492706 0.998974621295929
1638452044903701067 -0.7023221254348755 -0.042138244956731796 0.0 0.0 0.0 0.03811655938625336 0.9992733001708984
163845204537701130 -0.6997726559638977 -0.041950713843107224 0.0 0.0 0.0 0.03593208268284798 0.9993542432785034
1638452045171700954 -0.6971471905708313 -0.04176097735762596 0.0 0.0 0.0 0.03674177825450897 0.9993247985839844
1638452045371701002 -0.6930855512619019 -0.04143133386969566 0.0 0.0 0.0 0.04511009901762009 0.9989820122718811
1638452045541701078 -0.6977968898791953 -0.04272367091302261 0.017402087818429324 0.00044949685392947755 0.0041847911509328385 0.05046412196727674 0.9987170053194043
1638452045740700960 -0.7016501099326008 -0.043901627146523625 0.03449752536213979 0.0009730551563705496 0.008301730623035226 0.05733889557719726 0.9983197932679639
1638452045875700951 -0.6990375322999048 -0.043583106083051534 0.03445423843093456 0.0010261314894489562 0.00829533706078545 0.06372278182703611 0.9979326107904405
163845204621701097 -0.6962538978677655 -0.043205903817250424 0.034408154800522256 0.0010854888518764736 0.008287778751275787 0.07086502834227702 0.997450868371301
1638452046187700987 -0.6930007690298604 -0.04271527015426907 0.034354347956376735 0.0011513184502199088 0.008278890751939747 0.07878963922755804 0.9968562238489681
1638452046320701122 -0.6904789281356065 -0.04229833696850283 0.034312672896427046 0.0012012839760383446 0.008271788238147977 0.08480704973001704 0.9963623176941656
1638452046492701054 -0.6871664938069625 -0.04170143590770782 0.03425798158045867 0.0012692253416937982 0.008261636230548354 0.09299281774145257 0.9956316954297438
1638452046626701117 -0.6845832408280847 -0.04119759818888867 0.034215367702999384 0.0013208823746471323 0.00825353477107194 0.09921931699112788 0.99503048616464
1638452046825700998 -0.6808146864335406 -0.04042581196313028 0.034153237282025226 0.0013339657394925055 0.008251430219514919 0.100796698573894 0.9948719262277915
163845204727701139 -0.6768184399944903 -0.03963108647225636 0.03408732953021598 0.001268513434376273 0.008261745334198663 0.09290702578726671 0.99563967689922
1638452047192701101 -0.6734527267896666 -0.03904510372571847 0.0340317381977698 0.0011389830222075894 0.008280596881216837 0.07730440388509677 0.9969725064147751
1638452047377717972 -0.6695375341187166 -0.038541574736836046 0.03396689462892291 0.0009112264869026946 0.00830874418940369 0.04990538015277897 0.9987189569346873
1638452047576717854 -0.6663080505959171 -0.038293248015628084 0.03391324229765577 0.0007072904267960008 0.008328583553561867 0.02540998653410363 0.9996421535137954
1638452047747717857 -0.666257480894834 -0.03829068674864619 0.03391240085356605 0.0007024203332796682 0.008328995934817009 0.02482545980189072 0.9996568682049478
163845204847718048 -0.6662321964633185 -0.0382894433656895 0.03391198010160094 0.0007017600500486406 0.008329051373683307 0.024746213496317185 0.9996588069094475
1638452048247717857 -0.6662321964633185 -0.0382894433656895 0.03391198010160094 0.0007024878229836527 0.008328990312399916 0.024833559512209905 0.9996566753186039
1638452048447717905 -0.6662321965052211 -0.038289447090742924 0.03391198009860891 0.0007010255099809638 0.008329113297541171 0.024658053210772208 0.9996609935268659
1638452048650717974 -0.6662321964633185 -0.0382894433656895 0.03391198010160094 0.0007022155010837357 0.008329012929053718 0.024800877563233202 0.9996574452726591
1638452048851717949 -0.6662574810624444 -0.03829070164885989 0.03391240084159795 0.0007026809174927158 0.008328973948913205 0.024856735525120827 0.9996560903466365
163845204916717911 -0.6662574810624444 -0.03829070164885989 0.03391240084159795 0.0007029454971832805 0.008328951748303772 0.024888489923869973 0.999655315178913
1638452049184717894 -0.6662321965471238 -0.03828945081579635 0.033911980095616884 0.0007026129147507621 0.008328979598899503 0.02484857435062994 0.9996562828874964
1638452049383718014 -0.6662574811462496 -0.038290709098966744 0.0339124008356139 0.0007025166240152152 0.008328987766858257 0.02483701707626033 0.9996565755462221
1638452049583718061 -0.6662321965471238 -0.03828945081579635 0.033911980095616884 0.0007019920975224129 0.008329031919118844 0.024774063318858047 0.9996581290014946
1638452049752717972 -0.6662574811462496 -0.038290709098966744 0.0339124008356139 0.0007026281236900099 0.008328978282686288 0.02485039998528936 0.9996562335457045
1638452049923249006 -0.6662321965052211 -0.038289447090742924 0.03391198009860891 0.0007017871676874142 0.00832904941753036 0.02474946584478043 0.9996587655870733
1638452050125249147 -0.6662574811043471 -0.03829070537391332 0.03391240083860593 0.0007037476245940081 0.008328883697854008 0.02498476515515423 0.9996528761572835
1638452050292249203 -0.6662321963795134 -0.03828943591558265 0.03391198010758499 0.0007022773119174141 0.008329008110730967 0.02480829338244616 0.9996573081457348
1638452050492249012 -0.6662574808529313 -0.03829068302359276 0.033912400856558084 0.000702918130798825 0.008328953717823606 0.024885207774596206 0.9996553563337799
1638452050691249132 -0.6662574808529313 -0.03829068302359276 0.033912400856558084 0.0007028566109912085 0.008328959019435403 0.024877823283729596 0.9996555532403019
1638452050873249054 -0.6662574808529313 -0.03829068302359276 0.03391240085655808 0.0007021259886680232 0.008329020732764791 0.024790132360950366 0.9996577424959618
163845205139249182 -0.6662574808110288 -0.03829067929853933 0.03391240085955011 0.0007025194224041377 0.008328987616480774 0.024837352335378725 0.9996565774306806
1638452051238249063 -0.6662574808110288 -0.03829067929853933 0.03391240085955011 0.0007018706480203382 0.008329041937966306 0.024759488377408066 0.9996584643017157
1638452051445249081 -0.666257480769126 -0.038290675573485915 0.03391240086254214 0.0007030677128284419 0.008328941189357994 0.02490316019041833 0.999654920811001
1638452051645249128 -0.666257480769126 -0.038290675573485915 0.03391240086254214 0.0007027421574614401 0.008328968662339157 0.0248640864900756 0.9996558932516688
1638452051849249125 -0.6662321961280977 -0.038289413565262095 0.033911980125537144 0.0007041060697497205 0.008328853459612973 0.025027786270370375 0.999651806697637
163845205215249014 -0.666257480769126 -0.038290675573485915 0.03391240086254214 0.000702879624326229 0.008328957283836098 0.0248805839188192 0.9996555091540552
