1638452437394632715 0.0 0.0 0.0 0.0 0.0 0.0 1.0
1638452437595254773 0.00106048583984375 -0.00075531005859375 0.0 0.0 0.0 -0.0017367909895256162 0.9999985098838806
1638452437795777247 -0.000431060791015625 -0.004825592041015625 0.0 0.0 0.0 -0.0010680275736376643 0.9999994039535522
1638452437996253886 -0.00749969482421875 -0.00217437744140625 0.0 0.0 0.0 -0.0020968024618923664 0.9999977946281433
1638452438196919279 -0.0014801025390625 -0.00226593017578125 0.0 0.0 0.0 0.0006717055221088231 0.9999997615814209
1638452438397590453 -0.0035400390625 0.00092315673828125 0.0 0.0 0.0 -0.0026790190022438765 0.9999964237213135
1638452438598240324 -0.00043487548828125 -0.001682281494140625 0.0 0.0 0.0 -0.001344593008980155 0.9999991059303284
1638452438798890144 9.1552734375e-05 -0.002025604248046875 0.0 0.0 0.0 -0.0004953463794663548 0.9999998807907104
1638452438999625017 0.000354766845703125 -0.001956939697265625 0.0 0.0 0.0 0.0006951152463443577 0.9999997615814209
1638452439200504111 0.000659942626953125 -0.001857757568359375 0.0 0.0 0.0 0.00045342816156335175 0.9999998807907104
1638452439401162941 -0.000377655029296875 -0.002864837646484375 0.0 0.0 0.0 -0.0015811038902029395 0.9999987483024597
1638452439601755312 -0.00070953369140625 -0.002166748046875 0.0 0.0 0.0 0.0012010986683890224 0.9999992847442627
1638452439802385287 -0.00212860107421875 -0.00264739990234375 0.0 0.0 0.0 -0.0004598219820763916 0.9999998807907104
1638452440003061305 -0.002475738525390625 -0.00328826904296875 0.0 0.0 0.0 -0.0008031447068788111 0.9999997019767761
1638452440203806126 -0.001255035400390625 0.000274658203125 0.0 0.0 0.0 0.000871943193487823 0.9999996423721313
1638452440404398548 -0.002216339111328125 -0.00328826904296875 0.0 0.0 0.0 -0.0008613187819719315 0.9999996423721313
1638452440605025138 -0.00344085693359375 -0.004119873046875 0.0 0.0 0.0 -0.0002876837970688939 0.9999999403953552
1638452440805772616 -0.000156402587890625 -0.000244140625 0.0 0.0 0.0 0.000568670395296067 0.9999998211860657
1638452441006517020 -0.00040435791015625 0.00054931640625 0.0 0.0 0.0 -0.0006610472337342799 0.9999997615814209
1638452441207186840 0.00152587890625 -0.003063201904296875 0.0 0.0 0.0 -0.0017353605944663286 0.9999985098838806
1638452441407828586 -0.001537322998046875 -0.00443267822265625 0.0 0.0 0.0 0.0007545143598690629 0.9999997019767761
1638452441608467989 0.00069427490234375 -0.0040130615234375 0.0 0.0 0.0 -0.0010186749277636409 0.999999463558197
1638452441809148121 0.00360870361328125 -0.0019378662109375 0.0 0.0 0.0 0.0022419383749365807 0.9999974966049194
1638452442009897578 0.003986358642578125 -0.00180816650390625 0.0 0.0 0.0 0.00043207110138610005 0.9999998807907104
1638452442210513595 0.009815216064453125 -0.001873016357421875 0.0 0.0 0.0 -0.001914174179546535 0.999998152256012
1638452442411156852 0.016551971435546875 -0.0033721923828125 0.0 0.0 0.0 -0.0015336587093770504 0.9999988079071045
1638452442611817036 0.01326751708984375 -0.00185394287109375 0.0 0.0 0.0 -0.0035110958851873875 0.9999938607215881
1638452442812553159 0.019756317138671875 -0.002410888671875 0.0 0.0 0.0 -0.0005303939105942845 0.9999998807907104
1638452443013193447 0.02410125732421875 -0.002719879150390625 0.0 0.0 0.0 -0.0022098126355558634 0.9999975562095642
1638452443213869985 0.03697967529296875 -0.00461578369140625 0.0 0.0 0.0 -0.0005024989368394017 0.9999998807907104
1638452443414498607 0.04090118408203125 -0.0037384033203125 0.0 0.0 0.0 -0.0016593050677329302 0.9999986290931702
1638452443615428379 0.047393798828125 -0.0022430419921875 0.0 0.0 0.0 -0.00045743779628537595 0.9999998807907104
1638452443815991634 0.055126190185546875 -0.00496673583984375 0.0 0.0 0.0 -0.0015441491268575191 0.9999988079071045
1638452444016450982 0.07352447509765625 -0.006031036376953125 0.0 0.0 0.0 -0.0036956307012587786 0.9999931454658508
1638452444217098770 0.07926559448242188 -0.00203704833984375 0.0 0.0 0.0 -0.0034841548185795546 0.9999939203262329
1638452444417723485 0.08998489379882812 -0.006946563720703125 0.0 0.0 0.0 -0.002039582235738635 0.9999979138374329
1638452444618445858 0.10030364990234375 -0.0043182373046875 0.0 0.0 0.0 -0.0010012704879045486 0.9999995231628418
1638452444819204325 0.11280441284179688 -0.0048828125 0.0 0.0 0.0 -0.0008133966475725174 0.9999996423721313
1638452445019683673 0.12976837158203125 -0.0052642822265625 0.0 0.0 0.0 -0.004589930642396212 0.9999894499778748
1638452445220379066 0.13694000244140625 -0.00649261474609375 0.0 0.0 0.0 -0.002163082826882601 0.9999976754188538
1638452445421000916 0.15144729614257812 -0.0060577392578125 0.0 0.0 0.0 -0.0039617037400603294 0.9999921321868896
1638452445621819644 0.15618133544921875 -0.00217437744140625 0.0 0.0 0.0 -0.0030793221667408943 0.999995231628418
1638452445822430817 0.17094802856445312 -0.00395965576171875 0.0 0.0 0.0 -0.0046140109188854694 0.9999893307685852
1638452446023040688 0.18776321411132812 -0.0046844482421875 0.0 0.0 0.0 -0.0029500999953597784 0.9999956488609314
1638452446223857021 0.19459915161132812 -0.00424957275390625 0.0 0.0 0.0 -0.003133681369945407 0.9999951124191284
1638452446424550487 0.21099853515625 -0.005321502685546875 0.0 0.0 0.0 -0.0053435624577105045 0.9999856948852539
1638452446625295256 0.226898193359375 -0.00510406494140625 0.0 0.0 0.0 -0.004715337418019772 0.999988853931427
1638452446826072942 0.24555206298828125 -0.00335693359375 0.0 0.0 0.0 -0.004090448841452599 0.9999916553497314
1638452447026864483 0.2570991516113281 -0.006061553955078125 0.0 0.0 0.0 -0.004276890307664871 0.9999908804893494
1638452447227503365 0.27787017822265625 -0.00754547119140625 0.0 0.0 0.0 -0.004048248752951622 0.9999918341636658
1638452447428348916 0.28760528564453125 -0.00928497314453125 0.0 0.0 0.0 -0.0006338675157167017 0.9999998211860657
1638452447629064414 0.3126220703125 -0.00783538818359375 0.0 0.0 0.0 -0.0030848057940602303 0.999995231628418
1638452447829892309 0.33219146728515625 -0.00684356689453125 0.0 0.0 0.0 -0.0015427186153829098 0.9999988079071045
1638452448030546973 0.34830474853515625 -0.00856781005859375 0.0 0.0 0.0 -0.0007649977342225611 0.9999997019767761
1638452448231403410 0.3668937683105469 -0.005329132080078125 0.0 0.0 0.0 -0.002985385712236166 0.9999955296516418
1638452448432126460 0.3899040222167969 -0.00612640380859375 0.0 0.0 0.0 -0.001984030706807971 0.9999980330467224
1638452448632640444 0.409698486328125 -0.006420135498046875 0.0 0.0 0.0 -0.004819048568606377 0.9999883770942688
1638452448833281044 0.42832183837890625 -0.005706787109375 0.0 0.0 0.0 -0.004783524665981531 0.9999885559082031
1638452449033976021 0.44533538818359375 -0.00424957275390625 0.0 0.0 0.0 -0.0008336622267961502 0.9999996423721313
1638452449234695321 0.47271728515625 -0.00560760498046875 0.0 0.0 0.0 -0.0019876069854944944 0.9999980330467224
1638452449435424725 0.4904060363769531 -0.002651214599609375 0.0 0.0 0.0 -0.003913782071322203 0.9999923706054688
1638452449636011366 0.5139961242675781 -0.005008697509765625 0.0 0.0 0.0 -0.0033988014329224825 0.9999942183494568
1638452449836550819 0.5342330932617188 -0.0084228515625 0.0 0.0 0.0 -0.0055767325684428215 0.9999844431877136
1638452450037311890 0.5553970336914062 -0.004817962646484375 0.0 0.0 0.0 -0.0015896869590505958 0.9999987483024597
1638452450237991554 0.5785942077636719 -0.0036163330078125 0.0 0.0 0.0 -0.002078206045553088 0.9999978542327881
1638452450438726688 0.5998039245605469 -0.00762176513671875 0.0 0.0 0.0 -0.0007926542893983424 0.9999997019767761
1638452450639480936 0.6191215515136719 -0.008190155029296875 0.0 0.0 0.0 -0.001526267733424902 0.9999988079071045
1638452450839934346 0.645751953125 -0.010448455810546875 0.0 0.0 0.0 -0.006231179926544428 0.9999805688858032
1638452451040481716 0.6658134460449219 -0.0081787109375 0.0 0.0 0.0 -0.0034402860328555107 0.9999940991401672
1638452451240922990 0.6907424926757812 -0.010955810546875 0.0 0.0 0.0 -0.005949851591140032 0.9999822974205017
1638452451441583435 0.708465576171875 -0.00823974609375 0.0 0.0 0.0 -0.004934203345328569 0.9999878406524658
1638452451642306745 0.73443603515625 -0.009349822998046875 0.0 0.0 0.0 -0.004968058317899704 0.9999876618385315
1638452451842879688 0.7568588256835938 -0.006458282470703125 0.0 0.0 0.0 -0.008101287297904491 0.9999671578407288
1638452452043406068 0.77587890625 -0.008708953857421875 0.0 0.0 0.0 -0.007072302047163248 0.9999749660491943
1638452452244230422 0.7943916320800781 -0.00963592529296875 0.0 0.0 0.0 -0.00546372402459383 0.9999850988388062
1638452452445012483 0.8180313110351562 -0.00701141357421875 0.0 0.0 0.0 -0.004193444736301899 0.9999911785125732
1638452452645726210 0.8389663696289062 -0.00664520263671875 0.0 0.0 0.0 -0.006130092777311802 0.9999812245368958
1638452452846664784 0.8549270629882812 -0.0078887939453125 0.0 0.0 0.0 -0.002332359552383423 0.9999972581863403
1638452453047322885 0.8825874328613281 -0.009021759033203125 0.0 0.0 0.0 -0.003042844356968999 0.9999953508377075
1638452453248064372 0.901947021484375 -0.010105133056640625 0.0 0.0 0.0 -0.003715657629072666 0.999993085861206
1638452453449013311 0.9236335754394531 -0.005035400390625 0.0 0.0 0.0 -0.0012938098516315222 0.9999991655349731
1638452453649664589 0.94329833984375 -0.006744384765625 0.0 0.0 0.0 -0.0014812066219747066 0.999998927116394
1638452453850339357 0.97186279296875 -0.010589599609375 0.0 0.0 0.0 -0.0034252656623721123 0.999994158744812
1638452454051173596 0.9939689636230469 -0.009002685546875 0.0 0.0 0.0 0.0008436859352514148 0.9999996423721313
1638452454251716619 1.0196609497070312 -0.01061248779296875 0.0 0.0 0.0 -0.004843366798013449 0.9999882578849792
1638452454452518031 1.0437545776367188 -0.00824737548828125 0.0 0.0 0.0 -0.003616476198658347 0.9999934434890747
1638452454653294494 1.0678901672363281 -0.01158905029296875 0.0 0.0 0.0 -0.0020240850280970335 0.9999979734420776
1638452454854046010 1.0989151000976562 -0.008228302001953125 0.0 0.0 0.0 -0.003048804821446538 0.9999953508377075
1638452455054638825 1.1269340515136719 -0.008708953857421875 0.0 0.0 0.0 -0.0038761121686547995 0.9999924898147583
1638452455255243827 1.155181884765625 -0.01064300537109375 0.0 0.0 0.0 -0.004906070418655872 0.9999879598617554
1638452455455939925 1.1798820495605469 -0.00614166259765625 0.0 0.0 0.0 -0.0032171274069696665 0.9999948143959045
1638452455656700659 1.2048530578613281 -0.00923919677734375 0.0 0.0 0.0 -0.0018326351419091225 0.9999983310699463
1638452455857127065 1.2407417297363281 -0.010700225830078125 0.0 0.0 0.0 -0.004542008973658085 0.9999896883964539
1638452456057769725 1.264984130859375 -0.009613037109375 0.0 0.0 0.0 -0.0014926507137715816 0.9999988675117493
1638452456258409624 1.2949104309082031 -0.01218414306640625 0.0 0.0 0.0 -0.0022555890027433634 0.9999974370002747
1638452456459236922 1.3287887573242188 -0.008602142333984375 0.0 0.0 0.0 -0.002391248708590865 0.9999971389770508
1638452456659927447 1.3611564636230469 -0.01192474365234375 0.0 0.0 0.0 -0.002733378205448389 0.9999962449073792
1638452456860533908 1.3961105346679688 -0.007717132568359375 0.0 0.0 0.0 -0.006088608410209417 0.9999814629554749
1638452457061260475 1.4249267578125 -0.016857147216796875 0.0 0.0 0.0 -0.004738225601613522 0.9999887943267822
1638452457261767819 1.4497184753417969 -0.016010284423828125 0.0 0.0 0.0 -0.003593588247895241 0.9999935626983643
1638452457462533710 1.4842109680175781 -0.01522064208984375 0.0 0.0 0.0 -0.006377566140145063 0.9999796748161316
1638452457663156994 1.5202102661132812 -0.01018524169921875 0.0 0.0 0.0 -0.009052780456840992 0.9999590516090393
1638452457863776216 1.550018310546875 -0.01581573486328125 0.0 0.0 0.0 -0.009190342389047146 0.9999577403068542
1638452458064172048 1.5846023559570312 -0.017635345458984375 0.0 0.0 0.0 -0.012157291173934937 0.9999260902404785
1638452458265719253 1.6128349304199219 -0.017063140869140625 0.0 0.0 0.0 -0.007342900149524212 0.9999730587005615
1638452458465522681 1.6476554870605469 -0.017375946044921875 0.0 0.0 0.0 -0.010331121273338795 0.999946653842926
1638452458666137996 1.6794624328613281 -0.015522003173828125 0.0 0.0 0.0 -0.008367353118956089 0.9999650120735168
1638452458866754301 1.7144775390625 -0.01483917236328125 0.0 0.0 0.0 -0.013458473607897758 0.9999094009399414
1638452459067345814 1.7426872253417969 -0.020099639892578125 0.0 0.0 0.0 -0.01325321290642023 0.9999121427536011
1638452459268053995 1.7801399230957031 -0.0205078125 0.0 0.0 0.0 -0.012744471430778503 0.9999187588691711
1638452459468588372 1.80926513671875 -0.019199371337890625 0.0 0.0 0.0 -0.010399543680250645 0.9999459385871887
1638452459669325981 1.8126602172851562 -0.02143096923828125 0.0 0.0 0.0 -0.008310372941195965 0.999965488910675
1638452459869982442 1.819427490234375 -0.02524566650390625 0.0 0.0 0.0 -0.0119315255433321 0.9999288320541382
1638452460070516611 1.8237495422363281 -0.022624969482421875 0.0 0.0 0.0 -0.024098359048366547 0.9997096061706543
1638452460271165989 1.8250961303710938 -0.022457122802734375 0.0 0.0 0.0 -0.04250238463282585 0.9990963935852051
1638452460471849378 1.8299942016601562 -0.02214813232421875 0.0 0.0 0.0 -0.0725816935300827 0.997362494468689
1638452460672757875 1.8367691040039062 -0.01786041259765625 0.0 0.0 0.0 -0.11078449338674545 0.9938444495201111
1638452460873359753 1.84442138671875 -0.01052093505859375 0.0 0.0 0.0 -0.1626170128583908 0.9866892695426941
1638452461074286792 1.8458786010742188 -0.0023651123046875 0.0 0.0 0.0 -0.21924784779548645 0.9756692051887512
1638452461275001327 1.8530998229980469 0.0089111328125 0.0 0.0 0.0 -0.27987203001976013 0.9600372910499573
1638452461476037431 1.8573074340820312 0.01596832275390625 0.0 0.0 0.0 -0.3460763990879059 0.9382063150405884
1638452461676091279 1.860931396484375 0.017101287841796875 0.0 0.0 0.0 -0.40749722719192505 0.9132064580917358
1638452461876770501 1.8606185913085938 0.023578643798828125 0.0 0.0 0.0 -0.4667259156703949 0.8844020366668701
1638452462077433213 1.8681755065917969 0.02808380126953125 0.0 0.0 0.0 -0.5261229872703552 0.8504084944725037
1638452462278172489 1.8783187866210938 0.024463653564453125 0.0 0.0 0.0 -0.5843038558959961 0.8115350008010864
1638452462478446653 1.8720703125 0.03403472900390625 0.0 0.0 0.0 -0.6326308250427246 0.7744535207748413
1638452462679135042 1.8708076477050781 0.04203033447265625 0.0 0.0 0.0 -0.6373715996742249 0.7705565690994263
1638452462879856817 1.8714370727539062 0.04254150390625 0.0 0.0 0.0 -0.6360580325126648 0.771641194820404
1638452463080583489 1.8722724914550781 0.040416717529296875 0.0 0.0 0.0 -0.6367464065551758 0.7710732817649841
1638452463281247190 1.8714828491210938 0.04199981689453125 0.0 0.0 0.0 -0.6375408172607422 0.7704166173934937
1638452463481727920 1.8718452453613281 0.038249969482421875 0.0 0.0 0.0 -0.6393347382545471 0.7689285278320312
1638452463682487925 1.8733901977539062 0.034198760986328125 0.0 0.0 0.0 -0.6369249224662781 0.7709258794784546
1638452463883278972 1.8744430541992188 0.030376434326171875 0.0 0.0 0.0 -0.6369660496711731 0.7708918452262878
1638452464083929236 1.8770561218261719 0.016338348388671875 0.0 0.0 0.0 -0.6389064192771912 0.7692844867706299
1638452464284559083 1.8826179504394531 0.005565643310546875 0.0 0.0 0.0 -0.6382614970207214 0.7698196172714233
1638452464485278306 1.8843994140625 -0.009857177734375 0.0 0.0 0.0 -0.6383901238441467 0.7697129845619202
1638452464686006383 1.8819503784179688 -0.02916717529296875 0.0 0.0 0.0 -0.6375035047531128 0.7704474329948425
1638452464886536385 1.8862991333007812 -0.04486846923828125 0.0 0.0 0.0 -0.6377567648887634 0.7702378034591675
1638452465086952374 1.8908615112304688 -0.06785964965820312 0.0 0.0 0.0 -0.6396936178207397 0.7686299681663513
1638452465287640607 1.8980178833007812 -0.0835113525390625 0.0 0.0 0.0 -0.6387135982513428 0.7694445848464966
1638452465488378945 1.90008544921875 -0.09901809692382812 0.0 0.0 0.0 -0.6382225751876831 0.7698519229888916
1638452465688890405 1.9048690795898438 -0.12479782104492188 0.0 0.0 0.0 -0.6397819519042969 0.7685564756393433
1638452465889470980 1.9062576293945312 -0.15184783935546875 0.0 0.0 0.0 -0.6398317813873291 0.7685149908065796
1638452466090154369 1.9092788696289062 -0.17182540893554688 0.0 0.0 0.0 -0.6402461528778076 0.7681698203086853
1638452466290931562 1.9165153503417969 -0.19244766235351562 0.0 0.0 0.0 -0.6377288699150085 0.7702609300613403
1638452466491765006 1.9238052368164062 -0.21477890014648438 0.0 0.0 0.0 -0.6409825086593628 0.7675555348396301
1638452466692701680 1.9286079406738281 -0.24558639526367188 0.0 0.0 0.0 -0.6426161527633667 0.7661883234977722
1638452466893324391 1.9322090148925781 -0.27106475830078125 0.0 0.0 0.0 -0.6497772336006165 0.760124683380127
1638452467093980437 1.9314804077148438 -0.27526092529296875 0.0 0.0 0.0 -0.6499136686325073 0.7600080370903015
1638452467294670909 1.9325942993164062 -0.2790718078613281 0.0 0.0 0.0 -0.6516371965408325 0.7585307955741882
1638452467495418675 1.9326286315917969 -0.2791938781738281 0.0 0.0 0.0 -0.6509310603141785 0.7591368556022644
1638452467696096855 1.93035888671875 -0.28040313720703125 0.0 0.0 0.0 -0.6521162986755371 0.7581189274787903
1638452467896514616 1.9341011047363281 -0.28183746337890625 0.0 0.0 0.0 -0.6546837091445923 0.7559029459953308
1638452468097247172 1.9365158081054688 -0.2913627624511719 0.0 0.0 0.0 -0.6541517376899719 0.7563633322715759
1638452468297836602 1.937103271484375 -0.29425811767578125 0.0 0.0 0.0 -0.6542478203773499 0.756280243396759
1638452468498391916 1.9358940124511719 -0.3097267150878906 0.0 0.0 0.0 -0.6532833576202393 0.757113516330719
1638452468699006554 1.938232421875 -0.31713104248046875 0.0 0.0 0.0 -0.6532225012779236 0.7571659684181213
1638452468899804945 1.941375732421875 -0.33153533935546875 0.0 0.0 0.0 -0.6532983183860779 0.7571005821228027
1638452469100592399 1.9454460144042969 -0.3540534973144531 0.0 0.0 0.0 -0.6539181470870972 0.756565272808075
1638452469301282038 1.9459953308105469 -0.3718719482421875 0.0 0.0 0.0 -0.6549970507621765 0.7556314468383789
1638452469502099648 1.9471054077148438 -0.3889274597167969 0.0 0.0 0.0 -0.653956949710846 0.7565317749977112
1638452469702756423 1.9473075866699219 -0.4145545959472656 0.0 0.0 0.0 -0.6535688638687134 0.7568670511245728
1638452469903389603 1.9518508911132812 -0.4419975280761719 0.0 0.0 0.0 -0.6565611958503723 0.7542727589607239
1638452470103973980 1.9568252563476562 -0.46044921875 0.0 0.0 0.0 -0.6566764712333679 0.7541723847389221
1638452470304505961 1.9593734741210938 -0.4928741455078125 0.0 0.0 0.0 -0.6557541489601135 0.7549745440483093
1638452470505283414 1.9652633666992188 -0.5117759704589844 0.0 0.0 0.0 -0.6542020440101624 0.7563198208808899
1638452470705779352 1.9709968566894531 -0.5473709106445312 0.0 0.0 0.0 -0.6572545766830444 0.7536686658859253
1638452470906649932 1.9765243530273438 -0.5772552490234375 0.0 0.0 0.0 -0.6547824740409851 0.7558173537254333
1638452471107438583 1.9822502136230469 -0.6072463989257812 0.0 0.0 0.0 -0.6558734774589539 0.7548708915710449
1638452471308252808 1.9852523803710938 -0.6314620971679688 0.0 0.0 0.0 -0.6550458669662476 0.7555890679359436
1638452471509035626 1.9924507141113281 -0.6706924438476562 0.0 0.0 0.0 -0.6564499139785767 0.7543696165084839
1638452471709774954 1.9930343627929688 -0.7113227844238281 0.0 0.0 0.0 -0.654026210308075 0.7564718723297119
1638452471910695743 2.0032272338867188 -0.7386474609375 0.0 0.0 0.0 -0.6529681086540222 0.7573853731155396
1638452472111486321 2.0028305053710938 -0.7753982543945312 0.0 0.0 0.0 -0.6527290344238281 0.7575914859771729
1638452472312347265 2.0104598999023438 -0.8167076110839844 0.0 0.0 0.0 -0.6533735990524292 0.7570356130599976
1638452472512826745 2.012939453125 -0.8466377258300781 0.0 0.0 0.0 -0.6553798317909241 0.75529944896698
1638452472713509197 2.019268035888672 -0.8869056701660156 0.0 0.0 0.0 -0.6530367732048035 0.7573262453079224
1638452472914292640 2.026866912841797 -0.9221038818359375 0.0 0.0 0.0 -0.6515009999275208 0.7586477994918823
1638452473114958893 2.0311355590820312 -0.9457435607910156 0.0 0.0 0.0 -0.6520474553108215 0.758178174495697
1638452473315679679 2.035022735595703 -0.9898757934570312 0.0 0.0 0.0 -0.6531522870063782 0.7572265863418579
1638452473516392860 2.0413284301757812 -1.0277748107910156 0.0 0.0 0.0 -0.6513208150863647 0.7588024735450745
1638452473717071458 2.045909881591797 -1.0544090270996094 0.0 0.0 0.0 -0.6496109962463379 0.7602667808532715
1638452473917658023 2.047504425048828 -1.0959815979003906 0.0 0.0 0.0 -0.6512540578842163 0.7588597536087036
1638452474118545426 2.054309844970703 -1.1336860656738281 0.0 0.0 0.0 -0.647761881351471 0.7618429064750671
1638452474319447673 2.061267852783203 -1.1596641540527344 0.0 0.0 0.0 -0.6468735933303833 0.7625972628593445
1638452474519830328 2.066303253173828 -1.1939659118652344 0.0 0.0 0.0 -0.6470239162445068 0.7624697089195251
1638452474720568249 2.0729751586914062 -1.2331314086914062 0.0 0.0 0.0 -0.6447058916091919 0.7644307017326355
1638452474921095595 2.0771865844726562 -1.2630691528320312 0.0 0.0 0.0 -0.6475095152854919 0.762057363986969
1638452475121982425 2.0781173706054688 -1.3066139221191406 0.0 0.0 0.0 -0.6451089382171631 0.7640905976295471
1638452475322596229 2.0932846069335938 -1.3378677368164062 0.0 0.0 0.0 -0.6452169418334961 0.7639994025230408
1638452475523402433 2.1007308959960938 -1.3858566284179688 0.0 0.0 0.0 -0.6432170867919922 0.7656838297843933
1638452475724126292 2.1060409545898438 -1.4278526306152344 0.0 0.0 0.0 -0.644310474395752 0.7647640109062195
1638452475924771608 2.1131668090820312 -1.4645423889160156 0.0 0.0 0.0 -0.6460914015769958 0.763260006904602
1638452476125414215 2.1181716918945312 -1.5112113952636719 0.0 0.0 0.0 -0.644375205039978 0.76470947265625
1638452476326051926 2.1282730102539062 -1.5516777038574219 0.0 0.0 0.0 -0.6431015729904175 0.7657809257507324
1638452476526891829 2.13287353515625 -1.5940322875976562 0.0 0.0 0.0 -0.642656147480011 0.7661547660827637
1638452476727643448 2.141162872314453 -1.6348342895507812 0.0 0.0 0.0 -0.643587589263916 0.7653724551200867
1638452476928207565 2.151824951171875 -1.6820793151855469 0.0 0.0 0.0 -0.6459705829620361 0.7633622884750366
1638452477129170386 2.154590606689453 -1.7228355407714844 0.0 0.0 0.0 -0.6441093683242798 0.7649334073066711
1638452477329770492 2.154327392578125 -1.7693252563476562 0.0 0.0 0.0 -0.6453506350517273 0.7638864517211914
1638452477530361432 2.161956787109375 -1.8010368347167969 0.0 0.0 0.0 -0.6441051363945007 0.7649369835853577
1638452477730984195 2.1688232421875 -1.8633041381835938 0.0 0.0 0.0 -0.6420333981513977 0.766676664352417
1638452477931551645 2.1748275756835938 -1.9017219543457031 0.0 0.0 0.0 -0.643843948841095 0.7651568055152893
1638452478132090762 2.182567596435547 -1.9438095092773438 0.0 0.0 0.0 -0.6411511898040771 0.7674145698547363
1638452478332723681 2.1872177124023438 -1.9873733520507812 0.0 0.0 0.0 -0.641981303691864 0.7667202949523926
1638452478533258162 2.1945419311523438 -2.023773193359375 0.0 0.0 0.0 -0.6445992588996887 0.7645206451416016
1638452478736629042 2.1972732543945312 -2.0624160766601562 0.0 0.0 0.0 -0.6455134749412537 0.7637488842010498
1638452479135114056 2.2144546508789062 -2.1411094665527344 0.0 0.0 0.0 -0.6425297260284424 0.7662607431411743
1638452479335808539 2.222412109375 -2.1864471435546875 0.0 0.0 0.0 -0.6442722082138062 0.764796257019043
1638452479536504064 2.231548309326172 -2.2204627990722656 0.0 0.0 0.0 -0.6431822180747986 0.7657131552696228
1638452479737300580 2.240917205810547 -2.2515869140625 0.0 0.0 0.0 -0.642573356628418 0.7662241458892822
1638452479937885114 2.2458419799804688 -2.312366485595703 0.0 0.0 0.0 -0.6426113843917847 0.7661922574043274
1638452480138532356 2.2502975463867188 -2.341106414794922 0.0 0.0 0.0 -0.6443318128585815 0.7647460103034973
1638452480339054545 2.256072998046875 -2.3842391967773438 0.0 0.0 0.0 -0.6413601040840149 0.7672399878501892
1638452480539788612 2.2631454467773438 -2.4250564575195312 0.0 0.0 0.0 -0.6409303545951843 0.7675990462303162
1638452480740617369 2.2727737426757812 -2.4559173583984375 0.0 0.0 0.0 -0.6374282240867615 0.7705097794532776
1638452480941329665 2.2805099487304688 -2.4953689575195312 0.0 0.0 0.0 -0.6394417881965637 0.7688394784927368
1638452481141781748 2.2883071899414062 -2.5438461303710938 0.0 0.0 0.0 -0.6372062563896179 0.770693302154541
1638452481342544410 2.288604736328125 -2.5766563415527344 0.0 0.0 0.0 -0.6345386505126953 0.772891104221344
1638452481543275768 2.30084228515625 -2.6182785034179688 0.0 0.0 0.0 -0.6348231434822083 0.7726574540138245
1638452481743902282 2.307708740234375 -2.6542015075683594 0.0 0.0 0.0 -0.6356844902038574 0.7719489932060242
1638452481947185973 2.3219680786132812 -2.6949462890625 0.0 0.0 0.0 -0.635062575340271 0.7724606990814209
1638452482345568485 2.3335037231445312 -2.7738723754882812 0.0 0.0 0.0 -0.6347655057907104 0.7727048397064209
1638452482546230207 2.340221405029297 -2.8229293823242188 0.0 0.0 0.0 -0.6348402500152588 0.7726433873176575
1638452482746780313 2.346332550048828 -2.8619918823242188 0.0 0.0 0.0 -0.6368235945701599 0.7710095047950745
1638452482947432869 2.3577346801757812 -2.9057540893554688 0.0 0.0 0.0 -0.6338875889778137 0.7734251618385315
1638452483148275844 2.359130859375 -2.9431686401367188 0.0 0.0 0.0 -0.6356256008148193 0.7719974517822266
1638452483348907618 2.3712539672851562 -2.9860916137695312 0.0 0.0 0.0 -0.6374010443687439 0.7705322504043579
1638452483549560069 2.3753738403320312 -3.0021018981933594 0.0 0.0 0.0 -0.6348065733909607 0.772671103477478
1638452483750254865 2.3697586059570312 -3.0056724548339844 0.0 0.0 0.0 -0.6358540058135986 0.7718093395233154
1638452483950929608 2.3729934692382812 -3.00787353515625 0.0 0.0 0.0 -0.6400529146194458 0.7683308124542236
1638452484151618987 2.3787918090820312 -3.0110015869140625 0.0 0.0 0.0 -0.6547960042953491 0.7558056712150574
1638452484352320397 2.3779373168945312 -3.009845733642578 0.0 0.0 0.0 -0.6783738136291504 0.7347169518470764
1638452484553086288 2.381488800048828 -3.018299102783203 0.0 0.0 0.0 -0.7061280012130737 0.708084225654602
1638452484754097651 2.3877029418945312 -3.01361083984375 0.0 0.0 0.0 -0.742500901222229 0.6698450446128845
1638452484954574110 2.401935577392578 -3.0137557983398438 0.0 0.0 0.0 -0.7812551856040955 0.6242117881774902
1638452485155229530 2.400970458984375 -3.0130043029785156 0.0 0.0 0.0 -0.8237107992172241 0.5670101642608643
1638452485355731406 2.402820587158203 -3.0205307006835938 0.0 0.0 0.0 -0.8618724942207336 0.5071250200271606
1638452485556330680 2.4103622436523438 -3.0218429565429688 0.0 0.0 0.0 -0.8940840363502502 0.4478992223739624
1638452485757050580 2.420276641845703 -3.0304107666015625 0.0 0.0 0.0 -0.924411952495575 0.3813955783843994
1638452485957704542 2.425434112548828 -3.0366744995117188 0.0 0.0 0.0 -0.9512802362442017 0.30832767486572266
1638452486158546840 2.42681884765625 -3.038623809814453 0.0 0.0 0.0 -0.9722337126731873 0.23401197791099548
1638452486359314449 2.43408203125 -3.0513648986816406 0.0 0.0 0.0 -0.9869278073310852 0.16116294264793396
1638452486559559290 2.429180145263672 -3.0571670532226562 0.0 0.0 0.0 -0.9964572787284851 0.08410029113292694
1638452486760370181 2.445465087890625 -3.058002471923828 0.0 0.0 0.0 -0.9986225366592407 0.052469782531261444
1638452486961145291 2.448528289794922 -3.0536727905273438 0.0 0.0 0.0 -0.9986850619316101 0.05126488581299782
1638452487161752689 2.4512863159179688 -3.0535354614257812 0.0 0.0 0.0 -0.9986860752105713 0.051246196031570435
1638452487362399411 2.446136474609375 -3.0625572204589844 0.0 0.0 0.0 -0.999006450176239 0.04456624761223793
1638452487563032331 2.436626434326172 -3.0636253356933594 0.0 0.0 0.0 -0.9987943768501282 0.04908908158540726
1638452487763527488 2.4286117553710938 -3.0642051696777344 0.0 0.0 0.0 -0.998853862285614 0.04786457493901253
1638452487964005145 2.4235458374023438 -3.0596237182617188 0.0 0.0 0.0 -0.9988464713096619 0.048017583787441254
1638452488164439207 2.4155349731445312 -3.055206298828125 0.0 0.0 0.0 -0.9988431334495544 0.048087239265441895
1638452488365041345 2.4043960571289062 -3.0667152404785156 0.0 0.0 0.0 -0.9986094832420349 0.052717629820108414
1638452488565930050 2.4035415649414062 -3.0691070556640625 0.0 0.0 0.0 -0.9986251592636108 0.05241978168487549
1638452488766524428 2.402912139892578 -3.0618629455566406 0.0 0.0 0.0 -0.9989962577819824 0.044793471693992615
1638452488967158389 2.411151885986328 -3.0662155151367188 0.0 0.0 0.0 -0.9993337988853455 0.036495402455329895
1638452489167871675 2.408222198486328 -3.0621490478515625 0.0 0.0 0.0 -0.9993395209312439 0.03633910417556763
1638452489368706577 2.412811279296875 -3.062946319580078 0.0 0.0 0.0 -0.9993179440498352 0.0369272455573082
1638452489569469134 2.405994415283203 -3.0641632080078125 0.0 0.0 0.0 -0.9995320439338684 0.03058917447924614
1638452489770273254 2.404003143310547 -3.0617446899414062 0.0 0.0 0.0 -0.9993635416030884 0.03567267954349518
1638452489970862944 2.391204833984375 -3.0695228576660156 0.0 0.0 0.0 -0.9995332956314087 0.030548425391316414
1638452490171481280 2.3916549682617188 -3.0606613159179688 0.0 0.0 0.0 -0.9993773102760315 0.03528442233800888
1638452490372189097 2.390300750732422 -3.0669784545898438 0.0 0.0 0.0 -0.9993611574172974 0.035738203674554825
1638452490572830194 2.3646926879882812 -3.0656356811523438 0.0 0.0 0.0 -0.999549150466919 0.030024264007806778
1638452490773453374 2.365436553955078 -3.0680007934570312 0.0 0.0 0.0 -0.9994524121284485 0.033089395612478256
1638452490974048272 2.335285186767578 -3.0649642944335938 0.0 0.0 0.0 -0.9995418787002563 0.030265791341662407
1638452491174572961 2.319469451904297 -3.0677871704101562 0.0 0.0 0.0 -0.9992915391921997 0.03763604909181595
1638452491375174578 2.290912628173828 -3.0773048400878906 0.0 0.0 0.0 -0.9995628595352173 0.02956598810851574
1638452491575962709 2.266845703125 -3.081310272216797 0.0 0.0 0.0 -0.999570369720459 0.029310157522559166
1638452491776568076 2.249755859375 -3.081390380859375 0.0 0.0 0.0 -0.999443531036377 0.03335532173514366
1638452491977254330 2.2320556640625 -3.0869064331054688 0.0 0.0 0.0 -0.9994515180587769 0.033115845173597336
1638452492177903656 2.198955535888672 -3.080730438232422 0.0 0.0 0.0 -0.9993772506713867 0.03528597205877304
1638452492378584910 2.165660858154297 -3.079742431640625 0.0 0.0 0.0 -0.9995535612106323 0.029877105727791786
1638452492579249757 2.145843505859375 -3.090850830078125 0.0 0.0 0.0 -0.9995077848434448 0.03137236088514328
1638452492779823249 2.113292694091797 -3.0850601196289062 0.0 0.0 0.0 -0.9996203780174255 0.027550863102078438
1638452492980324708 2.081451416015625 -3.0844802856445312 0.0 0.0 0.0 -0.9995849132537842 0.02880992740392685
1638452493181064453 2.0565414428710938 -3.0917396545410156 0.0 0.0 0.0 -0.9995241165161133 0.030847975984215736
1638452493381716956 2.0315780639648438 -3.0956649780273438 0.0 0.0 0.0 -0.9995021224021912 0.03155120462179184
1638452493582334563 1.9951286315917969 -3.093036651611328 0.0 0.0 0.0 -0.9995228052139282 0.03089003637433052
1638452493782944930 1.9710578918457031 -3.0811080932617188 0.0 0.0 0.0 -0.9994434118270874 0.033358898013830185
1638452493984683753 1.9487495422363281 -3.0901947021484375 0.0 0.0 0.0 -0.9995099306106567 0.031303491443395615
1638452494184229781 1.9212722778320312 -3.0965957641601562 0.0 0.0 0.0 -0.9994527101516724 0.03307938575744629
1638452494384858429 1.8913192749023438 -3.0934677124023438 0.0 0.0 0.0 -0.9994361400604248 0.03357621282339096
1638452494585456140 1.866241455078125 -3.1056251525878906 0.0 0.0 0.0 -0.9994714260101318 0.032509393990039825
1638452494786159947 1.8386459350585938 -3.0992469787597656 0.0 0.0 0.0 -0.9993391036987305 0.03635018318891525
1638452494986648281 1.81097412109375 -3.0998458862304688 0.0 0.0 0.0 -0.9994694590568542 0.03256956487894058
1638452495187187657 1.7818069458007812 -3.1032562255859375 0.0 0.0 0.0 -0.9994122385978699 0.03428081050515175
1638452495387746513 1.7527084350585938 -3.0999755859375 0.0 0.0 0.0 -0.9994605779647827 0.03284073993563652
1638452495588540113 1.7200736999511719 -3.1112022399902344 0.0 0.0 0.0 -0.9994475245475769 0.03323617950081825
1638452495789401473 1.688751220703125 -3.1166763305664062 0.0 0.0 0.0 -0.9994009137153625 0.03460879996418953
1638452495990173718 1.6532707214355469 -3.111347198486328 0.0 0.0 0.0 -0.9995664358139038 0.02944289892911911
1638452496191045496 1.6215629577636719 -3.1093101501464844 0.0 0.0 0.0 -0.9994762539863586 0.03236081823706627
1638452496391710500 1.5838241577148438 -3.1168975830078125 0.0 0.0 0.0 -0.9995355606079102 0.030473118647933006
1638452496592305294 1.5488510131835938 -3.1126976013183594 0.0 0.0 0.0 -0.9996017217636108 0.028220558539032936
1638452496793085872 1.5239982604980469 -3.1221160888671875 0.0 0.0 0.0 -0.9994780421257019 0.03230529651045799
1638452496993674156 1.48919677734375 -3.1229934692382812 0.0 0.0 0.0 -0.9995047450065613 0.03146875277161598
1638452497194354837 1.4519233703613281 -3.1244735717773438 0.0 0.0 0.0 -0.9995518326759338 0.029935969039797783
1638452497394927182 1.4179763793945312 -3.1296043395996094 0.0 0.0 0.0 -0.9995856285095215 0.028783950954675674
1638452497595791616 1.3856391906738281 -3.1224021911621094 0.0 0.0 0.0 -0.9995392560958862 0.030351582914590836
1638452497796750374 1.3554763793945312 -3.1299591064453125 0.0 0.0 0.0 -0.9995371103286743 0.030422717332839966
1638452497997262667 1.3122634887695312 -3.1348724365234375 0.0 0.0 0.0 -0.9996560215950012 0.02622680738568306
1638452498197934702 1.2827682495117188 -3.1272048950195312 0.0 0.0 0.0 -0.9995670318603516 0.029422998428344727
1638452498398727885 1.2384719848632812 -3.1310958862304688 0.0 0.0 0.0 -0.9995959997177124 0.028422417119145393
1638452498599345023 1.2167778015136719 -3.138568878173828 0.0 0.0 0.0 -0.999561071395874 0.029624970629811287
1638452498800219197 1.177886962890625 -3.1353683471679688 0.0 0.0 0.0 -0.999508798122406 0.0313386432826519
1638452499000797793 1.1395149230957031 -3.1296157836914062 0.0 0.0 0.0 -0.9996122717857361 0.027843527495861053
1638452499201388993 1.1063117980957031 -3.142669677734375 0.0 0.0 0.0 -0.9996694326400757 0.025709494948387146
1638452499402044205 1.0686416625976562 -3.154949188232422 0.0 0.0 0.0 -0.9995772242546082 0.02907458133995533
1638452499602721656 1.038055419921875 -3.1524124145507812 0.0 0.0 0.0 -0.9995962977409363 0.028410978615283966
1638452499803450463 1.001708984375 -3.1533432006835938 0.0 0.0 0.0 -0.9996277093887329 0.027284767478704453
1638452500004053174 0.9693717956542969 -3.1523399353027344 0.0 0.0 0.0 -0.9995880126953125 0.028702087700366974
1638452500204598801 0.941314697265625 -3.1469955444335938 0.0 0.0 0.0 -0.9995802640914917 0.028971150517463684
1638452500405214428 0.905120849609375 -3.1608505249023438 0.0 0.0 0.0 -0.9995493292808533 0.03001842461526394
1638452500605750836 0.8713760375976562 -3.1591567993164062 0.0 0.0 0.0 -0.9996593594551086 0.026099057868123055
1638452500806406569 0.8433647155761719 -3.1562957763671875 0.0 0.0 0.0 -0.9996609687805176 0.026036972180008888
1638452501006850163 0.8053054809570312 -3.1723861694335938 0.0 0.0 0.0 -0.9997381567955017 0.022883042693138123
1638452501207495739 0.7757034301757812 -3.1674461364746094 0.0 0.0 0.0 -0.999687910079956 0.024982431903481483
1638452501408218868 0.7400627136230469 -3.17059326171875 0.0 0.0 0.0 -0.9997468590736389 0.02249821461737156
1638452501608878716 0.7031478881835938 -3.1702651977539062 0.0 0.0 0.0 -0.9996615648269653 0.02601468749344349
1638452501809375175 0.669036865234375 -3.1749916076660156 0.0 0.0 0.0 -0.9997755289077759 0.021185914054512978
1638452502010010126 0.6347541809082031 -3.1618270874023438 0.0 0.0 0.0 -0.9997549653053284 0.022136148065328598
1638452502213283139 0.6030502319335938 -3.1747665405273438 0.0 0.0 0.0 -0.9997351765632629 0.023012589663267136
1638452502611857270 0.527252197265625 -3.1796188354492188 0.0 0.0 0.0 -0.9997761249542236 0.021158384159207344
1638452502812473002 0.49448394775390625 -3.1733627319335938 0.0 0.0 0.0 -0.9997853636741638 0.02071836031973362
1638452503013139880 0.4574470520019531 -3.1814308166503906 0.0 0.0 0.0 -0.9997564554214478 0.022068096324801445
1638452503214281870 0.4250679016113281 -3.182147979736328 0.0 0.0 0.0 -0.9997987747192383 0.020061533898115158
1638452503414418949 0.3954963684082031 -3.189228057861328 0.0 0.0 0.0 -0.9996386766433716 0.026879247277975082
1638452503615009368 0.36902618408203125 -3.179401397705078 0.0 0.0 0.0 -0.9995718002319336 0.029261063784360886
1638452503815764217 0.36386871337890625 -3.1959190368652344 0.0 0.0 0.0 -0.9997770190238953 0.021116074174642563
1638452504016385991 0.36995697021484375 -3.190502166748047 0.0 0.0 0.0 -0.9998801946640015 0.01547818724066019
1638452504217094797 0.3512992858886719 -3.1868515014648438 0.0 0.0 0.0 0.9999313950538635 0.011711524799466133
1638452504418063920 0.344268798828125 -3.1874160766601562 0.0 0.0 0.0 0.9990342855453491 0.04393719881772995
1638452504618638766 0.346099853515625 -3.1985244750976562 0.0 0.0 0.0 0.9961837530136108 0.08728060871362686
1638452504819324499 0.3485107421875 -3.2087326049804688 0.0 0.0 0.0 0.9901919960975647 0.13971315324306488
1638452505020046899 0.34532928466796875 -3.2218589782714844 0.0 0.0 0.0 0.9787075519561768 0.20525966584682465
1638452505220832478 0.3412055969238281 -3.231475830078125 0.0 0.0 0.0 0.96100252866745 0.27653956413269043
1638452505421697224 0.33515167236328125 -3.2453460693359375 0.0 0.0 0.0 0.9352191090583801 0.3540695607662201
1638452505622308372 0.322601318359375 -3.2752761840820312 0.0 0.0 0.0 0.9063518047332764 0.4225238263607025
1638452505822903531 0.3194580078125 -3.3583450317382812 0.0 0.0 0.0 0.8823180198669434 0.4706537425518036
1638452506023040870 0.3098945617675781 -3.3837127685546875 0.0 0.0 0.0 0.843682587146759 0.5368423461914062
1638452506223793219 0.30681610107421875 -3.411212921142578 0.0 0.0 0.0 0.8441274762153625 0.5361425280570984
1638452506424546765 0.2967109680175781 -3.4082717895507812 0.0 0.0 0.0 0.8421491980552673 0.5392445921897888
1638452506625112913 0.29846954345703125 -3.3865585327148438 0.0 0.0 0.0 0.837221086025238 0.5468645095825195
1638452506825769479 0.302154541015625 -3.404102325439453 0.0 0.0 0.0 0.8327820897102356 0.5536009073257446
1638452507026318804 0.3060302734375 -3.4268760681152344 0.0 0.0 0.0 0.8260520100593567 0.5635939240455627
1638452507227098132 0.30780792236328125 -3.428112030029297 0.0 0.0 0.0 0.8225439190864563 0.5687015652656555
1638452507427965899 0.2984428405761719 -3.426311492919922 0.0 0.0 0.0 0.8157312273979187 0.5784311294555664
1638452507628699706 0.3072090148925781 -3.426074981689453 0.0 0.0 0.0 0.815484881401062 0.5787783265113831
1638452507829535754 0.30329132080078125 -3.4525070190429688 0.0 0.0 0.0 0.809944748878479 0.5865061283111572
1638452508030285759 0.2945060729980469 -3.4631805419921875 0.0 0.0 0.0 0.8043256998062134 0.5941886901855469
1638452508231073421 0.3255424499511719 -3.5860137939453125 0.0 0.0 0.0 0.8016452789306641 0.5978000164031982
1638452508431617433 0.31703948974609375 -3.5936737060546875 0.0 0.0 0.0 0.7989643812179565 0.6013783812522888
1638452508632252592 0.3328857421875 -3.615367889404297 0.0 0.0 0.0 0.8001375198364258 0.599816620349884
1638452508833009316 0.3742256164550781 -3.693817138671875 0.0 0.0 0.0 0.8058698773384094 0.5920926332473755
1638452509033828332 0.373870849609375 -3.699138641357422 0.0 0.0 0.0 0.8066339492797852 0.5910513401031494
1638452509234381147 0.374237060546875 -3.6943893432617188 0.0 0.0 0.0 0.8083713054656982 0.588672935962677
1638452509434950315 0.35717010498046875 -3.593982696533203 0.0 0.0 0.0 0.8116298317909241 0.5841721296310425
1638452509635657038 0.3497200012207031 -3.5869407653808594 0.0 0.0 0.0 0.8091508746147156 0.5876009464263916
1638452509836402147 0.324462890625 -3.5321273803710938 0.0 0.0 0.0 0.8093406558036804 0.5873395204544067
1638452510037046421 0.3178520202636719 -3.4882659912109375 0.0 0.0 0.0 0.8119867444038391 0.5836759209632874
1638452510237689133 0.3309326171875 -3.5481796264648438 0.0 0.0 0.0 0.8040966987609863 0.5944985151290894
1638452510438352366 0.32331085205078125 -3.4987716674804688 0.0 0.0 0.0 0.8068758845329285 0.5907210111618042
1638452510639087735 0.3030281066894531 -3.4540443420410156 0.0 0.0 0.0 0.8072837591171265 0.59016352891922
1638452510842407885 0.3326835632324219 -3.616474151611328 0.0 0.0 0.0 0.798651397228241 0.6017940044403076
1638452511240893055 0.31984710693359375 -3.632579803466797 0.0 0.0 0.0 0.793795108795166 0.6081852912902832
1638452511441454203 0.3367919921875 -3.6646041870117188 0.0 0.0 0.0 0.7968551516532898 0.6041703820228577
1638452511642179051 0.331878662109375 -3.6779212951660156 0.0 0.0 0.0 0.7973402142524719 0.6035300493240356
1638452511842671656 0.3730278015136719 -3.7517242431640625 0.0 0.0 0.0 0.7978164553642273 0.6029003858566284
1638452512043374317 0.365386962890625 -3.7859420776367188 0.0 0.0 0.0 0.7938583493232727 0.6081026792526245
1638452512243780931 0.39675140380859375 -3.8363494873046875 0.0 0.0 0.0 0.7954745888710022 0.6059869527816772
1638452512444306557 0.3897819519042969 -3.819080352783203 0.0 0.0 0.0 0.7946155667304993 0.6071128845214844
1638452512644796923 0.36801910400390625 -3.8035354614257812 0.0 0.0 0.0 0.7868489027023315 0.6171457171440125
1638452512845423800 0.356170654296875 -3.7961196899414062 0.0 0.0 0.0 0.7838890552520752 0.6209008693695068
1638452513046061668 0.3519783020019531 -3.762828826904297 0.0 0.0 0.0 0.7842773199081421 0.6204103827476501
1638452513246676619 0.3414802551269531 -3.7385482788085938 0.0 0.0 0.0 0.7879945635795593 0.6156821846961975
1638452513447264746 0.3383293151855469 -3.704570770263672 0.0 0.0 0.0 0.7848434448242188 0.6196940541267395
1638452513647765789 0.33115386962890625 -3.669708251953125 0.0 0.0 0.0 0.784803569316864 0.619744598865509
1638452513848225373 0.32306671142578125 -3.647411346435547 0.0 0.0 0.0 0.7832417488098145 0.6217172741889954
1638452514048925585 0.31453704833984375 -3.6128692626953125 0.0 0.0 0.0 0.7847069501876831 0.6198669075965881
1638452514249674600 0.3166923522949219 -3.5902175903320312 0.0 0.0 0.0 0.7834433317184448 0.6214632391929626
1638452514450361427 0.29754638671875 -3.552845001220703 0.0 0.0 0.0 0.7882112264633179 0.6154048442840576
1638452514651083411 0.29599761962890625 -3.5286483764648438 0.0 0.0 0.0 0.7878546714782715 0.6158612370491028
1638452514851715237 0.29034423828125 -3.5144386291503906 0.0 0.0 0.0 0.787449836730957 0.6163787841796875
1638452515052217998 0.28380584716796875 -3.4651641845703125 0.0 0.0 0.0 0.7867145538330078 0.6173169612884521
1638452515252883523 0.27219390869140625 -3.4279937744140625 0.0 0.0 0.0 0.7888587117195129 0.6145746111869812
1638452515453527224 0.2692375183105469 -3.406932830810547 0.0 0.0 0.0 0.7859483957290649 0.6182920932769775
1638452515654240249 0.2526359558105469 -3.3639602661132812 0.0 0.0 0.0 0.7890223860740662 0.6143644452095032
1638452515854976347 0.24491119384765625 -3.3370437622070312 0.0 0.0 0.0 0.7883651852607727 0.6152075529098511
1638452516058266288 0.24176788330078125 -3.3041954040527344 0.0 0.0 0.0 0.7879824042320251 0.6156978011131287
1638452516456651718 0.22740936279296875 -3.251873016357422 0.0 0.0 0.0 0.7892985939979553 0.6140095591545105
1638452516657376566 0.21992111206054688 -3.215423583984375 0.0 0.0 0.0 0.7892338037490845 0.6140928268432617
1638452516858078966 0.2156982421875 -3.224353790283203 0.0 0.0 0.0 0.7898184657096863 0.6133407354354858
1638452517058679437 0.21393966674804688 -3.1937332153320312 0.0 0.0 0.0 0.7909934520721436 0.611824631690979
1638452517259349024 0.20531463623046875 -3.1889114379882812 0.0 0.0 0.0 0.7907391786575317 0.6121532320976257
1638452517459715065 0.20176315307617188 -3.1526718139648438 0.0 0.0 0.0 0.7888304591178894 0.6146108508110046
1638452517660890128 0.2001953125 -3.1548614501953125 0.0 0.0 0.0 0.7866565585136414 0.6173908114433289
1638452517861085697 0.19588088989257812 -3.135814666748047 0.0 0.0 0.0 0.7862063050270081 0.6179640889167786
1638452518061885443 0.18221282958984375 -3.093517303466797 0.0 0.0 0.0 0.7867494225502014 0.6172724962234497
1638452518262629406 0.166168212890625 -3.024139404296875 0.0 0.0 0.0 0.7869907021522522 0.6169648766517639
1638452518466018723 0.16560745239257812 -3.0174407958984375 0.0 0.0 0.0 0.7878456115722656 0.6158728003501892
1638452518864506811 0.14454269409179688 -2.9136581420898438 0.0 0.0 0.0 0.7926431894302368 0.6096857786178589
1638452519065305931 0.125 -2.8532447814941406 0.0 0.0 0.0 0.7902267575263977 0.6128146052360535
1638452519266054425 0.1165771484375 -2.840740203857422 0.0 0.0 0.0 0.7927761673927307 0.6095128655433655
1638452519466767398 0.11561965942382812 -2.799152374267578 0.0 0.0 0.0 0.789819061756134 0.613339900970459
1638452519667334953 0.10471725463867188 -2.7536277770996094 0.0 0.0 0.0 0.7918376326560974 0.6107316613197327
1638452519867931830 0.09205245971679688 -2.6966018676757812 0.0 0.0 0.0 0.7912297248840332 0.6115189790725708
1638452520068527874 0.08861541748046875 -2.684581756591797 0.0 0.0 0.0 0.7908634543418884 0.6119926571846008
1638452520269246264 0.07915115356445312 -2.658405303955078 0.0 0.0 0.0 0.7922367453575134 0.6102138161659241
1638452520469766057 0.07517242431640625 -2.6533432006835938 0.0 0.0 0.0 0.7896714210510254 0.6135299801826477
1638452520670711377 0.06514358520507812 -2.5920562744140625 0.0 0.0 0.0 0.7923447489738464 0.6100735664367676
1638452520871419090 0.057819366455078125 -2.5757522583007812 0.0 0.0 0.0 0.7912254333496094 0.6115246415138245
1638452521072197533 0.048603057861328125 -2.5308990478515625 0.0 0.0 0.0 0.7914943695068359 0.6111764907836914
1638452521272818421 0.046100616455078125 -2.5053939819335938 0.0 0.0 0.0 0.7924660444259644 0.6099160313606262
1638452521473651344 0.024883270263671875 -2.463909149169922 0.0 0.0 0.0 0.7909225821495056 0.611916184425354
1638452521674465621 0.03011322021484375 -2.452770233154297 0.0 0.0 0.0 0.7915434241294861 0.6111128926277161
1638452521875386826 0.013355255126953125 -2.416637420654297 0.0 0.0 0.0 0.7921531796455383 0.6103223562240601
1638452522075900942 0.01861572265625 -2.3943023681640625 0.0 0.0 0.0 0.788598358631134 0.6149086356163025
1638452522276575946 -3.814697265625e-05 -2.3510971069335938 0.0 0.0 0.0 0.7893897891044617 0.6138923168182373
1638452522477133656 -0.0037689208984375 -2.3179397583007812 0.0 0.0 0.0 0.7898983955383301 0.6132376790046692
1638452522678014601 -0.008403778076171875 -2.2942276000976562 0.0 0.0 0.0 0.7904551029205322 0.6125199794769287
1638452522878868774 -0.020778656005859375 -2.2535476684570312 0.0 0.0 0.0 0.7912882566452026 0.611443281173706
1638452523079539298 -0.024318695068359375 -2.223979949951172 0.0 0.0 0.0 0.7876091599464417 0.6161751747131348
1638452523280325658 -0.027988433837890625 -2.1930809020996094 0.0 0.0 0.0 0.7880139946937561 0.6156573295593262
1638452523481090455 -0.041347503662109375 -2.148365020751953 0.0 0.0 0.0 0.7907265424728394 0.6121695041656494
1638452523681771865 -0.048015594482421875 -2.1460227966308594 0.0 0.0 0.0 0.7887839078903198 0.6146706342697144
1638452523882500099 -0.052700042724609375 -2.114391326904297 0.0 0.0 0.0 0.7885432243347168 0.6149793267250061
1638452524083208593 -0.06287384033203125 -2.0766029357910156 0.0 0.0 0.0 0.7890061140060425 0.6143853068351746
1638452524283810262 -0.07362747192382812 -2.0451736450195312 0.0 0.0 0.0 0.7870089411735535 0.6169415712356567
1638452524484505266 -0.07554244995117188 -2.01947021484375 0.0 0.0 0.0 0.7865942716598511 0.6174702048301697
1638452524685010631 -0.08140945434570312 -1.9906044006347656 0.0 0.0 0.0 0.7865850925445557 0.6174818873405457
1638452524885674958 -0.08889007568359375 -1.9688072204589844 0.0 0.0 0.0 0.786761462688446 0.6172571778297424
1638452525086366629 -0.09758758544921875 -1.9270095825195312 0.0 0.0 0.0 0.7888995409011841 0.6145221590995789
1638452525287122415 -0.10120773315429688 -1.9017105102539062 0.0 0.0 0.0 0.78777676820755 0.6159608364105225
1638452525487907160 -0.1051788330078125 -1.8698272705078125 0.0 0.0 0.0 0.7884455323219299 0.615104615688324
1638452525688684822 -0.11893463134765625 -1.83843994140625 0.0 0.0 0.0 0.7873859405517578 0.616460382938385
1638452525889356023 -0.12237548828125 -1.8140640258789062 0.0 0.0 0.0 0.7869683504104614 0.6169933676719666
1638452526090125403 -0.13621139526367188 -1.7797317504882812 0.0 0.0 0.0 0.787135899066925 0.616779625415802
1638452526290845720 -0.14414215087890625 -1.7513504028320312 0.0 0.0 0.0 0.7878956198692322 0.6158088445663452
1638452526491681664 -0.14520645141601562 -1.7297744750976562 0.0 0.0 0.0 0.7877660393714905 0.6159745454788208
1638452526692303438 -0.15286636352539062 -1.6984939575195312 0.0 0.0 0.0 0.7863978743553162 0.6177203059196472
1638452526893882050 -0.1597900390625 -1.6567611694335938 0.0 0.0 0.0 0.7858505845069885 0.6184163689613342
1638452527093570996 -0.16910552978515625 -1.6324462890625 0.0 0.0 0.0 0.7877951860427856 0.6159372925758362
1638452527294205530 -0.17090225219726562 -1.6002426147460938 0.0 0.0 0.0 0.7874849438667297 0.6163339018821716
1638452527494902201 -0.178466796875 -1.5788650512695312 0.0 0.0 0.0 0.7878099083900452 0.6159184575080872
1638452527695453453 -0.18935394287109375 -1.5364761352539062 0.0 0.0 0.0 0.7891024351119995 0.6142615675926208
1638452527895956839 -0.19393157958984375 -1.508392333984375 0.0 0.0 0.0 0.7879312634468079 0.6157631874084473
1638452528096606113 -0.20503997802734375 -1.4689598083496094 0.0 0.0 0.0 0.7888407111167908 0.614597737789154
1638452528297325805 -0.20724868774414062 -1.44451904296875 0.0 0.0 0.0 0.7894148826599121 0.613860011100769
1638452528498253313 -0.22069931030273438 -1.4105148315429688 0.0 0.0 0.0 0.790076494216919 0.6130082607269287
1638452528699040089 -0.22321319580078125 -1.3782920837402344 0.0 0.0 0.0 0.7888047099113464 0.614643931388855
1638452528899697124 -0.23032379150390625 -1.3530960083007812 0.0 0.0 0.0 0.7879897356033325 0.6156883835792542
1638452529100568381 -0.244110107421875 -1.3033943176269531 0.0 0.0 0.0 0.7889701128005981 0.6144315600395203
1638452529301048798 -0.24903106689453125 -1.2702255249023438 0.0 0.0 0.0 0.7849838137626648 0.6195162534713745
1638452529501638749 -0.2609367370605469 -1.2456283569335938 0.0 0.0 0.0 0.787779688835144 0.6159571409225464
1638452529702275314 -0.26782989501953125 -1.2078208923339844 0.0 0.0 0.0 0.7874298691749573 0.6164042353630066
1638452529902893390 -0.27484893798828125 -1.1723136901855469 0.0 0.0 0.0 0.787732720375061 0.6160171627998352
1638452530103517195 -0.2792701721191406 -1.156646728515625 0.0 0.0 0.0 0.7900818586349487 0.6130013465881348
1638452530304102822 -0.2787513732910156 -1.1566047668457031 0.0 0.0 0.0 0.7887701392173767 0.6146882176399231
1638452530504575740 -0.27683258056640625 -1.1601448059082031 0.0 0.0 0.0 0.7893140316009521 0.6139897108078003
1638452530705313765 -0.2792701721191406 -1.1634254455566406 0.0 0.0 0.0 0.7900519371032715 0.6130399703979492
1638452530905961737 -0.2758293151855469 -1.1659927368164062 0.0 0.0 0.0 0.7906311750411987 0.6122926473617554
1638452531106611845 -0.27510833740234375 -1.1563835144042969 0.0 0.0 0.0 0.7886036038398743 0.6149019002914429
1638452531307372943 -0.28070068359375 -1.15057373046875 0.0 0.0 0.0 0.7827005386352539 0.6223984360694885
1638452531508008051 -0.281219482421875 -1.1493911743164062 0.0 0.0 0.0 0.7680249810218811 0.6404199004173279
1638452531708663054 -0.2850227355957031 -1.1500778198242188 0.0 0.0 0.0 0.7521002292633057 0.6590487360954285
1638452531909267067 -0.28911590576171875 -1.149139404296875 0.0 0.0 0.0 0.7278628349304199 0.6857227087020874
1638452532109864257 -0.29468536376953125 -1.1507835388183594 0.0 0.0 0.0 0.7014681100845337 0.7127008438110352
1638452532310286392 -0.29770660400390625 -1.1478042602539062 0.0 0.0 0.0 0.6669326424598694 0.7451180219650269
1638452532511264265 -0.30449676513671875 -1.1481590270996094 0.0 0.0 0.0 0.6336803436279297 0.7735950350761414
1638452532711999895 -0.3116722106933594 -1.1517257690429688 0.0 0.0 0.0 0.5955933928489685 0.803286075592041
1638452532912596512 -0.31807708740234375 -1.1513404846191406 0.0 0.0 0.0 0.5569565296173096 0.8305416703224182
1638452533113348236 -0.3256378173828125 -1.1529617309570312 0.0 0.0 0.0 0.5199466347694397 0.8541987538337708
1638452533314174127 -0.3275871276855469 -1.151031494140625 0.0 0.0 0.0 0.47250470519065857 0.8813281655311584
1638452533514633034 -0.3366241455078125 -1.1437950134277344 0.0 0.0 0.0 0.41752809286117554 0.9086639881134033
1638452533715241474 -0.34165191650390625 -1.1423110961914062 0.0 0.0 0.0 0.36499878764152527 0.931007981300354
1638452533915582879 -0.3387413024902344 -1.1382331848144531 0.0 0.0 0.0 0.3075331747531891 0.9515373706817627
1638452534116151735 -0.3467140197753906 -1.1328697204589844 0.0 0.0 0.0 0.25341522693634033 0.9673575758934021
1638452534316825489 -0.34651947021484375 -1.1292610168457031 0.0 0.0 0.0 0.196766197681427 0.980450451374054
1638452534517367938 -0.35662078857421875 -1.1176261901855469 0.0 0.0 0.0 0.1431366503238678 0.9897029399871826
1638452534717722104 -0.36573028564453125 -1.1062240600585938 0.0 0.0 0.0 0.09691175073385239 0.9952929615974426
1638452534918301168 -0.36104583740234375 -1.1061820983886719 0.0 0.0 0.0 0.09878712147474289 0.9951086044311523
1638452535118969141 -0.3746910095214844 -1.1067543029785156 0.0 0.0 0.0 0.09782174974679947 0.995203971862793
1638452535319695239 -0.3692626953125 -1.1089401245117188 0.0 0.0 0.0 0.0981944277882576 0.9951672554016113
1638452535520399514 -0.36794281005859375 -1.1080474853515625 0.0 0.0 0.0 0.09622147679328918 0.9953599572181702
1638452535721073216 -0.36847686767578125 -1.1073036193847656 0.0 0.0 0.0 0.09683134406805038 0.995300829410553
1638452535921729625 -0.3673515319824219 -1.1059799194335938 0.0 0.0 0.0 0.09752745926380157 0.9952328205108643
1638452536122267544 -0.36852264404296875 -1.1119842529296875 0.0 0.0 0.0 0.09918168187141418 0.9950693249702454
1638452536322894838 -0.3656425476074219 -1.1056098937988281 0.0 0.0 0.0 0.09920994937419891 0.9950665235519409
1638452536526285354 -0.3713951110839844 -1.1091957092285156 0.0 0.0 0.0 0.09764391928911209 0.9952214360237122
1638452536928028440 -0.374053955078125 -1.1091117858886719 0.0 0.0 0.0 0.10128486901521683 0.9948574900627136
1638452537325990373 -0.36978912353515625 -1.108154296875 0.0 0.0 0.0 0.09810135513544083 0.9951764345169067
1638452537526791369 -0.3696403503417969 -1.1059799194335938 0.0 0.0 0.0 0.09887328743934631 0.9951000213623047
1638452537727305276 -0.3741340637207031 -1.1054191589355469 0.0 0.0 0.0 0.09806907922029495 0.9951795935630798
1638452537927902831 -0.37554168701171875 -1.1108169555664062 0.0 0.0 0.0 0.0990990549325943 0.9950775504112244
1638452538128585230 -0.369659423828125 -1.1072502136230469 0.0 0.0 0.0 0.09774990379810333 0.9952110052108765
