1638452438419493914 -1.6690903216834418e-12 6.998411095082702e-08 0.0 0.0 0.0 0.00021873228251934052 1.0
1638452438620494127 -1.6690903216834418e-12 6.998411095082702e-08 0.0 0.0 0.0 0.0001728348433971405 1.0
1638452438752494097 -1.6690903216834418e-12 6.998411095082702e-08 0.0 0.0 0.0 0.0001764204353094101 1.0
1638452438921494007 -3.1078058963102118e-12 7.266165624741916e-08 0.0 0.0 0.0 0.0001409929245710373 1.0
163845243954493904 -2.540909106382716e-12 7.134602952874047e-08 0.0 0.0 0.0 0.0002662874758243561 0.9999999403953552
1638452439222494125 -5.240068361861416e-12 7.823327052847162e-08 0.0 0.0 0.0 0.0003121905028820038 0.9999999403953552
1638452439357494116 -5.240068361861416e-12 7.823327052847162e-08 0.0 0.0 0.0 0.0001124795526266098 1.0
1638452439528494120 -5.0090860279072835e-12 7.96629393562398e-08 0.0 0.0 0.0 0.00033492036163806915 0.9999999403953552
1638452439695493937 -3.1263552944388318e-12 7.687946634860054e-08 0.0 0.0 0.0 0.00022383220493793488 1.0
1638452439862493992 -3.1263552944388318e-12 7.687946634860054e-08 0.0 0.0 0.0 0.00021584145724773407 1.0
163845244030493975 2.5310680939583108e-05 8.611669244373843e-08 0.0 0.0 0.0 0.00013916753232479095 1.0
1638452440195493937 -3.2404198681973417e-12 7.692627690403242e-08 0.0 0.0 0.0 0.0001805722713470459 1.0
1638452440362719059 -3.2404198681973417e-12 7.692627690403242e-08 0.0 0.0 0.0 0.0001453924924135208 1.0
1638452440497719049 -1.998488397339515e-12 7.551462033461576e-08 0.0 0.0 0.0 0.0002304650843143463 1.0
1638452440664719105 -1.998488397339515e-12 7.551462033461576e-08 0.0 0.0 0.0 0.00017740577459335327 1.0
1638452440799719095 -1.998488397339515e-12 7.551462033461576e-08 0.0 0.0 0.0 0.00018488988280296326 1.0
1638452440967719078 -1.6498089786681769e-12 7.379473032642636e-08 0.0 0.0 0.0 0.000162540003657341 1.0
163845244199719048 -1.6498089786681769e-12 7.379473032642636e-08 0.0 0.0 0.0 0.00011784583330154419 1.0
1638452441264719009 2.5310684577561915e-05 8.149960706305137e-08 0.0 0.0 0.0 0.00017916783690452576 1.0
1638452441397719145 0.0007593204500153661 4.84093277464126e-07 0.0 0.0 0.0 0.0002744533121585846 0.9999999403953552
1638452441564719200 0.002379204146564007 1.089671059162356e-06 0.0 0.0 0.0 0.00013143382966518402 1.0
1638452441697719097 0.003670048899948597 1.846770601332537e-06 0.0 0.0 0.0 0.0003373585641384125 0.9999999403953552
1638452441865719080 0.005214000586420298 2.898842012655223e-06 0.0 0.0 0.0 0.00026360899209976196 0.9999999403953552
1638452441999719143 0.006504845339804888 3.734645133590675e-06 0.0 0.0 0.0 0.00028093159198760986 0.9999999403953552
1638452442165719032 0.009162466041743755 5.5734708439558744e-06 0.0 0.0 0.0 0.00034230761229991913 0.9999999403953552
1638452442297719002 0.01179477758705616 7.087667654559482e-06 0.0 0.0 0.0 0.00023327581584453583 1.0
1638452442463719130 0.015110477805137634 8.479441021336243e-06 0.0 0.0 0.0 0.00024601444602012634 0.9999999403953552
1638452442596719027 0.01822369173169136 9.78997013589833e-06 0.0 0.0 0.0 0.00021783262491226196 1.0
1638452442763719082 0.022982100024819374 1.2205357961647678e-05 0.0 0.0 0.0 0.00020046718418598175 1.0
1638452442920075893 0.028069548308849335 1.4759703844902106e-05 0.0 0.0 0.0 0.0003644190728664398 0.9999999403953552
163845244353076029 0.0328279547393322 1.5881427316344343e-05 0.0 0.0 0.0 -0.00011085160076618195 1.0
1638452443221076012 0.0393834263086319 1.6535050235688686e-05 0.0 0.0 0.0 6.107427179813385e-05 1.0
1638452443353075981 0.044749289751052856 1.7831163859227672e-05 0.0 0.0 0.0 -2.850964665412903e-05 1.0
1638452443519075871 0.052646227180957794 1.800457357603591e-05 0.0 0.0 0.0 -6.129592657089233e-05 1.0
1638452443653075933 0.05935356393456459 1.937522210937459e-05 0.0 0.0 0.0 0.00011597201228141785 1.0
1638452443821075916 0.06770608574151993 2.07192606467288e-05 0.0 0.0 0.0 0.0001830756664276123 1.0
1638452443954075813 0.07433748245239258 2.1156189177418128e-05 0.0 0.0 0.0 6.5658241510391235e-06 1.0
1638452444120075941 0.08279125392436981 1.9751414583879523e-05 0.0 0.0 0.0 -0.00010300427675247192 1.0
1638452444254076004 0.08952388912439346 1.722466549836099e-05 0.0 0.0 0.0 -0.0001892242580652237 1.0
1638452444421075821 0.09914194792509079 1.2895666259282734e-05 0.0 0.0 0.0 -0.00025606900453567505 0.9999999403953552
1638452444621075869 0.11111389845609665 2.6423495000926778e-06 0.0 0.0 0.0 -0.0005809664144180715 0.9999998211860657
1638452444820075989 0.12303522229194641 -8.621042070444673e-06 0.0 0.0 0.0 -0.0007078050985001028 0.9999997615814209
1638452444954075813 0.1310080736875534 -1.9204861018806696e-05 0.0 0.0 0.0 -0.0006911623640917242 0.9999997615814209
1638452445120075941 0.14085392653942108 -3.269498483859934e-05 0.0 0.0 0.0 -0.0008198990253731608 0.9999996423721313
1638452445339777946 0.15252214670181274 -5.5926288041519e-05 0.0 0.0 0.0 -0.00107401586137712 0.9999994039535522
1638452445506778002 0.16246922314167023 -7.920761709101498e-05 0.0 0.0 0.0 -0.0011743789073079824 0.9999992847442627
1638452445674777985 0.17239096760749817 -0.00010182797268498689 0.0 0.0 0.0 -0.0012742910766974092 0.9999991655349731
1638452445808778048 0.18026256561279297 -0.00012157489982200786 0.0 0.0 0.0 -0.0011112799402326345 0.9999994039535522
1638452445974777937 0.1904374212026596 -0.00014525394362863153 0.0 0.0 0.0 -0.0012446154141798615 0.9999992251396179
1638452446108778000 0.1997263878583908 -0.00017108047904912382 0.0 0.0 0.0 -0.0016315535176545382 0.9999986886978149
1638452446275778055 0.2115464210510254 -0.0002086790482280776 0.0 0.0 0.0 -0.0017729541286826134 0.9999984502792358
1638452446406778097 0.22177188098430634 -0.0002479519753251225 0.0 0.0 0.0 -0.002038440201431513 0.9999979138374329
1638452446578778028 0.23538893461227417 -0.00030245439847931266 0.0 0.0 0.0 -0.0020717517472803593 0.9999978542327881
1638452446711777925 0.24599401652812958 -0.00034809953649528325 0.0 0.0 0.0 -0.0022140834480524063 0.9999975562095642
1638452446845777988 0.2566497027873993 -0.00039726763498038054 0.0 0.0 0.0 -0.0023603045847266912 0.9999971985816956
1638452446946778059 0.26474905014038086 -0.0004358717706054449 0.0 0.0 0.0 -0.002437883522361517 0.9999970197677612
163845244778778028 0.27560722827911377 -0.000487333454657346 0.0 0.0 0.0 -0.002561078406870365 0.9999967217445374
1638452447210777998 0.28709810972213745 -0.0005473265191540122 0.0 0.0 0.0 -0.002539237029850483 0.9999967813491821
1638452447375777960 0.30210715532302856 -0.0006207337719388306 0.0 0.0 0.0 -0.0023738681338727474 0.9999971985816956
1638452447515778065 0.3147117793560028 -0.0006728644948452711 0.0 0.0 0.0 -0.002020737621933222 0.9999979734420776
1638452447650778055 0.32751888036727905 -0.0007226862944662571 0.0 0.0 0.0 -0.0017931899055838585 0.9999983906745911
1638452447816777945 0.34417322278022766 -0.0007790677482262254 0.0 0.0 0.0 -0.0015978545416146517 0.9999987483024597
1638452447969439030 0.36067572236061096 -0.0008182779420167208 0.0 0.0 0.0 -0.0007820277824066579 0.9999997019767761
1638452448102439165 0.3738878667354584 -0.0008381761726923287 0.0 0.0 0.0 -0.0007199774845503271 0.9999997615814209
1638452448269439220 0.390415757894516 -0.0008573373197577894 0.0 0.0 0.0 -0.00040788762271404266 0.9999999403953552
1638452448401439190 0.40355199575424194 -0.0008692241972312331 0.0 0.0 0.0 -0.0003232210874557495 0.9999999403953552
1638452448566439152 0.4200039505958557 -0.0008817214402370155 0.0 0.0 0.0 -0.00043600425124168396 0.9999998807907104
1638452448699439049 0.43308958411216736 -0.000890918483491987 0.0 0.0 0.0 -0.000365404412150383 0.9999999403953552
1638452448866439104 0.4498705565929413 -0.0009057421702891588 0.0 0.0 0.0 -0.00042842887341976166 0.9999998807907104
163845244932438993 0.46743613481521606 -0.0009293449111282825 0.0 0.0 0.0 -0.0006301532848738134 0.9999998211860657
1638452449197439194 0.4855079650878906 -0.0009382307762280107 0.0 0.0 0.0 -0.00018962472677230835 1.0
1638452449364439011 0.503782331943512 -0.0009397127432748675 0.0 0.0 0.0 9.70698893070221e-05 1.0
1638452449565438986 0.5260050892829895 -0.000924277410376817 0.0 0.0 0.0 0.0006725321873091161 0.9999997615814209
1638452449698439121 0.5406599640846252 -0.0009000403224490583 0.0 0.0 0.0 0.0009735765052028 0.9999995231628418
1638452449867439032 0.5590102076530457 -0.0008690659888088703 0.0 0.0 0.0 0.0009573100251145661 0.9999995231628418
163845245066439152 0.5807520747184753 -0.0008346674731001258 0.0 0.0 0.0 0.0010769811924546957 0.9999994039535522
1638452450198439121 0.5951032042503357 -0.0007957253255881369 0.0 0.0 0.0 0.0016739583807066083 0.9999985694885254
1638452450366492987 0.6132508516311646 -0.0007293090457096696 0.0 0.0 0.0 0.0017157840775325894 0.9999985098838806
1638452450500493050 0.6278297305107117 -0.000684161321260035 0.0 0.0 0.0 0.0012617629254236817 0.9999992251396179
1638452450669493198 0.6461798548698425 -0.0006399218691512942 0.0 0.0 0.0 0.001013917732052505 0.999999463558197
1638452450801493168 0.6604297161102295 -0.000617467740084976 0.0 0.0 0.0 0.0006385649903677404 0.9999998211860657
1638452450966493130 0.6784509420394897 -0.0005994856473989785 0.0 0.0 0.0 0.00048237849841825664 0.9999998807907104
1638452451100493193 0.693131148815155 -0.0005886179278604686 0.0 0.0 0.0 0.00015390105545520782 1.0
1638452451266493082 0.711329460144043 -0.0005933810025453568 0.0 0.0 0.0 -0.00038656219840049744 0.9999999403953552
1638452451398493052 0.7259083390235901 -0.0006067524664103985 0.0 0.0 0.0 -0.0004991386085748672 0.9999998807907104
1638452451566493034 0.7444103956222534 -0.000620398495811969 0.0 0.0 0.0 -0.00038462504744529724 0.9999999403953552
1638452451699493170 0.7589893341064453 -0.0006343567511066794 0.0 0.0 0.0 -0.0006758886738680303 0.9999997615814209
1638452451864493132 0.776782751083374 -0.0006642929511144757 0.0 0.0 0.0 -0.00116576231084764 0.9999993443489075
163845245263493013 0.7985498309135437 -0.0007259437115862966 0.0 0.0 0.0 -0.0016288191545754671 0.9999986886978149
1638452452229493141 0.8165456056594849 -0.000783799565397203 0.0 0.0 0.0 -0.0017414195463061333 0.9999985098838806
1638452452395493031 0.8346172571182251 -0.0008504565921612084 0.0 0.0 0.0 -0.0019236530642956495 0.999998152256012
1638452452563493013 0.8528155088424683 -0.0009076333371922374 0.0 0.0 0.0 -0.0011660864111036062 0.9999993443489075
1638452452697493076 0.8674957156181335 -0.000940218276809901 0.0 0.0 0.0 -0.000994391622953117 0.9999995231628418
1638452452878907919 0.8857446908950806 -0.0009677206980995834 0.0 0.0 0.0 -0.00037946179509162903 0.9999999403953552
163845245379907894 0.9077396988868713 -0.0009691944578662515 0.0 0.0 0.0 3.684498369693756e-05 1.0
1638452453211907864 0.9222680330276489 -0.0009703678078949451 0.0 0.0 0.0 -2.7567148208618164e-05 1.0
1638452453379907846 0.940770149230957 -0.0009653604938648641 0.0 0.0 0.0 0.0002569630742073059 0.9999999403953552
1638452453512907982 0.9553996920585632 -0.0009494905825704336 0.0 0.0 0.0 0.0006813667132519186 0.9999997615814209
1638452453678907871 0.9740790128707886 -0.0009234392200596631 0.0 0.0 0.0 0.000847127172164619 0.9999996423721313
1638452453811908007 0.9898474812507629 -0.0008912435732781887 0.0 0.0 0.0 0.001260595046915114 0.9999992251396179
1638452453943907976 1.0055906772613525 -0.000844137801323086 0.0 0.0 0.0 0.0018330373568460345 0.9999983310699463
163845245444907808 1.017663836479187 -0.0007982713868841529 0.0 0.0 0.0 0.0018917142879217863 0.9999982118606567
1638452454211907864 1.0373808145523071 -0.0007314410759136081 0.0 0.0 0.0 0.00138577027246356 0.9999990463256836
1638452454346907854 1.053934097290039 -0.0007003422942943871 0.0 0.0 0.0 0.00043332017958164215 0.9999998807907104
1638452454512907982 1.0751696825027466 -0.000686026003677398 0.0 0.0 0.0 0.00029273517429828644 0.9999999403953552
1638452454650907993 1.0930137634277344 -0.0006737548392266035 0.0 0.0 0.0 0.0003469698131084442 0.9999999403953552
1638452454748907804 1.1057956218719482 -0.0006568561657331884 0.0 0.0 0.0 0.0007519069476984441 0.9999997019767761
1638452454915907860 1.1275628805160522 -0.0006154683651402593 0.0 0.0 0.0 0.0011368633713573217 0.9999993443489075
163845245550907850 1.1451537609100342 -0.0005647114594466984 0.0 0.0 0.0 0.001743595115840435 0.9999984502792358
1638452455230907917 1.1686924695968628 -0.00047829211689531803 0.0 0.0 0.0 0.001978632528334856 0.9999980330467224
1638452455359342813 1.1859796047210693 -0.00041264569154009223 0.0 0.0 0.0 0.0017690947279334068 0.9999984502792358
1638452455529342890 1.2083286046981812 -0.00031269993633031845 0.0 0.0 0.0 0.0025702333077788353 0.9999967217445374
1638452455662343025 1.2273619174957275 -0.00020808103727176785 0.0 0.0 0.0 0.0028466933872550726 0.9999959468841553
1638452455797343016 1.2474076747894287 -9.54881907091476e-05 0.0 0.0 0.0 0.0027490670327097178 0.9999962449073792
1638452455964342833 1.2731735706329346 2.994781607412733e-05 0.0 0.0 0.0 0.0021668209228664637 0.9999976754188538
163845245698342896 1.2945102453231812 0.00011967406317126006 0.0 0.0 0.0 0.0015928142238408327 0.9999987483024597
1638452456265342951 1.3212382793426514 0.00019900091865565628 0.0 0.0 0.0 0.0014988420298323035 0.9999988675117493
1638452456400342941 1.3430306911468506 0.00025812635431066155 0.0 0.0 0.0 0.0015449983766302466 0.9999988079071045
1638452456568342924 1.369910478591919 0.0003325287834741175 0.0 0.0 0.0 0.0011739709880203009 0.9999992847442627
1638452456702342987 1.3913486003875732 0.00037452185642905533 0.0 0.0 0.0 0.0006930492236278951 0.9999997615814209
1638452456870342970 1.4182285070419312 0.00041625634185038507 0.0 0.0 0.0 0.0006805545999668539 0.9999997615814209
16384524575342960 1.439539909362793 0.0004465118399821222 0.0 0.0 0.0 0.0006395819946192205 0.9999998211860657
1638452457172343016 1.4661920070648193 0.000460090086562559 0.0 0.0 0.0 3.184378147125244e-05 1.0
1638452457372342825 1.4981087446212769 0.00042050331830978394 0.0 0.0 0.0 -0.0010939163621515036 0.9999994039535522
1638452457505342960 1.5192430019378662 0.0003633234300650656 0.0 0.0 0.0 -0.0018277642084285617 0.9999983310699463
1638452457672343016 1.5461227893829346 0.00024580926401540637 0.0 0.0 0.0 -0.0024883088190108538 0.9999969005584717
1638452457806342840 1.5677379369735718 0.00013181685062590986 0.0 0.0 0.0 -0.0027078953571617603 0.9999963045120239
1638452457970766068 1.5946680307388306 -1.529137443867512e-05 0.0 0.0 0.0 -0.0030465340241789818 0.9999953508377075
1638452458103765965 1.6158020496368408 -0.00015740217349957675 0.0 0.0 0.0 -0.003709557233378291 0.9999931454658508
1638452458270766020 1.642326831817627 -0.0003688857250381261 0.0 0.0 0.0 -0.004257878288626671 0.9999909400939941
1638452458403766155 1.6635364294052124 -0.0005594331305474043 0.0 0.0 0.0 -0.004735586233437061 0.9999887943267822
1638452458571766138 1.6902884244918823 -0.0008268820820376277 0.0 0.0 0.0 -0.005350292194634676 0.9999856948852539
1638452458703766108 1.711269736289978 -0.0010602771071717143 0.0 0.0 0.0 -0.005811587907373905 0.9999831318855286
1638452458871766090 1.7381476163864136 -0.0013917702017351985 0.0 0.0 0.0 -0.006381166633218527 0.9999796152114868
16384524595766153 1.759837031364441 -0.0016666038427501917 0.0 0.0 0.0 -0.005884907674044371 0.9999826550483704
1638452459204766035 1.79182767868042 -0.0020315181463956833 0.0 0.0 0.0 -0.005317789502441883 0.9999858736991882
1638452459371766090 1.8183014392852783 -0.0022831426467746496 0.0 0.0 0.0 -0.0045370194129645824 0.9999896883964539
1638452459504765987 1.8233380317687988 -0.0023282282054424286 0.0 0.0 0.0 -0.00460066506639123 0.99998939037323
1638452459673766136 1.8234139680862427 -0.0023289259988814592 0.0 0.0 0.0 -0.0044376966543495655 0.9999901652336121
1638452459805766106 1.8235405683517456 -0.0023301022592931986 0.0 0.0 0.0 -0.005667607765644789 0.9999839663505554
16384524605766153 1.8236163854599 -0.0023315087892115116 0.0 0.0 0.0 -0.01730785146355629 0.9998502135276794
1638452460171766043 1.823717474937439 -0.002336915349587798 0.0 0.0 0.0 -0.032685089856386185 0.9994657039642334
1638452460346273899 1.8236416578292847 -0.0023309923708438873 0.0 0.0 0.0 -0.05581433326005936 0.9984411597251892
1638452460458273888 1.8236416578292847 -0.0023313306737691164 0.0 0.0 0.0 -0.07432558387517929 0.997234046459198
1638452460628273964 1.8236172199249268 -0.002323365304619074 0.0 0.0 0.0 -0.10852240771055222 0.9940940141677856
1638452460759274006 1.823691487312317 -0.0023395263124257326 0.0 0.0 0.0 -0.14180715382099152 0.9898943305015564
1638452460925273895 1.8236209154129028 -0.0023116637021303177 0.0 0.0 0.0 -0.18850743770599365 0.9820717573165894
163845246159273958 1.823644757270813 -0.0023203296586871147 0.0 0.0 0.0 -0.22892937064170837 0.9734430313110352
1638452461225274086 1.8234918117523193 -0.002231316640973091 0.0 0.0 0.0 -0.28261783719062805 0.9592325687408447
1638452461358273983 1.823409914970398 -0.0021716856863349676 0.0 0.0 0.0 -0.32591912150382996 0.945397675037384
1638452461523273945 1.8233336210250854 -0.0021052868105471134 0.0 0.0 0.0 -0.3784932792186737 0.9256040453910828
1638452461656274080 1.8233643770217896 -0.002145920880138874 0.0 0.0 0.0 -0.419900119304657 0.9075703024864197
1638452461823273897 1.8234245777130127 -0.0022273382637649775 0.0 0.0 0.0 -0.4701429009437561 0.8825902938842773
1638452461957273960 1.8234906196594238 -0.002335295546799898 0.0 0.0 0.0 -0.5097726583480835 0.8603091239929199
1638452462122273922 1.8235218524932861 -0.002404535189270973 0.0 0.0 0.0 -0.556333601474762 0.8309590220451355
1638452462253273964 1.823551058769226 -0.002474668435752392 0.0 0.0 0.0 -0.5930919051170349 0.8051347732543945
1638452462353273869 1.8235536813735962 -0.0024739366490393877 0.0 0.0 0.0 -0.6194674968719482 0.7850223183631897
1638452462523273945 1.823565125465393 -0.0025232613552361727 0.0 0.0 0.0 -0.6310392618179321 0.7757509350776672
1638452462655273914 1.8235702514648438 -0.0025480445474386215 0.0 0.0 0.0 -0.6312057375907898 0.7756154537200928
1638452462824274063 1.823565125465393 -0.0025232606567442417 0.0 0.0 0.0 -0.6311829090118408 0.7756340503692627
1638452462954278946 1.823565125465393 -0.0025232606567442417 0.0 0.0 0.0 -0.6310668587684631 0.7757284641265869
1638452463119279146 1.8235856294631958 -0.002622390864416957 0.0 0.0 0.0 -0.6313036680221558 0.7755357623100281
1638452463254279137 1.82374906539917 -0.0034156825859099627 0.0 0.0 0.0 -0.6319655776023865 0.7749964594841003
1638452463420279026 1.8242223262786865 -0.005721519701182842 0.0 0.0 0.0 -0.631996750831604 0.7749710083007812
1638452463621279001 1.8252215385437012 -0.0105807576328516 0.0 0.0 0.0 -0.6317963600158691 0.7751343846321106
1638452463755279064 1.826227068901062 -0.015464529395103455 0.0 0.0 0.0 -0.6318241953849792 0.775111734867096
1638452463923279047 1.8276805877685547 -0.0225300882011652 0.0 0.0 0.0 -0.6318183541297913 0.775116503238678
163845246456278944 1.829093098640442 -0.0293973870575428 0.0 0.0 0.0 -0.632024884223938 0.7749480605125427
1638452464260278940 1.8316700458526611 -0.04194263368844986 0.0 0.0 0.0 -0.6321611404418945 0.7748369574546814
1638452464394279003 1.8335801362991333 -0.05129162594676018 0.0 0.0 0.0 -0.6325411200523376 0.7745267748832703
1638452464563279152 1.8362557888031006 -0.06443675607442856 0.0 0.0 0.0 -0.6326987147331238 0.7743980288505554
1638452464765279055 1.8398218154907227 -0.08197248727083206 0.0 0.0 0.0 -0.6328946948051453 0.774237871170044
1638452464931278944 1.8430410623550415 -0.09784822165966034 0.0 0.0 0.0 -0.6329542398452759 0.7741891741752625
1638452465100279093 1.8463834524154663 -0.11434463411569595 0.0 0.0 0.0 -0.6331430673599243 0.7740347981452942
1638452465265279055 1.8497124910354614 -0.1308179497718811 0.0 0.0 0.0 -0.6332892775535583 0.77391517162323
1638452465467377901 1.85397469997406 -0.1519830822944641 0.0 0.0 0.0 -0.6335943341255188 0.7736654877662659
1638452465600378036 1.8568751811981201 -0.16642552614212036 0.0 0.0 0.0 -0.6337196230888367 0.7735628485679626
1638452465767378092 1.8605563640594482 -0.18481594324111938 0.0 0.0 0.0 -0.6341729760169983 0.7731912136077881
1638452465900377989 1.863637924194336 -0.20028045773506165 0.0 0.0 0.0 -0.6342388391494751 0.7731372117996216
163845246666378117 1.8675193786621094 -0.21981815993785858 0.0 0.0 0.0 -0.6346832513809204 0.7727724313735962
1638452466234378099 1.8715764284133911 -0.240327388048172 0.0 0.0 0.0 -0.6351674199104309 0.7723745107650757
1638452466366378069 1.8748798370361328 -0.2571412920951843 0.0 0.0 0.0 -0.6353982090950012 0.7721846699714661
1638452466500377893 1.8782049417495728 -0.27415731549263 0.0 0.0 0.0 -0.6362465620040894 0.7714858055114746
1638452466665378094 1.88218355178833 -0.29519718885421753 0.0 0.0 0.0 -0.6406043171882629 0.7678711414337158
1638452466799377918 1.885326862335205 -0.3131476044654846 0.0 0.0 0.0 -0.6459481716156006 0.7633812427520752
1638452466967377901 1.8867884874343872 -0.322038859128952 0.0 0.0 0.0 -0.6482110619544983 0.7614607214927673
1638452467100378036 1.8868006467819214 -0.32211384177207947 0.0 0.0 0.0 -0.6479170918464661 0.7617108821868896
1638452467267378092 1.8868006467819214 -0.32211384177207947 0.0 0.0 0.0 -0.648029088973999 0.7616155743598938
1638452467402378082 1.8868128061294556 -0.3221887946128845 0.0 0.0 0.0 -0.6479938626289368 0.7616455554962158
1638452467568377972 1.886983036994934 -0.3232380747795105 0.0 0.0 0.0 -0.6480271220207214 0.7616173028945923
1638452467701378107 1.8872824907302856 -0.3250869810581207 0.0 0.0 0.0 -0.6481420993804932 0.7615193724632263
1638452467861486912 1.8878509998321533 -0.32861021161079407 0.0 0.0 0.0 -0.6485162377357483 0.7612008452415466
163845246826487112 1.8887474536895752 -0.33418285846710205 0.0 0.0 0.0 -0.6484460234642029 0.7612606287002563
1638452468160486937 1.8896458148956299 -0.33975517749786377 0.0 0.0 0.0 -0.6483917832374573 0.7613068222999573
1638452468327486992 1.8909611701965332 -0.3479265868663788 0.0 0.0 0.0 -0.6483667492866516 0.7613281607627869
1638452468461487055 1.8921794891357422 -0.355498343706131 0.0 0.0 0.0 -0.6486451029777527 0.7610910534858704
1638452468594486952 1.8935060501098633 -0.363744854927063 0.0 0.0 0.0 -0.6484494805335999 0.7612576484680176
1638452468761487007 1.8954085111618042 -0.37556466460227966 0.0 0.0 0.0 -0.6483839154243469 0.7613134980201721
1638452468961487055 1.898046612739563 -0.3919832110404968 0.0 0.0 0.0 -0.6487442851066589 0.7610064744949341
1638452469164487123 1.9010478258132935 -0.4107018709182739 0.0 0.0 0.0 -0.6486337184906006 0.761100709438324
1638452469330487013 1.9037411212921143 -0.42752164602279663 0.0 0.0 0.0 -0.648747980594635 0.761003315448761
1638452469463486910 1.9060084819793701 -0.441692590713501 0.0 0.0 0.0 -0.6488785743713379 0.7608919739723206
1638452469596487045 1.9083613157272339 -0.45638808608055115 0.0 0.0 0.0 -0.6489477753639221 0.7608329057693481
1638452469743487120 1.9110883474349976 -0.47348448634147644 0.0 0.0 0.0 -0.6492276787757874 0.7605941295623779
1638452469912487030 1.9142931699752808 -0.4936572313308716 0.0 0.0 0.0 -0.6493315696716309 0.7605054378509521
163845247064486980 1.917356014251709 -0.5129299759864807 0.0 0.0 0.0 -0.649259090423584 0.760567307472229
1638452470265486956 1.9215649366378784 -0.5393502116203308 0.0 0.0 0.0 -0.6490152478218079 0.7607753872871399
1638452470401324034 1.9245277643203735 -0.5579211711883545 0.0 0.0 0.0 -0.6489553451538086 0.7608265280723572
1638452470568324089 1.9284580945968628 -0.582514762878418 0.0 0.0 0.0 -0.6488650441169739 0.760903537273407
1638452470703324080 1.9317394495010376 -0.6030853390693665 0.0 0.0 0.0 -0.6493693590164185 0.7604731917381287
1638452470869324207 1.9358899593353271 -0.6292586326599121 0.0 0.0 0.0 -0.6494542360305786 0.760400652885437
163845247138324118 1.9400877952575684 -0.655757486820221 0.0 0.0 0.0 -0.649587094783783 0.7602872252464294
1638452471172324181 1.9434988498687744 -0.6774351000785828 0.0 0.0 0.0 -0.6501666307449341 0.7597916722297668
1638452471306324005 1.9469588994979858 -0.699591875076294 0.0 0.0 0.0 -0.6503734588623047 0.7596146464347839
1638452471474324226 1.9514578580856323 -0.7284262776374817 0.0 0.0 0.0 -0.6500382423400879 0.7599015235900879
1638452471610324144 1.95527982711792 -0.7527039647102356 0.0 0.0 0.0 -0.6497266292572021 0.7601679563522339
1638452471745324135 1.959082841873169 -0.7767027616500854 0.0 0.0 0.0 -0.6492527723312378 0.7605727314949036
1638452471911324024 1.963782787322998 -0.8060433864593506 0.0 0.0 0.0 -0.6484315395355225 0.7612729668617249
163845247246324015 1.9676700830459595 -0.8300542831420898 0.0 0.0 0.0 -0.6480474472045898 0.7615999579429626
1638452472211324215 1.9724019765853882 -0.8591333627700806 0.0 0.0 0.0 -0.6478732824325562 0.7617481350898743
1638452472379324198 1.9772181510925293 -0.8889168500900269 0.0 0.0 0.0 -0.6483572721481323 0.7613362073898315
1638452472579324007 1.9829089641571045 -0.9243021011352539 0.0 0.0 0.0 -0.6483287215232849 0.7613605260848999
1638452472714324236 1.9867534637451172 -0.948114812374115 0.0 0.0 0.0 -0.6480875611305237 0.7615658044815063
1638452472886654854 1.9916027784347534 -0.9778416156768799 0.0 0.0 0.0 -0.6472339630126953 0.762291431427002
163845247372654963 1.997470736503601 -1.013403058052063 0.0 0.0 0.0 -0.646570086479187 0.7628545761108398
1638452473272655010 2.0033555030822754 -1.0487565994262695 0.0 0.0 0.0 -0.6460721492767334 0.7632763385772705
1638452473472655058 2.009268045425415 -1.0840284824371338 0.0 0.0 0.0 -0.6460374593734741 0.7633057236671448
1638452473607655048 2.013282299041748 -1.107890248298645 0.0 0.0 0.0 -0.645862877368927 0.7634534239768982
1638452473773654938 2.0182695388793945 -1.1373887062072754 0.0 0.0 0.0 -0.6452156901359558 0.7640004754066467
1638452473973654985 2.0243396759033203 -1.1729933023452759 0.0 0.0 0.0 -0.644793689250946 0.7643566727638245
1638452474172654867 2.030428409576416 -1.2083635330200195 0.0 0.0 0.0 -0.6439128518104553 0.7650988698005676
1638452474376654863 2.0366780757904053 -1.2441684007644653 0.0 0.0 0.0 -0.6430730819702148 0.7658048272132874
1638452474576654911 2.0429115295410156 -1.279436469078064 0.0 0.0 0.0 -0.6424790620803833 0.7663032412528992
1638452474776654959 2.049320697784424 -1.3154958486557007 0.0 0.0 0.0 -0.6421423554420471 0.7665854096412659
1638452474974654913 2.0560739040374756 -1.353216290473938 0.0 0.0 0.0 -0.6418229937553406 0.766852855682373
1638452475174654961 2.0632846355438232 -1.393349289894104 0.0 0.0 0.0 -0.6414538621902466 0.7671616077423096
1638452475379906893 2.070725440979004 -1.4344695806503296 0.0 0.0 0.0 -0.6408782601356506 0.7676425576210022
1638452475550906897 2.077153444290161 -1.4697540998458862 0.0 0.0 0.0 -0.6406022310256958 0.7678729295730591
1638452475717906952 2.0833675861358643 -1.5038942098617554 0.0 0.0 0.0 -0.640638530254364 0.7678426504135132
1638452475916906834 2.0908429622650146 -1.544853687286377 0.0 0.0 0.0 -0.6404494047164917 0.7680003643035889
163845247649906969 2.095928907394409 -1.5725358724594116 0.0 0.0 0.0 -0.6395788788795471 0.7687254548072815
1638452476214906931 2.1023194789886475 -1.606797695159912 0.0 0.0 0.0 -0.6386800408363342 0.7694724202156067
1638452476349906921 2.1075422763824463 -1.6345829963684082 0.0 0.0 0.0 -0.6386534571647644 0.7694944739341736
1638452476518906832 2.11401104927063 -1.6690621376037598 0.0 0.0 0.0 -0.6385088562965393 0.7696144580841064
1638452476650906801 2.119093656539917 -1.6962300539016724 0.0 0.0 0.0 -0.6391093134880066 0.7691159248352051
1638452476816906929 2.1253721714019775 -1.7302038669586182 0.0 0.0 0.0 -0.64007568359375 0.7683118581771851
1638452476949906826 2.1304337978363037 -1.7578389644622803 0.0 0.0 0.0 -0.640329897403717 0.7681000232696533
1638452477117906809 2.1368017196655273 -1.7926198244094849 0.0 0.0 0.0 -0.6399234533309937 0.7684386372566223
1638452477250906944 2.1419248580932617 -1.820372223854065 0.0 0.0 0.0 -0.6394554376602173 0.7688281536102295
1638452477418906927 2.1483519077301025 -1.8548076152801514 0.0 0.0 0.0 -0.6383768916130066 0.7697238922119141
1638452477554906845 2.153604507446289 -1.8825616836547852 0.0 0.0 0.0 -0.6376910209655762 0.7702922821044922
1638452477720906973 2.1600990295410156 -1.9166237115859985 0.0 0.0 0.0 -0.6370420455932617 0.7708290219306946
1638452477928786993 2.1680848598480225 -1.9579253196716309 0.0 0.0 0.0 -0.6358442902565002 0.7718173265457153
163845247861786890 2.173473834991455 -1.9856274127960205 0.0 0.0 0.0 -0.636216402053833 0.771510660648346
1638452478195786953 2.1788463592529297 -2.0133843421936035 0.0 0.0 0.0 -0.636481761932373 0.7712917327880859
1638452478364786863 2.185509204864502 -2.048006772994995 0.0 0.0 0.0 -0.6370127201080322 0.7708532810211182
1638452478498786926 2.1907901763916016 -2.075523614883423 0.0 0.0 0.0 -0.6370178461074829 0.7708490490913391
1638452478665786982 2.197352170944214 -2.109778881072998 0.0 0.0 0.0 -0.6373676657676697 0.7705598473548889
1638452478801786900 2.2026174068450928 -2.1375560760498047 0.0 0.0 0.0 -0.638089656829834 0.7699620723724365
1638452478966786861 2.209055185317993 -2.171731948852539 0.0 0.0 0.0 -0.6384702324867249 0.7696465253829956
1638452479202786922 2.2182135581970215 -2.2206685543060303 0.0 0.0 0.0 -0.638933002948761 0.7692623734474182
1638452479369786978 2.224595308303833 -2.254931926727295 0.0 0.0 0.0 -0.6391482353210449 0.769083559513092
1638452479504786968 2.2297823429107666 -2.282672643661499 0.0 0.0 0.0 -0.6388133764266968 0.7693617343902588
1638452479669786930 2.236100196838379 -2.3166391849517822 0.0 0.0 0.0 -0.6396403908729553 0.7686743140220642
1638452479804786921 2.241185188293457 -2.3442702293395996 0.0 0.0 0.0 -0.6400337219238281 0.7683467864990234
1638452479973786831 2.2476439476013184 -2.3792145252227783 0.0 0.0 0.0 -0.6389895081520081 0.76921546459198
1638452480175786972 2.255563259124756 -2.421276092529297 0.0 0.0 0.0 -0.6373270750045776 0.7705934047698975
1638452480310786963 2.260883092880249 -2.4489400386810303 0.0 0.0 0.0 -0.6364559531211853 0.7713130712509155
1638452480476417065 2.267548084259033 -2.483123779296875 0.0 0.0 0.0 -0.6351728439331055 0.7723700404167175
1638452480608417034 2.272909641265869 -2.5102121829986572 0.0 0.0 0.0 -0.6347053647041321 0.7727541923522949
1638452480812417030 2.281186580657959 -2.5518691539764404 0.0 0.0 0.0 -0.6344457864761353 0.7729673385620117
1638452480945416927 2.2866714000701904 -2.579320192337036 0.0 0.0 0.0 -0.6336397528648376 0.7736282348632812
1638452481112416983 2.2937142848968506 -2.6140739917755127 0.0 0.0 0.0 -0.6324460506439209 0.7746044397354126
1638452481279417038 2.300750494003296 -2.6482608318328857 0.0 0.0 0.0 -0.631384551525116 0.7754698395729065
1638452481481416941 2.3093760013580322 -2.6896145343780518 0.0 0.0 0.0 -0.6304581761360168 0.7762232422828674
1638452481647417068 2.3164849281311035 -2.723605155944824 0.0 0.0 0.0 -0.6310343146324158 0.7757548689842224
1638452481817417145 2.3236823081970215 -2.7583274841308594 0.0 0.0 0.0 -0.63121098279953 0.775611162185669
163845248216417027 2.3321962356567383 -2.799445867538452 0.0 0.0 0.0 -0.631489634513855 0.7753843069076538
1638452482153417110 2.3380138874053955 -2.827629804611206 0.0 0.0 0.0 -0.6317515969276428 0.7751709222793579
1638452482320416927 2.345060348510742 -2.861814498901367 0.0 0.0 0.0 -0.6315488815307617 0.7753360867500305
1638452482520416975 2.353546142578125 -2.9028096199035645 0.0 0.0 0.0 -0.631334662437439 0.7755104899406433
1638452482721416950 2.3620026111602783 -2.94381046295166 0.0 0.0 0.0 -0.6320452094078064 0.7749315500259399
1638452482878504038 2.3689942359924316 -2.977903127670288 0.0 0.0 0.0 -0.6322125196456909 0.7747950553894043
163845248378504086 2.377488613128662 -3.0193614959716797 0.0 0.0 0.0 -0.6322966814041138 0.7747263312339783
1638452483251503944 2.3847413063049316 -3.054795980453491 0.0 0.0 0.0 -0.6326419115066528 0.7744444608688354
1638452483419503927 2.3887734413146973 -3.074561357498169 0.0 0.0 0.0 -0.6317360997200012 0.7751834988594055
1638452483619503975 2.3888447284698486 -3.074908494949341 0.0 0.0 0.0 -0.6317074298858643 0.7752068638801575
1638452483820503950 2.3888955116271973 -3.0751564502716064 0.0 0.0 0.0 -0.6348336935043335 0.772648811340332
163845248420503998 2.388904571533203 -3.0752062797546387 0.0 0.0 0.0 -0.6461237668991089 0.7632326483726501
1638452484223504066 2.3889119625091553 -3.07525634765625 0.0 0.0 0.0 -0.6651709079742432 0.7466911673545837
1638452484423504114 2.388911724090576 -3.075256586074829 0.0 0.0 0.0 -0.6917959451675415 0.7220930457115173
1638452484623503923 2.388911008834839 -3.0753324031829834 0.0 0.0 0.0 -0.7271419167518616 0.6864871382713318
1638452484825504065 2.388921022415161 -3.0752570629119873 0.0 0.0 0.0 -0.7685415148735046 0.639799952507019
163845248526504040 2.3889400959014893 -3.075183629989624 0.0 0.0 0.0 -0.8103293776512146 0.5859746336936951
1638452485294503927 2.3890397548675537 -3.074951410293579 0.0 0.0 0.0 -0.8604356646537781 0.509559154510498
1638452485461138010 2.3890788555145264 -3.0748863220214844 0.0 0.0 0.0 -0.8883348107337952 0.4591963589191437
1638452485627138138 2.3889966011047363 -3.0749824047088623 0.0 0.0 0.0 -0.9153589606285095 0.4026387631893158
1638452485828138113 2.3889572620391846 -3.07501482963562 0.0 0.0 0.0 -0.9438566565513611 0.33035531640052795
1638452485962138176 2.3889167308807373 -3.075044870376587 0.0 0.0 0.0 -0.95969557762146 0.2810417115688324
1638452486129137993 2.3888728618621826 -3.0750696659088135 0.0 0.0 0.0 -0.9758163094520569 0.2185920923948288
1638452486329138041 2.3888721466064453 -3.0750670433044434 0.0 0.0 0.0 -0.9897525310516357 0.14279331266880035
1638452486497138023 2.388798236846924 -3.0750837326049805 0.0 0.0 0.0 -0.9969438910484314 0.07812121510505676
1638452486664138079 2.3886730670928955 -3.0751006603240967 0.0 0.0 0.0 -0.9982189536094666 0.05965689569711685
1638452486864138126 2.38864803314209 -3.075103759765625 0.0 0.0 0.0 -0.9982054233551025 0.0598822757601738
1638452486998138189 2.3885223865509033 -3.0751187801361084 0.0 0.0 0.0 -0.9982365369796753 0.05936213955283165
1638452487199138165 2.3866372108459473 -3.0753424167633057 0.0 0.0 0.0 -0.9982595443725586 0.05897372215986252
1638452487366137981 2.382992744445801 -3.0757741928100586 0.0 0.0 0.0 -0.998261570930481 0.05893921107053757
1638452487532138109 2.3777647018432617 -3.0763940811157227 0.0 0.0 0.0 -0.9982662200927734 0.05886031314730644
1638452487700138092 2.3710033893585205 -3.077195405960083 0.0 0.0 0.0 -0.9982590675354004 0.05898169428110123
1638452487862239122 2.3622817993164062 -3.078228712081909 0.0 0.0 0.0 -0.9982541799545288 0.05906428024172783
163845248863239098 2.3505442142486572 -3.079620599746704 0.0 0.0 0.0 -0.9982579946517944 0.05900025740265846
1638452488197239161 2.3428030014038086 -3.080540895462036 0.0 0.0 0.0 -0.9982505440711975 0.05912592262029648
1638452488363239050 2.3388569355010986 -3.08100962638855 0.0 0.0 0.0 -0.998246967792511 0.059186019003391266
1638452488564239025 2.338655948638916 -3.08103346824646 0.0 0.0 0.0 -0.9983202219009399 0.05793706327676773
1638452488731239080 2.3386809825897217 -3.08103084564209 0.0 0.0 0.0 -0.9987224340438843 0.050531987100839615
1638452488899239063 2.338756799697876 -3.081023693084717 0.0 0.0 0.0 -0.9990898966789246 0.042653925716876984
163845248968239212 2.338756799697876 -3.081023693084717 0.0 0.0 0.0 -0.9991110563278198 0.04215560108423233
1638452489267239094 2.338756799697876 -3.081023693084717 0.0 0.0 0.0 -0.9991105794906616 0.04216739162802696
1638452489399239063 2.338731527328491 -3.0810258388519287 0.0 0.0 0.0 -0.9991150498390198 0.04206115007400513
1638452489601239204 2.3371427059173584 -3.081157922744751 0.0 0.0 0.0 -0.9991457462310791 0.041325196623802185
1638452489768239021 2.3338632583618164 -3.0814290046691895 0.0 0.0 0.0 -0.9991468787193298 0.041298042982816696
1638452489967239141 2.3277337551116943 -3.0819363594055176 0.0 0.0 0.0 -0.9991506338119507 0.041206687688827515
1638452490133239031 2.3203680515289307 -3.0825459957122803 0.0 0.0 0.0 -0.999148428440094 0.041260283440351486
1638452490299239159 2.31169056892395 -3.0832624435424805 0.0 0.0 0.0 -0.9991509914398193 0.041197873651981354
1638452490475519896 2.300793409347534 -3.084160327911377 0.0 0.0 0.0 -0.9991558194160461 0.04108162224292755
1638452490677519798 2.285632848739624 -3.0854039192199707 0.0 0.0 0.0 -0.9991657733917236 0.04083840176463127
1638452490809519768 2.2745330333709717 -3.0863122940063477 0.0 0.0 0.0 -0.9991682767868042 0.0407775342464447
1638452490975519896 2.2588419914245605 -3.0875937938690186 0.0 0.0 0.0 -0.999171257019043 0.040704403072595596
1638452491109519958 2.2452197074890137 -3.088705539703369 0.0 0.0 0.0 -0.9991692900657654 0.04075168818235397
1638452491310519934 2.223449945449829 -3.090493679046631 0.0 0.0 0.0 -0.9991568922996521 0.04105529934167862
1638452491508519888 2.2017807960510254 -3.0922698974609375 0.0 0.0 0.0 -0.9991729855537415 0.04066092520952225
1638452491674519777 2.18371844291687 -3.0937445163726807 0.0 0.0 0.0 -0.999167799949646 0.04078909009695053
1638452491807519913 2.1693644523620605 -3.0949151515960693 0.0 0.0 0.0 -0.9991747140884399 0.040618881583213806
1638452491973519802 2.150594711303711 -3.096438407897949 0.0 0.0 0.0 -0.9991878867149353 0.04029346629977226
1638452492107519865 2.134624719619751 -3.097726821899414 0.0 0.0 0.0 -0.9991903305053711 0.04023224487900734
1638452492276519775 2.1131796836853027 -3.0994508266448975 0.0 0.0 0.0 -0.9992048144340515 0.03987109288573265
1638452492476519823 2.085651159286499 -3.1016228199005127 0.0 0.0 0.0 -0.999247133731842 0.03879629820585251
1638452492676519871 2.0577917098999023 -3.1037864685058594 0.0 0.0 0.0 -0.9992488026618958 0.03875270113348961
1638452492919059992 2.0244076251983643 -3.106393575668335 0.0 0.0 0.0 -0.9992296695709229 0.03924346715211868
163845249354059982 2.0057621002197266 -3.107877016067505 0.0 0.0 0.0 -0.9991984367370605 0.04003094136714935
1638452493221060038 1.9825016260147095 -3.1097593307495117 0.0 0.0 0.0 -0.9991773962974548 0.0405522957444191
1638452493354060173 1.963959813117981 -3.111269474029541 0.0 0.0 0.0 -0.9991673231124878 0.0407995730638504
1638452493520060062 1.94097900390625 -3.1131551265716553 0.0 0.0 0.0 -0.9991492629051208 0.04123955965042114
1638452493654060125 1.9225400686264038 -3.114682912826538 0.0 0.0 0.0 -0.999140739440918 0.04144609346985817
1638452493821060181 1.8994345664978027 -3.1165964603424072 0.0 0.0 0.0 -0.9991534352302551 0.04113903269171715
163845249420060062 1.871862769126892 -3.118858575820923 0.0 0.0 0.0 -0.9991721510887146 0.04068129509687424
1638452494154060125 1.853219985961914 -3.1203784942626953 0.0 0.0 0.0 -0.9991746544837952 0.04062102362513542
1638452494320060015 1.8301881551742554 -3.122260808944702 0.0 0.0 0.0 -0.9991603493690491 0.04097096994519234
1638452494453060150 1.8116477727890015 -3.1237905025482178 0.0 0.0 0.0 -0.9991457462310791 0.04132483899593353
1638452494619060040 1.7885686159133911 -3.1257147789001465 0.0 0.0 0.0 -0.9991232752799988 0.04186510667204857
1638452494755060196 1.7696021795272827 -3.1273136138916016 0.0 0.0 0.0 -0.9991108775138855 0.042160484939813614
1638452494922060013 1.746525764465332 -3.129270315170288 0.0 0.0 0.0 -0.9991000294685364 0.042415957897901535
1638452495121060133 1.7189618349075317 -3.1316256523132324 0.0 0.0 0.0 -0.9990953207015991 0.04252660647034645
1638452495265060186 1.6990629434585571 -3.133312702178955 0.0 0.0 0.0 -0.9991034865379333 0.04233485087752342
1638452495420627832 1.67482590675354 -3.135364294052124 0.0 0.0 0.0 -0.9991093873977661 0.04219585657119751
1638452495556627989 1.6545976400375366 -3.1370599269866943 0.0 0.0 0.0 -0.999143660068512 0.041375938802957535
1638452495721627951 1.6287163496017456 -3.1391892433166504 0.0 0.0 0.0 -0.9991726279258728 0.040670573711395264
1638452495923627853 1.5954909324645996 -3.1418802738189697 0.0 0.0 0.0 -0.9991868138313293 0.040320031344890594
1638452496123627901 1.561583161354065 -3.1446118354797363 0.0 0.0 0.0 -0.9991924166679382 0.040180787444114685
1638452496321627855 1.5282046794891357 -3.147294521331787 0.0 0.0 0.0 -0.9992030262947083 0.03991623595356941
1638452496521627903 1.4947532415390015 -3.150014877319336 0.0 0.0 0.0 -0.9991632103919983 0.04090153053402901
1638452496654628038 1.4722764492034912 -3.151853084564209 0.0 0.0 0.0 -0.9991791844367981 0.040508583188056946
1638452496822628021 1.443845510482788 -3.1541690826416016 0.0 0.0 0.0 -0.9991663694381714 0.04082398861646652
1638452496954627991 1.4215452671051025 -3.1559906005859375 0.0 0.0 0.0 -0.999172568321228 0.040672123432159424
1638452497120627880 1.3934667110443115 -3.158268690109253 0.0 0.0 0.0 -0.9991803169250488 0.0404801145195961
1638452497354627848 1.3538843393325806 -3.1614811420440674 0.0 0.0 0.0 -0.9991759657859802 0.04058755561709404
1638452497553627968 1.3203049898147583 -3.164191246032715 0.0 0.0 0.0 -0.9992039799690247 0.039891697466373444
1638452497722627878 1.2919961214065552 -3.1664459705352783 0.0 0.0 0.0 -0.9992199540138245 0.039490994065999985
1638452497895877838 1.2638605833053589 -3.1686465740203857 0.0 0.0 0.0 -0.9992589950561523 0.03848956525325775
163845249866877842 1.2350659370422363 -3.170858860015869 0.0 0.0 0.0 -0.9992630481719971 0.03838473558425903
1638452498266877890 1.2010743618011475 -3.1734933853149414 0.0 0.0 0.0 -0.9992411136627197 0.03895115479826927
1638452498471878052 1.1665061712265015 -3.176222085952759 0.0 0.0 0.0 -0.9992128014564514 0.03967014327645302
1638452498605877876 1.1438233852386475 -3.178025007247925 0.0 0.0 0.0 -0.999217689037323 0.03954685851931572
1638452498753877878 1.1188182830810547 -3.179997682571411 0.0 0.0 0.0 -0.9992240071296692 0.039387840777635574
1638452498919878006 1.0909631252288818 -3.182210922241211 0.0 0.0 0.0 -0.9992154836654663 0.03960355743765831
1638452499118877888 1.0574802160263062 -3.184854745864868 0.0 0.0 0.0 -0.9992364048957825 0.03907110542058945
1638452499316877842 1.024120569229126 -3.187453031539917 0.0 0.0 0.0 -0.9992445111274719 0.03886467218399048
1638452499483877897 0.9957071542739868 -3.189671039581299 0.0 0.0 0.0 -0.9992349743843079 0.039108388125896454
1638452499650877953 0.9674727320671082 -3.1919050216674805 0.0 0.0 0.0 -0.9992074966430664 0.03980379179120064
1638452499819877863 0.939012885093689 -3.194178342819214 0.0 0.0 0.0 -0.9991967678070068 0.040072035044431686
1638452499951877832 0.9166350960731506 -3.1959850788116455 0.0 0.0 0.0 -0.9991805553436279 0.04047439992427826
1638452500118877888 0.8886575102806091 -3.1982548236846924 0.0 0.0 0.0 -0.9991827607154846 0.040420204401016235
1638452500251878023 0.8662556409835815 -3.200077533721924 0.0 0.0 0.0 -0.9991745352745056 0.040623169392347336
1638452500427650213 0.8381262421607971 -3.2023544311523438 0.0 0.0 0.0 -0.9992017149925232 0.039948754012584686
1638452500595650196 0.809814989566803 -3.204580307006836 0.0 0.0 0.0 -0.9992453455924988 0.038842517882585526
1638452500761650085 0.7816519141197205 -3.2067534923553467 0.0 0.0 0.0 -0.9992697834968567 0.03820938989520073
1638452500960650206 0.7480122447013855 -3.209341526031494 0.0 0.0 0.0 -0.9992642998695374 0.03835197910666466
1638452501128650188 0.7197704911231995 -3.2114803791046143 0.0 0.0 0.0 -0.999298095703125 0.0374605767428875
1638452501328649998 0.686023473739624 -3.2139928340911865 0.0 0.0 0.0 -0.9993193745613098 0.03688829019665718
1638452501462650061 0.6635079979896545 -3.2156598567962646 0.0 0.0 0.0 -0.9993317127227783 0.036552466452121735
1638452501661650181 0.6297297477722168 -3.218092918395996 0.0 0.0 0.0 -0.9993767738342285 0.03529919311404228
1638452501829650164 0.6014259457588196 -3.220076560974121 0.0 0.0 0.0 -0.9993930459022522 0.03483551740646362
1638452501962650061 0.5789536237716675 -3.221637725830078 0.0 0.0 0.0 -0.9993953704833984 0.03476892039179802
163845250296650124 0.5563309192657471 -3.2232253551483154 0.0 0.0 0.0 -0.99936842918396 0.03553472459316254
1638452502262650013 0.5280815362930298 -3.2252604961395264 0.0 0.0 0.0 -0.9993346333503723 0.03647276759147644
1638452502396650076 0.5055395364761353 -3.226912498474121 0.0 0.0 0.0 -0.9993262887001038 0.03670090064406395
1638452502561650038 0.4778478443622589 -3.2289397716522217 0.0 0.0 0.0 -0.9993363618850708 0.036425117403268814
1638452502694650173 0.45540574193000793 -3.230569839477539 0.0 0.0 0.0 -0.9993547201156616 0.03591785579919815
1638452502910205126 0.4162213206291199 -3.233339309692383 0.0 0.0 0.0 -0.9994035959243774 0.0345313586294651
163845250376205015 0.3880910873413086 -3.2352654933929443 0.0 0.0 0.0 -0.9994211792945862 0.03401882201433182
1638452503275205135 0.3544316291809082 -3.2375831604003906 0.0 0.0 0.0 -0.9993866682052612 0.035017915070056915
1638452503475205183 0.3205259144306183 -3.240007162094116 0.0 0.0 0.0 -0.999345600605011 0.036172203719615936
1638452503674205065 0.3150225877761841 -3.240405559539795 0.0 0.0 0.0 -0.9993677735328674 0.03555331006646156
1638452503873205185 0.3148711025714874 -3.2404162883758545 0.0 0.0 0.0 0.9995997548103333 -0.028290951624512672
163845250472205067 0.3148964047431946 -3.2404158115386963 0.0 0.0 0.0 0.9999456405639648 -0.010426614433526993
1638452504273205042 0.3148964047431946 -3.240417242050171 0.0 0.0 0.0 0.9998268485069275 0.01860840618610382
1638452504471204996 0.31494688987731934 -3.2404208183288574 0.0 0.0 0.0 0.998238742351532 0.05932465195655823
1638452504670205116 0.31502193212509155 -3.2404322624206543 0.0 0.0 0.0 0.9938153624534607 0.11104494333267212
1638452504871205091 0.3151926100254059 -3.2404794692993164 0.0 0.0 0.0 0.9841684103012085 0.17723579704761505
163845250572205067 0.3152602016925812 -3.240514039993286 0.0 0.0 0.0 0.9677658677101135 0.25185152888298035
1638452505271205187 0.31521910429000854 -3.2404847145080566 0.0 0.0 0.0 0.9433615803718567 0.33176636695861816
1638452505404205084 0.3151637315750122 -3.2404329776763916 0.0 0.0 0.0 0.9212123155593872 0.38906019926071167
1638452505552789211 0.3151649534702301 -3.240431785583496 0.0 0.0 0.0 0.8935155868530273 0.44903215765953064
1638452505718789101 0.31509777903556824 -3.2403247356414795 0.0 0.0 0.0 0.8550992608070374 0.5184642672538757
1638452505850789070 0.31508710980415344 -3.2403016090393066 0.0 0.0 0.0 0.8203216195106506 0.5719024538993835
163845250617789125 0.3150753974914551 -3.240278482437134 0.0 0.0 0.0 0.7801388502120972 0.6256064176559448
1638452506218789101 0.3150644600391388 -3.2402288913726807 0.0 0.0 0.0 0.7794269323348999 0.6264930963516235
1638452506354789019 0.3150644600391388 -3.2402288913726807 0.0 0.0 0.0 0.7790887355804443 0.6269136667251587
1638452506521789074 0.31506970524787903 -3.2402536869049072 0.0 0.0 0.0 0.7752106189727783 0.6317028403282166
1638452506654789209 0.31506961584091187 -3.2402536869049072 0.0 0.0 0.0 0.7709094285964966 0.6369448304176331
1638452506821789026 0.3150695264339447 -3.2402536869049072 0.0 0.0 0.0 0.7655726671218872 0.6433494091033936
1638452506953788996 0.3150695264339447 -3.2402536869049072 0.0 0.0 0.0 0.7610862851142883 0.6486506462097168
1638452507120789051 0.31506189703941345 -3.240203619003296 0.0 0.0 0.0 0.7561381459236145 0.654412031173706
1638452507321789026 0.3150685429573059 -3.2402536869049072 0.0 0.0 0.0 0.7498449087142944 0.6616136431694031
1638452507454789162 0.31506845355033875 -3.2402536869049072 0.0 0.0 0.0 0.7453241944313049 0.6667022109031677
1638452507619789124 0.3150712251663208 -3.240278959274292 0.0 0.0 0.0 0.7408668398857117 0.6716518998146057
1638452507753789186 0.315073698759079 -3.2403042316436768 0.0 0.0 0.0 0.740894615650177 0.6716213226318359
1638452507919789076 0.3150589168071747 -3.2401530742645264 0.0 0.0 0.0 0.7406147122383118 0.6719299554824829
163845250871074963 0.3149110674858093 -3.2386162281036377 0.0 0.0 0.0 0.7400955557823181 0.6725017428398132
1638452508272074938 0.31451332569122314 -3.2344586849212646 0.0 0.0 0.0 0.7401308417320251 0.6724628806114197
1638452508474074841 0.31386950612068176 -3.2277567386627197 0.0 0.0 0.0 0.740095853805542 0.6725014448165894
1638452508644074917 0.31313544511795044 -3.220097303390503 0.0 0.0 0.0 0.740293025970459 0.6722843647003174
1638452508914074898 0.3116304278373718 -3.2044007778167725 0.0 0.0 0.0 0.7400427460670471 0.6725597977638245
1638452509112074852 0.3102252185344696 -3.189584732055664 0.0 0.0 0.0 0.7397217750549316 0.6729128360748291
1638452509315074921 0.30858781933784485 -3.1722986698150635 0.0 0.0 0.0 0.7396538853645325 0.6729874610900879
1638452509515074968 0.30679792165756226 -3.1533751487731934 0.0 0.0 0.0 0.7394992709159851 0.6731573343276978
1638452509651074886 0.30550143122673035 -3.139539957046509 0.0 0.0 0.0 0.7392394542694092 0.6734426617622375
1638452509851074934 0.30349910259246826 -3.117940902709961 0.0 0.0 0.0 0.7389664053916931 0.6737422347068787
163845251020074844 0.30178332328796387 -3.0994420051574707 0.0 0.0 0.0 0.7390614151954651 0.673638105392456
1638452510256074905 0.2991335988044739 -3.0709125995635986 0.0 0.0 0.0 0.7390647530555725 0.6736343502998352
1638452510469784975 0.2966087758541107 -3.0439226627349854 0.0 0.0 0.0 0.7396591305732727 0.6729817390441895
1638452510669785023 0.2939060926437378 -3.015627861022949 0.0 0.0 0.0 0.7401824593544006 0.6724060773849487
1638452510804785013 0.29198557138442993 -2.995673894882202 0.0 0.0 0.0 0.7402228116989136 0.6723616719245911
1638452510972784996 0.28959885239601135 -2.9706034660339355 0.0 0.0 0.0 0.7394612431526184 0.6731991171836853
1638452511106785059 0.28774169087409973 -2.9507198333740234 0.0 0.0 0.0 0.7390182018280029 0.6736854910850525
1638452511304785013 0.28502199053764343 -2.9213078022003174 0.0 0.0 0.0 0.7388172149658203 0.6739058494567871
1638452511471785069 0.2827504873275757 -2.896658420562744 0.0 0.0 0.0 0.7389675974845886 0.6737409830093384
1638452511604784966 0.2808907628059387 -2.876495361328125 0.0 0.0 0.0 0.7388384938240051 0.6738825440406799
1638452511802784920 0.27798739075660706 -2.844914436340332 0.0 0.0 0.0 0.7388203740119934 0.6739024519920349
1638452511969784975 0.27551785111427307 -2.8181989192962646 0.0 0.0 0.0 0.7391888499259949 0.6734982132911682
1638452512168785095 0.2725737690925598 -2.786672353744507 0.0 0.0 0.0 0.7393812537193298 0.6732869744300842
1638452512369785070 0.269573450088501 -2.7546424865722656 0.0 0.0 0.0 0.7394457459449768 0.6732161641120911
1638452512503784895 0.26758715510368347 -2.7335000038146973 0.0 0.0 0.0 0.7394049763679504 0.6732609272003174
1638452512670784950 0.2651015520095825 -2.7070655822753906 0.0 0.0 0.0 0.7393282055854797 0.6733452081680298
1638452512802784920 0.26313647627830505 -2.6860227584838867 0.0 0.0 0.0 0.7392785549163818 0.6733997464179993
1638452512965062141 0.26067039370536804 -2.6595866680145264 0.0 0.0 0.0 0.739234447479248 0.6734481453895569
1638452513101062059 0.25863581895828247 -2.6379146575927734 0.0 0.0 0.0 0.7397134900093079 0.6729219555854797
1638452513267061949 0.2561011016368866 -2.6113576889038086 0.0 0.0 0.0 0.7401843070983887 0.6724040508270264
1638452513402061939 0.2540515661239624 -2.5901448726654053 0.0 0.0 0.0 0.7403357625007629 0.6722372770309448
1638452513568062067 0.2515028119087219 -2.56374192237854 0.0 0.0 0.0 0.7403846383094788 0.6721834540367126
1638452513767061949 0.24844597280025482 -2.531996965408325 0.0 0.0 0.0 0.7399519681930542 0.672659695148468
1638452513902061939 0.24641303718090057 -2.5107061862945557 0.0 0.0 0.0 0.7399185299873352 0.6726964712142944
163845251469061995 0.24388962984085083 -2.4843006134033203 0.0 0.0 0.0 0.7401323914527893 0.672461211681366
1638452514301062107 0.24027715623378754 -2.447117328643799 0.0 0.0 0.0 0.740767776966095 0.671761155128479
1638452514470062017 0.23761606216430664 -2.420165777206421 0.0 0.0 0.0 0.7412424683570862 0.6712373495101929
1638452514639061928 0.23493245244026184 -2.393369197845459 0.0 0.0 0.0 0.741891622543335 0.6705198287963867
1638452514806061983 0.2322501540184021 -2.3669538497924805 0.0 0.0 0.0 0.742120623588562 0.670266330242157
16384525155062103 0.22899480164051056 -2.3353054523468018 0.0 0.0 0.0 0.742534339427948 0.669808030128479
1638452515172062159 0.22625404596328735 -2.3087692260742188 0.0 0.0 0.0 0.7424914836883545 0.669855535030365
1638452515306061983 0.2240520566701889 -2.287546157836914 0.0 0.0 0.0 0.7426962852478027 0.669628381729126
1638452515477868795 0.2212783694267273 -2.260937213897705 0.0 0.0 0.0 0.7429243326187134 0.6693754196166992
1638452515679868937 0.21786880493164062 -2.2286179065704346 0.0 0.0 0.0 0.7436954975128174 0.6685185432434082
1638452515811868906 0.2155965268611908 -2.2074787616729736 0.0 0.0 0.0 0.7441163063049316 0.6680501103401184
1638452515979868889 0.2127261608839035 -2.181007146835327 0.0 0.0 0.0 0.7443084120750427 0.6678360104560852
1638452516112868786 0.2104223072528839 -2.159846067428589 0.0 0.0 0.0 0.7444612383842468 0.6676657199859619
1638452516245868921 0.208109512925148 -2.138660430908203 0.0 0.0 0.0 0.7445884943008423 0.6675238013267517
1638452516411868811 0.2052304446697235 -2.112342119216919 0.0 0.0 0.0 0.7445415258407593 0.6675761342048645
1638452516613868952 0.201734721660614 -2.080362558364868 0.0 0.0 0.0 0.7445973753929138 0.6675138473510742
1638452516814868927 0.19822309911251068 -2.0485119819641113 0.0 0.0 0.0 0.7448229193687439 0.6672621369361877
163845251714868975 0.194692462682724 -2.0166127681732178 0.0 0.0 0.0 0.7451174259185791 0.6669332981109619
1638452517146868944 0.19234320521354675 -1.9956094026565552 0.0 0.0 0.0 0.7456033229827881 0.6663900017738342
1638452517344868898 0.18880322575569153 -1.9642205238342285 0.0 0.0 0.0 0.7457886338233948 0.6661826372146606
1638452517513868809 0.1857733577489853 -1.9373592138290405 0.0 0.0 0.0 0.7455205321311951 0.66648268699646
1638452517647868872 0.18340608477592468 -1.9161286354064941 0.0 0.0 0.0 0.745080828666687 0.6669741868972778
1638452517814868927 0.1804964691400528 -1.889635682106018 0.0 0.0 0.0 0.7443398833274841 0.6678009629249573
163845251819006968 0.17708450555801392 -1.8581055402755737 0.0 0.0 0.0 0.7440391778945923 0.668135941028595
1638452518152006865 0.1747708022594452 -1.836665391921997 0.0 0.0 0.0 0.7441235780715942 0.668042004108429
1638452518321007013 0.1718682497739792 -1.8098152875900269 0.0 0.0 0.0 0.7441526651382446 0.6680096387863159
1638452518521006823 0.1684229075908661 -1.778059720993042 0.0 0.0 0.0 0.744399905204773 0.6677340865135193
1638452518724006891 0.1649140566587448 -1.7457506656646729 0.0 0.0 0.0 0.744332492351532 0.6678091883659363
1638452518926006794 0.1614340841770172 -1.7137186527252197 0.0 0.0 0.0 0.7441933155059814 0.6679643392562866
1638452519128006935 0.15798267722129822 -1.6817853450775146 0.0 0.0 0.0 0.7439126968383789 0.6682767868041992
1638452519260006905 0.15573479235172272 -1.6608726978302002 0.0 0.0 0.0 0.7439420819282532 0.6682440638542175
1638452519464006901 0.15222664177417755 -1.6283599138259888 0.0 0.0 0.0 0.7442254424095154 0.6679284572601318
1638452519631006956 0.1493290811777115 -1.601738452911377 0.0 0.0 0.0 0.7446385025978088 0.6674679517745972
1638452519764006853 0.14700108766555786 -1.580554485321045 0.0 0.0 0.0 0.7449160218238831 0.6671582460403442
1638452519932006836 0.1440594494342804 -1.5539379119873047 0.0 0.0 0.0 0.74503093957901 0.6670299172401428
1638452520144006968 0.14032168686389923 -1.5201517343521118 0.0 0.0 0.0 0.745111882686615 0.6669394969940186
1638452520311007023 0.13740789890289307 -1.4937866926193237 0.0 0.0 0.0 0.7446313500404358 0.6674759387969971
1638452520484030008 0.13443273305892944 -1.4665372371673584 0.0 0.0 0.0 0.7443752288818359 0.6677615642547607
1638452520651029825 0.13157539069652557 -1.4400895833969116 0.0 0.0 0.0 0.7438907623291016 0.6683012247085571
1638452520820029974 0.12867499887943268 -1.4130101203918457 0.0 0.0 0.0 0.7436103820800781 0.6686131954193115
1638452520953029871 0.12642845511436462 -1.3919191360473633 0.0 0.0 0.0 0.7435624599456787 0.6686664819717407
1638452521119029999 0.12360569834709167 -1.3654167652130127 0.0 0.0 0.0 0.7434954047203064 0.66874098777771
1638452521320029974 0.12023270130157471 -1.3335003852844238 0.0 0.0 0.0 0.7431424260139465 0.6691333055496216
1638452521455029964 0.11800303310155869 -1.3121020793914795 0.0 0.0 0.0 0.7426829934120178 0.6696431636810303
1638452521593029976 0.11576411128044128 -1.2902976274490356 0.0 0.0 0.0 0.7420200705528259 0.6703776717185974
1638452521761029959 0.11308560520410538 -1.263754963874817 0.0 0.0 0.0 0.7415285706520081 0.6709213256835938
1638452521895029783 0.11096297949552536 -1.2425240278244019 0.0 0.0 0.0 0.7414233088493347 0.6710376143455505
163845252262029839 0.10830077528953552 -1.2157762050628662 0.0 0.0 0.0 0.7411976456642151 0.6712868809700012
1638452522262029886 0.10512229800224304 -1.18389093875885 0.0 0.0 0.0 0.7415654063224792 0.6708805561065674
1638452522463029861 0.1019086167216301 -1.1519583463668823 0.0 0.0 0.0 0.7415558695793152 0.6708911061286926
1638452522597029924 0.09978479146957397 -1.130676507949829 0.0 0.0 0.0 0.7411569952964783 0.6713317632675171
1638452522764029980 0.09715046733617783 -1.1040276288986206 0.0 0.0 0.0 0.7407594919204712 0.6717703342437744
1638452522996260881 0.09356619417667389 -1.066968560218811 0.0 0.0 0.0 0.7400040626525879 0.6726024150848389
1638452523162261009 0.0910855084657669 -1.0407880544662476 0.0 0.0 0.0 0.7395065426826477 0.6731493473052979
1638452523361260891 0.08810067921876907 -1.0089095830917358 0.0 0.0 0.0 0.7391827702522278 0.6735048294067383
1638452523526261091 0.08562834560871124 -0.9824740886688232 0.0 0.0 0.0 0.7394847869873047 0.6731732487678528
1638452523692260981 0.0831417590379715 -0.9559890627861023 0.0 0.0 0.0 0.7394434213638306 0.6732186675071716
1638452523860260963 0.08065863698720932 -0.9294528365135193 0.0 0.0 0.0 0.7392045259475708 0.6734809875488281
1638452523995260954 0.078654445707798 -0.9078289270401001 0.0 0.0 0.0 0.7389069199562073 0.6738075017929077
1638452524163260937 0.07621020078659058 -0.8811365962028503 0.0 0.0 0.0 0.7383355498313904 0.6744335293769836
1638452524363260984 0.07337559014558792 -0.8495238423347473 0.0 0.0 0.0 0.7377038598060608 0.6751244068145752
1638452524531260967 0.07100359350442886 -0.8228504061698914 0.0 0.0 0.0 0.7378770709037781 0.6749351620674133
1638452524732260942 0.0681302472949028 -0.7906311750411987 0.0 0.0 0.0 0.7380213141441345 0.6747773885726929
1638452524866261005 0.06619855016469955 -0.769280195236206 0.0 0.0 0.0 0.7386720180511475 0.6740650534629822
1638452525261068 0.06423143297433853 -0.7479324340820312 0.0 0.0 0.0 0.7390799522399902 0.6736176609992981
1638452525167260885 0.06177174672484398 -0.7215465903282166 0.0 0.0 0.0 0.7392020225524902 0.6734837293624878
1638452525365261078 0.058818135410547256 -0.6898429989814758 0.0 0.0 0.0 0.7389512658119202 0.6737589240074158
1638452525603333950 0.05545472353696823 -0.652712345123291 0.0 0.0 0.0 0.7380170226097107 0.6747820973396301
1638452525770334005 0.053086746484041214 -0.6262418031692505 0.0 0.0 0.0 0.7380304932594299 0.6747673749923706
1638452525970334053 0.05021391808986664 -0.5942259430885315 0.0 0.0 0.0 0.7380289435386658 0.6747690439224243
1638452526105334044 0.04827560856938362 -0.5725706219673157 0.0 0.0 0.0 0.7379799485206604 0.6748226284980774
1638452526272334099 0.045885294675827026 -0.5461021065711975 0.0 0.0 0.0 0.7385658025741577 0.6741814017295837
1638452526404334068 0.04396286979317665 -0.5251315832138062 0.0 0.0 0.0 0.738638699054718 0.6741015315055847
1638452526572334051 0.04151122272014618 -0.4983382523059845 0.0 0.0 0.0 0.7387384176254272 0.6739922165870667
1638452526808333874 0.03805860877037048 -0.46093621850013733 0.0 0.0 0.0 0.7388832569122314 0.6738334894180298
163845252741333914 0.03465420380234718 -0.424063503742218 0.0 0.0 0.0 0.7390310168266296 0.6736713647842407
1638452527276334047 0.031128326430916786 -0.3864140510559082 0.0 0.0 0.0 0.7397130131721497 0.6729224920272827
1638452527443334103 0.028592143207788467 -0.3597811162471771 0.0 0.0 0.0 0.7400280833244324 0.6725759506225586
1638452527610333920 0.02602851763367653 -0.33312544226646423 0.0 0.0 0.0 0.7403610348701477 0.6722094416618347
1638452527811333895 0.022955087944865227 -0.3012807369232178 0.0 0.0 0.0 0.7401495575904846 0.6724423170089722
163845252837557840 0.019435837864875793 -0.26416459679603577 0.0 0.0 0.0 0.7393082976341248 0.6733671426773071
1638452528206557989 0.016943734139204025 -0.23729874193668365 0.0 0.0 0.0 0.7387601733207703 0.6739683747291565
1638452528407557964 0.014019368216395378 -0.205389142036438 0.0 0.0 0.0 0.7386287450790405 0.6741124391555786
1638452528608557940 0.011095141991972923 -0.17327618598937988 0.0 0.0 0.0 0.7383034825325012 0.6744686961174011
1638452528810557842 0.008163664489984512 -0.14108765125274658 0.0 0.0 0.0 0.7387363314628601 0.6739944815635681
163845252911557817 0.005237653385847807 -0.10917819291353226 0.0 0.0 0.0 0.7384803295135498 0.6742749810218811
1638452529143557787 0.003305617719888687 -0.08805601298809052 0.0 0.0 0.0 0.7387346625328064 0.6739963293075562
1638452529376557827 -7.276856922544539e-05 -0.05105382949113846 0.0 0.0 0.0 0.7383639812469482 0.6744024753570557
1638452529510557890 -0.0019924130756407976 -0.02985427901148796 0.0 0.0 0.0 0.7381344437599182 0.6746536493301392
1638452529676557779 -0.004371785558760166 -0.0035880939103662968 0.0 0.0 0.0 0.7384383082389832 0.6743210554122925
1638452529908557892 -0.007802625186741352 0.033663440495729446 0.0 0.0 0.0 0.7391568422317505 0.6735333800315857
1638452530109557867 -0.008282731287181377 0.03880445286631584 0.0 0.0 0.0 0.7393367290496826 0.6733358502388
1638452530246557951 -0.008280373178422451 0.03877925127744675 0.0 0.0 0.0 0.7393923401832581 0.67327481508255
1638452530444557905 -0.00828036479651928 0.03877925127744675 0.0 0.0 0.0 0.739327609539032 0.6733459234237671
1638452530604152918 -0.00828272383660078 0.03880444914102554 0.0 0.0 0.0 0.7393313050270081 0.6733418107032776
1638452530808152914 -0.008282719179987907 0.03880444914102554 0.0 0.0 0.0 0.7393630743026733 0.673306941986084
1638452530974153042 -0.008285078220069408 0.03882964700460434 0.0 0.0 0.0 0.7393431663513184 0.6733287572860718
1638452531179152966 -0.008303600363433361 0.03903128206729889 0.0 0.0 0.0 0.7348776459693909 0.6781997084617615
1638452531411152840 -0.00829281099140644 0.038879796862602234 0.0 0.0 0.0 0.7213180661201477 0.6926039457321167
1638452531544152975 -0.008293536491692066 0.03890509530901909 0.0 0.0 0.0 0.7090432047843933 0.7051650881767273
1638452531713152885 -0.00829617865383625 0.03880389407277107 0.0 0.0 0.0 0.691105842590332 0.7227535247802734
1638452531848152876 -0.008297812193632126 0.038778651505708694 0.0 0.0 0.0 0.6734035015106201 0.7392751574516296
163845253248152924 -0.008303933776915073 0.038702886551618576 0.0 0.0 0.0 0.6436699628829956 0.7653031945228577
1638452532250152826 -0.008335813879966736 0.03855445608496666 0.0 0.0 0.0 0.6067498326301575 0.7948928475379944
1638452532450152874 -0.008309819735586643 0.03862585127353668 0.0 0.0 0.0 0.5677737593650818 0.823184609413147
1638452532686152935 -0.008278163149952888 0.03869489207863808 0.0 0.0 0.0 0.519225001335144 0.854637622833252
1638452532852153063 -0.00820374209433794 0.03882722929120064 0.0 0.0 0.0 0.48549404740333557 0.874239981174469
163845253360056925 -0.008159680292010307 0.03888910263776779 0.0 0.0 0.0 0.44234585762023926 0.8968445658683777
1638452533227056980 -0.008096367120742798 0.038968123495578766 0.0 0.0 0.0 0.3996228277683258 0.9166796803474426
1638452533360056877 -0.008062302134931087 0.03900564834475517 0.0 0.0 0.0 0.3649739921092987 0.9310176968574524
1638452533626056910 -0.00804287288337946 0.039021845906972885 0.0 0.0 0.0 0.2925351858139038 0.956254780292511
1638452533827056885 -0.008042819797992706 0.039021868258714676 0.0 0.0 0.0 0.2362421602010727 0.9716942310333252
163845253427056932 -0.008066517300903797 0.03901273012161255 0.0 0.0 0.0 0.17926152050495148 0.9838014841079712
1638452534328057051 -0.008189135231077671 0.03898181766271591 0.0 0.0 0.0 0.09257537871599197 0.9957056641578674
1638452534527056932 -0.008289506658911705 0.038968510925769806 0.0 0.0 0.0 0.03488883748650551 0.9993911981582642
1638452534661056995 -0.008415883406996727 0.038961876183748245 0.0 0.0 0.0 0.021714597940444946 0.9997642040252686
1638452534863056898 -0.008441170677542686 0.0389607772231102 0.0 0.0 0.0 0.02168654277920723 0.9997648000717163
163845253564056873 -0.008415883406996727 0.03896187245845795 0.0 0.0 0.0 0.0216180719435215 0.9997662901878357
1638452535264056921 -0.008415883406996727 0.03896187245845795 0.0 0.0 0.0 0.0217053834348917 0.9997643828392029
1638452535463057041 -0.008441170677542686 0.0389607734978199 0.0 0.0 0.0 0.021623222157359123 0.9997661709785461
1638452535672863007 -0.008415883406996727 0.03896186873316765 0.0 0.0 0.0 0.021596759557724 0.9997667670249939
1638452535872863054 -0.008441170677542686 0.0389607734978199 0.0 0.0 0.0 0.021575849503278732 0.9997672438621521
163845253673863029 0.003742924882861217 0.04561456537893742 0.002017118977675484 -0.00048040392186776644 0.0012436344628111021 0.01149739109228639 0.9999330325051882
1638452536307862997 0.003742924882861217 0.04561456537893742 0.002017118977675484 -0.0004805213544887255 0.0012435890681301528 0.011402961662028905 0.9999340961589094
1638452536507863045 0.003742924958830842 0.045614569103451 0.002017118973802553 -0.0004804425002450326 0.0012436195354119462 0.011466365554429918 0.9999333717859515
1638452536708863020 0.0037682292282325124 0.045615148365385 0.0020170557457154232 -0.00048046789752718614 0.0012436096875031342 0.011445934750628757 0.9999335806828937
1638452536873862982 0.0037682292282325124 0.045615148365385 0.0020170557457154232 -0.0004804992875018598 0.0012435976317572031 0.01142071537847996 0.9999339195682554
16384525377863045 0.0037682292282325124 0.045615148365385 0.0020170557457154232 -0.0004806509669340919 0.0012435390059195488 0.011298749568051769 0.9999352984780867
1638452537173863173 0.003742925034800465 0.045614572827964585 0.0020171189699296215 -0.0004805031942167509 0.001243596110314586 0.011417570791922857 0.999933947106905
1638452537306863070 0.003742925186739709 0.04561458027699176 0.0020171189621837594 -0.0004804830884344317 0.0012436038670278094 0.011433733893542146 0.9999337542948837
1638452537605863094 0.0037429252627093302 0.045614584001505344 0.0020171189583108283 -0.00048044773701029356 0.0012436175526640823 0.011462166158647374 0.9999334481751643
1638452537774863005 0.0037429252627093302 0.045614584001505344 0.0020171189583108283 -0.000480485017488084 0.0012436030733420777 0.011432169354363362 0.9999337383394405
163845253810275126 0.0037429254146485744 0.045614591450532496 0.0020171189505649658 -0.00048051742940189487 0.0012435905971316815 0.011406121148959142 0.9999340687722164
1638452538176275015 0.0037429254146485744 0.045614591450532496 0.0020171189505649658 -0.00048042400009217634 0.0012436267174362465 0.011481250341226799 0.9999332255451443
