1638452438853493929 2.531068275857251e-05 7.832511528249597e-08 0.0 0.0 0.0 0.00018901564180850983 1.0
1638452438988493919 2.531068275857251e-05 7.914166388900412e-08 0.0 0.0 0.0 0.00013813190162181854 1.0
1638452439156493902 -5.240068361861416e-12 7.823327052847162e-08 0.0 0.0 0.0 0.0001674126833677292 1.0
1638452439324494123 -5.240068361861416e-12 7.823327052847162e-08 0.0 0.0 0.0 0.00016201287508010864 1.0
1638452439458493948 -5.0090860279072835e-12 7.96629393562398e-08 0.0 0.0 0.0 0.00014672987163066864 1.0
1638452439661494017 2.5310680939583108e-05 8.797971418061934e-08 0.0 0.0 0.0 0.00021472759544849396 1.0
1638452439862493992 -3.1263552944388318e-12 7.687946634860054e-08 0.0 0.0 0.0 0.00021584145724773407 1.0
1638452439997493982 -3.1263552944388318e-12 7.687946634860054e-08 0.0 0.0 0.0 0.00022578611969947815 1.0
1638452440162493944 -3.2404198681973417e-12 7.692627690403242e-08 0.0 0.0 0.0 0.00016238540410995483 1.0
1638452440362719059 -3.2404198681973417e-12 7.692627690403242e-08 0.0 0.0 0.0 0.0001453924924135208 1.0
1638452440497719049 -1.998488397339515e-12 7.551462033461576e-08 0.0 0.0 0.0 0.0002304650843143463 1.0
1638452440664719105 -1.998488397339515e-12 7.551462033461576e-08 0.0 0.0 0.0 0.00017740577459335327 1.0
1638452440799719095 -1.998488397339515e-12 7.551462033461576e-08 0.0 0.0 0.0 0.00018488988280296326 1.0
1638452440967719078 -1.6498089786681769e-12 7.379473032642636e-08 0.0 0.0 0.0 0.000162540003657341 1.0
163845244199719048 -1.6498089786681769e-12 7.379473032642636e-08 0.0 0.0 0.0 0.00011784583330154419 1.0
1638452441264719009 2.5310684577561915e-05 8.149960706305137e-08 0.0 0.0 0.0 0.00017916783690452576 1.0
1638452441397719145 0.0007593204500153661 4.84093277464126e-07 0.0 0.0 0.0 0.0002744533121585846 0.9999999403953552
1638452441564719200 0.002379204146564007 1.089671059162356e-06 0.0 0.0 0.0 0.00013143382966518402 1.0
1638452441764719009 0.004252194426953793 2.1996515897626523e-06 0.0 0.0 0.0 0.0002954341471195221 0.9999999403953552
1638452441965718985 0.0061504957266151905 3.519784968375461e-06 0.0 0.0 0.0 0.00032541900873184204 0.9999999403953552
163845244298719120 0.00792224332690239 4.722425728687085e-06 0.0 0.0 0.0 0.0003800075501203537 0.9999999403953552
1638452442265719175 0.011136699467897415 6.790170573367504e-06 0.0 0.0 0.0 0.00021879374980926514 1.0
1638452442397719145 0.01376901101320982 7.875317351135891e-06 0.0 0.0 0.0 0.00022662244737148285 1.0
1638452442596719027 0.01822369173169136 9.78997013589833e-06 0.0 0.0 0.0 0.00021783262491226196 1.0
1638452442763719082 0.022982100024819374 1.2205357961647678e-05 0.0 0.0 0.0 0.00020046718418598175 1.0
1638452442887075901 0.026955878362059593 1.4085912880545948e-05 0.0 0.0 0.0 0.00024059973657131195 1.0
163845244353076029 0.0328279547393322 1.5881427316344343e-05 0.0 0.0 0.0 -0.00011085160076618195 1.0
1638452443187075853 0.03809257969260216 1.631301529414486e-05 0.0 0.0 0.0 0.00011093355715274811 1.0
1638452443353075981 0.044749289751052856 1.7831163859227672e-05 0.0 0.0 0.0 -2.850964665412903e-05 1.0
1638452443486075878 0.05100103095173836 1.7984626538236625e-05 0.0 0.0 0.0 7.341988384723663e-05 1.0
1638452443653075933 0.05935356393456459 1.937522210937459e-05 0.0 0.0 0.0 0.00011597201228141785 1.0
1638452443821075916 0.06770608574151993 2.07192606467288e-05 0.0 0.0 0.0 0.0001830756664276123 1.0
163845244420075798 0.0777038037776947 2.1023193767177872e-05 0.0 0.0 0.0 -5.249679088592529e-05 1.0
1638452444153075933 0.08443644642829895 1.9194651031284593e-05 0.0 0.0 0.0 -0.00023541413247585297 1.0
1638452444355075836 0.09526941180229187 1.5078774595167488e-05 0.0 0.0 0.0 -0.0002583209425210953 0.9999999403953552
1638452444488075972 0.10319165885448456 1.0293273589923047e-05 0.0 0.0 0.0 -0.000403551384806633 0.9999999403953552
1638452444655076027 0.11313875019550323 5.802426699119678e-07 0.0 0.0 0.0 -0.0004374310374259949 0.9999998807907104
1638452444820075989 0.12303522229194641 -8.621042070444673e-06 0.0 0.0 0.0 -0.0007078050985001028 0.9999997615814209
163845244520075798 0.13495653867721558 -2.434559428365901e-05 0.0 0.0 0.0 -0.0007129627629183233 0.9999997615814209
1638452445220075846 0.1468019336462021 -4.370595343061723e-05 0.0 0.0 0.0 -0.000977400573901832 0.9999995231628418
1638452445372777939 0.15447106957435608 -6.021793160471134e-05 0.0 0.0 0.0 -0.0011280437465757132 0.9999993443489075
1638452445506778002 0.16246922314167023 -7.920761709101498e-05 0.0 0.0 0.0 -0.0011743789073079824 0.9999992847442627
1638452445640778065 0.17031550407409668 -9.669798600953072e-05 0.0 0.0 0.0 -0.0011974272783845663 0.9999992847442627
1638452445808778048 0.18026256561279297 -0.00012157489982200786 0.0 0.0 0.0 -0.0011112799402326345 0.9999994039535522
1638452445941777945 0.18836195766925812 -0.00013993373431731015 0.0 0.0 0.0 -0.001318752416409552 0.9999991059303284
1638452446108778000 0.1997263878583908 -0.00017108047904912382 0.0 0.0 0.0 -0.0016315535176545382 0.9999986886978149
1638452446242778063 0.2090659886598587 -0.000200401758775115 0.0 0.0 0.0 -0.001564066275022924 0.9999987483024597
1638452446406778097 0.22177188098430634 -0.0002479519753251225 0.0 0.0 0.0 -0.002038440201431513 0.9999979138374329
1638452446540777922 0.23235167562961578 -0.00029024339164607227 0.0 0.0 0.0 -0.0019486272940412164 0.9999980926513672
1638452446711777925 0.24599401652812958 -0.00034809953649528325 0.0 0.0 0.0 -0.0022140834480524063 0.9999975562095642
1638452446845777988 0.2566497027873993 -0.00039726763498038054 0.0 0.0 0.0 -0.0023603045847266912 0.9999971985816956
163845244712778044 0.2700895667076111 -0.0004608957387972623 0.0 0.0 0.0 -0.002312170108780265 0.9999973177909851
1638452447176778078 0.2841368019580841 -0.0005320780328474939 0.0 0.0 0.0 -0.0026099428068846464 0.9999966025352478
1638452447309777975 0.29605796933174133 -0.0005930936895310879 0.0 0.0 0.0 -0.002308616181835532 0.9999973177909851
1638452447448777914 0.3086119294166565 -0.0006490114028565586 0.0 0.0 0.0 -0.0018723671091720462 0.9999982714653015
1638452447616777897 0.3242538273334503 -0.0007106319535523653 0.0 0.0 0.0 -0.001898712245747447 0.9999982118606567
1638452447749778032 0.33751654624938965 -0.0007572749746032059 0.0 0.0 0.0 -0.0016583531396463513 0.9999986290931702
1638452447903439045 0.3541455864906311 -0.0008053382625803351 0.0 0.0 0.0 -0.0012010072823613882 0.9999992847442627
163845244870439100 0.37067341804504395 -0.0008331502322107553 0.0 0.0 0.0 -0.0008435583440586925 0.9999996423721313
1638452448202439070 0.3837590515613556 -0.0008499952964484692 0.0 0.0 0.0 -0.0006365477456711233 0.9999998211860657
1638452448368439198 0.4002363085746765 -0.0008668693481013179 0.0 0.0 0.0 -0.00038698501884937286 0.9999999403953552
1638452448566439152 0.4200039505958557 -0.0008817214402370155 0.0 0.0 0.0 -0.00043600425124168396 0.9999998807907104
1638452448766439199 0.4397715926170349 -0.000895868637599051 0.0 0.0 0.0 -0.00047982108662836254 0.9999998807907104
1638452448899439096 0.4533381164073944 -0.0009093494736589491 0.0 0.0 0.0 -0.0006118695600889623 0.9999998211860657
163845244965438986 0.47108086943626404 -0.0009335718932561576 0.0 0.0 0.0 -0.0005295928567647934 0.9999998807907104
1638452449262439013 0.4926202893257141 -0.0009392055217176676 0.0 0.0 0.0 -1.1889263987541199e-05 1.0
1638452449397439003 0.5074523687362671 -0.0009386861347593367 0.0 0.0 0.0 0.00018265098333358765 1.0
1638452449565438986 0.5260050892829895 -0.000924277410376817 0.0 0.0 0.0 0.0006725321873091161 0.9999997615814209
1638452449698439121 0.5406599640846252 -0.0009000403224490583 0.0 0.0 0.0 0.0009735765052028 0.9999995231628418
1638452449867439032 0.5590102076530457 -0.0008690659888088703 0.0 0.0 0.0 0.0009573100251145661 0.9999995231628418
16384524501439095 0.5735891461372375 -0.0008462884579785168 0.0 0.0 0.0 0.0007998775108717382 0.9999997019767761
1638452450165439129 0.5915091037750244 -0.0008073401404544711 0.0 0.0 0.0 0.0015576680889353156 0.9999988079071045
1638452450299439192 0.6059867143630981 -0.0007561698439531028 0.0 0.0 0.0 0.0019071220885962248 0.999998152256012
1638452450467493057 0.6241850256919861 -0.0006942191976122558 0.0 0.0 0.0 0.0014977933606132865 0.9999988675117493
1638452450669493198 0.6461798548698425 -0.0006399218691512942 0.0 0.0 0.0 0.001013917732052505 0.999999463558197
1638452450867493153 0.6676685810089111 -0.0006100179743953049 0.0 0.0 0.0 0.0004528090066742152 0.9999998807907104
163845245165493107 0.6893092393875122 -0.0005905345315113664 0.0 0.0 0.0 0.0003475751727819443 0.9999999403953552
1638452451200493097 0.7040653228759766 -0.0005885379505343735 0.0 0.0 0.0 -0.00018523074686527252 1.0
1638452451366492987 0.7223901748657227 -0.0006034545367583632 0.0 0.0 0.0 -0.0004382617771625519 0.9999998807907104
1638452451566493034 0.7444103956222534 -0.000620398495811969 0.0 0.0 0.0 -0.00038462504744529724 0.9999999403953552
1638452451699493170 0.7589893341064453 -0.0006343567511066794 0.0 0.0 0.0 -0.0006758886738680303 0.9999997615814209
1638452451864493132 0.776782751083374 -0.0006642929511144757 0.0 0.0 0.0 -0.00116576231084764 0.9999993443489075
1638452451996493101 0.791235089302063 -0.0007040196796879172 0.0 0.0 0.0 -0.0014440934173762798 0.9999989867210388
1638452452162492990 0.809306800365448 -0.0007590807508677244 0.0 0.0 0.0 -0.00166748755145818 0.9999986290931702
1638452452362493038 0.8309219479560852 -0.0008367602713406086 0.0 0.0 0.0 -0.0017827106639742851 0.9999983906745911
1638452452495493174 0.8454248309135437 -0.0008879420929588377 0.0 0.0 0.0 -0.001450635027140379 0.999998927116394
1638452452664493084 0.8638762831687927 -0.000932642025873065 0.0 0.0 0.0 -0.001098822569474578 0.9999994039535522
1638452452845907927 0.8820746541023254 -0.0009646689286455512 0.0 0.0 0.0 -0.00045207698713056743 0.9999998807907104
163845245311907816 0.9002983570098877 -0.0009691384038887918 0.0 0.0 0.0 -0.00014534220099449158 1.0
1638452453146907806 0.9150291681289673 -0.0009694388718344271 0.0 0.0 0.0 1.5089288353919983e-05 1.0
1638452453312907934 0.9334047436714172 -0.0009696521447040141 0.0 0.0 0.0 0.00026894547045230865 0.9999999403953552
1638452453446907997 0.9481355547904968 -0.0009585535153746605 0.0 0.0 0.0 0.0005985814495943487 0.9999998211860657
1638452453611907959 0.9664098620414734 -0.0009358217939734459 0.0 0.0 0.0 0.0006084460183046758 0.9999998211860657
1638452453744907856 0.9819759130477905 -0.0009097974398173392 0.0 0.0 0.0 0.0010415890719741583 0.999999463558197
1638452453843907833 0.9937705993652344 -0.0008806864498183131 0.0 0.0 0.0 0.0014303862117230892 0.9999989867210388
1638452453943907976 1.0055906772613525 -0.000844137801323086 0.0 0.0 0.0 0.0018330373568460345 0.9999983310699463
1638452454111907959 1.0255354642868042 -0.0007683084113523364 0.0 0.0 0.0 0.0017887922003865242 0.9999983906745911
1638452454244907856 1.0413799285888672 -0.0007214043871499598 0.0 0.0 0.0 0.001123970141634345 0.9999993443489075
1638452454413908005 1.0623371601104736 -0.0006945880013518035 0.0 0.0 0.0 0.00041776150465011597 0.9999999403953552
1638452454614907980 1.088305950164795 -0.0006776406662538648 0.0 0.0 0.0 0.000478429690701887 0.9999998807907104
1638452454748907804 1.1057956218719482 -0.0006568561657331884 0.0 0.0 0.0 0.0007519069476984441 0.9999997019767761
1638452454915907860 1.1275628805160522 -0.0006154683651402593 0.0 0.0 0.0 0.0011368633713573217 0.9999993443489075
1638452455117908001 1.1539617776870728 -0.0005324241938069463 0.0 0.0 0.0 0.0018306550337001681 0.9999983310699463
1638452455263907909 1.173020601272583 -0.0004614568024408072 0.0 0.0 0.0 0.0019111211877316236 0.999998152256012
1638452455395342827 1.1905101537704468 -0.0003953089762944728 0.0 0.0 0.0 0.002057482022792101 0.9999978542327881
1638452455562342882 1.2129857540130615 -0.0002885777212213725 0.0 0.0 0.0 0.0026093728374689817 0.9999966025352478
1638452455696342945 1.232424020767212 -0.0001795414136722684 0.0 0.0 0.0 0.002791190519928932 0.9999961256980896
1638452455864342928 1.2576836347579956 -4.074820753885433e-05 0.0 0.0 0.0 0.0025662118569016457 0.9999967217445374
1638452455998342991 1.2785899639129639 5.4413318139268085e-05 0.0 0.0 0.0 0.0023500488605350256 0.9999972581863403
1638452456165342808 1.3051660060882568 0.00015340078971348703 0.0 0.0 0.0 0.001645473064854741 0.9999986290931702
1638452456299342871 1.3266547918319702 0.0002134068781742826 0.0 0.0 0.0 0.001160809537395835 0.9999993443489075
1638452456467342854 1.3537623882293701 0.00029072086908854544 0.0 0.0 0.0 0.0013484503142535686 0.9999991059303284
1638452456601342916 1.3752763271331787 0.00034473426057957113 0.0 0.0 0.0 0.0011006833519786596 0.9999994039535522
1638452456768342972 1.401877760887146 0.00039027235470712185 0.0 0.0 0.0 0.0007510128780268133 0.9999997019767761
1638452456903342962 1.423467755317688 0.00042398672667331994 0.0 0.0 0.0 0.0007949061109684408 0.9999997019767761
163845245738342953 1.4449057579040527 0.00045198429143056273 0.0 0.0 0.0 0.0003802832216024399 0.9999999403953552
1638452457139343023 1.4609780311584473 0.0004591691540554166 0.0 0.0 0.0 0.0001447834074497223 1.0
1638452457307343006 1.4876554012298584 0.0004399876343086362 0.0 0.0 0.0 -0.000774560438003391 0.9999997019767761
1638452457439342976 1.5086379051208496 0.00039483016007579863 0.0 0.0 0.0 -0.0014028134755790234 0.9999989867210388
1638452457606342793 1.535517692565918 0.0002948089095298201 0.0 0.0 0.0 -0.0023538374807685614 0.9999972581863403
1638452457773342848 1.5624480247497559 0.0001607681333553046 0.0 0.0 0.0 -0.0027650261763483286 0.9999961853027344
1638452457902765989 1.5837846994400024 4.5762826630380005e-05 0.0 0.0 0.0 -0.002595574362203479 0.9999966025352478
1638452458103765965 1.6158020496368408 -0.00015740217349957675 0.0 0.0 0.0 -0.003709557233378291 0.9999931454658508
1638452458270766020 1.642326831817627 -0.0003688857250381261 0.0 0.0 0.0 -0.004257878288626671 0.9999909400939941
1638452458436766148 1.6688261032104492 -0.0006099117454141378 0.0 0.0 0.0 -0.0048069097101688385 0.9999884366989136
1638452458604766130 1.6955527067184448 -0.0008831307059153914 0.0 0.0 0.0 -0.005334128625690937 0.9999857544898987
1638452458769766092 1.7219247817993164 -0.0011876641074195504 0.0 0.0 0.0 -0.00603063078597188 0.9999818205833435
1638452458906766176 1.7437660694122314 -0.0014647581847384572 0.0 0.0 0.0 -0.006608676631003618 0.9999781847000122
163845245938766146 1.7651013135910034 -0.0017287549562752247 0.0 0.0 0.0 -0.005920729599893093 0.999982476234436
1638452459204766035 1.79182767868042 -0.0020315181463956833 0.0 0.0 0.0 -0.005317789502441883 0.9999858736991882
1638452459371766090 1.8183014392852783 -0.0022831426467746496 0.0 0.0 0.0 -0.0045370194129645824 0.9999896883964539
1638452459504765987 1.8233380317687988 -0.0023282282054424286 0.0 0.0 0.0 -0.00460066506639123 0.99998939037323
1638452459638766050 1.8234139680862427 -0.0023289259988814592 0.0 0.0 0.0 -0.004567119292914867 0.9999895691871643
1638452459805766106 1.8235405683517456 -0.0023301022592931986 0.0 0.0 0.0 -0.005667607765644789 0.9999839663505554
1638452459937766075 1.8236163854599 -0.0023313837591558695 0.0 0.0 0.0 -0.012360675260424614 0.999923586845398
1638452460105766058 1.8236416578292847 -0.002332579344511032 0.0 0.0 0.0 -0.02590736374258995 0.9996643662452698
1638452460271766186 1.8236416578292847 -0.0023309923708438873 0.0 0.0 0.0 -0.045785799622535706 0.998951256275177
1638452460458273888 1.8236416578292847 -0.0023313306737691164 0.0 0.0 0.0 -0.07432558387517929 0.997234046459198
1638452460595273972 1.8236420154571533 -0.002328648464754224 0.0 0.0 0.0 -0.10136659443378448 0.9948491454124451
1638452460759274006 1.823691487312317 -0.0023395263124257326 0.0 0.0 0.0 -0.14180715382099152 0.9898943305015564
1638452460892273903 1.823715329170227 -0.0023482434917241335 0.0 0.0 0.0 -0.17905716598033905 0.983838677406311
163845246159273958 1.823644757270813 -0.0023203296586871147 0.0 0.0 0.0 -0.22892937064170837 0.9734430313110352
1638452461192274094 1.823534607887268 -0.002258283318951726 0.0 0.0 0.0 -0.2718200087547302 0.9623481035232544
1638452461358273983 1.823409914970398 -0.0021716856863349676 0.0 0.0 0.0 -0.32591912150382996 0.945397675037384
1638452461556273937 1.8232800960540771 -0.0020514843054115772 0.0 0.0 0.0 -0.3887653946876526 0.9213367700576782
1638452461723273993 1.8233643770217896 -0.002145920880138874 0.0 0.0 0.0 -0.44007608294487 0.8979604840278625
1638452461891273975 1.8234782218933105 -0.0023132318165153265 0.0 0.0 0.0 -0.4904191792011261 0.8714866638183594
163845246256273937 1.8235228061676025 -0.002404093975201249 0.0 0.0 0.0 -0.5381423234939575 0.8428539633750916
1638452462188273907 1.8235594034194946 -0.0024985724594444036 0.0 0.0 0.0 -0.5747535824775696 0.8183265328407288
1638452462353273869 1.8235536813735962 -0.0024739366490393877 0.0 0.0 0.0 -0.6194674968719482 0.7850223183631897
1638452462556273937 1.823565125465393 -0.0025232613552361727 0.0 0.0 0.0 -0.6311579346656799 0.7756543755531311
1638452462690274000 1.823565125465393 -0.002523261122405529 0.0 0.0 0.0 -0.6312810778617859 0.7755541205406189
1638452462886279106 1.823565125465393 -0.0025232606567442417 0.0 0.0 0.0 -0.63111811876297 0.7756867408752441
163845246353278923 1.823565125465393 -0.0025232601910829544 0.0 0.0 0.0 -0.6310951113700867 0.7757054567337036
1638452463186279058 1.8236215114593506 -0.002795903943479061 0.0 0.0 0.0 -0.6316829919815063 0.7752268314361572
1638452463354279041 1.823993444442749 -0.004605772439390421 0.0 0.0 0.0 -0.6321923136711121 0.7748115062713623
1638452463520278931 1.8246502876281738 -0.00780410086736083 0.0 0.0 0.0 -0.6319305300712585 0.7750250101089478
1638452463722279072 1.8259668350219727 -0.014200192876160145 0.0 0.0 0.0 -0.6318084001541138 0.7751246094703674
1638452463856279135 1.82704758644104 -0.019456062465906143 0.0 0.0 0.0 -0.6318743824958801 0.77507084608078
1638452463990278959 1.828364372253418 -0.02585207112133503 0.0 0.0 0.0 -0.6318321228027344 0.7751052379608154
1638452464158278942 1.830284833908081 -0.035198941826820374 0.0 0.0 0.0 -0.6318463087081909 0.775093674659729
1638452464295279026 1.8321317434310913 -0.044199150055646896 0.0 0.0 0.0 -0.6323769092559814 0.7746608853340149
1638452464463279009 1.8346513509750366 -0.056549474596977234 0.0 0.0 0.0 -0.6326873898506165 0.7744073271751404
1638452464664278984 1.8379915952682495 -0.07296884059906006 0.0 0.0 0.0 -0.6327086687088013 0.774389922618866
1638452464798279047 1.8404310941696167 -0.08497385680675507 0.0 0.0 0.0 -0.6328413486480713 0.7742815017700195
1638452464965279102 1.8437103033065796 -0.1011473536491394 0.0 0.0 0.0 -0.6329033374786377 0.7742307782173157
1638452465166279078 1.8477119207382202 -0.12091909348964691 0.0 0.0 0.0 -0.6332949995994568 0.7739105224609375
1638452465298279047 1.850408673286438 -0.13426657021045685 0.0 0.0 0.0 -0.6332980394363403 0.7739080190658569
1638452465500377893 1.8547028303146362 -0.1556059867143631 0.0 0.0 0.0 -0.6336506605148315 0.7736192941665649
1638452465634377956 1.8576018810272217 -0.17004872858524323 0.0 0.0 0.0 -0.6338338255882263 0.7734692096710205
1638452465800378084 1.8613086938858032 -0.18858888745307922 0.0 0.0 0.0 -0.6342467069625854 0.7731307148933411
1638452465966377974 1.8651940822601318 -0.20809999108314514 0.0 0.0 0.0 -0.6344680190086365 0.7729490995407104
1638452466167377949 1.8699191808700562 -0.23193442821502686 0.0 0.0 0.0 -0.6347954869270325 0.7726802229881287
1638452466300378084 1.8732364177703857 -0.24877138435840607 0.0 0.0 0.0 -0.6353958249092102 0.7721865773200989
1638452466467377901 1.8773881196975708 -0.2699585258960724 0.0 0.0 0.0 -0.6357954740524292 0.7718575596809387
1638452466665378094 1.88218355178833 -0.29519718885421753 0.0 0.0 0.0 -0.6406043171882629 0.7678711414337158
1638452466799377918 1.885326862335205 -0.3131476044654846 0.0 0.0 0.0 -0.6459481716156006 0.7633812427520752
1638452466967377901 1.8867884874343872 -0.322038859128952 0.0 0.0 0.0 -0.6482110619544983 0.7614607214927673
1638452467100378036 1.8868006467819214 -0.32211384177207947 0.0 0.0 0.0 -0.6479170918464661 0.7617108821868896
1638452467234378099 1.8868046998977661 -0.32213881611824036 0.0 0.0 0.0 -0.6479952931404114 0.7616443634033203
1638452467402378082 1.8868128061294556 -0.3221887946128845 0.0 0.0 0.0 -0.6479938626289368 0.7616455554962158
1638452467568377972 1.886983036994934 -0.3232380747795105 0.0 0.0 0.0 -0.6480271220207214 0.7616173028945923
1638452467768378019 1.8874804973602295 -0.32631129026412964 0.0 0.0 0.0 -0.6482000946998596 0.7614700794219971
1638452467894486904 1.887995719909668 -0.32950982451438904 0.0 0.0 0.0 -0.6485499143600464 0.7611721158027649
163845246859487104 1.8889487981796265 -0.3354322612285614 0.0 0.0 0.0 -0.648378312587738 0.7613183259963989
1638452468193486929 1.8898872137069702 -0.34125450253486633 0.0 0.0 0.0 -0.6485844254493713 0.7611427307128906
1638452468360486984 1.8912471532821655 -0.3497007489204407 0.0 0.0 0.0 -0.6484449505805969 0.761261522769928
1638452468494487047 1.8925005197525024 -0.35749760270118713 0.0 0.0 0.0 -0.6486436128616333 0.7610923051834106
1638452468660486937 1.8942381143569946 -0.3682928681373596 0.0 0.0 0.0 -0.6485564708709717 0.761166512966156
1638452468861486912 1.8966865539550781 -0.38351136445999146 0.0 0.0 0.0 -0.6486663818359375 0.7610728740692139
163845246962487125 1.899486780166626 -0.40098053216934204 0.0 0.0 0.0 -0.6487451791763306 0.761005699634552
1638452469197487116 1.901569128036499 -0.41395068168640137 0.0 0.0 0.0 -0.6487138867378235 0.7610324025154114
1638452469363487005 1.9043095111846924 -0.4310705363750458 0.0 0.0 0.0 -0.6488432288169861 0.7609221339225769
1638452469563487053 1.907761573791504 -0.4526391625404358 0.0 0.0 0.0 -0.648771345615387 0.760983407497406
1638452469743487120 1.9110883474349976 -0.47348448634147644 0.0 0.0 0.0 -0.6492276787757874 0.7605941295623779
1638452469912487030 1.9142931699752808 -0.4936572313308716 0.0 0.0 0.0 -0.6493315696716309 0.7605054378509521
163845247097486973 1.91804039478302 -0.5172292590141296 0.0 0.0 0.0 -0.6490488052368164 0.7607467770576477
1638452470265486956 1.9215649366378784 -0.5393502116203308 0.0 0.0 0.0 -0.6490152478218079 0.7607753872871399
1638452470401324034 1.9245277643203735 -0.5579211711883545 0.0 0.0 0.0 -0.6489553451538086 0.7608265280723572
1638452470568324089 1.9284580945968628 -0.582514762878418 0.0 0.0 0.0 -0.6488650441169739 0.760903537273407
1638452470703324080 1.9317394495010376 -0.6030853390693665 0.0 0.0 0.0 -0.6493693590164185 0.7604731917381287
1638452470869324207 1.9358899593353271 -0.6292586326599121 0.0 0.0 0.0 -0.6494542360305786 0.760400652885437
1638452471104324102 1.9417556524276733 -0.6663331985473633 0.0 0.0 0.0 -0.6497716307640076 0.760129451751709
1638452471240324020 1.945250153541565 -0.6886382699012756 0.0 0.0 0.0 -0.6503755450248718 0.7596127986907959
1638452471405324221 1.9495853185653687 -0.7164478898048401 0.0 0.0 0.0 -0.6504490971565247 0.7595498561859131
1638452471610324144 1.95527982711792 -0.7527039647102356 0.0 0.0 0.0 -0.6497266292572021 0.7601679563522339
1638452471745324135 1.959082841873169 -0.7767027616500854 0.0 0.0 0.0 -0.6492527723312378 0.7605727314949036
1638452471911324024 1.963782787322998 -0.8060433864593506 0.0 0.0 0.0 -0.6484315395355225 0.7612729668617249
163845247246324015 1.9676700830459595 -0.8300542831420898 0.0 0.0 0.0 -0.6480474472045898 0.7615999579429626
1638452472211324215 1.9724019765853882 -0.8591333627700806 0.0 0.0 0.0 -0.6478732824325562 0.7617481350898743
1638452472413324118 1.978175401687622 -0.8948642611503601 0.0 0.0 0.0 -0.6486360430717468 0.7610987424850464
1638452472546324015 1.9819632768630981 -0.9184297323226929 0.0 0.0 0.0 -0.6486018300056458 0.7611278891563416
1638452472714324236 1.9867534637451172 -0.948114812374115 0.0 0.0 0.0 -0.6480875611305237 0.7615658044815063
1638452472886654854 1.9916027784347534 -0.9778416156768799 0.0 0.0 0.0 -0.6472339630126953 0.762291431427002
163845247372654963 1.997470736503601 -1.013403058052063 0.0 0.0 0.0 -0.646570086479187 0.7628545761108398
1638452473239655018 2.0023818016052246 -1.0429401397705078 0.0 0.0 0.0 -0.6461375951766968 0.7632209658622742
1638452473405654907 2.007302761077881 -1.072295904159546 0.0 0.0 0.0 -0.6461417078971863 0.7632174491882324
1638452473607655048 2.013282299041748 -1.107890248298645 0.0 0.0 0.0 -0.645862877368927 0.7634534239768982
1638452473740654945 2.0172736644744873 -1.131524682044983 0.0 0.0 0.0 -0.6451847553253174 0.7640265822410583
1638452473907655001 2.0223069190979004 -1.1610925197601318 0.0 0.0 0.0 -0.644993782043457 0.7641878128051758
163845247472654963 2.027348279953003 -1.1905304193496704 0.0 0.0 0.0 -0.6443802118301392 0.7647053003311157
1638452474242655039 2.0325772762298584 -1.2207067012786865 0.0 0.0 0.0 -0.6433950662612915 0.7655342817306519
1638452474443655014 2.0387701988220215 -1.256058931350708 0.0 0.0 0.0 -0.6426231265068054 0.7661824226379395
1638452474610654831 2.0439891815185547 -1.2855175733566284 0.0 0.0 0.0 -0.6424294710159302 0.7663448452949524
1638452474809654951 2.050410509109497 -1.3216004371643066 0.0 0.0 0.0 -0.6418075561523438 0.7668657898902893
16384524757654905 2.0572450160980225 -1.3597434759140015 0.0 0.0 0.0 -0.6414560079574585 0.7671598196029663
1638452475207654953 2.0645148754119873 -1.4001744985580444 0.0 0.0 0.0 -0.6412126421928406 0.7673632502555847
1638452475346906900 2.0695016384124756 -1.4277204275131226 0.0 0.0 0.0 -0.6409754157066345 0.7675613760948181
1638452475517906904 2.0759034156799316 -1.462906837463379 0.0 0.0 0.0 -0.6403536200523376 0.7680802345275879
1638452475651906967 2.0809104442596436 -1.4903976917266846 0.0 0.0 0.0 -0.6407029628753662 0.767788827419281
1638452475817906857 2.0871076583862305 -1.5244120359420776 0.0 0.0 0.0 -0.6404901742935181 0.7679663896560669
1638452475949906826 2.092100143432617 -1.5517253875732422 0.0 0.0 0.0 -0.6401988863945007 0.7682092189788818
1638452476148906946 2.0997536182403564 -1.5930896997451782 0.0 0.0 0.0 -0.6388583779335022 0.7693243622779846
1638452476316906929 2.106252670288086 -1.62771737575531 0.0 0.0 0.0 -0.6383630037307739 0.7697354555130005
1638452476518906832 2.11401104927063 -1.6690621376037598 0.0 0.0 0.0 -0.6385088562965393 0.7696144580841064
1638452476750906944 2.122896432876587 -1.7167364358901978 0.0 0.0 0.0 -0.6397944092750549 0.7685461044311523
1638452476915906906 2.1291544437408447 -1.7508426904678345 0.0 0.0 0.0 -0.6403818130493164 0.7680567502975464
1638452477117906809 2.1368017196655273 -1.7926198244094849 0.0 0.0 0.0 -0.6399234533309937 0.7684386372566223
1638452477250906944 2.1419248580932617 -1.820372223854065 0.0 0.0 0.0 -0.6394554376602173 0.7688281536102295
1638452477418906927 2.1483519077301025 -1.8548076152801514 0.0 0.0 0.0 -0.6383768916130066 0.7697238922119141
1638452477620906830 2.1562044620513916 -1.8962376117706299 0.0 0.0 0.0 -0.6375789642333984 0.7703850269317627
1638452477819906950 2.164027214050293 -1.937029242515564 0.0 0.0 0.0 -0.6365306973457336 0.771251380443573
1638452477995786905 2.170808792114258 -1.9719125032424927 0.0 0.0 0.0 -0.6358172297477722 0.7718396186828613
1638452478162786961 2.1775286197662354 -2.006575584411621 0.0 0.0 0.0 -0.6363123059272766 0.771431565284729
1638452478297786951 2.1828722953796387 -2.0342607498168945 0.0 0.0 0.0 -0.6369369029998779 0.7709159255027771
1638452478465786934 2.189483404159546 -2.0687127113342285 0.0 0.0 0.0 -0.6370041370391846 0.7708603739738464
1638452478665786982 2.197352170944214 -2.109778881072998 0.0 0.0 0.0 -0.6373676657676697 0.7705598473548889
1638452478867786884 2.205195665359497 -2.151236057281494 0.0 0.0 0.0 -0.63826584815979 0.7698160409927368
16384524791786947 2.2104098796844482 -2.178946018218994 0.0 0.0 0.0 -0.6385963559150696 0.7695419192314148
1638452479169786930 2.2169346809387207 -2.2138266563415527 0.0 0.0 0.0 -0.6387593150138855 0.7694066166877747
1638452479302786827 2.2220540046691895 -2.2412707805633545 0.0 0.0 0.0 -0.6391386389732361 0.7690915465354919
1638452479436786890 2.227163791656494 -2.268691062927246 0.0 0.0 0.0 -0.6388119459152222 0.7693629264831543
1638452479603786945 2.233598232269287 -2.3031251430511475 0.0 0.0 0.0 -0.6391381025314331 0.7690919637680054
1638452479804786921 2.241185188293457 -2.3442702293395996 0.0 0.0 0.0 -0.6400337219238281 0.7683467864990234
1638452479938786983 2.2463114261627197 -2.3720479011535645 0.0 0.0 0.0 -0.6394557952880859 0.7688278555870056
1638452480107786894 2.2528767585754395 -2.4071271419525146 0.0 0.0 0.0 -0.6380857229232788 0.7699653506278992
1638452480244786978 2.258251667022705 -2.435295820236206 0.0 0.0 0.0 -0.6369624137878418 0.7708948254585266
1638452480410417080 2.26489520072937 -2.4695870876312256 0.0 0.0 0.0 -0.6357153058052063 0.7719236016273499
1638452480542417049 2.2702224254608154 -2.4966564178466797 0.0 0.0 0.0 -0.6346611976623535 0.7727904915809631
1638452480709417105 2.277005672454834 -2.5308167934417725 0.0 0.0 0.0 -0.6343412399291992 0.7730531692504883
1638452480845417023 2.2825560569763184 -2.5587451457977295 0.0 0.0 0.0 -0.6341634392738342 0.7731990218162537
163845248113417006 2.289517402648926 -2.593437910079956 0.0 0.0 0.0 -0.6330163478851318 0.7741384506225586
1638452481145416975 2.295105218887329 -2.62086820602417 0.0 0.0 0.0 -0.632022500038147 0.7749500274658203
1638452481312417030 2.3021576404571533 -2.6550517082214355 0.0 0.0 0.0 -0.6312297582626343 0.7755959033966064
1638452481514416933 2.310800075531006 -2.696401834487915 0.0 0.0 0.0 -0.6302255988121033 0.7764120697975159
1638452481682416916 2.317955493927002 -2.7306931018829346 0.0 0.0 0.0 -0.6313899159431458 0.7754655480384827
1638452481850417137 2.3250951766967773 -2.7651431560516357 0.0 0.0 0.0 -0.6313485503196716 0.775499165058136
163845248216417027 2.3321962356567383 -2.799445867538452 0.0 0.0 0.0 -0.631489634513855 0.7753843069076538
1638452482219417095 2.3408203125 -2.8412389755249023 0.0 0.0 0.0 -0.6318113207817078 0.7751222252845764
1638452482419417143 2.3492612838745117 -2.8821396827697754 0.0 0.0 0.0 -0.6314364671707153 0.7754276394844055
1638452482620417118 2.3577520847320557 -2.923159599304199 0.0 0.0 0.0 -0.6316466927528381 0.775256335735321
1638452482754416943 2.3634021282196045 -2.9506287574768066 0.0 0.0 0.0 -0.6320261359214783 0.7749470472335815
1638452482911504030 2.370422601699829 -2.984870433807373 0.0 0.0 0.0 -0.6320548057556152 0.7749236822128296
1638452483117504120 2.3791441917419434 -3.027445077896118 0.0 0.0 0.0 -0.6321001648902893 0.7748867273330688
1638452483251503944 2.3847413063049316 -3.054795980453491 0.0 0.0 0.0 -0.6326419115066528 0.7744444608688354
1638452483386503935 2.3887224197387695 -3.0743134021759033 0.0 0.0 0.0 -0.6316736340522766 0.7752344012260437
1638452483553503990 2.3888397216796875 -3.0748836994171143 0.0 0.0 0.0 -0.6319150924682617 0.7750375866889954
1638452483718503952 2.3888754844665527 -3.0750572681427 0.0 0.0 0.0 -0.6320909857749939 0.7748941779136658
1638452483921504021 2.3889002799987793 -3.075181245803833 0.0 0.0 0.0 -0.6398537158966064 0.7684966921806335
163845248453503990 2.388908624649048 -3.0752313137054443 0.0 0.0 0.0 -0.6487637162208557 0.7609899044036865
1638452484256504059 2.388906478881836 -3.0752060413360596 0.0 0.0 0.0 -0.6691526770591736 0.7431249618530273
1638452484458503962 2.3889126777648926 -3.075281858444214 0.0 0.0 0.0 -0.6974258422851562 0.7166569232940674
1638452484623503923 2.388911008834839 -3.0753324031829834 0.0 0.0 0.0 -0.7271419167518616 0.6864871382713318
1638452484792504072 2.3889167308807373 -3.075282096862793 0.0 0.0 0.0 -0.7619360089302063 0.6476523280143738
1638452484958503962 2.3889405727386475 -3.075183868408203 0.0 0.0 0.0 -0.7965762615203857 0.6045380234718323
1638452485159503937 2.3889853954315186 -3.0750656127929688 0.0 0.0 0.0 -0.8360388278961182 0.5486702919006348
1638452485294503927 2.3890397548675537 -3.074951410293579 0.0 0.0 0.0 -0.8604356646537781 0.509559154510498
1638452485461138010 2.3890788555145264 -3.0748863220214844 0.0 0.0 0.0 -0.8883348107337952 0.4591963589191437
1638452485593137980 2.389064073562622 -3.074906826019287 0.0 0.0 0.0 -0.9100908041000366 0.4144088327884674
1638452485760138035 2.38899564743042 -3.074981689453125 0.0 0.0 0.0 -0.9352769255638123 0.3539167046546936
1638452485962138176 2.3889167308807373 -3.075044870376587 0.0 0.0 0.0 -0.95969557762146 0.2810417115688324
163845248696138000 2.3888728618621826 -3.0750696659088135 0.0 0.0 0.0 -0.9729363322257996 0.23107343912124634
1638452486262138128 2.3888962268829346 -3.075059652328491 0.0 0.0 0.0 -0.9857633709907532 0.16813860833644867
1638452486464138031 2.388773202896118 -3.0750880241394043 0.0 0.0 0.0 -0.9958381056785583 0.09113958477973938
1638452486598138094 2.3887484073638916 -3.075091600418091 0.0 0.0 0.0 -0.9981875419616699 0.06018035486340523
1638452486764137983 2.3886730670928955 -3.0751006603240967 0.0 0.0 0.0 -0.9982055425643921 0.05988108366727829
1638452486963138103 2.3885977268218994 -3.0751097202301025 0.0 0.0 0.0 -0.9982154965400696 0.05971461161971092
1638452487166138172 2.3870644569396973 -3.075291633605957 0.0 0.0 0.0 -0.99825519323349 0.059047143906354904
1638452487366137981 2.382992744445801 -3.0757741928100586 0.0 0.0 0.0 -0.998261570930481 0.05893921107053757
1638452487566138029 2.376457691192627 -3.0765488147735596 0.0 0.0 0.0 -0.9982674717903137 0.058838892728090286
1638452487801138163 2.3659512996673584 -3.077793598175049 0.0 0.0 0.0 -0.9982649087905884 0.05888316035270691
1638452487963239193 2.356576442718506 -3.0789060592651367 0.0 0.0 0.0 -0.9982613921165466 0.05894218385219574
1638452488164239168 2.3447132110595703 -3.0803136825561523 0.0 0.0 0.0 -0.9982494711875916 0.059143416583538055
1638452488363239050 2.3388569355010986 -3.08100962638855 0.0 0.0 0.0 -0.998246967792511 0.059186019003391266
1638452488564239025 2.338655948638916 -3.08103346824646 0.0 0.0 0.0 -0.9983202219009399 0.05793706327676773
1638452488765239000 2.3387062549591064 -3.0810282230377197 0.0 0.0 0.0 -0.9988215565681458 0.04853351414203644
1638452488899239063 2.338756799697876 -3.081023693084717 0.0 0.0 0.0 -0.9990898966789246 0.042653925716876984
1638452489101239204 2.338756799697876 -3.081023693084717 0.0 0.0 0.0 -0.9991114139556885 0.04214714467525482
1638452489300239086 2.338731527328491 -3.0810258388519287 0.0 0.0 0.0 -0.999111533164978 0.042144525796175
1638452489499239206 2.3383028507232666 -3.081061601638794 0.0 0.0 0.0 -0.9991475939750671 0.041280414909124374
1638452489667239189 2.336184024810791 -3.081237316131592 0.0 0.0 0.0 -0.9991474151611328 0.04128529876470566
1638452489867238998 2.3310885429382324 -3.0816586017608643 0.0 0.0 0.0 -0.9991480112075806 0.04127088561654091
163845249066239119 2.3235464096069336 -3.082282781600952 0.0 0.0 0.0 -0.9991441965103149 0.04136259853839874
1638452490266239166 2.313506841659546 -3.0831124782562256 0.0 0.0 0.0 -0.9991509318351746 0.041199300438165665
1638452490442519903 2.3030383586883545 -3.0839755535125732 0.0 0.0 0.0 -0.9991577863693237 0.04103362187743187
1638452490609519958 2.2908546924591064 -3.0849764347076416 0.0 0.0 0.0 -0.9991667866706848 0.04081267490983009
1638452490809519768 2.2745330333709717 -3.0863122940063477 0.0 0.0 0.0 -0.9991682767868042 0.0407775342464447
1638452490941519976 2.262171983718872 -3.0873217582702637 0.0 0.0 0.0 -0.9991686940193176 0.04076610133051872
1638452491109519958 2.2452197074890137 -3.088705539703369 0.0 0.0 0.0 -0.9991692900657654 0.04075168818235397
1638452491310519934 2.223449945449829 -3.090493679046631 0.0 0.0 0.0 -0.9991568922996521 0.04105529934167862
1638452491508519888 2.2017807960510254 -3.0922698974609375 0.0 0.0 0.0 -0.9991729855537415 0.04066092520952225
1638452491641519785 2.187300682067871 -3.093451738357544 0.0 0.0 0.0 -0.9991705417633057 0.04072119668126106
1638452491807519913 2.1693644523620605 -3.0949151515960693 0.0 0.0 0.0 -0.9991747140884399 0.040618881583213806
1638452491939519882 2.1546061038970947 -3.096113920211792 0.0 0.0 0.0 -0.999183714389801 0.04039638116955757
1638452492107519865 2.134624719619751 -3.097726821899414 0.0 0.0 0.0 -0.9991903305053711 0.04023224487900734
1638452492309519768 2.108562469482422 -3.0998189449310303 0.0 0.0 0.0 -0.9992119073867798 0.039692774415016174
1638452492442519903 2.090294122695923 -3.1012604236602783 0.0 0.0 0.0 -0.9992362260818481 0.03907694295048714
1638452492608519793 2.0672547817230225 -3.103050708770752 0.0 0.0 0.0 -0.9992514848709106 0.03868456557393074
1638452492811519861 2.0391438007354736 -3.105238914489746 0.0 0.0 0.0 -0.999245285987854 0.038843587040901184
163845249320060062 2.0103790760040283 -3.1075074672698975 0.0 0.0 0.0 -0.9992066621780396 0.039824992418289185
1638452493153060198 1.9919368028640747 -3.1089935302734375 0.0 0.0 0.0 -0.9991796016693115 0.04049917310476303
1638452493321060181 1.9685510396957397 -3.1108944416046143 0.0 0.0 0.0 -0.9991722106933594 0.04068046063184738
1638452493454060078 1.950161099433899 -3.1123995780944824 0.0 0.0 0.0 -0.9991609454154968 0.040956318378448486
1638452493621060133 1.9271308183670044 -3.1143016815185547 0.0 0.0 0.0 -0.9991437792778015 0.041372720152139664
1638452493755060196 1.9087172746658325 -3.1158297061920166 0.0 0.0 0.0 -0.9991455078125 0.04133139178156853
1638452493920060158 1.8857624530792236 -3.1177213191986084 0.0 0.0 0.0 -0.9991611838340759 0.04094976931810379
1638452494121060133 1.8578617572784424 -3.120000123977661 0.0 0.0 0.0 -0.9991719722747803 0.040686894208192825
1638452494287060022 1.8347539901733398 -3.1218860149383545 0.0 0.0 0.0 -0.9991624355316162 0.04091927781701088
1638452494453060150 1.8116477727890015 -3.1237905025482178 0.0 0.0 0.0 -0.9991457462310791 0.04132483899593353
1638452494653060198 1.7837260961532593 -3.126121997833252 0.0 0.0 0.0 -0.9991165995597839 0.042024705559015274
1638452494821060181 1.7604975700378418 -3.1280837059020996 0.0 0.0 0.0 -0.9991077780723572 0.042232662439346313
1638452494988059998 1.7373461723327637 -3.130054473876953 0.0 0.0 0.0 -0.9990933537483215 0.04257269576191902
1638452495164060116 1.7130603790283203 -3.132127285003662 0.0 0.0 0.0 -0.9991069436073303 0.0422523133456707
1638452495364060163 1.6847376823425293 -3.134526252746582 0.0 0.0 0.0 -0.999113142490387 0.04210545867681503
1638452495556627989 1.6545976400375366 -3.1370599269866943 0.0 0.0 0.0 -0.999143660068512 0.041375938802957535
1638452495754627943 1.6234439611434937 -3.1396191120147705 0.0 0.0 0.0 -0.9991729259490967 0.040662236511707306
1638452495956627846 1.5898398160934448 -3.1423370838165283 0.0 0.0 0.0 -0.999187171459198 0.04031157121062279
1638452496155627966 1.5560832023620605 -3.145054340362549 0.0 0.0 0.0 -0.9991956353187561 0.04010062292218208
1638452496353627920 1.5228056907653809 -3.14772891998291 0.0 0.0 0.0 -0.9991862773895264 0.04033349081873894
1638452496521627903 1.4947532415390015 -3.150014877319336 0.0 0.0 0.0 -0.9991632103919983 0.04090153053402901
1638452496721627951 1.4608231782913208 -3.1527838706970215 0.0 0.0 0.0 -0.999175488948822 0.04059946537017822
1638452496921627998 1.4270951747894287 -3.155538320541382 0.0 0.0 0.0 -0.9991754293441772 0.04060161113739014
163845249787627888 1.3991178274154663 -3.157811164855957 0.0 0.0 0.0 -0.9991878271102905 0.04029477760195732
1638452497253628016 1.3709636926651 -3.1600964069366455 0.0 0.0 0.0 -0.999178946018219 0.04051489755511284
1638452497454627991 1.3371329307556152 -3.1628377437591553 0.0 0.0 0.0 -0.9991881251335144 0.04028739407658577
1638452497620627880 1.3091531991958618 -3.1650822162628174 0.0 0.0 0.0 -0.9992115497589111 0.03970230370759964
1638452497822628021 1.275090217590332 -3.1677772998809814 0.0 0.0 0.0 -0.9992424249649048 0.038917798548936844
1638452497996877909 1.24687659740448 -3.169952392578125 0.0 0.0 0.0 -0.9992672801017761 0.038274310529232025
1638452498167877913 1.2179310321807861 -3.1721832752227783 0.0 0.0 0.0 -0.9992567300796509 0.03854888677597046
1638452498367877960 1.1840673685073853 -3.174830436706543 0.0 0.0 0.0 -0.9992271065711975 0.03930862620472908
1638452498504878044 1.160854458808899 -3.1766722202301025 0.0 0.0 0.0 -0.9992073178291321 0.03980807960033417
1638452498638877869 1.1382219791412354 -3.178468704223633 0.0 0.0 0.0 -0.9992208480834961 0.03946717083454132
1638452498787878036 1.1131916046142578 -3.1804425716400146 0.0 0.0 0.0 -0.999220073223114 0.039486825466156006
1638452498951877832 1.085538387298584 -3.1826419830322266 0.0 0.0 0.0 -0.9992131590843201 0.03966204449534416
1638452499150877953 1.0520044565200806 -3.1852827072143555 0.0 0.0 0.0 -0.9992424845695496 0.038916610181331635
1638452499349877834 1.0184428691864014 -3.187894821166992 0.0 0.0 0.0 -0.9992479681968689 0.03877509385347366
1638452499483877897 0.9957071542739868 -3.189671039581299 0.0 0.0 0.0 -0.9992349743843079 0.039108388125896454
1638452499718878031 0.9559422731399536 -3.1928234100341797 0.0 0.0 0.0 -0.9992097020149231 0.039749354124069214
1638452499918877840 0.9222609400749207 -3.1955292224884033 0.0 0.0 0.0 -0.9991851449012756 0.040362074971199036
1638452500118877888 0.8886575102806091 -3.1982548236846924 0.0 0.0 0.0 -0.9991827607154846 0.040420204401016235
1638452500318877935 0.8549538254737854 -3.2009973526000977 0.0 0.0 0.0 -0.9991742372512817 0.04063043370842934
1638452500460650206 0.8326259255409241 -3.2027924060821533 0.0 0.0 0.0 -0.9992205500602722 0.039475150406360626
1638452500595650196 0.809814989566803 -3.204580307006836 0.0 0.0 0.0 -0.9992453455924988 0.038842517882585526
1638452500761650085 0.7816519141197205 -3.2067534923553467 0.0 0.0 0.0 -0.9992697834968567 0.03820938989520073
1638452500960650206 0.7480122447013855 -3.209341526031494 0.0 0.0 0.0 -0.9992642998695374 0.03835197910666466
163845250194650030 0.7252727746963501 -3.2110674381256104 0.0 0.0 0.0 -0.999299943447113 0.037411972880363464
1638452501261650085 0.6972054243087769 -3.2131640911102295 0.0 0.0 0.0 -0.9993130564689636 0.03705935925245285
1638452501462650061 0.6635079979896545 -3.2156598567962646 0.0 0.0 0.0 -0.9993317127227783 0.036552466452121735
1638452501661650181 0.6297297477722168 -3.218092918395996 0.0 0.0 0.0 -0.9993767738342285 0.03529919311404228
1638452501795650005 0.6071827411651611 -3.219674587249756 0.0 0.0 0.0 -0.9993919134140015 0.0348687581717968
163845250296650124 0.5563309192657471 -3.2232253551483154 0.0 0.0 0.0 -0.99936842918396 0.03553472459316254
1638452502296650171 0.5224522352218628 -3.2256715297698975 0.0 0.0 0.0 -0.9993370175361633 0.03640855848789215
1638452502462650061 0.4944327473640442 -3.2277281284332275 0.0 0.0 0.0 -0.999335527420044 0.03644906356930733
1638452502594650030 0.4723699390888214 -3.2293388843536377 0.0 0.0 0.0 -0.9993406534194946 0.03630753606557846
1638452502761650085 0.44419655203819275 -3.2313735485076904 0.0 0.0 0.0 -0.9993699193000793 0.0354926697909832
1638452502893650055 0.4218015670776367 -3.232952117919922 0.0 0.0 0.0 -0.9993964433670044 0.03473782539367676
163845250342205095 0.3937222957611084 -3.234881639480591 0.0 0.0 0.0 -0.9994205832481384 0.03403716906905174
1638452503208205223 0.3657432794570923 -3.2367935180664062 0.0 0.0 0.0 -0.9994063973426819 0.03445058315992355
1638452503407205105 0.33193662762641907 -3.239182949066162 0.0 0.0 0.0 -0.9993582963943481 0.03581814095377922
1638452503607205153 0.3151992857456207 -3.2403929233551025 0.0 0.0 0.0 -0.9993515610694885 0.036006491631269455
1638452503806205034 0.3148711025714874 -3.2404160499572754 0.0 0.0 0.0 -0.9994924664497375 0.031856585294008255
16384525046205082 0.3148458003997803 -3.240417242050171 0.0 0.0 0.0 0.9998459815979004 -0.01755068451166153
1638452504206205130 0.3148711025714874 -3.2404165267944336 0.0 0.0 0.0 0.9999653100967407 0.008332351222634315
1638452504338205099 0.3148963749408722 -3.24041748046875 0.0 0.0 0.0 0.9995283484458923 0.030710116028785706
1638452504570205212 0.31497201323509216 -3.2404239177703857 0.0 0.0 0.0 0.9964863061904907 0.08375579863786697
1638452504772205114 0.3151201903820038 -3.2404568195343018 0.0 0.0 0.0 0.9897018671035767 0.14314408600330353
1638452504971204996 0.315238893032074 -3.240499973297119 0.0 0.0 0.0 0.9771167039871216 0.2127038985490799
1638452505171205044 0.31528034806251526 -3.2405295372009277 0.0 0.0 0.0 0.9569850564002991 0.29013726115226746
1638452505404205084 0.3151637315750122 -3.2404329776763916 0.0 0.0 0.0 0.9212123155593872 0.38906019926071167
1638452505619789124 0.31513601541519165 -3.2403903007507324 0.0 0.0 0.0 0.8788220882415771 0.47714963555336
1638452505784789085 0.3150878846645355 -3.2403013706207275 0.0 0.0 0.0 0.8381605744361877 0.5454235672950745
1638452505949789047 0.3150847852230072 -3.240302324295044 0.0 0.0 0.0 0.7920858860015869 0.6104096174240112
1638452506117789030 0.31506988406181335 -3.2402536869049072 0.0 0.0 0.0 0.7790007591247559 0.6270229816436768
1638452506317789078 0.3150644600391388 -3.2402288913726807 0.0 0.0 0.0 0.7795179486274719 0.6263799071311951
1638452506488789082 0.31506454944610596 -3.2402288913726807 0.0 0.0 0.0 0.7760893702507019 0.6306229829788208
1638452506688789129 0.31506961584091187 -3.2402536869049072 0.0 0.0 0.0 0.7697625756263733 0.638330340385437
1638452506886789083 0.3150695264339447 -3.2402536869049072 0.0 0.0 0.0 0.7633527517318726 0.6459818482398987
163845250754789066 0.3150657117366791 -3.2402286529541016 0.0 0.0 0.0 0.7580724358558655 0.6521703600883484
1638452507187789202 0.3150618076324463 -3.240203619003296 0.0 0.0 0.0 0.7541030049324036 0.6567562222480774
1638452507355789185 0.3150685429573059 -3.2402536869049072 0.0 0.0 0.0 0.7487522959709167 0.6628499627113342
1638452507520789146 0.315071165561676 -3.240278959274292 0.0 0.0 0.0 0.7434177994728088 0.6688273549079895
1638452507686789036 0.315073698759079 -3.2403042316436768 0.0 0.0 0.0 0.7408013939857483 0.6717241406440735
1638452507853789091 0.3150687515735626 -3.2402536869049072 0.0 0.0 0.0 0.740750789642334 0.6717799305915833
163845250838074970 0.31495213508605957 -3.239044427871704 0.0 0.0 0.0 0.7400586009025574 0.67254239320755
1638452508206074953 0.3146655559539795 -3.236046075820923 0.0 0.0 0.0 0.7400482296943665 0.6725538372993469
1638452508407074928 0.3141189515590668 -3.2303519248962402 0.0 0.0 0.0 0.7400922179222107 0.6725053787231445
1638452508644074917 0.31313544511795044 -3.220097303390503 0.0 0.0 0.0 0.740293025970459 0.6722843647003174
1638452508809074879 0.3122597932815552 -3.2109768390655518 0.0 0.0 0.0 0.7400705814361572 0.6725292205810547
163845250913074875 0.3109634518623352 -3.197370767593384 0.0 0.0 0.0 0.7395591139793396 0.6730915904045105
1638452509216074944 0.3094088137149811 -3.180966854095459 0.0 0.0 0.0 0.7397253513336182 0.6729089021682739
1638452509416074991 0.30771416425704956 -3.163076400756836 0.0 0.0 0.0 0.7396491169929504 0.6729927062988281
1638452509618074894 0.3058266043663025 -3.1430177688598633 0.0 0.0 0.0 0.7393397688865662 0.6733325123786926
1638452509851074934 0.30349910259246826 -3.117940902709961 0.0 0.0 0.0 0.7389664053916931 0.6737422347068787
163845251053074837 0.3014284670352936 -3.095611095428467 0.0 0.0 0.0 0.7389343976974487 0.6737774014472961
1638452510256074905 0.2991335988044739 -3.0709125995635986 0.0 0.0 0.0 0.7390647530555725 0.6736343502998352
1638452510469784975 0.2966087758541107 -3.0439226627349854 0.0 0.0 0.0 0.7396591305732727 0.6729817390441895
1638452510669785023 0.2939060926437378 -3.015627861022949 0.0 0.0 0.0 0.7401824593544006 0.6724060773849487
1638452510837785006 0.29151347279548645 -2.9907610416412354 0.0 0.0 0.0 0.7400830388069153 0.6725155115127563
163845251173785067 0.2882007658481598 -2.9556593894958496 0.0 0.0 0.0 0.7391841411590576 0.6735033988952637
1638452511271785021 0.28547459840774536 -2.926222562789917 0.0 0.0 0.0 0.738818883895874 0.6739040613174438
1638452511437784910 0.2832067012786865 -2.9015982151031494 0.0 0.0 0.0 0.7388418316841125 0.6738788485527039
1638452511604784966 0.2808907628059387 -2.876495361328125 0.0 0.0 0.0 0.7388384938240051 0.6738825440406799
1638452511802784920 0.27798739075660706 -2.844914436340332 0.0 0.0 0.0 0.7388203740119934 0.6739024519920349
16384525123784895 0.27502021193504333 -2.8128561973571777 0.0 0.0 0.0 0.7391487956047058 0.6735422015190125
1638452512202785015 0.27206629514694214 -2.781254291534424 0.0 0.0 0.0 0.7393051385879517 0.6733705401420593
1638452512470784903 0.26807674765586853 -2.7387163639068604 0.0 0.0 0.0 0.739410400390625 0.6732550263404846
1638452512603785038 0.2660932242870331 -2.7176244258880615 0.0 0.0 0.0 0.7395320534706116 0.6731213331222534
1638452512802784920 0.26313647627830505 -2.6860227584838867 0.0 0.0 0.0 0.7392785549163818 0.6733997464179993
1638452512934784889 0.26116859912872314 -2.6649293899536133 0.0 0.0 0.0 0.7391751408576965 0.6735132932662964
1638452513201061964 0.2571200132369995 -2.621990203857422 0.0 0.0 0.0 0.7399930357933044 0.672614574432373
1638452513402061939 0.2540515661239624 -2.5901448726654053 0.0 0.0 0.0 0.7403357625007629 0.6722372770309448
1638452513601062059 0.25098779797554016 -2.5584261417388916 0.0 0.0 0.0 0.7404495477676392 0.6721119284629822
1638452513767061949 0.24844597280025482 -2.531996965408325 0.0 0.0 0.0 0.7399519681930542 0.672659695148468
1638452513968062162 0.24542373418807983 -2.5003252029418945 0.0 0.0 0.0 0.7399517893791199 0.6726598739624023
1638452514201061964 0.2418421059846878 -2.4631385803222656 0.0 0.0 0.0 0.7404904961585999 0.6720668077468872
1638452514403062105 0.23867736756801605 -2.430870294570923 0.0 0.0 0.0 0.7411679029464722 0.6713197231292725
1638452514605062008 0.23547878861427307 -2.3987834453582764 0.0 0.0 0.0 0.7416152954101562 0.6708254218101501
1638452514772062063 0.23279108107089996 -2.372267007827759 0.0 0.0 0.0 0.7419859170913696 0.670415461063385
1638452514971061945 0.22953833639621735 -2.3405673503875732 0.0 0.0 0.0 0.7425577640533447 0.6697820425033569
1638452515172062159 0.22625404596328735 -2.3087692260742188 0.0 0.0 0.0 0.7424914836883545 0.669855535030365
1638452515339061975 0.2235083281993866 -2.2823097705841064 0.0 0.0 0.0 0.7427537441253662 0.6695647239685059
1638452515544868946 0.22014200687408447 -2.2500877380371094 0.0 0.0 0.0 0.7431700229644775 0.6691026091575623
1638452515712868929 0.21729525923728943 -2.223257303237915 0.0 0.0 0.0 0.7438426613807678 0.6683547496795654
1638452515844868898 0.215024933218956 -2.2021944522857666 0.0 0.0 0.0 0.7441977858543396 0.6679593324661255
163845251612868881 0.21215404570102692 -2.175748348236084 0.0 0.0 0.0 0.7444162368774414 0.6677159070968628
1638452516212868929 0.20868465304374695 -2.143918991088867 0.0 0.0 0.0 0.7445201277732849 0.6676000356674194
1638452516447868824 0.2046121060848236 -2.1066808700561523 0.0 0.0 0.0 0.7444696426391602 0.6676563024520874
1638452516647868872 0.20115484297275543 -2.0750789642333984 0.0 0.0 0.0 0.7447624206542969 0.667329728603363
1638452516814868927 0.19822309911251068 -2.0485119819641113 0.0 0.0 0.0 0.7448229193687439 0.6672621369361877
163845251714868975 0.194692462682724 -2.0166127681732178 0.0 0.0 0.0 0.7451174259185791 0.6669332981109619
1638452517212868929 0.191167950630188 -1.9851713180541992 0.0 0.0 0.0 0.7456014752388 0.6663920879364014
1638452517344868898 0.18880322575569153 -1.9642205238342285 0.0 0.0 0.0 0.7457886338233948 0.6661826372146606
1638452517546868801 0.18517880141735077 -1.9320518970489502 0.0 0.0 0.0 0.7453365921974182 0.6666883826255798
1638452517713868856 0.18224748969078064 -1.9056378602981567 0.0 0.0 0.0 0.7447962760925293 0.6672919392585754
1638452517847868919 0.17993101477622986 -1.8844269514083862 0.0 0.0 0.0 0.7442336082458496 0.6679194569587708
163845251819006968 0.17708450555801392 -1.8581055402755737 0.0 0.0 0.0 0.7440391778945923 0.668135941028595
1638452518186007023 0.17420239746570587 -1.8314061164855957 0.0 0.0 0.0 0.744131326675415 0.6680333614349365
1638452518354007006 0.17129965126514435 -1.8045560121536255 0.0 0.0 0.0 0.7441259026527405 0.6680394411087036
1638452518521006823 0.1684229075908661 -1.778059720993042 0.0 0.0 0.0 0.744399905204773 0.6677340865135193
1638452518724006891 0.1649140566587448 -1.7457506656646729 0.0 0.0 0.0 0.744332492351532 0.6678091883659363
1638452518892006874 0.16202057898044586 -1.7191287279129028 0.0 0.0 0.0 0.7442790865898132 0.6678687334060669
163845251993006849 0.1585782915353775 -1.6873217821121216 0.0 0.0 0.0 0.7440143823623657 0.6681635975837708
1638452519260006905 0.15573479235172272 -1.6608726978302002 0.0 0.0 0.0 0.7439420819282532 0.6682440638542175
1638452519464006901 0.15222664177417755 -1.6283599138259888 0.0 0.0 0.0 0.7442254424095154 0.6679284572601318
1638452519597006798 0.14991311728954315 -1.6070724725723267 0.0 0.0 0.0 0.7445520162582397 0.6675644516944885
1638452519864006996 0.14525119960308075 -1.5647051334381104 0.0 0.0 0.0 0.7449079751968384 0.6671672463417053
163845252044006824 0.14209672808647156 -1.5361766815185547 0.0 0.0 0.0 0.7448896169662476 0.6671877503395081
1638452520211006880 0.13915535807609558 -1.509636402130127 0.0 0.0 0.0 0.7449567317962646 0.6671128273010254
1638452520417006969 0.1355726271867752 -1.4770045280456543 0.0 0.0 0.0 0.7445396780967712 0.6675782203674316
1638452520618029833 0.13213571906089783 -1.4452987909317017 0.0 0.0 0.0 0.7440245747566223 0.6681522727012634
1638452520820029974 0.12867499887943268 -1.4130101203918457 0.0 0.0 0.0 0.7436103820800781 0.6686131954193115
1638452521119029999 0.12360569834709167 -1.3654167652130127 0.0 0.0 0.0 0.7434954047203064 0.66874098777771
1638452521356029987 0.1196533814072609 -1.3279622793197632 0.0 0.0 0.0 0.7428170442581177 0.6694944500923157
1638452521560029984 0.11629723012447357 -1.2955352067947388 0.0 0.0 0.0 0.742071807384491 0.6703203916549683
1638452521692029953 0.11417065560817719 -1.2745589017868042 0.0 0.0 0.0 0.7416845560073853 0.6707488298416138
1638452521895029783 0.11096297949552536 -1.2425240278244019 0.0 0.0 0.0 0.7414233088493347 0.6710376143455505
1638452522161029816 0.10673440247774124 -1.2000093460083008 0.0 0.0 0.0 0.7413681149482727 0.6710985898971558
1638452522361029863 0.10352478176355362 -1.1679999828338623 0.0 0.0 0.0 0.7417739033699036 0.6706500053405762
1638452522497029781 0.10136377811431885 -1.1465184688568115 0.0 0.0 0.0 0.7414531111717224 0.6710046529769897
1638452522698029995 0.09818246960639954 -1.1145061254501343 0.0 0.0 0.0 0.741054356098175 0.6714450120925903
1638452522865029812 0.09558535367250443 -1.08798086643219 0.0 0.0 0.0 0.7404410243034363 0.6721213459968567
163845252395261097 0.09207147359848022 -1.0512455701828003 0.0 0.0 0.0 0.7395592927932739 0.6730914115905762
1638452523295260906 0.08908645808696747 -1.0194941759109497 0.0 0.0 0.0 0.7392120957374573 0.6734727025032043
1638452523559261084 0.08514311909675598 -0.9773081541061401 0.0 0.0 0.0 0.739377498626709 0.6732910871505737
1638452523760261059 0.08214029669761658 -0.9453041553497314 0.0 0.0 0.0 0.7393415570259094 0.6733306050300598
1638452523962260962 0.07914591580629349 -0.9131467938423157 0.0 0.0 0.0 0.7389473915100098 0.6737631559371948
163845252497260952 0.07717613130807877 -0.8917484879493713 0.0 0.0 0.0 0.7385692000389099 0.6741777062416077
1638452524263261080 0.07479037344455719 -0.8654066920280457 0.0 0.0 0.0 0.7379887700080872 0.6748130321502686
1638452524465260983 0.07194981724023819 -0.8334640860557556 0.0 0.0 0.0 0.7378029227256775 0.6750162243843079
1638452524665261030 0.06909147650003433 -0.8013960123062134 0.0 0.0 0.0 0.7377741932868958 0.6750475764274597
1638452524900260925 0.06569648534059525 -0.7638107538223267 0.0 0.0 0.0 0.738765299320221 0.6739628314971924
1638452525100260973 0.0627567246556282 -0.7321059107780457 0.0 0.0 0.0 0.7391736507415771 0.6735149025917053
1638452525365261078 0.058818135410547256 -0.6898429989814758 0.0 0.0 0.0 0.7389512658119202 0.6737589240074158
1638452525570333958 0.05592047795653343 -0.6579055190086365 0.0 0.0 0.0 0.7380096912384033 0.67479008436203
1638452525770334005 0.053086746484041214 -0.6262418031692505 0.0 0.0 0.0 0.7380304932594299 0.6747673749923706
16384525265333900 0.04971444606781006 -0.588654637336731 0.0 0.0 0.0 0.7379739284515381 0.6748291850090027
1638452526205333948 0.046841394156217575 -0.5566387176513672 0.0 0.0 0.0 0.7382945418357849 0.6744784712791443
1638452526371334076 0.04444776847958565 -0.5304246544837952 0.0 0.0 0.0 0.7386748194694519 0.6740619540214539
1638452526638334036 0.04053875431418419 -0.4877777695655823 0.0 0.0 0.0 0.7389264106750488 0.6737861633300781
1638452526808333874 0.03805860877037048 -0.46093621850013733 0.0 0.0 0.0 0.7388832569122314 0.6738334894180298
1638452526973334074 0.03563374653458595 -0.4346487522125244 0.0 0.0 0.0 0.7389169931411743 0.6737964749336243
1638452527141334057 0.03316135331988335 -0.4080606997013092 0.0 0.0 0.0 0.7393110394477844 0.6733641028404236
1638452527342334032 0.030120043084025383 -0.37580606341362 0.0 0.0 0.0 0.7398515939712524 0.672770082950592
1638452527510334015 0.027570730075240135 -0.3491235375404358 0.0 0.0 0.0 0.7400971055030823 0.6725000143051147
1638452527643333912 0.025523997843265533 -0.32791048288345337 0.0 0.0 0.0 0.7403786182403564 0.6721900701522827
1638452527944334030 0.02093326859176159 -0.28009068965911865 0.0 0.0 0.0 0.7396275401115417 0.6730164289474487
1638452528138557911 0.017936574295163155 -0.24806071817874908 0.0 0.0 0.0 0.7389756441116333 0.6737321019172668
1638452528341557980 0.014995173551142216 -0.21602557599544525 0.0 0.0 0.0 0.7387291789054871 0.6740023493766785
1638452528507557869 0.012565920129418373 -0.1894843727350235 0.0 0.0 0.0 0.7384544610977173 0.6743033528327942
1638452528743557930 0.00913938507437706 -0.15177494287490845 0.0 0.0 0.0 0.738447368144989 0.674311101436615
1638452528943557978 0.006227115634828806 -0.12001671642065048 0.0 0.0 0.0 0.738603949546814 0.6741396188735962
1638452529210557938 0.0023411931470036507 -0.07754560559988022 0.0 0.0 0.0 0.7386340498924255 0.6741065979003906
1638452529443557978 -0.0010271533392369747 -0.04054251313209534 0.0 0.0 0.0 0.7383298277854919 0.6744397878646851
1638452529609557867 -0.003409954020753503 -0.014174980111420155 0.0 0.0 0.0 0.7383159399032593 0.6744549870491028
1638452529809557915 -0.006319398991763592 0.017659740522503853 0.0 0.0 0.0 0.7389000058174133 0.673815131187439
163845253043557882 -0.008273281157016754 0.03870365023612976 0.0 0.0 0.0 0.7393918633460999 0.673275351524353
1638452530345557928 -0.008285083808004856 0.038829654455184937 0.0 0.0 0.0 0.7392827272415161 0.6733952164649963
1638452530538152933 -0.00828508473932743 0.03882965072989464 0.0 0.0 0.0 0.7394798994064331 0.6731786727905273
1638452530741153002 -0.008282721042633057 0.03880444914102554 0.0 0.0 0.0 0.7393099069595337 0.6733653545379639
1638452530908153057 -0.008282718248665333 0.038804445415735245 0.0 0.0 0.0 0.7394014000892639 0.6732648611068726
1638452531110152960 -0.008301421999931335 0.0390060655772686 0.0 0.0 0.0 0.73737633228302 0.6754821538925171
1638452531411152840 -0.00829281099140644 0.038879796862602234 0.0 0.0 0.0 0.7213180661201477 0.6926039457321167
1638452531610152960 -0.008293536491692066 0.03890509530901909 0.0 0.0 0.0 0.7024257779121399 0.7117570042610168
1638452531813153028 -0.008293451741337776 0.03882908448576927 0.0 0.0 0.0 0.6785153150558472 0.734586238861084
163845253215152931 -0.008303933776915073 0.038702886551618576 0.0 0.0 0.0 0.6484184265136719 0.7612841725349426
1638452532216152906 -0.008329334668815136 0.03857892379164696 0.0 0.0 0.0 0.6130810976028442 0.7900199890136719
1638452532417152882 -0.008318633772432804 0.03860212489962578 0.0 0.0 0.0 0.5739465951919556 0.8188927173614502
1638452532752152920 -0.008229808881878853 0.03878383710980415 0.0 0.0 0.0 0.5060580372810364 0.8624994158744812
1638452532952152967 -0.008188796229660511 0.038847699761390686 0.0 0.0 0.0 0.4643707275390625 0.8856409192085266
1638452533227056980 -0.008096367120742798 0.038968123495578766 0.0 0.0 0.0 0.3996228277683258 0.9166796803474426
1638452533393056870 -0.008081031031906605 0.0389886237680912 0.0 0.0 0.0 0.3561745584011078 0.9344194531440735
1638452533593056917 -0.008001185022294521 0.03905056416988373 0.0 0.0 0.0 0.30155622959136963 0.9534484148025513
1638452533894057035 -0.007997175678610802 0.03904375806450844 0.0 0.0 0.0 0.21700243651866913 0.97617107629776
163845253493056917 -0.008042743429541588 0.03902141749858856 0.0 0.0 0.0 0.16055378317832947 0.987027108669281
1638452534260056973 -0.008139570243656635 0.03899209201335907 0.0 0.0 0.0 0.11238893866539001 0.9936642646789551
1638452534493057013 -0.008289506658911705 0.038968510925769806 0.0 0.0 0.0 0.04453197494149208 0.9990079402923584
1638452534763056993 -0.008415883406996727 0.038961876183748245 0.0 0.0 0.0 0.021715732291340828 0.9997642040252686
1638452534998056889 -0.008441170677542686 0.0389607772231102 0.0 0.0 0.0 0.021735526621341705 0.9997637271881104
1638452535163056850 -0.008415883406996727 0.03896187245845795 0.0 0.0 0.0 0.021611444652080536 0.99976646900177
1638452535463057041 -0.008441170677542686 0.0389607734978199 0.0 0.0 0.0 0.021623222157359123 0.9997661709785461
1638452535672863007 -0.008415883406996727 0.03896186873316765 0.0 0.0 0.0 0.021596759557724 0.9997667670249939
1638452535837862968 -0.008441170677542686 0.0389607734978199 0.0 0.0 0.0 0.021647043526172638 0.9997656941413879
1638452536106863022 -0.008441170677542686 0.0389607697725296 0.0 0.0 0.0 0.02162664569914341 0.9997661113739014
1638452536307862997 -0.008441170677542686 0.0389607697725296 0.0 0.0 0.0 0.021599359810352325 0.9997667074203491
1638452536608863115 -0.00292289659030284 0.03347155699069961 0.012483892750414524 -0.001898686432592807 0.002971220649857353 0.012461319548003119 0.9999161562146012
1638452536873862982 -0.0028975939644870644 0.03347218923763568 0.01248374114972135 -0.0018986525319543838 0.002971242347594608 0.012472733607058202 0.9999160221795464
1638452537140863180 -0.0028975939644870635 0.03347218923763568 0.012483741149721351 -0.0018988513631310884 0.0029711152243346996 0.012405810074381046 0.9999168406650168
1638452537306863070 -0.002922896386023852 0.03347156816461493 0.012483892705953873 -0.0018986138161892429 0.002971267017955915 0.012485751871659902 0.9999158432096522
1638452537506863117 -0.002922896386023852 0.03347156816461493 0.012483892705953872 -0.0018986989633907945 0.002971212508601605 0.012457081688735962 0.9999161770622677
1638452537640863180 -0.002922896317930853 0.03347157188925338 0.012483892691133654 -0.0018986621761964292 0.002971236140006588 0.012469481039741655 0.9999160520386093
1638452537907863140 -0.002922896317930853 0.03347157188925338 0.012483892691133654 -0.0018987146068477228 0.0029712025351836782 0.01245182074129192 0.9999162481596239
1638452538209275007 -0.00292289618174486 0.03347157933853025 0.01248389266149322 -0.0018985774413172955 0.0029712901201821456 0.012497971099878212 0.999915656931839
