1638452437850493908 -1.7431193207601003e-12 7.118352129964478e-08 0.0 0.0 0.0 0.00010787881910800934 1.0
163845243817493963 -1.7431193207601003e-12 7.118352129964478e-08 0.0 0.0 0.0 0.00017042271792888641 1.0
1638452438152493954 -1.6690903216834418e-12 6.998411095082702e-08 0.0 0.0 0.0 0.00023510120809078217 1.0
1638452438319494009 -1.6690903216834418e-12 6.998411095082702e-08 0.0 0.0 0.0 0.00038774125277996063 0.9999999403953552
1638452438453494072 -1.6690903216834418e-12 6.998411095082702e-08 0.0 0.0 0.0 0.0004271995276212692 0.9999998807907104
1638452438620494127 -1.6690903216834418e-12 6.998411095082702e-08 0.0 0.0 0.0 0.0001728348433971405 1.0
1638452438752494097 -1.6690903216834418e-12 6.998411095082702e-08 0.0 0.0 0.0 0.0001764204353094101 1.0
1638452438921494007 -3.1078058963102118e-12 7.266165624741916e-08 0.0 0.0 0.0 0.0001409929245710373 1.0
163845243954493904 -2.540909106382716e-12 7.134602952874047e-08 0.0 0.0 0.0 0.0002662874758243561 0.9999999403953552
1638452439222494125 -5.240068361861416e-12 7.823327052847162e-08 0.0 0.0 0.0 0.0003121905028820038 0.9999999403953552
1638452439357494116 -5.240068361861416e-12 7.823327052847162e-08 0.0 0.0 0.0 0.0001124795526266098 1.0
1638452439528494120 -5.0090860279072835e-12 7.96629393562398e-08 0.0 0.0 0.0 0.00033492036163806915 0.9999999403953552
1638452439661494017 2.5310680939583108e-05 8.797971418061934e-08 0.0 0.0 0.0 0.00021472759544849396 1.0
1638452439829493999 -3.1263552944388318e-12 7.687946634860054e-08 0.0 0.0 0.0 0.00045825724373571575 0.9999998807907104
1638452439963494062 -3.1263552944388318e-12 7.687946634860054e-08 0.0 0.0 0.0 0.000142538920044899 1.0
163845244096493959 2.5310680939583108e-05 8.77633183904436e-08 0.0 0.0 0.0 0.0002042241394519806 1.0
1638452440261493921 -3.2404198681973417e-12 7.692627690403242e-08 0.0 0.0 0.0 0.00015464052557945251 1.0
1638452440430719137 2.5310679120593704e-05 9.201884410003913e-08 0.0 0.0 0.0 0.0004372037947177887 0.9999998807907104
1638452440631719112 -1.998488397339515e-12 7.551462033461576e-08 0.0 0.0 0.0 0.0001882612705230713 1.0
1638452440766719103 -1.998488397339515e-12 7.551462033461576e-08 0.0 0.0 0.0 0.00010890141129493713 1.0
1638452440933719158 -1.6498089786681769e-12 7.379473032642636e-08 0.0 0.0 0.0 0.00013023987412452698 1.0
163845244165719128 -1.6498089786681769e-12 7.379473032642636e-08 0.0 0.0 0.0 0.0001289602369070053 1.0
1638452441197719097 -1.6498089786681769e-12 7.379473032642636e-08 0.0 0.0 0.0 0.0001222863793373108 1.0
1638452441363718987 0.000455592293292284 2.9610652063638554e-07 0.0 0.0 0.0 0.0003444775938987732 0.9999999403953552
1638452441529719114 0.002050165319815278 9.65512072070851e-07 0.0 0.0 0.0 0.0002459045499563217 0.9999999403953552
1638452441664719105 0.003341010073199868 1.5819513237147476e-06 0.0 0.0 0.0 0.00046746802399866283 0.9999998807907104
1638452441831719160 0.004884961526840925 2.6975810669682687e-06 0.0 0.0 0.0 0.00034805387258529663 0.9999999403953552
1638452441965718985 0.0061504957266151905 3.519784968375461e-06 0.0 0.0 0.0 0.00032541900873184204 0.9999999403953552
1638452442132719040 0.00852969940751791 5.150948254595278e-06 0.0 0.0 0.0 0.0003254301846027374 0.9999999403953552
1638452442330718994 0.012427544221282005 7.4187528298352845e-06 0.0 0.0 0.0 0.0002899579703807831 0.9999999403953552
1638452442463719130 0.015110477805137634 8.479441021336243e-06 0.0 0.0 0.0 0.00024601444602012634 0.9999999403953552
1638452442629719019 0.019109565764665604 1.0155146810575388e-05 0.0 0.0 0.0 0.00019438937306404114 1.0
1638452442763719082 0.022982100024819374 1.2205357961647678e-05 0.0 0.0 0.0 0.00020046718418598175 1.0
1638452442920075893 0.028069548308849335 1.4759703844902106e-05 0.0 0.0 0.0 0.0003644190728664398 0.9999999403953552
1638452443120075941 0.03538433462381363 1.587617771292571e-05 0.0 0.0 0.0 8.811615407466888e-05 1.0
1638452443254076004 0.04072489216923714 1.6727406546124257e-05 0.0 0.0 0.0 8.231773972511292e-05 1.0
1638452443419075966 0.04771064221858978 1.8173928765463643e-05 0.0 0.0 0.0 3.4183263778686523e-05 1.0
1638452443621075869 0.0577843002974987 1.9098088159807958e-05 0.0 0.0 0.0 6.062909960746765e-05 1.0
1638452443753075838 0.06431445479393005 1.9541483197826892e-05 0.0 0.0 0.0 -1.5635043382644653e-05 1.0
1638452443954075813 0.07433748245239258 2.1156189177418128e-05 0.0 0.0 0.0 6.5658241510391235e-06 1.0
1638452444120075941 0.08279125392436981 1.9751414583879523e-05 0.0 0.0 0.0 -0.00010300427675247192 1.0
1638452444254076004 0.08952388912439346 1.722466549836099e-05 0.0 0.0 0.0 -0.0001892242580652237 1.0
1638452444421075821 0.09914194792509079 1.2895666259282734e-05 0.0 0.0 0.0 -0.00025606900453567505 0.9999999403953552
1638452444555075884 0.10719074308872223 6.880975433887215e-06 0.0 0.0 0.0 -0.00048268583486787975 0.9999998807907104
1638452444720075846 0.11706190556287766 -2.547263875385397e-06 0.0 0.0 0.0 -0.00047148388694040477 0.9999998807907104
1638452444920075893 0.12893259525299072 -1.6461604900541715e-05 0.0 0.0 0.0 -0.000630585418548435 0.9999998211860657
163845244554075956 0.13698139786720276 -2.716454036999494e-05 0.0 0.0 0.0 -0.0006792097701691091 0.9999997615814209
1638452445220075846 0.1468019336462021 -4.370595343061723e-05 0.0 0.0 0.0 -0.000977400573901832 0.9999995231628418
1638452445372777939 0.15447106957435608 -6.021793160471134e-05 0.0 0.0 0.0 -0.0011280437465757132 0.9999993443489075
1638452445506778002 0.16246922314167023 -7.920761709101498e-05 0.0 0.0 0.0 -0.0011743789073079824 0.9999992847442627
1638452445674777985 0.17239096760749817 -0.00010182797268498689 0.0 0.0 0.0 -0.0012742910766974092 0.9999991655349731
1638452445808778048 0.18026256561279297 -0.00012157489982200786 0.0 0.0 0.0 -0.0011112799402326345 0.9999994039535522
1638452445974777937 0.1904374212026596 -0.00014525394362863153 0.0 0.0 0.0 -0.0012446154141798615 0.9999992251396179
1638452446108778000 0.1997263878583908 -0.00017108047904912382 0.0 0.0 0.0 -0.0016315535176545382 0.9999986886978149
1638452446275778055 0.2115464210510254 -0.0002086790482280776 0.0 0.0 0.0 -0.0017729541286826134 0.9999984502792358
1638452446406778097 0.22177188098430634 -0.0002479519753251225 0.0 0.0 0.0 -0.002038440201431513 0.9999979138374329
1638452446578778028 0.23538893461227417 -0.00030245439847931266 0.0 0.0 0.0 -0.0020717517472803593 0.9999978542327881
1638452446711777925 0.24599401652812958 -0.00034809953649528325 0.0 0.0 0.0 -0.0022140834480524063 0.9999975562095642
1638452446878777981 0.2592819929122925 -0.00040962491766549647 0.0 0.0 0.0 -0.002334171673282981 0.9999972581863403
163845244712778044 0.2700895667076111 -0.0004608957387972623 0.0 0.0 0.0 -0.002312170108780265 0.9999973177909851
1638452447144778013 0.2812514305114746 -0.0005171383963897824 0.0 0.0 0.0 -0.0025677019730210304 0.9999967217445374
1638452447309777975 0.29605796933174133 -0.0005930936895310879 0.0 0.0 0.0 -0.002308616181835532 0.9999973177909851
1638452447448777914 0.3086119294166565 -0.0006490114028565586 0.0 0.0 0.0 -0.0018723671091720462 0.9999982714653015
1638452447616777897 0.3242538273334503 -0.0007106319535523653 0.0 0.0 0.0 -0.001898712245747447 0.9999982118606567
1638452447782778025 0.34085753560066223 -0.0007683134754188359 0.0 0.0 0.0 -0.0016455904114991426 0.9999986290931702
1638452447903439045 0.3541455864906311 -0.0008053382625803351 0.0 0.0 0.0 -0.0012010072823613882 0.9999992847442627
1638452448135439157 0.3771529495716095 -0.0008423476829193532 0.0 0.0 0.0 -0.0005576368421316147 0.9999998211860657
1638452448335439205 0.3969206213951111 -0.0008638551807962358 0.0 0.0 0.0 -0.0005220659077167511 0.9999998807907104
1638452448500439167 0.4133472442626953 -0.0008768269908614457 0.0 0.0 0.0 -0.00038355588912963867 0.9999999403953552
1638452448665439129 0.4297991991043091 -0.0008888297015801072 0.0 0.0 0.0 -0.0002694129943847656 0.9999999403953552
1638452448833439112 0.44650423526763916 -0.0009025003528222442 0.0 0.0 0.0 -0.0005345847457647324 0.9999998807907104
1638452448966439009 0.46027323603630066 -0.0009193554287776351 0.0 0.0 0.0 -0.000828295829705894 0.9999996423721313
163845244997439051 0.47459906339645386 -0.0009360277908854187 0.0 0.0 0.0 -0.00016846321523189545 1.0
1638452449262439013 0.4926202893257141 -0.0009392055217176676 0.0 0.0 0.0 -1.1889263987541199e-05 1.0
1638452449431439161 0.5113248825073242 -0.0009371640626341105 0.0 0.0 0.0 0.00021039694547653198 1.0
1638452449565438986 0.5260050892829895 -0.000924277410376817 0.0 0.0 0.0 0.0006725321873091161 0.9999997615814209
1638452449732439041 0.5444059371948242 -0.0008928370662033558 0.0 0.0 0.0 0.00094935845118016 0.9999995231628418
1638452449934439182 0.5664008855819702 -0.0008576790569350123 0.0 0.0 0.0 0.0007501709624193609 0.9999997019767761
163845245066439152 0.5807520747184753 -0.0008346674731001258 0.0 0.0 0.0 0.0010769811924546957 0.9999994039535522
1638452450232439041 0.598697304725647 -0.0007832942646928132 0.0 0.0 0.0 0.0017847707495093346 0.9999983906745911
1638452450366492987 0.6132508516311646 -0.0007293090457096696 0.0 0.0 0.0 0.0017157840775325894 0.9999985098838806
1638452450500493050 0.6278297305107117 -0.000684161321260035 0.0 0.0 0.0 0.0012617629254236817 0.9999992251396179
1638452450669493198 0.6461798548698425 -0.0006399218691512942 0.0 0.0 0.0 0.001013917732052505 0.999999463558197
1638452450801493168 0.6604297161102295 -0.000617467740084976 0.0 0.0 0.0 0.0006385649903677404 0.9999998211860657
1638452450966493130 0.6784509420394897 -0.0005994856473989785 0.0 0.0 0.0 0.00048237849841825664 0.9999998807907104
1638452451133493185 0.6967505812644958 -0.0005876795621588826 0.0 0.0 0.0 0.00010536424815654755 1.0
1638452451266493082 0.711329460144043 -0.0005933810025453568 0.0 0.0 0.0 -0.00038656219840049744 0.9999999403953552
1638452451398493052 0.7259083390235901 -0.0006067524664103985 0.0 0.0 0.0 -0.0004991386085748672 0.9999998807907104
1638452451566493034 0.7444103956222534 -0.000620398495811969 0.0 0.0 0.0 -0.00038462504744529724 0.9999999403953552
1638452451699493170 0.7589893341064453 -0.0006343567511066794 0.0 0.0 0.0 -0.0006758886738680303 0.9999997615814209
1638452451864493132 0.776782751083374 -0.0006642929511144757 0.0 0.0 0.0 -0.00116576231084764 0.9999993443489075
163845245230493021 0.7948797941207886 -0.0007146059651859105 0.0 0.0 0.0 -0.0014604474417865276 0.999998927116394
1638452452162492990 0.809306800365448 -0.0007590807508677244 0.0 0.0 0.0 -0.00166748755145818 0.9999986290931702
1638452452328493118 0.8273278474807739 -0.0008241358445957303 0.0 0.0 0.0 -0.0017298153834417462 0.9999985098838806
1638452452495493174 0.8454248309135437 -0.0008879420929588377 0.0 0.0 0.0 -0.001450635027140379 0.999998927116394
1638452452664493084 0.8638762831687927 -0.000932642025873065 0.0 0.0 0.0 -0.001098822569474578 0.9999994039535522
1638452452799493074 0.8785058259963989 -0.0009608327527530491 0.0 0.0 0.0 -0.0006228424026630819 0.9999998211860657
1638452452978907824 0.8967042565345764 -0.0009685552795417607 0.0 0.0 0.0 -1.6903504729270935e-05 1.0
1638452453178907871 0.9186486005783081 -0.0009698261274024844 0.0 0.0 0.0 -0.00012208521366119385 1.0
1638452453312907934 0.9334047436714172 -0.0009696521447040141 0.0 0.0 0.0 0.00026894547045230865 0.9999999403953552
1638452453479907990 0.951805591583252 -0.000954125018324703 0.0 0.0 0.0 0.0006080809398554265 0.9999998211860657
1638452453611907959 0.9664098620414734 -0.0009358217939734459 0.0 0.0 0.0 0.0006084460183046758 0.9999998211860657
1638452453778907776 0.985899031162262 -0.0009009813074953854 0.0 0.0 0.0 0.0012056153500452638 0.9999992847442627
1638452453910907984 1.0016422271728516 -0.0008574153762310743 0.0 0.0 0.0 0.0015296874335035682 0.9999988079071045
163845245478907967 1.0215870141983032 -0.0007831355324015021 0.0 0.0 0.0 0.0019663728307932615 0.9999980926513672
1638452454211907864 1.0373808145523071 -0.0007314410759136081 0.0 0.0 0.0 0.00138577027246356 0.9999990463256836
1638452454379907846 1.0580596923828125 -0.0006974844727665186 0.0 0.0 0.0 0.0002593807876110077 0.9999999403953552
1638452454512907982 1.0751696825027466 -0.000686026003677398 0.0 0.0 0.0 0.00029273517429828644 0.9999999403953552
1638452454683907986 1.0973166227340698 -0.0006696442142128944 0.0 0.0 0.0 0.0006083621992729604 0.9999998211860657
1638452454882907867 1.123234748840332 -0.0006246885750442743 0.0 0.0 0.0 0.0009934360859915614 0.9999995231628418
163845245517907858 1.140825629234314 -0.0005793408490717411 0.0 0.0 0.0 0.001636487664654851 0.9999986886978149
1638452455183907986 1.1626685857772827 -0.0005012028850615025 0.0 0.0 0.0 0.0018246573163196445 0.9999983310699463
1638452455330907822 1.1816514730453491 -0.0004282310255803168 0.0 0.0 0.0 0.0018318545771762729 0.9999983310699463
1638452455461342812 1.1993181705474854 -0.00035629712510854006 0.0 0.0 0.0 0.002251090481877327 0.9999974370002747
1638452455629342794 1.2225782871246338 -0.0002354184107389301 0.0 0.0 0.0 0.0028679983224719763 0.9999958872795105
1638452455762342930 1.2423455715179443 -0.00012378966493997723 0.0 0.0 0.0 0.002841770648956299 0.9999959468841553
1638452455931342840 1.2679849863052368 6.927828508196399e-06 0.0 0.0 0.0 0.002269759774208069 0.9999974370002747
163845245664342976 1.2890937328338623 0.00010071966971736401 0.0 0.0 0.0 0.0019065800588577986 0.9999982118606567
1638452456198342800 1.3104811906814575 0.00016995010082609951 0.0 0.0 0.0 0.001468086033128202 0.999998927116394
1638452456365342855 1.3373610973358154 0.00024166506773326546 0.0 0.0 0.0 0.0013584359548985958 0.9999991059303284
1638452456500342846 1.359052300453186 0.0003056925779674202 0.0 0.0 0.0 0.001481780200265348 0.999998927116394
1638452456702342987 1.3913486003875732 0.00037452185642905533 0.0 0.0 0.0 0.0006930492236278951 0.9999997615814209
1638452456870342970 1.4182285070419312 0.00041625634185038507 0.0 0.0 0.0 0.0006805545999668539 0.9999997615814209
16384524575342960 1.439539909362793 0.0004465118399821222 0.0 0.0 0.0 0.0006395819946192205 0.9999998211860657
1638452457172343016 1.4661920070648193 0.000460090086562559 0.0 0.0 0.0 3.184378147125244e-05 1.0
1638452457307343006 1.4876554012298584 0.0004399876343086362 0.0 0.0 0.0 -0.000774560438003391 0.9999997019767761
1638452457472342968 1.5140290260314941 0.00037993997102603316 0.0 0.0 0.0 -0.0013591456227004528 0.9999991059303284
1638452457672343016 1.5461227893829346 0.00024580926401540637 0.0 0.0 0.0 -0.0024883088190108538 0.9999969005584717
1638452457806342840 1.5677379369735718 0.00013181685062590986 0.0 0.0 0.0 -0.0027078953571617603 0.9999963045120239
1638452457970766068 1.5946680307388306 -1.529137443867512e-05 0.0 0.0 0.0 -0.0030465340241789818 0.9999953508377075
1638452458103765965 1.6158020496368408 -0.00015740217349957675 0.0 0.0 0.0 -0.003709557233378291 0.9999931454658508
1638452458270766020 1.642326831817627 -0.0003688857250381261 0.0 0.0 0.0 -0.004257878288626671 0.9999909400939941
1638452458470766068 1.6741917133331299 -0.0006623684312216938 0.0 0.0 0.0 -0.0049692001193761826 0.9999876618385315
1638452458604766130 1.6955527067184448 -0.0008831307059153914 0.0 0.0 0.0 -0.005334128625690937 0.9999857544898987
1638452458769766092 1.7219247817993164 -0.0011876641074195504 0.0 0.0 0.0 -0.00603063078597188 0.9999818205833435
1638452458906766176 1.7437660694122314 -0.0014647581847384572 0.0 0.0 0.0 -0.006608676631003618 0.9999781847000122
163845245972766066 1.7705174684524536 -0.0017927789594978094 0.0 0.0 0.0 -0.0058996896259486675 0.9999825954437256
1638452459270766020 1.8022551536560059 -0.00213398109190166 0.0 0.0 0.0 -0.004688070621341467 0.9999890327453613
1638452459404766083 1.8219460248947144 -0.002315795747563243 0.0 0.0 0.0 -0.00442203925922513 0.9999902248382568
1638452459572766066 1.8234139680862427 -0.0023289259988814592 0.0 0.0 0.0 -0.004544137977063656 0.9999896883964539
1638452459706766129 1.8234392404556274 -0.0023291511461138725 0.0 0.0 0.0 -0.004457857459783554 0.9999900460243225
1638452459871766090 1.8235911130905151 -0.0023308147210627794 0.0 0.0 0.0 -0.008682633750140667 0.999962329864502
16384524605766153 1.8236163854599 -0.0023315087892115116 0.0 0.0 0.0 -0.01730785146355629 0.9998502135276794
1638452460171766043 1.823717474937439 -0.002336915349587798 0.0 0.0 0.0 -0.032685089856386185 0.9994657039642334
1638452460304766178 1.8236416578292847 -0.0023309923708438873 0.0 0.0 0.0 -0.05050866678357124 0.9987236261367798
1638452460458273888 1.8236416578292847 -0.0023313306737691164 0.0 0.0 0.0 -0.07432558387517929 0.997234046459198
1638452460628273964 1.8236172199249268 -0.002323365304619074 0.0 0.0 0.0 -0.10852240771055222 0.9940940141677856
1638452460759274006 1.823691487312317 -0.0023395263124257326 0.0 0.0 0.0 -0.14180715382099152 0.9898943305015564
1638452460925273895 1.8236209154129028 -0.0023116637021303177 0.0 0.0 0.0 -0.18850743770599365 0.9820717573165894
163845246159273958 1.823644757270813 -0.0023203296586871147 0.0 0.0 0.0 -0.22892937064170837 0.9734430313110352
1638452461225274086 1.8234918117523193 -0.002231316640973091 0.0 0.0 0.0 -0.28261783719062805 0.9592325687408447
1638452461358273983 1.823409914970398 -0.0021716856863349676 0.0 0.0 0.0 -0.32591912150382996 0.945397675037384
1638452461523273945 1.8233336210250854 -0.0021052868105471134 0.0 0.0 0.0 -0.3784932792186737 0.9256040453910828
1638452461656274080 1.8233643770217896 -0.002145920880138874 0.0 0.0 0.0 -0.419900119304657 0.9075703024864197
1638452461823273897 1.8234245777130127 -0.0022273382637649775 0.0 0.0 0.0 -0.4701429009437561 0.8825902938842773
1638452461957273960 1.8234906196594238 -0.002335295546799898 0.0 0.0 0.0 -0.5097726583480835 0.8603091239929199
1638452462122273922 1.8235218524932861 -0.002404535189270973 0.0 0.0 0.0 -0.556333601474762 0.8309590220451355
1638452462253273964 1.823551058769226 -0.002474668435752392 0.0 0.0 0.0 -0.5930919051170349 0.8051347732543945
1638452462353273869 1.8235536813735962 -0.0024739366490393877 0.0 0.0 0.0 -0.6194674968719482 0.7850223183631897
1638452462523273945 1.823565125465393 -0.0025232613552361727 0.0 0.0 0.0 -0.6310392618179321 0.7757509350776672
1638452462655273914 1.8235702514648438 -0.0025480445474386215 0.0 0.0 0.0 -0.6312057375907898 0.7756154537200928
1638452462824274063 1.823565125465393 -0.0025232606567442417 0.0 0.0 0.0 -0.6311829090118408 0.7756340503692627
1638452462954278946 1.823565125465393 -0.0025232606567442417 0.0 0.0 0.0 -0.6310668587684631 0.7757284641265869
1638452463119279146 1.8235856294631958 -0.002622390864416957 0.0 0.0 0.0 -0.6313036680221558 0.7755357623100281
1638452463254279137 1.82374906539917 -0.0034156825859099627 0.0 0.0 0.0 -0.6319655776023865 0.7749964594841003
1638452463420279026 1.8242223262786865 -0.005721519701182842 0.0 0.0 0.0 -0.631996750831604 0.7749710083007812
1638452463553278923 1.8248133659362793 -0.008597451262176037 0.0 0.0 0.0 -0.6318957209587097 0.7750533819198608
1638452463722279072 1.8259668350219727 -0.014200192876160145 0.0 0.0 0.0 -0.6318084001541138 0.7751246094703674
1638452463856279135 1.82704758644104 -0.019456062465906143 0.0 0.0 0.0 -0.6318743824958801 0.77507084608078
163845246423278952 1.8287264108657837 -0.027612287551164627 0.0 0.0 0.0 -0.631930410861969 0.7750251293182373
1638452464158278942 1.830284833908081 -0.035198941826820374 0.0 0.0 0.0 -0.6318463087081909 0.775093674659729
1638452464328279018 1.832598090171814 -0.04648056998848915 0.0 0.0 0.0 -0.6323400735855103 0.7746909260749817
1638452464530278921 1.8357056379318237 -0.06173329800367355 0.0 0.0 0.0 -0.6326771378517151 0.7744156718254089
1638452464732279062 1.83921217918396 -0.07897117733955383 0.0 0.0 0.0 -0.6327693462371826 0.7743403315544128
1638452464865278959 1.8417295217514038 -0.09137363731861115 0.0 0.0 0.0 -0.633032500743866 0.7741252183914185
1638452464998279095 1.8443793058395386 -0.10444653034210205 0.0 0.0 0.0 -0.6330112218856812 0.7741426229476929
1638452465166279078 1.8477119207382202 -0.12091909348964691 0.0 0.0 0.0 -0.6332949995994568 0.7739105224609375
1638452465298279047 1.850408673286438 -0.13426657021045685 0.0 0.0 0.0 -0.6332980394363403 0.7739080190658569
1638452465467377901 1.85397469997406 -0.1519830822944641 0.0 0.0 0.0 -0.6335943341255188 0.7736654877662659
1638452465634377956 1.8576018810272217 -0.17004872858524323 0.0 0.0 0.0 -0.6338338255882263 0.7734692096710205
1638452465767378092 1.8605563640594482 -0.18481594324111938 0.0 0.0 0.0 -0.6341729760169983 0.7731912136077881
1638452465933377981 1.8644092082977295 -0.20415286719799042 0.0 0.0 0.0 -0.6343631148338318 0.7730351686477661
163845246699378109 1.8683016300201416 -0.2237658053636551 0.0 0.0 0.0 -0.6346654891967773 0.7727869749069214
1638452466267378092 1.8724119663238525 -0.24457409977912903 0.0 0.0 0.0 -0.6352318525314331 0.7723215222358704
1638452466432378054 1.8765287399291992 -0.2655617296695709 0.0 0.0 0.0 -0.6355518698692322 0.7720581293106079
1638452466566378117 1.8798308372497559 -0.2826079726219177 0.0 0.0 0.0 -0.6374088525772095 0.7705257534980774
1638452466764378071 1.8845176696777344 -0.30838146805763245 0.0 0.0 0.0 -0.6444894075393677 0.7646132707595825
1638452466934377909 1.886756181716919 -0.32183897495269775 0.0 0.0 0.0 -0.6481959223747253 0.7614735960960388
163845246767378044 1.8868006467819214 -0.32211384177207947 0.0 0.0 0.0 -0.6480166912078857 0.761626124382019
1638452467201378107 1.8868046998977661 -0.32213881611824036 0.0 0.0 0.0 -0.6479957699775696 0.7616439461708069
1638452467367377996 1.8868046998977661 -0.32213881611824036 0.0 0.0 0.0 -0.6479732394218445 0.7616630792617798
1638452467534378052 1.8869303464889526 -0.3229132890701294 0.0 0.0 0.0 -0.647989809513092 0.7616490125656128
1638452467701378107 1.8872824907302856 -0.3250869810581207 0.0 0.0 0.0 -0.6481420993804932 0.7615193724632263
1638452467861486912 1.8878509998321533 -0.32861021161079407 0.0 0.0 0.0 -0.6485162377357483 0.7612008452415466
163845246826487112 1.8887474536895752 -0.33418285846710205 0.0 0.0 0.0 -0.6484460234642029 0.7612606287002563
1638452468226486921 1.8901442289352417 -0.3428538739681244 0.0 0.0 0.0 -0.6485795378684998 0.7611469030380249
1638452468428487062 1.8918622732162476 -0.3535241186618805 0.0 0.0 0.0 -0.6485557556152344 0.7611671686172485
1638452468561486959 1.8931597471237183 -0.36159586906433105 0.0 0.0 0.0 -0.6484082937240601 0.7612927556037903
1638452468728487015 1.8950259685516357 -0.3731907904148102 0.0 0.0 0.0 -0.6484513282775879 0.7612561583518982
1638452468895487070 1.8971278667449951 -0.38626036047935486 0.0 0.0 0.0 -0.6486464142799377 0.7610899209976196
163845246962487125 1.899486780166626 -0.40098053216934204 0.0 0.0 0.0 -0.6487451791763306 0.761005699634552
1638452469197487116 1.901569128036499 -0.41395068168640137 0.0 0.0 0.0 -0.6487138867378235 0.7610324025154114
1638452469363487005 1.9043095111846924 -0.4310705363750458 0.0 0.0 0.0 -0.6488432288169861 0.7609221339225769
1638452469530487061 1.907157063484192 -0.4488653540611267 0.0 0.0 0.0 -0.6488001346588135 0.7609588503837585
1638452469663486958 1.9095945358276367 -0.46411123871803284 0.0 0.0 0.0 -0.6489123106002808 0.7608632445335388
1638452469811486959 1.912360668182373 -0.4814833402633667 0.0 0.0 0.0 -0.6492609977722168 0.7605656385421753
1638452469964487076 1.9153212308883667 -0.5001316070556641 0.0 0.0 0.0 -0.6492702960968018 0.7605577111244202
163845247097486973 1.91804039478302 -0.5172292590141296 0.0 0.0 0.0 -0.6490488052368164 0.7607467770576477
1638452470265486956 1.9215649366378784 -0.5393502116203308 0.0 0.0 0.0 -0.6490152478218079 0.7607753872871399
1638452470401324034 1.9245277643203735 -0.5579211711883545 0.0 0.0 0.0 -0.6489553451538086 0.7608265280723572
1638452470568324089 1.9284580945968628 -0.582514762878418 0.0 0.0 0.0 -0.6488650441169739 0.760903537273407
1638452470703324080 1.9317394495010376 -0.6030853390693665 0.0 0.0 0.0 -0.6493693590164185 0.7604731917381287
1638452470869324207 1.9358899593353271 -0.6292586326599121 0.0 0.0 0.0 -0.6494542360305786 0.760400652885437
16384524713324032 1.93923020362854 -0.6503324508666992 0.0 0.0 0.0 -0.6495305895805359 0.7603355050086975
1638452471172324181 1.9434988498687744 -0.6774351000785828 0.0 0.0 0.0 -0.6501666307449341 0.7597916722297668
1638452471372324228 1.9486937522888184 -0.7107207179069519 0.0 0.0 0.0 -0.6504527926445007 0.75954669713974
1638452471575324059 1.9542896747589111 -0.7464286088943481 0.0 0.0 0.0 -0.6496109962463379 0.7602667808532715
1638452471778324127 1.9600260257720947 -0.782626748085022 0.0 0.0 0.0 -0.6490224003791809 0.7607693076133728
1638452471911324024 1.963782787322998 -0.8060433864593506 0.0 0.0 0.0 -0.6484315395355225 0.7612729668617249
163845247279324007 1.9686124324798584 -0.8358502388000488 0.0 0.0 0.0 -0.6477261781692505 0.7618732452392578
1638452472211324215 1.9724019765853882 -0.8591333627700806 0.0 0.0 0.0 -0.6478732824325562 0.7617481350898743
1638452472346324205 1.976279377937317 -0.8830946683883667 0.0 0.0 0.0 -0.6484207510948181 0.761282205581665
1638452472513324022 1.9810189008712769 -0.9125571846961975 0.0 0.0 0.0 -0.6484971642494202 0.7612171173095703
1638452472648324013 1.9848552942276 -0.9363712072372437 0.0 0.0 0.0 -0.648268461227417 0.7614118456840515
1638452472813324213 1.9896516799926758 -0.9659270644187927 0.0 0.0 0.0 -0.6475874185562134 0.7619911432266235
1638452472972655058 1.9945693016052246 -0.9958735108375549 0.0 0.0 0.0 -0.6470282077789307 0.7624660730361938
1638452473105654955 1.9984568357467651 -1.019345760345459 0.0 0.0 0.0 -0.6467230916023254 0.7627248764038086
1638452473272655010 2.0033555030822754 -1.0487565994262695 0.0 0.0 0.0 -0.6460721492767334 0.7632763385772705
1638452473405654907 2.007302761077881 -1.072295904159546 0.0 0.0 0.0 -0.6461417078971863 0.7632174491882324
1638452473573654890 2.0122785568237305 -1.1019248962402344 0.0 0.0 0.0 -0.6456887125968933 0.763600766658783
1638452473707654953 2.0162696838378906 -1.1256107091903687 0.0 0.0 0.0 -0.6452736854553223 0.7639514803886414
1638452473907655001 2.0223069190979004 -1.1610925197601318 0.0 0.0 0.0 -0.644993782043457 0.7641878128051758
163845247472654963 2.027348279953003 -1.1905304193496704 0.0 0.0 0.0 -0.6443802118301392 0.7647053003311157
1638452474209655046 2.0315463542938232 -1.2147972583770752 0.0 0.0 0.0 -0.643577516078949 0.7653809189796448
1638452474376654863 2.0366780757904053 -1.2441684007644653 0.0 0.0 0.0 -0.6430730819702148 0.7658048272132874
1638452474510654926 2.040830373764038 -1.2676981687545776 0.0 0.0 0.0 -0.6424289345741272 0.7663452625274658
1638452474710654974 2.047150135040283 -1.303310751914978 0.0 0.0 0.0 -0.6422092318534851 0.766529381275177
1638452474875654936 2.0526416301727295 -1.3340574502944946 0.0 0.0 0.0 -0.6415607333183289 0.7670722007751465
163845247574655056 2.0596389770507812 -1.3730714321136475 0.0 0.0 0.0 -0.6414591670036316 0.7671571969985962
1638452475275655031 2.067037582397461 -1.414122223854065 0.0 0.0 0.0 -0.6409520506858826 0.7675809264183044
1638452475484906912 2.074666976928711 -1.45613431930542 0.0 0.0 0.0 -0.6405901908874512 0.7678829431533813
1638452475684906960 2.0821523666381836 -1.497220754623413 0.0 0.0 0.0 -0.6406435370445251 0.7678384184837341
1638452475850906849 2.0883569717407227 -1.5312594175338745 0.0 0.0 0.0 -0.6405459642410278 0.7679198384284973
163845247616906977 2.0946502685546875 -1.5656166076660156 0.0 0.0 0.0 -0.6396967172622681 0.768627405166626
1638452476148906946 2.0997536182403564 -1.5930896997451782 0.0 0.0 0.0 -0.6388583779335022 0.7693243622779846
1638452476316906929 2.106252670288086 -1.62771737575531 0.0 0.0 0.0 -0.6383630037307739 0.7697354555130005
1638452476450906992 2.111426830291748 -1.6553058624267578 0.0 0.0 0.0 -0.6386483907699585 0.7694987058639526
1638452476617906809 2.1178269386291504 -1.6894373893737793 0.0 0.0 0.0 -0.638906717300415 0.7692842483520508
1638452476750906944 2.122896432876587 -1.7167364358901978 0.0 0.0 0.0 -0.6397944092750549 0.7685461044311523
1638452476915906906 2.1291544437408447 -1.7508426904678345 0.0 0.0 0.0 -0.6403818130493164 0.7680567502975464
163845247750906897 2.1342952251434326 -1.7789521217346191 0.0 0.0 0.0 -0.6402143239974976 0.7681963443756104
1638452477217906952 2.1406593322753906 -1.8135278224945068 0.0 0.0 0.0 -0.639753520488739 0.7685801386833191
1638452477385906935 2.147071361541748 -1.847991704940796 0.0 0.0 0.0 -0.6386128664016724 0.7695281505584717
1638452477519906998 2.152249813079834 -1.8754249811172485 0.0 0.0 0.0 -0.6378530263900757 0.7701581120491028
1638452477653906822 2.1574974060058594 -1.9030253887176514 0.0 0.0 0.0 -0.6374718546867371 0.7704736590385437
1638452477819906950 2.164027214050293 -1.937029242515564 0.0 0.0 0.0 -0.6365306973457336 0.771251380443573
1638452477962786913 2.169463634490967 -1.965005874633789 0.0 0.0 0.0 -0.6360534429550171 0.7716450095176697
163845247896786976 2.174865245819092 -1.9928086996078491 0.0 0.0 0.0 -0.6364129185676575 0.7713485360145569
1638452478264786959 2.181568145751953 -2.027475118637085 0.0 0.0 0.0 -0.6368484497070312 0.7709890007972717
1638452478397786856 2.186800718307495 -2.0547432899475098 0.0 0.0 0.0 -0.6371167302131653 0.770767331123352
1638452478564786911 2.1934051513671875 -2.0891451835632324 0.0 0.0 0.0 -0.6370721459388733 0.7708041667938232
1638452478699786901 2.198681592941284 -2.1167657375335693 0.0 0.0 0.0 -0.6378384828567505 0.7701701521873474
1638452478867786884 2.205195665359497 -2.151236057281494 0.0 0.0 0.0 -0.63826584815979 0.7698160409927368
16384524791786947 2.2104098796844482 -2.178946018218994 0.0 0.0 0.0 -0.6385963559150696 0.7695419192314148
1638452479169786930 2.2169346809387207 -2.2138266563415527 0.0 0.0 0.0 -0.6387593150138855 0.7694066166877747
1638452479302786827 2.2220540046691895 -2.2412707805633545 0.0 0.0 0.0 -0.6391386389732361 0.7690915465354919
1638452479469786882 2.228440523147583 -2.275507688522339 0.0 0.0 0.0 -0.6386188864707947 0.7695231437683105
1638452479603786945 2.233598232269287 -2.3031251430511475 0.0 0.0 0.0 -0.6391381025314331 0.7690919637680054
1638452479771786928 2.2399227619171143 -2.337399482727051 0.0 0.0 0.0 -0.6400336623191833 0.768346905708313
1638452479905786991 2.2450432777404785 -2.365203857421875 0.0 0.0 0.0 -0.6394506692886353 0.7688321471214294
163845248074786901 2.2515780925750732 -2.4002373218536377 0.0 0.0 0.0 -0.6384610533714294 0.7696541547775269
1638452480208786964 2.2568581104278564 -2.428037643432617 0.0 0.0 0.0 -0.6369740962982178 0.7708852291107178
1638452480377417088 2.26357364654541 -2.4628047943115234 0.0 0.0 0.0 -0.6360941529273987 0.7716114521026611
1638452480509417057 2.2688560485839844 -2.4897539615631104 0.0 0.0 0.0 -0.6348252296447754 0.7726557850837708
1638452480676417112 2.275667428970337 -2.5240893363952637 0.0 0.0 0.0 -0.6344390511512756 0.7729728817939758
1638452480878417015 2.2839035987854004 -2.5654964447021484 0.0 0.0 0.0 -0.6341233253479004 0.7732319235801697
163845248113417006 2.289517402648926 -2.593437910079956 0.0 0.0 0.0 -0.6330163478851318 0.7741384506225586
1638452481145416975 2.295105218887329 -2.62086820602417 0.0 0.0 0.0 -0.632022500038147 0.7749500274658203
1638452481312417030 2.3021576404571533 -2.6550517082214355 0.0 0.0 0.0 -0.6312297582626343 0.7755959033966064
1638452481447417021 2.307910680770874 -2.682628870010376 0.0 0.0 0.0 -0.6302577257156372 0.7763859629631042
1638452481614417076 2.315077304840088 -2.7168402671813965 0.0 0.0 0.0 -0.6309424042701721 0.7758296728134155
1638452481751416922 2.3208446502685547 -2.7446470260620117 0.0 0.0 0.0 -0.6312084197998047 0.7756132483482361
1638452481917417049 2.327949047088623 -2.778923511505127 0.0 0.0 0.0 -0.6313963532447815 0.7754602432250977
163845248284417105 2.3350987434387207 -2.81350040435791 0.0 0.0 0.0 -0.6316064596176147 0.7752891778945923
1638452482253417015 2.3422393798828125 -2.848130702972412 0.0 0.0 0.0 -0.6317768692970276 0.7751502990722656
1638452482419417143 2.3492612838745117 -2.8821396827697754 0.0 0.0 0.0 -0.6314364671707153 0.7754276394844055
1638452482553416967 2.3549370765686035 -2.9095263481140137 0.0 0.0 0.0 -0.6313817501068115 0.7754721641540527
1638452482721416950 2.3620026111602783 -2.94381046295166 0.0 0.0 0.0 -0.6320452094078064 0.7749315500259399
1638452482878504038 2.3689942359924316 -2.977903127670288 0.0 0.0 0.0 -0.6322125196456909 0.7747950553894043
163845248378504086 2.377488613128662 -3.0193614959716797 0.0 0.0 0.0 -0.6322966814041138 0.7747263312339783
1638452483284503937 2.3861303329467773 -3.0616164207458496 0.0 0.0 0.0 -0.632613480091095 0.7744677066802979
1638452483452503920 2.388824462890625 -3.0748093128204346 0.0 0.0 0.0 -0.6318509578704834 0.7750899195671082
1638452483619503975 2.3888447284698486 -3.074908494949341 0.0 0.0 0.0 -0.6317074298858643 0.7752068638801575
1638452483820503950 2.3888955116271973 -3.0751564502716064 0.0 0.0 0.0 -0.6348336935043335 0.772648811340332
163845248420503998 2.388904571533203 -3.0752062797546387 0.0 0.0 0.0 -0.6461237668991089 0.7632326483726501
1638452484223504066 2.3889119625091553 -3.07525634765625 0.0 0.0 0.0 -0.6651709079742432 0.7466911673545837
1638452484357504129 2.388911247253418 -3.075256586074829 0.0 0.0 0.0 -0.6820345520973206 0.7313199639320374
1638452484524503946 2.3889126777648926 -3.075256586074829 0.0 0.0 0.0 -0.7087717652320862 0.7054378390312195
1638452484756504059 2.388909101486206 -3.0753321647644043 0.0 0.0 0.0 -0.7538093328475952 0.6570932269096375
1638452484958503962 2.3889405727386475 -3.075183868408203 0.0 0.0 0.0 -0.7965762615203857 0.6045380234718323
1638452485126503944 2.3889756202697754 -3.0750889778137207 0.0 0.0 0.0 -0.830289363861084 0.5573325753211975
1638452485261503935 2.3890397548675537 -3.074951410293579 0.0 0.0 0.0 -0.8546340465545654 0.519230842590332
1638452485428138018 2.389050006866455 -3.074928045272827 0.0 0.0 0.0 -0.8827534914016724 0.4698364734649658
1638452485560137987 2.38908052444458 -3.07488751411438 0.0 0.0 0.0 -0.9051697850227356 0.4250502288341522
1638452485760138035 2.38899564743042 -3.074981689453125 0.0 0.0 0.0 -0.9352769255638123 0.3539167046546936
1638452485929138184 2.3888955116271973 -3.075058698654175 0.0 0.0 0.0 -0.9560299515724182 0.2932690382003784
163845248663138008 2.388895273208618 -3.0750579833984375 0.0 0.0 0.0 -0.9698938131332397 0.24352820217609406
1638452486229138136 2.3888962268829346 -3.075059652328491 0.0 0.0 0.0 -0.983549952507019 0.18063625693321228
1638452486430138111 2.388847589492798 -3.0750732421875 0.0 0.0 0.0 -0.994589626789093 0.10388191044330597
1638452486631138086 2.388698101043701 -3.0750975608825684 0.0 0.0 0.0 -0.9982133507728577 0.059750545769929886
1638452486831138134 2.3886730670928955 -3.0751006603240967 0.0 0.0 0.0 -0.9982042908668518 0.059901196509599686
1638452486963138103 2.3885977268218994 -3.0751097202301025 0.0 0.0 0.0 -0.9982154965400696 0.05971461161971092
1638452487166138172 2.3870644569396973 -3.075291633605957 0.0 0.0 0.0 -0.99825519323349 0.059047143906354904
1638452487333137989 2.383847236633301 -3.0756728649139404 0.0 0.0 0.0 -0.9982545971870422 0.05905725806951523
1638452487499138117 2.37894606590271 -3.07625412940979 0.0 0.0 0.0 -0.9982627630233765 0.05891921743750572
1638452487666138172 2.372436046600342 -3.0770254135131836 0.0 0.0 0.0 -0.9982522130012512 0.05909760296344757
1638452487834138155 2.3641417026519775 -3.078007936477661 0.0 0.0 0.0 -0.9982579946517944 0.05900013819336891
163845248830239105 2.352529764175415 -3.079385280609131 0.0 0.0 0.0 -0.9982675313949585 0.058838535100221634
1638452488230239153 2.340817451477051 -3.0807766914367676 0.0 0.0 0.0 -0.9982568025588989 0.05902025103569031
1638452488431239128 2.3388569355010986 -3.08100962638855 0.0 0.0 0.0 -0.998230516910553 0.05946257337927818
1638452488564239025 2.338655948638916 -3.08103346824646 0.0 0.0 0.0 -0.9983202219009399 0.05793706327676773
1638452488765239000 2.3387062549591064 -3.0810282230377197 0.0 0.0 0.0 -0.9988215565681458 0.04853351414203644
1638452488967239141 2.338756799697876 -3.081023693084717 0.0 0.0 0.0 -0.9991147518157959 0.04206746444106102
1638452489101239204 2.338756799697876 -3.081023693084717 0.0 0.0 0.0 -0.9991114139556885 0.04214714467525482
1638452489300239086 2.338731527328491 -3.0810258388519287 0.0 0.0 0.0 -0.999111533164978 0.042144525796175
1638452489466239214 2.338555097579956 -3.081040620803833 0.0 0.0 0.0 -0.9991332292556763 0.04162737354636192
1638452489601239204 2.3371427059173584 -3.081157922744751 0.0 0.0 0.0 -0.9991457462310791 0.041325196623802185
1638452489768239021 2.3338632583618164 -3.0814290046691895 0.0 0.0 0.0 -0.9991468787193298 0.041298042982816696
1638452489967239141 2.3277337551116943 -3.0819363594055176 0.0 0.0 0.0 -0.9991506338119507 0.041206687688827515
1638452490167239189 2.3186779022216797 -3.0826854705810547 0.0 0.0 0.0 -0.9991558194160461 0.04108162224292755
1638452490365239143 2.3075032234191895 -3.0836079120635986 0.0 0.0 0.0 -0.9991567730903625 0.04105720669031143
1638452490509519815 2.298346519470215 -3.0843615531921387 0.0 0.0 0.0 -0.9991596341133118 0.04098847880959511
1638452490677519798 2.285632848739624 -3.0854039192199707 0.0 0.0 0.0 -0.9991657733917236 0.04083840176463127
1638452490809519768 2.2745330333709717 -3.0863122940063477 0.0 0.0 0.0 -0.9991682767868042 0.0407775342464447
163845249176519966 2.2486252784729004 -3.0884275436401367 0.0 0.0 0.0 -0.9991737604141235 0.040642108768224716
1638452491209519863 2.234448194503784 -3.089590072631836 0.0 0.0 0.0 -0.999161958694458 0.040931545197963715
1638452491375519991 2.21631121635437 -3.0910804271698 0.0 0.0 0.0 -0.9991607666015625 0.040960367769002914
1638452491508519888 2.2017807960510254 -3.0922698974609375 0.0 0.0 0.0 -0.9991729855537415 0.04066092520952225
1638452491674519777 2.18371844291687 -3.0937445163726807 0.0 0.0 0.0 -0.999167799949646 0.04078909009695053
1638452491807519913 2.1693644523620605 -3.0949151515960693 0.0 0.0 0.0 -0.9991747140884399 0.040618881583213806
1638452491973519802 2.150594711303711 -3.096438407897949 0.0 0.0 0.0 -0.9991878867149353 0.04029346629977226
1638452492176519871 2.12602162361145 -3.0984199047088623 0.0 0.0 0.0 -0.9991950392723083 0.04011515527963638
1638452492309519768 2.108562469482422 -3.0998189449310303 0.0 0.0 0.0 -0.9992119073867798 0.039692774415016174
1638452492476519823 2.085651159286499 -3.1016228199005127 0.0 0.0 0.0 -0.999247133731842 0.03879629820585251
1638452492676519871 2.0577917098999023 -3.1037864685058594 0.0 0.0 0.0 -0.9992488026618958 0.03875270113348961
1638452492877519846 2.029832601547241 -3.1059672832489014 0.0 0.0 0.0 -0.9992327094078064 0.039166159927845
163845249354059982 2.0057621002197266 -3.107877016067505 0.0 0.0 0.0 -0.9991984367370605 0.04003094136714935
1638452493221060038 1.9825016260147095 -3.1097593307495117 0.0 0.0 0.0 -0.9991773962974548 0.0405522957444191
1638452493354060173 1.963959813117981 -3.111269474029541 0.0 0.0 0.0 -0.9991673231124878 0.0407995730638504
1638452493520060062 1.94097900390625 -3.1131551265716553 0.0 0.0 0.0 -0.9991492629051208 0.04123955965042114
1638452493654060125 1.9225400686264038 -3.114682912826538 0.0 0.0 0.0 -0.999140739440918 0.04144609346985817
1638452493821060181 1.8994345664978027 -3.1165964603424072 0.0 0.0 0.0 -0.9991534352302551 0.04113903269171715
163845249420060062 1.871862769126892 -3.118858575820923 0.0 0.0 0.0 -0.9991721510887146 0.04068129509687424
1638452494154060125 1.853219985961914 -3.1203784942626953 0.0 0.0 0.0 -0.9991746544837952 0.04062102362513542
1638452494320060015 1.8301881551742554 -3.122260808944702 0.0 0.0 0.0 -0.9991603493690491 0.04097096994519234
1638452494453060150 1.8116477727890015 -3.1237905025482178 0.0 0.0 0.0 -0.9991457462310791 0.04132483899593353
1638452494619060040 1.7885686159133911 -3.1257147789001465 0.0 0.0 0.0 -0.9991232752799988 0.04186510667204857
1638452494755060196 1.7696021795272827 -3.1273136138916016 0.0 0.0 0.0 -0.9991108775138855 0.042160484939813614
1638452494922060013 1.746525764465332 -3.129270315170288 0.0 0.0 0.0 -0.9991000294685364 0.042415957897901535
1638452495121060133 1.7189618349075317 -3.1316256523132324 0.0 0.0 0.0 -0.9990953207015991 0.04252660647034645
1638452495265060186 1.6990629434585571 -3.133312702178955 0.0 0.0 0.0 -0.9991034865379333 0.04233485087752342
1638452495420627832 1.67482590675354 -3.135364294052124 0.0 0.0 0.0 -0.9991093873977661 0.04219585657119751
1638452495556627989 1.6545976400375366 -3.1370599269866943 0.0 0.0 0.0 -0.999143660068512 0.041375938802957535
1638452495721627951 1.6287163496017456 -3.1391892433166504 0.0 0.0 0.0 -0.9991726279258728 0.040670573711395264
1638452495923627853 1.5954909324645996 -3.1418802738189697 0.0 0.0 0.0 -0.9991868138313293 0.040320031344890594
163845249655628061 1.5730878114700317 -3.1436877250671387 0.0 0.0 0.0 -0.9991905093193054 0.040228549391031265
1638452496222627878 1.5449823141098022 -3.145946741104126 0.0 0.0 0.0 -0.9991989135742188 0.04001938924193382
1638452496420627832 1.5116297006607056 -3.148634672164917 0.0 0.0 0.0 -0.9991739988327026 0.04063662886619568
1638452496587627888 1.483527660369873 -3.150935411453247 0.0 0.0 0.0 -0.9991612434387207 0.040948815643787384
1638452496755627871 1.4552479982376099 -3.15323805809021 0.0 0.0 0.0 -0.9991724491119385 0.04067414626479149
1638452496921627998 1.4270951747894287 -3.155538320541382 0.0 0.0 0.0 -0.9991754293441772 0.04060161113739014
1638452497120627880 1.3934667110443115 -3.158268690109253 0.0 0.0 0.0 -0.9991803169250488 0.0404801145195961
1638452497321627855 1.3595101833343506 -3.161024570465088 0.0 0.0 0.0 -0.9991852045059204 0.04036017134785652
1638452497487627983 1.3315321207046509 -3.1632895469665527 0.0 0.0 0.0 -0.9991917610168457 0.0401969850063324
1638452497655627966 1.3031988143920898 -3.1655569076538086 0.0 0.0 0.0 -0.9992068409919739 0.03982141986489296
1638452497822628021 1.275090217590332 -3.1677772998809814 0.0 0.0 0.0 -0.9992424249649048 0.038917798548936844
163845249832877922 1.2406936883926392 -3.170426607131958 0.0 0.0 0.0 -0.999267578125 0.03826645016670227
1638452498233877897 1.206752061843872 -3.1730504035949707 0.0 0.0 0.0 -0.9992435574531555 0.038888853043317795
1638452498400877953 1.1784658432006836 -3.1752734184265137 0.0 0.0 0.0 -0.9992160797119141 0.039588429033756256
1638452498572877884 1.1493490934371948 -3.177586317062378 0.0 0.0 0.0 -0.9992137551307678 0.03964667767286301
1638452498704877853 1.127119779586792 -3.1793441772460938 0.0 0.0 0.0 -0.9992335438728333 0.0391443632543087
1638452498853878021 1.1020647287368774 -3.1813273429870605 0.0 0.0 0.0 -0.9992138743400574 0.03964310511946678
163845249918877983 1.074411392211914 -3.1835248470306396 0.0 0.0 0.0 -0.9992231130599976 0.039410948753356934
1638452499184877872 1.0464277267456055 -3.1857171058654785 0.0 0.0 0.0 -0.9992465972900391 0.038810472935438156
1638452499316877842 1.024120569229126 -3.187453031539917 0.0 0.0 0.0 -0.9992445111274719 0.03886467218399048
1638452499450877905 1.0014855861663818 -3.189218521118164 0.0 0.0 0.0 -0.9992379546165466 0.039032869040966034
1638452499617877960 0.9730991721153259 -3.1914565563201904 0.0 0.0 0.0 -0.9992119073867798 0.039692893624305725
1638452499751878023 0.9503663182258606 -3.1932685375213623 0.0 0.0 0.0 -0.9992044568061829 0.03988085687160492
1638452499918877840 0.9222609400749207 -3.1955292224884033 0.0 0.0 0.0 -0.9991851449012756 0.040362074971199036
1638452500118877888 0.8886575102806091 -3.1982548236846924 0.0 0.0 0.0 -0.9991827607154846 0.040420204401016235
1638452500284878016 0.8607308864593506 -3.2005271911621094 0.0 0.0 0.0 -0.9991766810417175 0.04057016596198082
1638452500460650206 0.8326259255409241 -3.2027924060821533 0.0 0.0 0.0 -0.9992205500602722 0.039475150406360626
1638452500595650196 0.809814989566803 -3.204580307006836 0.0 0.0 0.0 -0.9992453455924988 0.038842517882585526
1638452500761650085 0.7816519141197205 -3.2067534923553467 0.0 0.0 0.0 -0.9992697834968567 0.03820938989520073
1638452500960650206 0.7480122447013855 -3.209341526031494 0.0 0.0 0.0 -0.9992642998695374 0.03835197910666466
1638452501128650188 0.7197704911231995 -3.2114803791046143 0.0 0.0 0.0 -0.999298095703125 0.0374605767428875
1638452501328649998 0.686023473739624 -3.2139928340911865 0.0 0.0 0.0 -0.9993193745613098 0.03688829019665718
1638452501462650061 0.6635079979896545 -3.2156598567962646 0.0 0.0 0.0 -0.9993317127227783 0.036552466452121735
1638452501628650188 0.6353851556777954 -3.2176918983459473 0.0 0.0 0.0 -0.9993700981140137 0.03548790514469147
1638452501762650013 0.6128637790679932 -3.219277858734131 0.0 0.0 0.0 -0.9993923902511597 0.03485529497265816
1638452501895650148 0.5902151465415955 -3.2208571434020996 0.0 0.0 0.0 -0.9993969202041626 0.034724004566669464
163845250262650204 0.56211256980896 -3.22281551361084 0.0 0.0 0.0 -0.9993800520896912 0.035205911844968796
1638452502228650093 0.5339382290840149 -3.2248353958129883 0.0 0.0 0.0 -0.9993531703948975 0.035962291061878204
1638452502429650068 0.5000619292259216 -3.2273154258728027 0.0 0.0 0.0 -0.9993261098861694 0.03670661896467209
1638452502561650038 0.4778478443622589 -3.2289397716522217 0.0 0.0 0.0 -0.9993363618850708 0.036425117403268814
1638452502727650166 0.4498264789581299 -3.230971097946167 0.0 0.0 0.0 -0.9993566870689392 0.03586305305361748
1638452502861649990 0.42728063464164734 -3.232569694519043 0.0 0.0 0.0 -0.9993889331817627 0.034953583031892776
163845250342205095 0.3937222957611084 -3.234881639480591 0.0 0.0 0.0 -0.9994205832481384 0.03403716906905174
1638452503208205223 0.3657432794570923 -3.2367935180664062 0.0 0.0 0.0 -0.9994063973426819 0.03445058315992355
1638452503407205105 0.33193662762641907 -3.239182949066162 0.0 0.0 0.0 -0.9993582963943481 0.03581814095377922
1638452503574205160 0.31540125608444214 -3.2403783798217773 0.0 0.0 0.0 -0.9993562698364258 0.035876158624887466
1638452503774205208 0.3148963451385498 -3.2404143810272217 0.0 0.0 0.0 -0.9994471073150635 0.03324856981635094
1638452503973205090 0.3148711025714874 -3.2404162883758545 0.0 0.0 0.0 0.9997840523719788 -0.02077970653772354
1638452504172205210 0.3148711025714874 -3.2404165267944336 0.0 0.0 0.0 0.9999952912330627 0.003072570776566863
1638452504372205019 0.31494688987731934 -3.2404208183288574 0.0 0.0 0.0 0.9993064999580383 0.03723554685711861
1638452504570205212 0.31497201323509216 -3.2404239177703857 0.0 0.0 0.0 0.9964863061904907 0.08375579863786697
1638452504772205114 0.3151201903820038 -3.2404568195343018 0.0 0.0 0.0 0.9897018671035767 0.14314408600330353
1638452504904205084 0.31516897678375244 -3.2404704093933105 0.0 0.0 0.0 0.9821560978889465 0.1880674958229065
163845250572205067 0.3152602016925812 -3.240514039993286 0.0 0.0 0.0 0.9677658677101135 0.25185152888298035
1638452505271205187 0.31521910429000854 -3.2404847145080566 0.0 0.0 0.0 0.9433615803718567 0.33176636695861816
1638452505450789213 0.31518107652664185 -3.2404513359069824 0.0 0.0 0.0 0.9148930311203003 0.40369629859924316
1638452505619789124 0.31513601541519165 -3.2403903007507324 0.0 0.0 0.0 0.8788220882415771 0.47714963555336
1638452505751789093 0.31510913372039795 -3.240347385406494 0.0 0.0 0.0 0.8467122316360474 0.5320510864257812
1638452505916789055 0.31507110595703125 -3.2402536869049072 0.0 0.0 0.0 0.8018333911895752 0.597547709941864
163845250650789118 0.31506991386413574 -3.2402536869049072 0.0 0.0 0.0 0.7794573307037354 0.6264553666114807
1638452506218789101 0.3150644600391388 -3.2402288913726807 0.0 0.0 0.0 0.7794269323348999 0.6264930963516235
1638452506354789019 0.3150644600391388 -3.2402288913726807 0.0 0.0 0.0 0.7790887355804443 0.6269136667251587
1638452506521789074 0.31506970524787903 -3.2402536869049072 0.0 0.0 0.0 0.7752106189727783 0.6317028403282166
1638452506654789209 0.31506961584091187 -3.2402536869049072 0.0 0.0 0.0 0.7709094285964966 0.6369448304176331
1638452506854789019 0.3150695264339447 -3.2402536869049072 0.0 0.0 0.0 0.7644895911216736 0.6446360349655151
163845250754789066 0.3150657117366791 -3.2402286529541016 0.0 0.0 0.0 0.7580724358558655 0.6521703600883484
1638452507220789194 0.3150618076324463 -3.240203619003296 0.0 0.0 0.0 0.7532153129577637 0.657774031162262
1638452507355789185 0.3150685429573059 -3.2402536869049072 0.0 0.0 0.0 0.7487522959709167 0.6628499627113342
1638452507520789146 0.315071165561676 -3.240278959274292 0.0 0.0 0.0 0.7434177994728088 0.6688273549079895
1638452507719789028 0.3150712251663208 -3.240278959274292 0.0 0.0 0.0 0.7408444881439209 0.6716766357421875
1638452507853789091 0.3150687515735626 -3.2402536869049072 0.0 0.0 0.0 0.740750789642334 0.6717799305915833
16384525085074978 0.314988374710083 -3.23942232131958 0.0 0.0 0.0 0.7401350736618042 0.6724582314491272
1638452508173074961 0.31473544239997864 -3.236776828765869 0.0 0.0 0.0 0.7399643659591675 0.6726461052894592
1638452508374074936 0.3142302334308624 -3.231510877609253 0.0 0.0 0.0 0.7401586174964905 0.6724323034286499
1638452508507074833 0.3137414753437042 -3.226421356201172 0.0 0.0 0.0 0.7400689721107483 0.6725309491157532
1638452508677074909 0.31297025084495544 -3.218384027481079 0.0 0.0 0.0 0.740236222743988 0.6723468899726868
1638452508847074986 0.31203073263168335 -3.208583354949951 0.0 0.0 0.0 0.7399734258651733 0.6726361513137817
163845250913074875 0.3109634518623352 -3.197370767593384 0.0 0.0 0.0 0.7395591139793396 0.6730915904045105
1638452509179075003 0.3097095787525177 -3.1841418743133545 0.0 0.0 0.0 0.7396712899208069 0.672968327999115
1638452509382074833 0.30801013112068176 -3.166200876235962 0.0 0.0 0.0 0.7397421002388 0.6728904843330383
1638452509585074902 0.3061453104019165 -3.1464197635650635 0.0 0.0 0.0 0.7393565773963928 0.673314094543457
1638452509752074957 0.30449041724205017 -3.128652334213257 0.0 0.0 0.0 0.7390084266662598 0.6736961603164673
1638452509920074940 0.3028098940849304 -3.110506057739258 0.0 0.0 0.0 0.7390148639678955 0.6736891269683838
1638452510120074987 0.30068668723106384 -3.0876219272613525 0.0 0.0 0.0 0.7391502261161804 0.6735405921936035
1638452510322074890 0.2983253598213196 -3.062217950820923 0.0 0.0 0.0 0.7391706109046936 0.6735182404518127
1638452510502784967 0.29618334770202637 -3.0394375324249268 0.0 0.0 0.0 0.7398172616958618 0.6728078722953796
1638452510669785023 0.2939060926437378 -3.015627861022949 0.0 0.0 0.0 0.7401824593544006 0.6724060773849487
1638452510872785091 0.2910163104534149 -2.9855709075927734 0.0 0.0 0.0 0.7400197982788086 0.6725850701332092
16384525115784988 0.28913792967796326 -2.9656894207000732 0.0 0.0 0.0 0.7393128871917725 0.6733620762825012
1638452511171785116 0.28683987259864807 -2.9409916400909424 0.0 0.0 0.0 0.7390328049659729 0.6736694574356079
1638452511304785013 0.28502199053764343 -2.9213078022003174 0.0 0.0 0.0 0.7388172149658203 0.6739058494567871
1638452511471785069 0.2827504873275757 -2.896658420562744 0.0 0.0 0.0 0.7389675974845886 0.6737409830093384
1638452511670784950 0.279925137758255 -2.8660359382629395 0.0 0.0 0.0 0.7389317750930786 0.6737802624702454
1638452511802784920 0.27798739075660706 -2.844914436340332 0.0 0.0 0.0 0.7388203740119934 0.6739024519920349
1638452511969784975 0.27551785111427307 -2.8181989192962646 0.0 0.0 0.0 0.7391888499259949 0.6734982132911682
1638452512168785095 0.2725737690925598 -2.786672353744507 0.0 0.0 0.0 0.7393812537193298 0.6732869744300842
1638452512369785070 0.269573450088501 -2.7546424865722656 0.0 0.0 0.0 0.7394457459449768 0.6732161641120911
1638452512570785046 0.26658669114112854 -2.7228658199310303 0.0 0.0 0.0 0.7394779920578003 0.6731807589530945
1638452512703784943 0.26460856199264526 -2.701798677444458 0.0 0.0 0.0 0.7393158078193665 0.6733588576316833
1638452512868784904 0.26215416193008423 -2.6754887104034424 0.0 0.0 0.0 0.7392774224281311 0.6734009981155396
16384525131062155 0.26014819741249084 -2.653991937637329 0.0 0.0 0.0 0.7392329573631287 0.6734498143196106
1638452513201061964 0.2571200132369995 -2.621990203857422 0.0 0.0 0.0 0.7399930357933044 0.672614574432373
1638452513369061947 0.25456109642982483 -2.595410108566284 0.0 0.0 0.0 0.7404212951660156 0.6721430420875549
1638452513501062155 0.2525289058685303 -2.574348211288452 0.0 0.0 0.0 0.7402054667472839 0.6723806858062744
1638452513668061972 0.24996046721935272 -2.5477945804595947 0.0 0.0 0.0 0.7402699589729309 0.6723097562789917
1638452513800061941 0.24795007705688477 -2.526806592941284 0.0 0.0 0.0 0.7399862408638 0.67262202501297
1638452513968062162 0.24542373418807983 -2.5003252029418945 0.0 0.0 0.0 0.7399517893791199 0.6726598739624023
1638452514168061972 0.24235618114471436 -2.46842885017395 0.0 0.0 0.0 0.7405350208282471 0.6720178127288818
1638452514301062107 0.24027715623378754 -2.447117328643799 0.0 0.0 0.0 0.740767776966095 0.671761155128479
1638452514470062017 0.23761606216430664 -2.420165777206421 0.0 0.0 0.0 0.7412424683570862 0.6712373495101929
1638452514605062008 0.23547878861427307 -2.3987834453582764 0.0 0.0 0.0 0.7416152954101562 0.6708254218101501
1638452514772062063 0.23279108107089996 -2.372267007827759 0.0 0.0 0.0 0.7419859170913696 0.670415461063385
1638452514971061945 0.22953833639621735 -2.3405673503875732 0.0 0.0 0.0 0.7425577640533447 0.6697820425033569
1638452515172062159 0.22625404596328735 -2.3087692260742188 0.0 0.0 0.0 0.7424914836883545 0.669855535030365
1638452515374062061 0.22294218838214874 -2.276872158050537 0.0 0.0 0.0 0.742879331111908 0.6694253087043762
1638452515577868938 0.21959078311920166 -2.244852066040039 0.0 0.0 0.0 0.7432376146316528 0.6690275073051453
1638452515712868929 0.21729525923728943 -2.223257303237915 0.0 0.0 0.0 0.7438426613807678 0.6683547496795654
1638452515878868818 0.21445506811141968 -2.1969354152679443 0.0 0.0 0.0 0.7442409992218018 0.667911171913147
163845251612868881 0.21215404570102692 -2.175748348236084 0.0 0.0 0.0 0.7444162368774414 0.6677159070968628
1638452516145868778 0.2098495066165924 -2.1545872688293457 0.0 0.0 0.0 0.7443514466285706 0.6677880883216858
1638452516312868834 0.20696362853050232 -2.1281936168670654 0.0 0.0 0.0 0.7445322871208191 0.6675864458084106
1638452516547868967 0.20288744568824768 -2.090904951095581 0.0 0.0 0.0 0.744490385055542 0.6676331758499146
1638452516713868856 0.19999198615550995 -2.064537525177002 0.0 0.0 0.0 0.7448908090591431 0.6671863794326782
1638452516847868919 0.19763170182704926 -2.0431532859802246 0.0 0.0 0.0 0.744939386844635 0.6671321392059326
163845251714868975 0.194692462682724 -2.0166127681732178 0.0 0.0 0.0 0.7451174259185791 0.6669332981109619
1638452517146868944 0.19234320521354675 -1.9956094026565552 0.0 0.0 0.0 0.7456033229827881 0.6663900017738342
1638452517378868818 0.18819189071655273 -1.958813190460205 0.0 0.0 0.0 0.7457478642463684 0.6662282943725586
1638452517579868793 0.18459469079971313 -1.9268198013305664 0.0 0.0 0.0 0.7452680468559265 0.6667649745941162
1638452517814868927 0.1804964691400528 -1.889635682106018 0.0 0.0 0.0 0.7443398833274841 0.6678009629249573
1638452517984006882 0.17767399549484253 -1.863566279411316 0.0 0.0 0.0 0.7441328763961792 0.668031632900238
1638452518152006865 0.1747708022594452 -1.836665391921997 0.0 0.0 0.0 0.7441235780715942 0.668042004108429
1638452518321007013 0.1718682497739792 -1.8098152875900269 0.0 0.0 0.0 0.7441526651382446 0.6680096387863159
1638452518454006910 0.16956476867198944 -1.7885522842407227 0.0 0.0 0.0 0.744317889213562 0.66782546043396
1638452518624006987 0.16665019094944 -1.7617543935775757 0.0 0.0 0.0 0.7442770004272461 0.6678710579872131
1638452518824006796 0.16319313645362854 -1.7299234867095947 0.0 0.0 0.0 0.744374692440033 0.6677621603012085
163845251926006937 0.15972280502319336 -1.6979159116744995 0.0 0.0 0.0 0.7441747188568115 0.6679850220680237
1638452519161006927 0.15742313861846924 -1.676576018333435 0.0 0.0 0.0 0.7439017295837402 0.6682890057563782
1638452519329006910 0.15455539524555206 -1.6499513387680054 0.0 0.0 0.0 0.7440887689590454 0.668080747127533
1638452519464006901 0.15222664177417755 -1.6283599138259888 0.0 0.0 0.0 0.7442254424095154 0.6679284572601318
1638452519597006798 0.14991311728954315 -1.6070724725723267 0.0 0.0 0.0 0.7445520162582397 0.6675644516944885
1638452519764006853 0.14700108766555786 -1.580554485321045 0.0 0.0 0.0 0.7449160218238831 0.6671582460403442
1638452519899006844 0.14465303719043732 -1.5592963695526123 0.0 0.0 0.0 0.7450047731399536 0.6670591235160828
163845252077006817 0.14151275157928467 -1.5308935642242432 0.0 0.0 0.0 0.7449877262115479 0.6670781970024109
1638452520211006880 0.13915535807609558 -1.509636402130127 0.0 0.0 0.0 0.7449567317962646 0.6671128273010254
1638452520384006977 0.1361500471830368 -1.4822883605957031 0.0 0.0 0.0 0.7445104718208313 0.6676108241081238
1638452520517030001 0.13386991620063782 -1.4613536596298218 0.0 0.0 0.0 0.7442095279693604 0.6679462194442749
1638452520651029825 0.13157539069652557 -1.4400895833969116 0.0 0.0 0.0 0.7438907623291016 0.6683012247085571
1638452520820029974 0.12867499887943268 -1.4130101203918457 0.0 0.0 0.0 0.7436103820800781 0.6686131954193115
1638452520953029871 0.12642845511436462 -1.3919191360473633 0.0 0.0 0.0 0.7435624599456787 0.6686664819717407
1638452521119029999 0.12360569834709167 -1.3654167652130127 0.0 0.0 0.0 0.7434954047203064 0.66874098777771
1638452521356029987 0.1196533814072609 -1.3279622793197632 0.0 0.0 0.0 0.7428170442581177 0.6694944500923157
1638452521521029949 0.11692346632480621 -1.3016537427902222 0.0 0.0 0.0 0.7423937916755676 0.6699637770652771
1638452521726029873 0.11363888531923294 -1.2692703008651733 0.0 0.0 0.0 0.7415863275527954 0.6708574295043945
1638452521860029936 0.11151669174432755 -1.2480647563934326 0.0 0.0 0.0 0.7414383292198181 0.6710209846496582
163845252229029846 0.10882832854986191 -1.2210906744003296 0.0 0.0 0.0 0.7412207126617432 0.6712613701820374
1638452522161029816 0.10673440247774124 -1.2000093460083008 0.0 0.0 0.0 0.7413681149482727 0.6710985898971558
1638452522361029863 0.10352478176355362 -1.1679999828338623 0.0 0.0 0.0 0.7417739033699036 0.6706500053405762
1638452522563030005 0.10031034052371979 -1.1359657049179077 0.0 0.0 0.0 0.7413244843482971 0.6711467504501343
1638452522698029995 0.09818246960639954 -1.1145061254501343 0.0 0.0 0.0 0.741054356098175 0.6714450120925903
1638452522865029812 0.09558535367250443 -1.08798086643219 0.0 0.0 0.0 0.7404410243034363 0.6721213459968567
163845252329260874 0.09307311475276947 -1.0618033409118652 0.0 0.0 0.0 0.7398808002471924 0.6727379560470581
1638452523162261009 0.0910855084657669 -1.0407880544662476 0.0 0.0 0.0 0.7395065426826477 0.6731493473052979
1638452523328260899 0.08859345316886902 -1.0142018795013428 0.0 0.0 0.0 0.7391339540481567 0.6735584735870361
1638452523526261091 0.08562834560871124 -0.9824740886688232 0.0 0.0 0.0 0.7394847869873047 0.6731732487678528
1638452523659260988 0.08363901823759079 -0.9612810015678406 0.0 0.0 0.0 0.7394434213638306 0.6732187271118164
1638452523827260971 0.08115539699792862 -0.9347702264785767 0.0 0.0 0.0 0.7393192052841187 0.6733551025390625
1638452523962260962 0.07914591580629349 -0.9131467938423157 0.0 0.0 0.0 0.7389473915100098 0.6737631559371948
163845252497260952 0.07717613130807877 -0.8917484879493713 0.0 0.0 0.0 0.7385692000389099 0.6741777062416077
1638452524263261080 0.07479037344455719 -0.8654066920280457 0.0 0.0 0.0 0.7379887700080872 0.6748130321502686
1638452524430260897 0.07244718074798584 -0.8390610218048096 0.0 0.0 0.0 0.737673282623291 0.675157904624939
1638452524632261038 0.06956559419631958 -0.8067154884338379 0.0 0.0 0.0 0.7378792762756348 0.6749327182769775
1638452524833261013 0.06667729467153549 -0.7745230197906494 0.0 0.0 0.0 0.7384442090988159 0.674314558506012
1638452524967261076 0.064723901450634 -0.753250241279602 0.0 0.0 0.0 0.7389004230499268 0.673814594745636
1638452525167260885 0.06177174672484398 -0.7215465903282166 0.0 0.0 0.0 0.7392020225524902 0.6734837293624878
1638452525299261093 0.05980433523654938 -0.7004530429840088 0.0 0.0 0.0 0.7392427325248718 0.673439085483551
1638452525467261076 0.05735185369849205 -0.6738123297691345 0.0 0.0 0.0 0.7382305860519409 0.6745484471321106
1638452525669333935 0.05451677739620209 -0.6422503590583801 0.0 0.0 0.0 0.7379635572433472 0.6748405694961548
1638452525803333998 0.05260801315307617 -0.6208973526954651 0.0 0.0 0.0 0.7379223704338074 0.6748855710029602
1638452525970334053 0.05021391808986664 -0.5942259430885315 0.0 0.0 0.0 0.7380289435386658 0.6747690439224243
1638452526105334044 0.04827560856938362 -0.5725706219673157 0.0 0.0 0.0 0.7379799485206604 0.6748226284980774
1638452526272334099 0.045885294675827026 -0.5461021065711975 0.0 0.0 0.0 0.7385658025741577 0.6741814017295837
1638452526404334068 0.04396286979317665 -0.5251315832138062 0.0 0.0 0.0 0.738638699054718 0.6741015315055847
1638452526572334051 0.04151122272014618 -0.4983382523059845 0.0 0.0 0.0 0.7387384176254272 0.6739922165870667
1638452526707334042 0.03953974321484566 -0.4769655466079712 0.0 0.0 0.0 0.7389345169067383 0.6737772226333618
1638452526874334097 0.03709154576063156 -0.45045146346092224 0.0 0.0 0.0 0.7388888001441956 0.6738274097442627
16384525278333921 0.035135094076395035 -0.42925527691841125 0.0 0.0 0.0 0.7389609813690186 0.6737481951713562
1638452527176333904 0.03264302387833595 -0.40251651406288147 0.0 0.0 0.0 0.7392591238021851 0.6734210848808289
1638452527309334040 0.03061874397099018 -0.38104701042175293 0.0 0.0 0.0 0.7398285865783691 0.6727953553199768
1638452527510334015 0.027570730075240135 -0.3491235375404358 0.0 0.0 0.0 0.7400971055030823 0.6725000143051147
1638452527677334070 0.02501557767391205 -0.32264503836631775 0.0 0.0 0.0 0.7402366399765015 0.6723464131355286
1638452527811333895 0.022955087944865227 -0.3012807369232178 0.0 0.0 0.0 0.7401495575904846 0.6724423170089722
16384525283557920 0.019931618124246597 -0.2694566547870636 0.0 0.0 0.0 0.73939049243927 0.6732768416404724
1638452528206557989 0.016943734139204025 -0.23729874193668365 0.0 0.0 0.0 0.7387601733207703 0.6739683747291565
1638452528374557972 0.014506874606013298 -0.2107073962688446 0.0 0.0 0.0 0.7387228012084961 0.674009382724762
1638452528574557781 0.011578433215618134 -0.17862024903297424 0.0 0.0 0.0 0.7382247447967529 0.6745548248291016
1638452528776557922 0.008657272905111313 -0.14648160338401794 0.0 0.0 0.0 0.7385115027427673 0.6742408871650696
1638452528976557970 0.005747995804995298 -0.1147739440202713 0.0 0.0 0.0 0.7385605573654175 0.674187183380127
1638452529210557938 0.0023411931470036507 -0.07754560559988022 0.0 0.0 0.0 0.7386340498924255 0.6741065979003906
1638452529409557819 -0.00055123824859038 -0.045785579830408096 0.0 0.0 0.0 0.7384224534034729 0.6743384003639221
1638452529576557875 -0.0029373285360634327 -0.01939293183386326 0.0 0.0 0.0 0.7383069396018982 0.6744648814201355
1638452529710557938 -0.004868468269705772 0.0018564059864729643 0.0 0.0 0.0 0.7386190891265869 0.6741230487823486
1638452529875557899 -0.007305965758860111 0.028320608660578728 0.0 0.0 0.0 0.7390576601028442 0.6736421585083008
163845253010557890 -0.008254402317106724 0.0385020449757576 0.0 0.0 0.0 0.7392808794975281 0.6733972430229187
1638452530279557943 -0.008282734081149101 0.03880445286631584 0.0 0.0 0.0 0.7393151521682739 0.6733595728874207
1638452530469152927 -0.00828508473932743 0.03882965072989464 0.0 0.0 0.0 0.7393416166305542 0.6733304858207703
1638452530706152916 -0.008285080082714558 0.03882965072989464 0.0 0.0 0.0 0.7393280863761902 0.6733453273773193
1638452530874152899 -0.008285083808004856 0.03882964700460434 0.0 0.0 0.0 0.739418089389801 0.6732465624809265
163845253177152967 -0.008301421999931335 0.0390060655772686 0.0 0.0 0.0 0.7380399703979492 0.6747569441795349
1638452531278152943 -0.008296232670545578 0.03893030807375908 0.0 0.0 0.0 0.7303856015205383 0.6830350756645203
1638452531411152840 -0.00829281099140644 0.038879796862602234 0.0 0.0 0.0 0.7213180661201477 0.6926039457321167
1638452531577152967 -0.008293536491692066 0.03890509530901909 0.0 0.0 0.0 0.7057204246520996 0.7084904313087463
1638452531780153036 -0.008297169581055641 0.038778599351644516 0.0 0.0 0.0 0.682765007019043 0.7306380271911621
1638452531981153011 -0.008315439336001873 0.038627833127975464 0.0 0.0 0.0 0.6542396545410156 0.7562873363494873
1638452532183152914 -0.008329334668815136 0.03857892379164696 0.0 0.0 0.0 0.6191458106040955 0.7852759957313538
1638452532382153034 -0.008310218341648579 0.03862599655985832 0.0 0.0 0.0 0.5814900398254395 0.813553512096405
1638452532615152836 -0.008267123252153397 0.03871766850352287 0.0 0.0 0.0 0.5343943238258362 0.845235288143158
1638452532818152905 -0.008216949179768562 0.03880563750863075 0.0 0.0 0.0 0.49244746565818787 0.8703421354293823
1638452532994056940 -0.008145117200911045 0.03890981152653694 0.0 0.0 0.0 0.45731860399246216 0.8893029093742371
1638452533159056902 -0.008095980621874332 0.03896778076887131 0.0 0.0 0.0 0.4182809293270111 0.9083176851272583
1638452533327056885 -0.008043887093663216 0.039023011922836304 0.0 0.0 0.0 0.37317460775375366 0.9277611374855042
1638452533527056932 -0.008063211105763912 0.039006754755973816 0.0 0.0 0.0 0.31967246532440186 0.9475281238555908
1638452533726057053 -0.00804234854876995 0.03902101889252663 0.0 0.0 0.0 0.26468536257743835 0.9643348455429077
1638452533861057043 -0.008042819797992706 0.039021868258714676 0.0 0.0 0.0 0.22644691169261932 0.9740235209465027
163845253460056925 -0.008042743429541588 0.03902141749858856 0.0 0.0 0.0 0.16924338042736053 0.9855743050575256
1638452534227056980 -0.0080657247453928 0.03900976851582527 0.0 0.0 0.0 0.12202665209770203 0.9925268292427063
1638452534427057028 -0.008264372125267982 0.038971494883298874 0.0 0.0 0.0 0.06308124959468842 0.9980083703994751
1638452534626056910 -0.008390597067773342 0.038962990045547485 0.0 0.0 0.0 0.022300537675619125 0.9997513294219971
1638452534830056906 -0.008441170677542686 0.0389607772231102 0.0 0.0 0.0 0.02169322595000267 0.9997646808624268
163845253531056881 -0.008441170677542686 0.0389607772231102 0.0 0.0 0.0 0.021620385348796844 0.9997662305831909
1638452535264056921 0.005178496088592084 0.054459258637336916 0.01599081570672056 -0.0022413542236114576 0.001351156415720805 0.010194063853464002 0.9999445867815097
1638452535430057049 0.005153190311508586 0.05445874232864415 0.015990885260171537 -0.0022413745899870245 0.0013511227913283917 0.01017904413767514 0.9999447715050347
1638452535637863159 0.005153190311508586 0.05445874232864415 0.015990885260171537 -0.002241450881508027 0.001350996059709846 0.010122525423598656 0.9999453129547129
1638452535804862976 0.005153190311508584 0.05445874232864415 0.015990885260171537 -0.0022416090586626293 0.0013507337845808007 0.010005502016555763 0.9999465287873847
16384525368862972 0.005153190225761635 0.05445873860437974 0.015990885277196016 -0.0022415353769962253 0.0013508559663434395 0.010060016664137082 0.9999459642642441
1638452536174863100 0.005153190225761635 0.05445873860437974 0.015990885277196016 -0.0022414783560349805 0.0013509506704353631 0.010102253904695047 0.9999455564293207
1638452536407863140 0.005153190225761635 0.05445873860437974 0.015990885277196016 -0.0022414156191682038 0.0013510547122557405 0.010148673864568292 0.9999450775346088
1638452536675863028 0.005178496002845135 0.0544592549130725 0.015990815723745038 -0.0022414139625411673 0.0013510576003148338 0.010149945962538737 0.9999450921806821
1638452536972863197 0.005153190397255534 0.05445874605290856 0.015990885243147058 -0.0022414471637100426 0.0013510022275739976 0.010125277044940807 0.9999452850266238
1638452537173863173 0.005153190397255534 0.05445874605290856 0.015990885243147058 -0.002241477866080864 0.0013509515245904683 0.010102630132791723 0.9999455607609559
1638452537372863054 0.005153190568749433 0.0544587535014374 0.0159908852090981 -0.0022414803716382997 0.0013509471565596582 0.010100706154455751 0.9999455386095741
1638452537572863102 0.005178496345832935 0.05445926981013016 0.015990815655647122 -0.002241406718560917 0.0013510696019923777 0.010155302066511968 0.9999450346304487
1638452537774863005 0.005153190654496383 0.054458757225701815 0.01599088519207362 -0.002241458047871784 0.0013509841933440018 0.010117228920115986 0.9999453711911459
1638452537973863125 0.005178496431579885 0.05445927353439458 0.015990815638622643 -0.0022415022854927087 0.001350910834390229 0.010084498153886299 0.9999457096519941
1638452538176275015 0.005153190825990283 0.05445876467423064 0.015990885158024666 -0.002241391844943463 0.0013510942776774745 0.010166310414395916 0.9999449229395361
