1638452437312036037 -2.27263108505682e-12 7.118069333955646e-08 0.0 0.0 0.0 0.0002607908099889755 0.9999999403953552
1638452437411036015 -2.27263108505682e-12 7.118069333955646e-08 0.0 0.0 0.0 3.1717121601104736e-05 1.0
1638452437511036158 -2.27263108505682e-12 7.118069333946498e-08 0.0 0.0 0.0 0.00017166510224342346 1.0
1638452437610036135 -2.27263108505682e-12 7.118069333946498e-08 0.0 0.0 0.0 0.00022351741790771484 1.0
1638452437743036032 -1.7431193207601003e-12 7.11835212995533e-08 0.0 0.0 0.0 0.00016923248767852783 1.0
1638452437850493908 -1.7431193207601003e-12 7.11835212995533e-08 0.0 0.0 0.0 0.00010787881910800934 1.0
1638452437950494051 -1.7431193207601003e-12 7.11835212995533e-08 0.0 0.0 0.0 0.00014899484813213348 1.0
163845243850493956 -1.7431193207601003e-12 7.11835212995533e-08 0.0 0.0 0.0 0.00017638318240642548 1.0
1638452438152493954 -1.6690903216834418e-12 6.998411095073554e-08 0.0 0.0 0.0 0.00023510120809078217 1.0
1638452438252494097 -1.6690903216834418e-12 6.998411095073554e-08 0.0 0.0 0.0 0.00017219409346580505 1.0
1638452438352494001 -1.6690903216834418e-12 6.998411095073554e-08 0.0 0.0 0.0 0.00020709261298179626 1.0
1638452438453494072 -1.6690903216834418e-12 6.998411095073554e-08 0.0 0.0 0.0 0.0004271995276212692 0.9999998807907104
1638452438553493977 -1.6690903216834418e-12 6.998411095073554e-08 0.0 0.0 0.0 0.0003578290343284607 0.9999999403953552
1638452438653494120 -1.6690903216834418e-12 6.998411095073554e-08 0.0 0.0 0.0 0.00035169534385204315 0.9999999403953552
1638452438752494097 -1.6690903216834418e-12 6.998411095073554e-08 0.0 0.0 0.0 0.0001764204353094101 1.0
1638452438853493929 2.531068275857251e-05 7.832511528240449e-08 0.0 0.0 0.0 0.00018901564180850983 1.0
1638452438955493927 -3.1078058963102118e-12 7.266165624732768e-08 0.0 0.0 0.0 0.00011788681149482727 1.0
163845243954493904 -2.540909106382716e-12 7.1346029528649e-08 0.0 0.0 0.0 0.0002662874758243561 0.9999999403953552
1638452439156493902 -5.240068361861416e-12 7.823327052838014e-08 0.0 0.0 0.0 0.0001674126833677292 1.0
1638452439255494118 -5.240068361861416e-12 7.823327052838014e-08 0.0 0.0 0.0 0.00015943869948387146 1.0
1638452439357494116 -5.240068361861416e-12 7.823327052838014e-08 0.0 0.0 0.0 0.0001124795526266098 1.0
1638452439458493948 -5.0090860279072835e-12 7.966293935614832e-08 0.0 0.0 0.0 0.00014672987163066864 1.0
1638452439561494112 -5.0090860279072835e-12 7.966293935614832e-08 0.0 0.0 0.0 0.0001522265374660492 1.0
1638452439661494017 2.5310680939583108e-05 8.797971418052786e-08 0.0 0.0 0.0 0.00021472759544849396 1.0
1638452439762494087 -3.1263552944388318e-12 7.687946634850907e-08 0.0 0.0 0.0 0.0001162700355052948 1.0
1638452439930494070 -3.1263552944388318e-12 7.687946634850907e-08 0.0 0.0 0.0 0.0002443566918373108 0.9999999403953552
163845244063493967 -5.0193308710755336e-12 8.088309755285028e-08 0.0 0.0 0.0 6.760656833648682e-05 1.0
1638452440162493944 -3.2404198681973417e-12 7.692627690394094e-08 0.0 0.0 0.0 0.00016238540410995483 1.0
1638452440261493921 -3.2404198681973417e-12 7.692627690394094e-08 0.0 0.0 0.0 0.00015464052557945251 1.0
1638452440362719059 -3.2404198681973417e-12 7.692627690394094e-08 0.0 0.0 0.0 0.0001453924924135208 1.0
1638452440463719130 -1.998488397339515e-12 7.551462033452428e-08 0.0 0.0 0.0 0.00021486170589923859 1.0
1638452440565719128 -1.998488397339515e-12 7.551462033452428e-08 0.0 0.0 0.0 0.00010457634925842285 1.0
1638452440664719105 -0.0014780183150969871 -0.004451606200327238 0.0 0.0 0.0 0.00019754168481764733 0.9999999962250458
1638452440766719103 -0.001478018315096987 -0.004451606200327239 0.0 0.0 0.0 0.0001290373215331189 0.9999999976044435
1638452440866719007 -0.0014780183146790445 -0.004451607920217231 0.0 0.0 0.0 0.00027297694950086527 0.9999999351014432
1638452440967719078 -0.0014780183146790443 -0.004451607920217231 0.0 0.0 0.0 0.00018267591388464876 0.9999999965243815
163845244199719048 -0.0014780183146790443 -0.004451607920217231 0.0 0.0 0.0 0.00013798174353791268 0.9999999974243394
1638452441197719097 -0.001478018314679044 -0.004451607920217231 0.0 0.0 0.0 0.00014242228957277904 0.999999997334925
1638452441297719002 -0.00137677557618071 -0.004451569585200089 0.0 0.0 0.0 0.00019066107363778306 0.9999999963635932
1638452441397719145 -0.0007186978801530793 -0.004451167042453485 0.0 0.0 0.0 0.00029458922116301064 0.9999999346662605
1638452441496719122 0.0002431081484024827 -0.004450787731088262 0.0 0.0 0.0 0.00020226907820543712 0.9999999961298554
1638452441597719193 0.001204914058974164 -0.004450369470446626 0.0 0.0 0.0 0.0002657722380651005 0.9999999352465166
1638452441697719097 0.002192030512542316 -0.004449687144797026 0.0 0.0 0.0 0.0003574944731300859 0.9999999333996059
1638452441798719168 0.0031285256268676212 -0.004449025913152861 0.0 0.0 0.0 0.0004884570232419406 0.999999871157911
1638452441898719072 0.004065021207886295 -0.004448390309459003 0.0 0.0 0.0 0.0002711627331258821 0.9999999351379741
1638452441999719143 0.005026826874071699 -0.004447685107852884 0.0 0.0 0.0 0.0003010675009907226 0.9999999345358144
163845244298719120 0.006444224820240095 -0.004446640246061257 0.0 0.0 0.0 0.000400143459103381 0.9999999325408298
1638452442199719191 0.008317214114618266 -0.004445244533926202 0.0 0.0 0.0 0.00041939389671678037 0.9999999321532047
1638452442297719002 0.010316758982000991 -0.00444411905013265 0.0 0.0 0.0 0.0002534117260575035 0.9999999951000516
1638452442397719145 0.012290992374833639 -0.0044432518944625245 0.0 0.0 0.0 0.0002467583575857993 0.9999999952340233
1638452442496719122 0.014315846867716767 -0.004442205675230151 0.0 0.0 0.0 0.00030171383885737473 0.9999999345227998
1638452442596719027 0.016745673012596277 -0.004441157843576979 0.0 0.0 0.0 0.00023796853512836037 0.9999999954110144
1638452442695719004 0.019529846887668102 -0.004439597505036165 0.0 0.0 0.0 0.0003395124968630557 0.9999999337616894
1638452442821075916 0.02345300403143673 -0.0044373767892843426 0.0 0.0 0.0 0.0003386035260304153 0.9999999337799924
1638452442953075886 0.027755820406912404 -0.0044350548048823725 0.0 0.0 0.0 0.00024827082544666825 0.9999999952035683
163845244353076029 0.03134993576308031 -0.004434478246142915 0.0 0.0 0.0 -9.07156904834502e-05 1.0000000020293704
1638452443153075933 0.03522247187502252 -0.004434130683357615 0.0 0.0 0.0 8.159016165637757e-05 0.9999999985598352
1638452443254076004 0.03924687315251242 -0.004433314242867047 0.0 0.0 0.0 0.00010245364996868393 0.9999999981397298
1638452443353075981 0.0432712706866144 -0.0044320484157377524 0.0 0.0 0.0 -8.373736388090258e-06 1.0000000003713403
1638452443447599411 0.047610887798349155 -0.00443163805186984 0.0 0.0 0.0 -7.197989363174174e-05 1.0000000029038403
1638452443555075884 0.05301588874650067 -0.004431153926600265 0.0 0.0 0.0 0.0002593014100181778 0.9999999949814574
1638452443653075933 0.03421327710563483 -0.002612601878582631 0.0 0.0 0.0 -0.0024396619943826765 0.9999970307450222
1638452443753075838 0.03917410401303417 -0.00263779197587053 0.0 0.0 0.0 -0.002571268620265875 0.999996694405605
1638452443921075821 0.04755183823594737 -0.002678949417218828 0.0 0.0 0.0 -0.0025920370458574404 0.9999966413289448
163845244420075798 0.05256328567146713 -0.0027047466022054743 0.0 0.0 0.0 -0.002608130247392071 0.9999966002004835
1638452444153075933 0.0592958310306084 -0.00274098734460338 0.0 0.0 0.0 -0.0027910469916403685 0.9999961327307743
1638452444321075916 0.06810381285911897 -0.0027892848343309194 0.0 0.0 0.0 -0.0027115737705896664 0.9999963358358738
1638452444455075979 0.07607655350998162 -0.0028342425288381407 0.0 0.0 0.0 -0.0028702779172847903 0.9999958706400556
1638452444555075884 0.08204976752414765 -0.002869603770999812 0.0 0.0 0.0 -0.0030383175818775175 0.9999953815859961
1638452444655076027 0.0879976647303044 -0.002906306176141531 0.0 0.0 0.0 -0.002993062932221371 0.9999954972406783
1638452444753075838 0.0938949508135901 -0.0029412902516040918 0.0 0.0 0.0 -0.0029521334537015564 0.999995661446611
1638452444854075909 0.09986814610934383 -0.002978855961554003 0.0 0.0 0.0 -0.003202553585168801 0.9999948426478937
1638452444954075813 0.1058666536772209 -0.0030174256111699244 0.0 0.0 0.0 -0.0032467931256374353 0.9999947295874672
1638452445120075941 0.11571230896597198 -0.0030812401797201345 0.0 0.0 0.0 -0.0033755290618564045 0.9999942813748262
1638452445253075838 0.12358374201743155 -0.0031365448053789534 0.0 0.0 0.0 -0.00368887622868382 0.9999931825474571
1638452445372777939 0.1293291334499383 -0.0031783633969890354 0.0 0.0 0.0 -0.003683672015131996 0.9999931958475637
1638452445473778009 0.13540352836289002 -0.0032237929115331767 0.0 0.0 0.0 -0.0037770121629626405 0.9999928380938853
1638452445573777914 0.14127543856377614 -0.003267302668989888 0.0 0.0 0.0 -0.0036746344903812985 0.9999932189442413
1638452445674777985 0.14724858472459187 -0.00331156598347186 0.0 0.0 0.0 -0.0038299184106801026 0.9999926432796185
1638452445775778055 0.15317110341035978 -0.0033573101781213073 0.0 0.0 0.0 -0.003637769290304604 0.9999933727633334
1638452445875777960 0.1591189507767817 -0.003400848077270943 0.0 0.0 0.0 -0.0036162820383610008 0.9999934872818959
16384524467777929 0.16749654290847943 -0.0034639741221120708 0.0 0.0 0.0 -0.0038031636154564146 0.9999927712601356
1638452446142777920 0.17678524780464655 -0.003538925156692624 0.0 0.0 0.0 -0.0041639997857831 0.9999913126485183
1638452446275778055 0.18640298055635146 -0.0036185489967801637 0.0 0.0 0.0 -0.004328578006281203 0.9999906536261524
1638452446373777866 0.1939705892388579 -0.003685637294929311 0.0 0.0 0.0 -0.00460559530220008 0.9999894092255686
1638452446473778009 0.20196844207683232 -0.0037590829570287227 0.0 0.0 0.0 -0.004507565181527603 0.9999898385699779
1638452446540777922 0.20720754646995668 -0.00380645314396782 0.0 0.0 0.0 -0.004504249683989218 0.9999898470432026
1638452446645777941 0.2183795490470161 -0.006254552662243848 0.0 0.0 0.0 -0.00537744439173196 0.9999855302821336
1638452446739289045 0.22574352162494635 -0.006335196660865586 0.0 0.0 0.0 -0.005583119684669706 0.9999844246721814
1638452446845777988 0.23424838349916666 -0.006430450669203782 0.0 0.0 0.0 -0.00564288982481452 0.9999840628747024
1638452446946778059 0.24234730285989803 -0.006522227637489531 0.0 0.0 0.0 -0.0057204677574960216 0.999983629400556
163845244744777870 0.25037029455279186 -0.006612437866291986 0.0 0.0 0.0 -0.005633964273008166 0.9999841517789064
1638452447144778013 0.25884879405793204 -0.006711833591864768 0.0 0.0 0.0 -0.005850284530430495 0.9999829052359631
1638452447242659569 0.2676705340863016 -0.006815414634571168 0.0 0.0 0.0 -0.005943336159387368 0.9999823624935178
1638452447309777975 0.2736545151221023 -0.006884994824837087 0.0 0.0 0.0 -0.005591202091725821 0.9999843517560707
1638452447415777922 0.2832213420944053 -0.006991549331634367 0.0 0.0 0.0 -0.005486154212045686 0.9999849350087135
1638452447515778065 0.2923073994281307 -0.007087229511615112 0.0 0.0 0.0 -0.0053033272350917655 0.9999859523958506
1638452447616777897 0.3018489938145925 -0.007187641408761627 0.0 0.0 0.0 -0.005181303298985109 0.999986591374518
1638452447716778040 0.31174497457798267 -0.0072881562690411145 0.0 0.0 0.0 -0.004921374404133512 0.9999878618583259
1638452447816777945 0.3217675106848538 -0.007386850123935165 0.0 0.0 0.0 -0.0048804489767319366 0.9999881154110822
1638452447903439045 0.3317394870100257 -0.007478590424284442 0.0 0.0 0.0 -0.0044836056165278824 0.9999899545436467
16384524483439188 0.34158498028298845 -0.007561140649486302 0.0 0.0 0.0 -0.003999914544815754 0.9999920191597004
1638452448102439165 0.3514811262018319 -0.00764103922907412 0.0 0.0 0.0 -0.0040025799756635005 0.9999920104100909
1638452448202439070 0.36135202069897077 -0.007717664192786525 0.0 0.0 0.0 -0.0039191508819431215 0.9999923438814722
1638452448301439047 0.3712735275821834 -0.0077932302499534225 0.0 0.0 0.0 -0.0038198559205313517 0.9999927294345448
1638452448401439190 0.3811444120925577 -0.007866836899419498 0.0 0.0 0.0 -0.0036058263031767874 0.999993491618449
1638452448500439167 0.3909393995897195 -0.007938747088360596 0.0 0.0 0.0 -0.00366616077978068 0.9999932935629974
1638452448600439072 0.4008356228045919 -0.008011411738583154 0.0 0.0 0.0 -0.0037102864099662746 0.9999930891101417
1638452448699439049 0.4106812214584712 -0.00808245027098839 0.0 0.0 0.0 -0.003648009400597396 0.9999933531471655
1638452448799439192 0.42070397961149686 -0.008156401963312267 0.0 0.0 0.0 -0.003760205001910524 0.9999929252461319
1638452448899439096 0.43092919637443666 -0.008233816101613313 0.0 0.0 0.0 -0.0038944728293213333 0.9999924248902607
1638452448999439001 0.4414580886356341 -0.008318315151439428 0.0 0.0 0.0 -0.0039476434156191925 0.9999921907462075
163845244997439051 0.452189510020488 -0.008400075765179638 0.0 0.0 0.0 -0.0034510694604112913 0.9999940592320709
1638452449229439020 0.46661627505054826 -0.008497793293738981 0.0 0.0 0.0 -0.003319850541919348 0.999994489974552
1638452449364439011 0.48137212544598657 -0.008595354018038601 0.0 0.0 0.0 -0.003185537786503502 0.9999949308729391
1638452449498439074 0.4961786022626698 -0.008685178608628705 0.0 0.0 0.0 -0.0028338272115752453 0.9999959661968766
1638452449665439129 0.5104535390179938 -0.017918953287277974 0.0 0.0 0.0 0.0017402124330858667 0.9999984735860524
1638452449765439034 0.5170070572122542 -0.027492993408277946 0.0 0.0 0.0 0.006253583573328344 0.99998041714949
1638452449867439032 0.5279910305873856 -0.027354041761907796 0.0 0.0 0.0 0.006477379600037573 0.9999790029405179
1638452449968439102 0.5389496815610924 -0.027216096982862273 0.0 0.0 0.0 0.006329492598980455 0.9999799981186959
163845245066439152 0.5497311928845784 -0.02707961501318301 0.0 0.0 0.0 0.006597048286046685 0.9999782231378144
1638452450165439129 0.560487264684657 -0.026933531687291293 0.0 0.0 0.0 0.007077724568652089 0.9999749736670592
1638452450265439034 0.571344426925518 -0.026776179637503006 0.0 0.0 0.0 0.007395568914163089 0.9999726230564244
1638452450366492987 0.582226826075918 -0.026615476334689532 0.0 0.0 0.0 0.007235836503112486 0.9999738028343956
1638452450467493057 0.593159946386359 -0.026459675284614785 0.0 0.0 0.0 0.007017851081591968 0.9999753637844928
1638452450567493200 0.6039665430842442 -0.026311515864844766 0.0 0.0 0.0 0.006881631570191103 0.999976294556134
1638452450669493198 0.6151528356967805 -0.026162558232743566 0.0 0.0 0.0 0.006533986115489271 0.9999786308573259
1638452450801493168 0.6294015806182096 -0.0259827869273469 0.0 0.0 0.0 0.006158641066738867 0.9999810604594577
1638452450900493145 0.6402337663857554 -0.02585237491912336 0.0 0.0 0.0 0.006004049820776245 0.9999819734351073
1638452450999493122 0.6510912861969436 -0.025722010527500935 0.0 0.0 0.0 0.005943403047837003 0.9999823082156584
1638452451100493193 0.662100701906914 -0.025592914880340142 0.0 0.0 0.0 0.005673985503135207 0.9999839146576535
1638452451200493097 0.6730342087265165 -0.02547212156744009 0.0 0.0 0.0 0.0053348588677574 0.9999857866946364
1638452451300493002 0.684043735344451 -0.025358470283200003 0.0 0.0 0.0 0.0050903580941181106 0.9999870171695854
1638452451398493052 0.6948760947897451 -0.0252491879575076 0.0 0.0 0.0 0.005020955130638062 0.9999874002858046
1638452451498493195 0.7058097033420371 -0.025137608996032585 0.0 0.0 0.0 0.005158837528702878 0.9999866987569566
1638452451599493027 0.7169458187341169 -0.025022218036808947 0.0 0.0 0.0 0.005050714187881346 0.9999872360107228
1638452451699493170 0.7279553785783506 -0.02491157619626154 0.0 0.0 0.0 0.004844207100227063 0.9999882567540324
1638452451797493219 0.7386613044719041 -0.024807294744660018 0.0 0.0 0.0 0.004625115873752864 0.9999892873583857
1638452451931493044 0.7531638137031478 -0.02468258848191509 0.0 0.0 0.0 0.004002596064613678 0.9999920085074836
163845245263493013 0.767514475581848 -0.024566409477630922 0.0 0.0 0.0 0.0038912852157626126 0.9999924441457332
1638452452162492990 0.7782711553079057 -0.024480787496838824 0.0 0.0 0.0 0.0038526170790008614 0.9999925979949035
1638452452263493061 0.7891544199319158 -0.024398473727012017 0.0 0.0 0.0 0.0036607807112790927 0.99999329933112
1638452452362493038 0.7998858431950574 -0.024319830937639033 0.0 0.0 0.0 0.003737394405909247 0.9999929956215385
1638452452462493181 0.8107690718417905 -0.02423965752547128 0.0 0.0 0.0 0.0038764845338825913 0.9999924662424737
1638452452563493013 0.8217788522673968 -0.024148994654339173 0.0 0.0 0.0 0.004354014528384115 0.9999905454619307
1638452452664493084 0.8316539743786309 -0.01901254971316917 0.0 0.0 0.0 0.004659503422274126 0.9999891521143401
1638452452765493155 0.8409758996463527 -0.012266397501807233 0.0 0.0 0.0 0.005071566354409418 0.9999871631556004
1638452452845907927 0.8482902819087762 -0.012187484265319558 0.0 0.0 0.0 0.005619949000720693 0.9999841909391702
1638452452944907904 0.8591731575750814 -0.012059341143359006 0.0 0.0 0.0 0.006126181237500792 0.9999812362425452
163845245345907974 0.8701318652992944 -0.01192706038704578 0.0 0.0 0.0 0.006116253521874947 0.9999812965249282
1638452453146907806 0.8812424238339234 -0.011792060404833599 0.0 0.0 0.0 0.00608710738789498 0.999981473504052
1638452453279907942 0.8959974970869268 -0.0116143681318811 0.0 0.0 0.0 0.006159585299796085 0.9999810334087258
1638452453379907846 0.9069814572994274 -0.011475388669706425 0.0 0.0 0.0 0.006328976352915219 0.9999799452384333
1638452453446907997 0.9143462370800209 -0.011379138086242309 0.0 0.0 0.0 0.006670587706769726 0.9999777517182877
1638452453544907808 0.9251529107063776 -0.011234484596921392 0.0 0.0 0.0 0.006617011989511857 0.9999781366427684
1638452453643646955 0.9363188112756554 -0.011084019531692007 0.0 0.0 0.0 0.006948549907355868 0.9999758360111555
1638452453744907856 0.9481835079047608 -0.010919434627375997 0.0 0.0 0.0 0.007113584990837061 0.9999747041465873
1638452453877907991 0.9638743917361565 -0.010688431536981279 0.0 0.0 0.0 0.0075478006671572395 0.9999715310807229
1638452453976907969 0.9757437132902322 -0.010504311839392383 0.0 0.0 0.0 0.007973694742394141 0.9999682297274737
163845245478907967 0.9877901500211366 -0.01031175225945154 0.0 0.0 0.0 0.00803834337721308 0.9999677179610511
1638452454177907944 0.9996594103046452 -0.010127495751129943 0.0 0.0 0.0 0.007640369359708438 0.9999707901743276
1638452454312907934 1.0158060928133652 -0.009893886285984622 0.0 0.0 0.0 0.006835143060301439 0.9999766333052497
1638452454413908005 1.0285362157612141 -0.009728349110934918 0.0 0.0 0.0 0.006489771819059303 0.9999789688674084
1638452454512907982 1.0413676879232028 -0.009563951993880868 0.0 0.0 0.0 0.006364747793552059 0.999979728029584
1638452454614907980 1.05450288510248 -0.009396042898331135 0.0 0.0 0.0 0.00655043852478024 0.9999785408855218
1638452454748907804 1.0719910147388931 -0.00916286862986192 0.0 0.0 0.0 0.00682390965449666 0.9999767015159536
1638452454849907875 1.085075485477275 -0.008980305025047989 0.0 0.0 0.0 0.007033979287487037 0.9999752471285357
1638452454948907852 1.0980838549902279 -0.008794440391002004 0.0 0.0 0.0 0.0072794902588735125 0.9999735179309489
163845245550907850 1.1113451325664 -0.008592772842368777 0.0 0.0 0.0 0.00781557194066224 0.9999694282927063
1638452455183907986 1.1288578946749852 -0.00831657219518802 0.0 0.0 0.0 0.00789663192292904 0.9999688168744433
1638452455263907909 1.1392086641559465 -0.00815111610427358 0.0 0.0 0.0 0.00798309311462899 0.9999681130535891
1638452455359342813 1.1521661192698862 -0.007944936879635378 0.0 0.0 0.0 0.007841071082673089 0.999969273458593
1638452455461342812 1.165503017239826 -0.00772661142077489 0.0 0.0 0.0 0.008323051798437777 0.9999653335112355
1638452455562342882 1.1791687705022327 -0.007492920434286135 0.0 0.0 0.0 0.008681322482252547 0.9999623235645444
1638452455662343025 1.1956002711222242 -0.012462495068308035 0.0 0.0 0.0 0.006031454035877942 0.999981809339646
1638452455762342930 1.2128667365013466 -0.018303931902294415 0.0 0.0 0.0 0.0027534925486974115 0.9999961938547285
1638452455898342848 1.233292194017291 -0.018200188180776705 0.0 0.0 0.0 0.002123659440967028 0.9999977475794549
1638452455994781971 1.2485438712577184 -0.01813459036468819 0.0 0.0 0.0 0.002242580195559045 0.999997505327363
163845245698342896 1.2650314524787358 -0.018069678210724343 0.0 0.0 0.0 0.0015045358811436992 0.9999988850170886
1638452456198342800 1.281002406464667 -0.018022221954348463 0.0 0.0 0.0 0.0013798076751316607 0.9999990528202112
1638452456296619892 1.2967422182368262 -0.017982697890344155 0.0 0.0 0.0 0.001099603432762529 0.9999994113370949
1638452456365342855 1.3078823253618421 -0.017955252821369855 0.0 0.0 0.0 0.0012701575815438943 0.9999992219544062
1638452456467342854 1.324283624660903 -0.017909092781745267 0.0 0.0 0.0 0.0012601719409377767 0.9999992210728893
1638452456568342924 1.3404317221532407 -0.017870135924678284 0.0 0.0 0.0 0.0010856925995989585 0.999999384484059
1638452456668342829 1.3566052097075882 -0.017839771537930697 0.0 0.0 0.0 0.0008851043814203161 0.9999996051950226
1638452456768342972 1.3723990141452458 -0.017818036398394226 0.0 0.0 0.0 0.0006627344544209066 0.9999997643784857
1638452456870342970 1.3887497646328375 -0.0177949392486 0.0 0.0 0.0 0.0005922761713736854 0.9999998177631829
1638452456971342802 1.4048219224863414 -0.01777478769555572 0.0 0.0 0.0 0.0006590203400078122 0.9999997640506094
163845245771342945 1.4206663894619729 -0.017761043604816663 0.0 0.0 0.0 0.00025725713327036723 0.9999999670021574
1638452457172343016 1.4367132716473083 -0.017759573791126346 0.0 0.0 0.0 -5.643466564140889e-05 0.9999999989145775
1638452457274343014 1.4529120235647686 -0.017774558332026562 0.0 0.0 0.0 -0.0008291007642082786 0.9999996326815889
1638452457372342825 1.4686300017169895 -0.01780479567878901 0.0 0.0 0.0 -0.0011821947522595384 0.9999993034877749
1638452457472342968 1.484550275717332 -0.01784816986086661 0.0 0.0 0.0 -0.0014474239854659833 0.999998982050525
1638452457606342793 1.5060389268863539 -0.0179370948932402 0.0 0.0 0.0 -0.0024421156765422635 0.9999970464966916
1638452457705343008 1.52208579479135 -0.018016507446200054 0.0 0.0 0.0 -0.0026681133857981583 0.9999964304995147
1638452457806342840 1.5382591420144462 -0.018105775655857324 0.0 0.0 0.0 -0.0027961734673669736 0.9999960615666995
1638452457902765989 1.5543058890373382 -0.018194662845040024 0.0 0.0 0.0 -0.0026838524991553824 0.9999963695054452
16384524583766060 1.570453724123517 -0.018291569136315116 0.0 0.0 0.0 -0.0033102349896679917 0.9999945260700213
1638452458103765965 1.5863232028649674 -0.018403480725885525 0.0 0.0 0.0 -0.0037978350608047964 0.9999928140953839
1638452458203766108 1.6021671683399143 -0.018529428255643552 0.0 0.0 0.0 -0.003919602883729773 0.9999923265087495
1638452458303766012 1.6181123406712112 -0.018665752362427186 0.0 0.0 0.0 -0.004411433688905094 0.9999902565327593
1638452458403766155 1.634057510908006 -0.01881393951046222 0.0 0.0 0.0 -0.004823863672753802 0.9999883723800855
1638452458503766060 1.650027713136854 -0.018973223042793134 0.0 0.0 0.0 -0.00518996921152216 0.9999865519215068
1638452458604766130 1.6660737305711892 -0.019143289775242114 0.0 0.0 0.0 -0.005422405794323353 0.999985279704821
1638452458703766108 1.662189776614009 -0.0281756492345223 0.0 0.0 0.0 -0.0023003421535668987 0.9999973735143369
1638452458803766012 1.6781353383235027 -0.028256591718892683 0.0 0.0 0.0 -0.002846270381176065 0.9999959525464173
1638452458906766176 1.6946881489073133 -0.028351915000780853 0.0 0.0 0.0 -0.003097443334423526 0.999995225152368
16384524595766153 1.7107601320415153 -0.02844089743135958 0.0 0.0 0.0 -0.0023736631425594697 0.9999971541255535
1638452459171766043 1.7374880008325633 -0.028561174519069768 0.0 0.0 0.0 -0.0019874592627004174 0.9999980034368743
1638452459303766012 1.7584451073391758 -0.028622564069889396 0.0 0.0 0.0 -0.0011371181883299483 0.9999993688079726
1638452459471765995 1.7740363947599918 -0.02865606297512291 0.0 0.0 0.0 -0.0011371032872606133 0.9999993687556507
1638452459572766066 1.7743401522358462 -0.02865673453425341 0.0 0.0 0.0 -0.001032877014808268 0.9999994796269965
1638452459673766136 1.7743401522358462 -0.02865673453425341 0.0 0.0 0.0 -0.0009264346739507184 0.9999995827170818
1638452459771766186 1.7744667576399198 -0.02865702171592653 0.0 0.0 0.0 -0.001270271323834829 0.9999991806922183
1638452459871766090 1.7745173061356154 -0.028657379209951785 0.0 0.0 0.0 -0.005171443339195917 0.9999866526362599
16384524605766153 1.7745425827559236 -0.028657895785897947 0.0 0.0 0.0 -0.013797001552880672 0.9999048224515075
1638452460105766058 1.774567862020111 -0.028658788839711485 0.0 0.0 0.0 -0.022397113379840374 0.9997491715169853
1638452460204766035 1.7746184236272886 -0.02866101335662997 0.0 0.0 0.0 -0.03324018695318959 0.9994473769218569
1638452460304766178 1.774567850875596 -0.028657201905175973 0.0 0.0 0.0 -0.04700156795721255 0.9988948190042913
1638452460458273888 1.7745678532513267 -0.02865754019975932 0.0 0.0 0.0 -0.07082356854402881 0.9974888761156495
1638452460560273886 1.7746179701193654 -0.028664337021151245 0.0 0.0 0.0 -0.0902671668822477 0.9959175931727393
1638452460661273956 1.7746175064021774 -0.028666206926981245 0.0 0.0 0.0 -0.11304614670326361 0.9935897131167388
1638452460759274006 1.7746177390594942 -0.028665385709031124 0.0 0.0 0.0 -0.13833049421630714 0.9903861513590583
1638452460858273983 1.7746654246492892 -0.028682460471131287 0.0 0.0 0.0 -0.16623549356555856 0.9860860588905214
1638452460958273888 1.7745704051502407 -0.028647462815445113 0.0 0.0 0.0 -0.19494278964628037 0.9808145991995262
163845246159273958 1.7745708753618554 -0.02864651769012789 0.0 0.0 0.0 -0.22550993890941395 0.9742408631357536
1638452461159273863 1.774547559549838 -0.028636631512456108 0.0 0.0 0.0 -0.2576242265576819 0.9662451982973226
1638452461258274078 1.774438506109068 -0.02857239665783844 0.0 0.0 0.0 -0.2901514424540877 0.9569807409548023
1638452461358273983 1.774334995000631 -0.028499526561927876 0.0 0.0 0.0 -0.32259756667030576 0.9465362368691002
1638452461457273960 1.7742769531420035 -0.02845066482740708 0.0 0.0 0.0 -0.35426037165095287 0.9351468058937367
1638452461556273937 1.8541953328708094 -0.08955259528645768 0.0 0.0 0.0 -0.36892782302931826 0.9294580342123089
1638452461656274080 1.8542835838392056 -0.08964333290127034 0.0 0.0 0.0 -0.4003504699898235 0.9163620819994048
1638452461756273985 1.8542996934548934 -0.08966283935158606 0.0 0.0 0.0 -0.4310090071612759 0.9023476030799527
1638452461856273890 1.8543472186699776 -0.08972209534087743 0.0 0.0 0.0 -0.46083477519916993 0.8874859194423842
1638452461957273960 1.8544178268582894 -0.08982712294386547 0.0 0.0 0.0 -0.49121537422463657 0.871038120951137
163845246256273937 1.8544529324132537 -0.08989447867910663 0.0 0.0 0.0 -0.5199526617067142 0.8541950558840052
1638452462140344858 1.8544747497031067 -0.0899455269446759 0.0 0.0 0.0 -0.5436033518348965 0.839342218430043
1638452462240982056 1.8544841837950854 -0.08996377741729283 0.0 0.0 0.0 -0.5721295201953496 0.8201632896698926
1638452462353273869 1.8295734880255154 -0.04856469945251164 0.0 0.0 0.0 -0.6119421970744533 0.7909025018602516
1638452462457273960 1.8295802738257627 -0.048589122802093786 0.0 0.0 0.0 -0.623090827279622 0.7821494753874448
1638452462556273937 1.8295858720996452 -0.048613796586709106 0.0 0.0 0.0 -0.6237215666355386 0.7816466312342641
1638452462655273914 1.8295914705069352 -0.0486384773549696 0.0 0.0 0.0 -0.6237697390884874 0.7816081676994161
1638452462756273985 1.8295802736968023 -0.048589116051236794 0.0 0.0 0.0 -0.6237577259185213 0.7816177689672619
1638452462849278927 1.8295858720863045 -0.04861379588834458 0.0 0.0 0.0 -0.6237588072916644 0.78161688518452
1638452462954278946 1.8295858720863045 -0.04861379588834458 0.0 0.0 0.0 -0.6236297873376128 0.7817198466441367
163845246353278923 1.8295858720774107 -0.04861379542276824 0.0 0.0 0.0 -0.623658258373971 0.7816971101159393
1638452463153279066 1.8296250610574005 -0.04878656755144876 0.0 0.0 0.0 -0.6241716969207858 0.7812872060948886
1638452463254279137 1.8297868231467582 -0.04950254189829132 0.0 0.0 0.0 -0.6245354559122849 0.7809964582478227
1638452463354279041 1.830053887556315 -0.050687747187448375 0.0 0.0 0.0 -0.6247639479647346 0.7808136788241159
1638452463454278946 1.8304487667158933 -0.05244088396257091 0.0 0.0 0.0 -0.6244855413419216 0.7810363357212117
1638452463553278923 1.8309498979606202 -0.05466303792338266 0.0 0.0 0.0 -0.6244650588387447 0.7810527109490526
1638452463654278994 1.8316469760263625 -0.05774915309208779 0.0 0.0 0.0 -0.6242956727437597 0.7811881305470277
1638452463755279064 1.8324944997835626 -0.06150186262978708 0.0 0.0 0.0 -0.6243929792497166 0.7811103781580543
1638452463856279135 1.833391103341823 -0.06547699625622505 0.0 0.0 0.0 -0.6244435545643511 0.7810699705288664
1638452463956279039 1.8344506562267568 -0.07016783866324117 0.0 0.0 0.0 -0.624374238863954 0.7811253394473543
163845246456278944 1.8356261152614968 -0.07537743950453968 0.0 0.0 0.0 -0.62459522204479 0.7809486278682185
1638452464194278955 1.8374408859100386 -0.08342666645138569 0.0 0.0 0.0 -0.6245195986190064 0.781009122385071
1638452464295279026 1.8389469098314835 -0.09011846638327953 0.0 0.0 0.0 -0.6249499735780459 0.780664827663849
1638452464394279003 1.8405305001806622 -0.09718198517862561 0.0 0.0 0.0 -0.6251154576554848 0.7805322915602656
1638452464497278929 1.842264673991523 -0.10493803498246172 0.0 0.0 0.0 -0.6253700814691503 0.7803283030584458
1638452464598278999 1.844107967773955 -0.11318840008400338 0.0 0.0 0.0 -0.6252754758345123 0.7804041141992342
1638452464699279070 1.8460172557446266 -0.1217352281383044 0.0 0.0 0.0 -0.6253183033005957 0.7803698317396202
1638452464832278967 1.8487286046911804 -0.1338893386456912 0.0 0.0 0.0 -0.6254770613007 0.7802425364536377
1638452464898278952 1.8501695213368228 -0.14036231162200685 0.0 0.0 0.0 -0.6256530582537828 0.7801014576861135
1638452464998279095 1.8523429239907672 -0.15012093650721545 0.0 0.0 0.0 -0.6255892067441043 0.7801526466678294
1638452465100279093 1.854535752342895 -0.1599789568778954 0.0 0.0 0.0 -0.6257220759445469 0.7800460859214708
1638452465199279070 1.85669178457668 -0.16968960266100225 0.0 0.0 0.0 -0.6257311464201023 0.7800387812364458
1638452465298279047 1.8589407350120648 -0.17982037992434446 0.0 0.0 0.0 -0.6258782517079549 0.779920792624062
1638452465400377989 1.8315137009368148 -0.1746543648595941 0.0 0.0 0.0 -0.6311005312699075 0.7757010957154103
1638452465500377893 1.8337396614990162 -0.1853595878459749 0.0 0.0 0.0 -0.6310959295500295 0.7757047760475891
1638452465600378036 1.835983327313098 -0.19616456380635933 0.0 0.0 0.0 -0.6311650778984891 0.7756485581845892
1638452465700377941 1.838227758600969 -0.20699522487851954 0.0 0.0 0.0 -0.6314068887978268 0.7754517055696216
1638452465833378077 1.8413703131790469 -0.2222149465673658 0.0 0.0 0.0 -0.6317228691579896 0.7751943004879207
1638452465966377974 1.8445769187177012 -0.23778325347543686 0.0 0.0 0.0 -0.631915493804608 0.7750372805970155
163845246666378117 1.846979453792527 -0.24948583053687323 0.0 0.0 0.0 -0.6321313076326861 0.7748613231960324
1638452466167377949 1.849459118787736 -0.26158600694522016 0.0 0.0 0.0 -0.6322438466584662 0.7747694854486837
1638452466300378084 1.8528873346500132 -0.278400717434212 0.0 0.0 0.0 -0.632845809348482 0.7742778222934253
1638452466399378061 1.8554360171544502 -0.2909518046060313 0.0 0.0 0.0 -0.6330672426909429 0.7740968170025367
1638452466500377893 1.8580231879470677 -0.3037533256036776 0.0 0.0 0.0 -0.6336988528617765 0.7735798599041864
1638452466592300177 1.8603340057461317 -0.31539242773220544 0.0 0.0 0.0 -0.6354296513620853 0.7721587643192696
1638452466698378086 1.8629558788415153 -0.3291201635806019 0.0 0.0 0.0 -0.6393629132429689 0.768905124801156
1638452466799377918 1.8654021209550609 -0.34269579258611604 0.0 0.0 0.0 -0.643427137399278 0.7655073357306321
1638452466894175053 1.866839024514699 -0.35108296628347757 0.0 0.0 0.0 -0.6455889225976423 0.7636851062136026
16384524671378059 1.866939229496364 -0.3516770613260113 0.0 0.0 0.0 -0.645615717147606 0.7636624481924914
1638452467100378036 1.866935011745971 -0.35165211425612647 0.0 0.0 0.0 -0.6454015555322643 0.763843477464621
1638452467201378107 1.866939229496364 -0.3516770613260113 0.0 0.0 0.0 -0.6454804539808783 0.7637768012816973
1638452467301378012 1.866939229496364 -0.3516770613260113 0.0 0.0 0.0 -0.6455523592637891 0.7637160029281145
1638452467390337944 1.866944763287697 -0.3517098112769544 0.0 0.0 0.0 -0.6454714270998568 0.763784409171699
1638452467501378059 1.867023585683621 -0.35217618153375235 0.0 0.0 0.0 -0.6454664674529043 0.7637886165447
1638452467601377964 1.8671880803077425 -0.3531494748793497 0.0 0.0 0.0 -0.645607408952065 0.7636694541794387
1638452467701378107 1.8674364550786007 -0.3546220107844483 0.0 0.0 0.0 -0.6456271934142486 0.7636527108248745
1638452467801378012 1.867760155092147 -0.3565438660938705 0.0 0.0 0.0 -0.6458962853126575 0.7634251920152545
1638452467894486904 1.8681788403890855 -0.3590400538072984 0.0 0.0 0.0 -0.6460361513786685 0.7633068009679458
163845246826487112 1.8689613796381557 -0.3637080279206293 0.0 0.0 0.0 -0.6459319691449673 0.7633949707668711
1638452468126487017 1.8696532701677897 -0.367826556310225 0.0 0.0 0.0 -0.6459054903249539 0.7634173545163315
1638452468260487080 1.8707123989359045 -0.3741419726818406 0.0 0.0 0.0 -0.6459561169097463 0.7633745462938578
1638452468360486984 1.8791882231770476 -0.4296324351452941 0.0 0.0 0.0 -0.6589644880309105 0.7521740247426937
1638452468494487047 1.8802243602309807 -0.43746111807365257 0.0 0.0 0.0 -0.6591607788465746 0.7520020619293323
1638452468660486937 1.8816611853224423 -0.4483005149435677 0.0 0.0 0.0 -0.6590746768278529 0.7520774738907741
1638452468761487007 1.8826289808639638 -0.4556020369970675 0.0 0.0 0.0 -0.6589041812727517 0.7522268434122794
1638452468861486912 1.883685619127517 -0.46358119406971565 0.0 0.0 0.0 -0.6591832755116688 0.7519823161842353
1638452468961487055 1.8848096431123031 -0.47208757487840874 0.0 0.0 0.0 -0.6592602482439379 0.7519148401029867
163845246995487118 1.8864136167428975 -0.4842580380542845 0.0 0.0 0.0 -0.6590811556495756 0.7520718400532536
1638452469197487116 1.8877201225302702 -0.49414447833636066 0.0 0.0 0.0 -0.659230213234074 0.751941188181782
1638452469297487020 1.8890509767316779 -0.504257465428395 0.0 0.0 0.0 -0.6593036522895551 0.7518768013570589
1638452469397486925 1.8904422562936438 -0.5148220536638 0.0 0.0 0.0 -0.6594310359935759 0.7517650492465019
1638452469497487068 1.8918656696503529 -0.5256377035021803 0.0 0.0 0.0 -0.6592744408928636 0.7519023630505575
1638452469630486965 1.8938306571019012 -0.5405688018729062 0.0 0.0 0.0 -0.6595130729168741 0.7516930915919031
1638452469776487112 1.8960924057113804 -0.5578350640417974 0.0 0.0 0.0 -0.6596541782786267 0.7515692862495641
1638452469912487030 1.8982234816741252 -0.5741739400750321 0.0 0.0 0.0 -0.6598405112233305 0.7514056881083787
1638452469997487068 1.899628690251462 -0.5849409342835721 0.0 0.0 0.0 -0.6596354503716396 0.7515857010283692
163845247097486973 1.90131397861866 -0.5978410271686277 0.0 0.0 0.0 -0.6595611289326564 0.7516509346658307
1638452470197487116 1.903018565788469 -0.6108662189914827 0.0 0.0 0.0 -0.6594534151180105 0.7517454243562882
1638452470298486948 1.9048281771796518 -0.6246690144503865 0.0 0.0 0.0 -0.6594785622478345 0.7517233765685184
1638452470401324034 1.9066676450041704 -0.6386975558530578 0.0 0.0 0.0 -0.6594687864877548 0.7517319771505694
1638452470568324089 1.9099127781569525 -0.6633909023075294 0.0 0.0 0.0 -0.6593795646702211 0.7518102341731024
1638452470703324080 1.9126210227042217 -0.6840447471386245 0.0 0.0 0.0 -0.6598778486680894 0.751372919806766
1638452470802324057 1.9146754851746282 -0.6998065623901093 0.0 0.0 0.0 -0.6597640111393671 0.7514728595667514
1638452470903324127 1.9167206073431484 -0.7155440283034645 0.0 0.0 0.0 -0.6600102949060274 0.7512565669250874
163845247138324118 1.9195019070834964 -0.7369286147706112 0.0 0.0 0.0 -0.6600929783029528 0.7511839445686308
1638452471172324181 1.9223090266480933 -0.7586926743618224 0.0 0.0 0.0 -0.6606655696543534 0.7506803833837764
1638452471306324005 1.9251518020605418 -0.7809370725260835 0.0 0.0 0.0 -0.6608699169765281 0.7505004996042285
1638452471405324221 1.9187904671088223 -0.787507490279786 0.0 0.0 0.0 -0.6588166133215266 0.7523035836916725
1638452471507324219 1.8782078044842114 -0.7532878801338398 0.0 0.0 0.0 -0.647485335801518 0.7620779337178187
1638452471610324144 1.8812161317295506 -0.7716463949580604 0.0 0.0 0.0 -0.6473808729466749 0.7621666615468424
1638452471710324049 1.8841556811357725 -0.7895032146395468 0.0 0.0 0.0 -0.6468535995706868 0.7626141597293318
1638452471844324112 1.8881059500694004 -0.8133242172507607 0.0 0.0 0.0 -0.6461603121404559 0.7632016947102815
1638452471945324183 1.8910778552399636 -0.8310730106521217 0.0 0.0 0.0 -0.645854336743083 0.76346068884695
163845247246324015 1.8940829034846454 -0.8489188763992168 0.0 0.0 0.0 -0.6456972857530903 0.763593481466546
1638452472145324230 1.8970277454322337 -0.8663385146910224 0.0 0.0 0.0 -0.6453714112215617 0.7638689248431616
1638452472246324062 1.9000422018475278 -0.8841828323050294 0.0 0.0 0.0 -0.6457326043261613 0.7635636090324666
1638452472346324205 1.9030189509659599 -0.9019051904907964 0.0 0.0 0.0 -0.6460715671137136 0.7632768810548916
1638452472446324110 1.9059680346554302 -0.9195294888761142 0.0 0.0 0.0 -0.6461166867021793 0.7632386345307131
1638452472546324015 1.9089205307311807 -0.93720455035066 0.0 0.0 0.0 -0.6462531207340373 0.7631231234078671
1638452472648324013 1.911923076020547 -0.9551278594293803 0.0 0.0 0.0 -0.6459188784471223 0.7634060512176785
1638452472780324221 1.9159035597431004 -0.9787642555332818 0.0 0.0 0.0 -0.6454393590075765 0.7638114962791301
1638452472904654980 1.9199390989572753 -1.00249407218162 0.0 0.0 0.0 -0.6449515941440713 0.764223412867005
16384524735655050 1.9230136504455346 -1.0204564560695186 0.0 0.0 0.0 -0.6444460223607897 0.7646498181799857
1638452473171654940 1.9280694050486116 -1.049814995411404 0.0 0.0 0.0 -0.6442002290993812 0.7648569030787657
1638452473305655003 1.932139445336529 -1.0732819763538866 0.0 0.0 0.0 -0.6435929489363988 0.7653679319694789
1638452473405654907 1.9352078927304903 -1.090911618812447 0.0 0.0 0.0 -0.6437865707421244 0.7652050919601756
1638452473507654905 1.9383191250570333 -1.108790745765202 0.0 0.0 0.0 -0.6433861202169915 0.7655418773992795
1638452473607655048 1.9414067040000946 -1.1264684317713973 0.0 0.0 0.0 -0.6435070143153917 0.765440206333721
1638452473707654953 1.9445032526825796 -1.1441701432251614 0.0 0.0 0.0 -0.6429162902990317 0.7659364446200625
1638452473808655024 1.9476486219235534 -1.1620174687081541 0.0 0.0 0.0 -0.6426517949502901 0.766158373114792
1638452473907655001 1.950759066548106 -1.179614069133181 0.0 0.0 0.0 -0.6426356598916573 0.7661719133133864
16384524746654978 1.9539054698631795 -1.1973583894598958 0.0 0.0 0.0 -0.6421698361404362 0.7665623801403358
1638452474172654867 1.9591717591724007 -1.2268341274243162 0.0 0.0 0.0 -0.6415519271137788 0.7670796347924875
1638452474309654951 1.9635285342579254 -1.2509443947524665 0.0 0.0 0.0 -0.6409671272576628 0.7675683215100454
1638452474409654856 1.9741446189404523 -1.2374344657420329 0.0 0.0 0.0 -0.6408218550648841 0.7676895807706411
1638452474576654911 1.979525804870798 -1.266863850754933 0.0 0.0 0.0 -0.640291301559401 0.7681321838809752
1638452474710654974 1.9839004980843915 -1.2907135722804004 0.0 0.0 0.0 -0.6400208275810207 0.7683575535507243
1638452474809654951 1.9872651264398564 -1.3089843659582983 0.0 0.0 0.0 -0.6396181942285475 0.7686928154016488
1638452474908654928 1.9907187948773857 -1.3276504331040944 0.0 0.0 0.0 -0.6396902488028927 0.7686328199333881
16384524757654905 1.9943170546038365 -1.3470878067479037 0.0 0.0 0.0 -0.6392658090238893 0.7689858414632919
1638452475108654976 1.9980422622842575 -1.3671710580891585 0.0 0.0 0.0 -0.6395377157174776 0.7687597010154791
1638452475207654953 2.0018173765397433 -1.3874767113795685 0.0 0.0 0.0 -0.6390218641569904 0.7691885773203238
1638452475308655024 2.0056811462929875 -1.408152009917152 0.0 0.0 0.0 -0.6387893908697465 0.7693816898975063
1638452475412906885 2.0095006700210627 -1.4285523020709037 0.0 0.0 0.0 -0.638669002287078 0.7694815424178417
1638452475517906904 2.013563498359776 -1.4501430804794078 0.0 0.0 0.0 -0.6381608009958409 0.7699031091367502
1638452475684906960 2.020008042277488 -1.4844208014164395 0.0 0.0 0.0 -0.6384514063587304 0.7696621207874799
1638452475817906857 2.025118327150712 -1.5115833801705547 0.0 0.0 0.0 -0.6382976793156477 0.7697896541186907
1638452475916906834 2.0289701503999167 -1.532003396390079 0.0 0.0 0.0 -0.6382568130241297 0.7698235123717869
163845247616906977 2.032895807108039 -1.5527442657856603 0.0 0.0 0.0 -0.6375023405946451 0.7704484043631032
1638452476115906954 2.0368199051160234 -1.573253635865521 0.0 0.0 0.0 -0.636770276244571 0.771053571429813
1638452476248906851 2.042157237942204 -1.600888307516122 0.0 0.0 0.0 -0.6361585424024512 0.7715583493666003
1638452476349906921 2.0461809252439966 -1.6216360089236748 0.0 0.0 0.0 -0.6364566122528044 0.7713124947019978
1638452476450906992 2.0501835998830034 -1.642336384100971 0.0 0.0 0.0 -0.6364515338110571 0.771316712167517
1638452476551906824 2.054164436046676 -1.6628864392565548 0.0 0.0 0.0 -0.6364257236916429 0.7713380367229646
1638452476650906801 2.0580836948724937 -1.6832161856140915 0.0 0.0 0.0 -0.6369135461725977 0.7709352470370454
1638452476750906944 2.062003358645536 -1.703700546625174 0.0 0.0 0.0 -0.6376002640429803 0.7703673825313724
1638452476849906921 2.065869324970498 -1.724092109912151 0.0 0.0 0.0 -0.6380442962173907 0.7699996348582961
1638452476949906826 2.0697750115204476 -1.7447594206616928 0.0 0.0 0.0 -0.6381370220151739 0.7699228301521537
163845247750906897 2.0737567857904953 -1.7658502125983917 0.0 0.0 0.0 -0.6380211744148386 0.7700188213036965
1638452477150906801 2.0776781005087743 -1.7865404419850361 0.0 0.0 0.0 -0.6376858799203384 0.7702965180395982
1638452477250906944 2.081622516298358 -1.807226128807125 0.0 0.0 0.0 -0.6372604895302721 0.7706484639708124
1638452477351907015 2.0830471049824077 -1.8247178205506351 0.0 0.0 0.0 -0.6361733174894695 0.7715461726550455
1638452477452906847 2.0709151823657264 -1.8245191915520267 0.0 0.0 0.0 -0.6323778744363605 0.7746600676324381
1638452477554906845 2.0752004885336226 -1.8454212861174304 0.0 0.0 0.0 -0.6319186098980794 0.7750347789321099
1638452477653906822 2.0793987000625727 -1.8658245433096847 0.0 0.0 0.0 -0.6316980947242562 0.7752145134810978
1638452477753906965 2.0836172081982265 -1.8861978107904223 0.0 0.0 0.0 -0.631149179141625 0.7756614535216902
1638452477861786842 2.087939282197118 -1.9069115803566041 0.0 0.0 0.0 -0.6303501326312111 0.7763109148898936
1638452477995786905 2.093737840299077 -1.9345050835300657 0.0 0.0 0.0 -0.6300333112967632 0.7765680738152142
163845247896786976 2.098106050554344 -1.955338340077345 0.0 0.0 0.0 -0.630632652220252 0.7760814550582011
1638452478195786953 2.10239413956543 -1.9758522042823845 0.0 0.0 0.0 -0.6307019180231803 0.77602516772439
1638452478297786951 2.1067315399861135 -1.996666130258538 0.0 0.0 0.0 -0.6311598539296421 0.7756527711446612
1638452478397786856 2.1109655533321234 -2.0170876896477763 0.0 0.0 0.0 -0.6313407862273719 0.7755055243454647
1638452478498786926 2.1152650442138885 -2.0378060886787006 0.0 0.0 0.0 -0.6312412943914573 0.7755865013004264
1638452478599786997 2.119536224803691 -2.0584011576837566 0.0 0.0 0.0 -0.6313619561038859 0.7754882774615058
1638452478699786901 2.123771777021691 -2.078925702402409 0.0 0.0 0.0 -0.6320669800690613 0.774913754065354
1638452478796406507 2.127790914010987 -2.098545642220088 0.0 0.0 0.0 -0.6323185491766208 0.7747084916835522
1638452478900786877 2.1321810469752247 -2.120065371202993 0.0 0.0 0.0 -0.6325240864319495 0.7745406956187988
16384524791786947 2.1364277880317064 -2.1409238104490456 0.0 0.0 0.0 -0.632829525312497 0.774291200476368
1638452479169786930 2.143473011370396 -2.1757030682811584 0.0 0.0 0.0 -0.6329934906672784 0.7741571191255626
1638452479268786907 2.147601331582475 -2.196120484319439 0.0 0.0 0.0 -0.6334181585622605 0.7738096874722094
1638452479403786898 2.1531549285065315 -2.2236608979015067 0.0 0.0 0.0 -0.6331361055554497 0.7740405217347782
1638452479504786968 2.157347864752436 -2.2443494143735263 0.0 0.0 0.0 -0.6330478858732304 0.7741126419566452
1638452479603786945 2.161468908252719 -2.2647426177351564 0.0 0.0 0.0 -0.6333746182891337 0.7738453047910169
1638452479771786928 2.1683048236558062 -2.2989186370482257 0.0 0.0 0.0 -0.634275719183972 0.7731069579734106
1638452479905786991 2.173840192108077 -2.326643402702152 0.0 0.0 0.0 -0.6336891173337444 0.7735878304845615
16384524806786823 2.1780385286331216 -2.347485874075712 0.0 0.0 0.0 -0.633205494571932 0.7739836988647099
1638452480175786972 2.185196772537073 -2.3825522002140573 0.0 0.0 0.0 -0.6315524244989549 0.7753331742665506
1638452480310786963 2.1909293385351485 -2.410133574997592 0.0 0.0 0.0 -0.6306759505191499 0.7760463127820936
1638452480410417080 2.1944882453300933 -2.457240883649237 0.0 0.0 0.0 -0.6334603381297318 0.7737751590745934
1638452480542417049 2.1982000487529874 -2.522002317852787 0.0 0.0 0.0 -0.6374447527235111 0.7704960525021668
1638452480709417105 2.2047366676147533 -2.5562107424647986 0.0 0.0 0.0 -0.6371257446283171 0.7707598826450107
1638452480812417030 2.2087655837880185 -2.5772927184621626 0.0 0.0 0.0 -0.6372299808783058 0.7706736753845921
1638452480911417007 2.212713652908593 -2.597848861370096 0.0 0.0 0.0 -0.6367304299993541 0.7710864541240796
163845248113417006 2.216796289269736 -2.61892049582902 0.0 0.0 0.0 -0.6358047761360128 0.7718499362342143
1638452481112416983 2.2208441823348575 -2.63958631906648 0.0 0.0 0.0 -0.6352361635661897 0.7723179795463878
1638452481246417046 2.226269374856398 -2.66697182942817 0.0 0.0 0.0 -0.634470125326047 0.7729474302039547
1638452481381417036 2.2317922686963723 -2.6945959926134293 0.0 0.0 0.0 -0.6335371448693541 0.7737122500541721
1638452481514416933 2.2373355703097437 -2.722035285402839 0.0 0.0 0.0 -0.6330222468387663 0.7741336076754044
1638452481614417076 2.241465234292769 -2.742504044449634 0.0 0.0 0.0 -0.6337369467545226 0.773548628750806
1638452481751416922 2.247031816487301 -2.7703516884326973 0.0 0.0 0.0 -0.6340021798461779 0.7733312460968869
1638452481850417137 2.2511343620246245 -2.790877950624894 0.0 0.0 0.0 -0.6341418979220685 0.7732166580567272
1638452481950417042 2.2552514452396335 -2.81150421768712 0.0 0.0 0.0 -0.6340625599566475 0.7732817349245665
163845248250416946 2.2593616041752993 -2.8321318653412195 0.0 0.0 0.0 -0.6343762273199927 0.773024480601035
1638452482219417095 2.2663100917974512 -2.8670852394049042 0.0 0.0 0.0 -0.6346033056396821 0.7728380513854297
1638452482353416920 2.271745498888276 -2.8944429277622454 0.0 0.0 0.0 -0.6343440166328405 0.773050882614657
1638452482454416990 2.275863111571576 -2.9150949485211326 0.0 0.0 0.0 -0.6340075879227021 0.7733268158158138
1638452482553416967 2.2799338260921234 -2.9354726808452805 0.0 0.0 0.0 -0.6341750000929358 0.7731895375668474
1638452482653417110 2.2840112512849777 -2.9559777804198766 0.0 0.0 0.0 -0.6345655087082697 0.7728690631379306
1638452482754416943 2.2881021222204834 -2.9766350920142117 0.0 0.0 0.0 -0.634817487462643 0.7726620995723156
1638452482845504045 2.2921648487721566 -2.997194684817597 0.0 0.0 0.0 -0.634998032396517 0.7725137470182418
1638452482944504023 2.2962297753988223 -3.017779804945841 0.0 0.0 0.0 -0.6348844044753217 0.7726071407613329
163845248345504093 2.3003367180532615 -3.0385888706560653 0.0 0.0 0.0 -0.6350654841274154 0.7724583094380986
1638452483150504112 2.3046483326834655 -3.0604410909020237 0.0 0.0 0.0 -0.6349150697520249 0.7725819364231524
1638452483251503944 2.308689225740446 -3.0809535565000825 0.0 0.0 0.0 -0.635431446063398 0.7721572951924963
1638452483350503922 2.3122591288385883 -3.099133690739478 0.0 0.0 0.0 -0.6350256666715914 0.7724909974201899
1638452483452503920 2.269538020409033 -3.0529380411929723 0.0 0.0 0.0 -0.6281740729320616 0.7780728439370818
1638452483553503990 2.2695539828995437 -3.0530122799652273 0.0 0.0 0.0 -0.6282384545904082 0.7780208153023475
1638452483652503967 2.269559224260418 -3.0530370269751943 0.0 0.0 0.0 -0.6280462079081528 0.7781760113800339
1638452483754503965 2.2696018703710767 -3.0532349962819927 0.0 0.0 0.0 -0.6292348166404592 0.7772151985822073
1638452483853503942 2.269612353092824 -3.0532844903019267 0.0 0.0 0.0 -0.6326473068785908 0.7744400390108157
1638452483954504013 2.269617356045808 -3.05330923956954 0.0 0.0 0.0 -0.6380438340439311 0.7700000792967406
163845248453503990 2.2696261744276196 -3.0533592262087756 0.0 0.0 0.0 -0.6451534007727838 0.764053063314544
1638452484154504061 2.2696261744276196 -3.0533592262087756 0.0 0.0 0.0 -0.6542122154465547 0.7563110236804347
1638452484256504059 2.2696237894461304 -3.0533339752912765 0.0 0.0 0.0 -0.6656267178642588 0.7462848562109353
1638452484357504129 2.269629036224887 -3.0533844726109822 0.0 0.0 0.0 -0.6785643414013329 0.7345409821641841
1638452484458503962 2.2696307059827077 -3.053409730301419 0.0 0.0 0.0 -0.6940248838785885 0.7199509787129885
1638452484557503939 2.2696302309721106 -3.0534602818046306 0.0 0.0 0.0 -0.7116299619287466 0.7025544800055538
1638452484656503916 2.269629515748442 -3.053460288577569 0.0 0.0 0.0 -0.7302570158550955 0.6831724794736996
1638452484756504059 2.2696276062276777 -3.053460068230848 0.0 0.0 0.0 -0.7506897574992882 0.6606549077425495
1638452484859503984 2.26963881546366 -3.053384856863274 0.0 0.0 0.0 -0.7727292919728818 0.6347356986662486
1638452484958503962 2.2696576718132824 -3.0533114805141444 0.0 0.0 0.0 -0.7937050388824111 0.608302781099753
163845248560503960 2.269665072843504 -3.053287329072606 0.0 0.0 0.0 -0.8140641674567477 0.5807749150729267
1638452485193504095 2.2697013727041155 -3.0531928057633717 0.0 0.0 0.0 -0.8396184321674085 0.5431765928145261
1638452485294503927 2.269754648290522 -3.0530780936408823 0.0 0.0 0.0 -0.8580134207881871 0.51362733056273
1638452485394138098 2.2701621774419793 -3.0571446580278088 0.0 0.0 0.0 -0.8742823008122146 0.4854178607013654
1638452485494138002 2.2743967572784984 -3.113021331770531 0.0 0.0 0.0 -0.8829101464436189 0.469541995332319
1638452485660138130 2.274335673467628 -3.1131020495674124 0.0 0.0 0.0 -0.9109072932717138 0.412611058032062
1638452485793138027 2.27428140671192 -3.113155471350545 0.0 0.0 0.0 -0.9309933919381324 0.3650359899946646
1638452485894138098 2.2742618776594448 -3.1131714376068427 0.0 0.0 0.0 -0.9445471588644704 0.3283757528240105
1638452485995138168 2.2742007504219064 -3.1132161155613955 0.0 0.0 0.0 -0.9565742839787356 0.2914886783775468
163845248696138000 2.274199707203551 -3.1132142556772666 0.0 0.0 0.0 -0.9671707311999134 0.2541275615562717
1638452486196138144 2.27384897848841 -3.109638811340297 0.0 0.0 0.0 -0.9764373221831405 0.21580117338061855
1638452486362138033 2.270680800734419 -3.077691043677301 0.0 0.0 0.0 -0.9875380867696943 0.15738020447849985
1638452486497138023 2.270584025775948 -3.077720036073759 0.0 0.0 0.0 -0.994405352949523 0.10563162487442757
1638452486598138094 2.270534706870013 -3.077730643871821 0.0 0.0 0.0 -0.9961441391816596 0.08773196688206904
1638452486698137999 2.270459981948913 -3.0777438508585044 0.0 0.0 0.0 -0.9961724875295535 0.08740955860286395
1638452486798138142 2.270484806515238 -3.077739373567189 0.0 0.0 0.0 -0.9961546652722134 0.08761214955428624
1638452486930138111 2.270459981948913 -3.0777438508585044 0.0 0.0 0.0 -0.9961690128948912 0.08744898436711006
163845248764138174 2.2699364050569644 -3.077835849990765 0.0 0.0 0.0 -0.9962540015555632 0.08647516914357502
1638452487199138165 2.268440584687188 -3.078097675014653 0.0 0.0 0.0 -0.9962494469169593 0.08652778371106945
1638452487366137981 2.264825526843843 -3.078730069421342 0.0 0.0 0.0 -0.9962524260581523 0.0864933417752766
1638452487499138117 2.260811530551854 -3.0794327643329336 0.0 0.0 0.0 -0.9962541700131674 0.08647338870362863
1638452487599138021 2.2570715830430768 -3.0800866324797163 0.0 0.0 0.0 -0.9962545168077197 0.08646947033234995
1638452487700138092 2.2529329614752136 -3.0808112640733603 0.0 0.0 0.0 -0.9962487500347401 0.08653573961742214
1638452487801138163 2.247921619582084 -3.0816875611712424 0.0 0.0 0.0 -0.9962573110257356 0.08643740465548
1638452487963239193 2.2386225101707433 -3.0833160809421782 0.0 0.0 0.0 -0.9962521651904144 0.08649630848275014
163845248863239098 2.232638951134649 -3.0843626800410777 0.0 0.0 0.0 -0.9962471647608954 0.08655426601664104
1638452488197239161 2.2249603795409785 -3.0857091044889353 0.0 0.0 0.0 -0.9962362455663654 0.08667967745657398
1638452488330239058 2.2211460241703835 -3.086377594783138 0.0 0.0 0.0 -0.9962292698492148 0.08675948601929726
1638452488464239120 2.2209963231060588 -3.0864037838692426 0.0 0.0 0.0 -0.9962212406788588 0.08685152262716919
1638452488597239017 2.2208716978301846 -3.086425720551295 0.0 0.0 0.0 -0.9964351670153463 0.08436218805721125
1638452488698239088 2.2208717109976153 -3.086425958605989 0.0 0.0 0.0 -0.9968178327036168 0.07971325814013372
1638452488798238993 2.220896799953497 -3.086421944256631 0.0 0.0 0.0 -0.9971954533699382 0.07484124567883071
1638452488899239063 2.220947017367555 -3.0864146297219994 0.0 0.0 0.0 -0.9975303109549772 0.07023715363702741
16384524891239061 2.220947017367555 -3.0864146297219994 0.0 0.0 0.0 -0.997567011740344 0.06971391631099928
1638452489167239189 2.220947017367555 -3.0864146297219994 0.0 0.0 0.0 -0.9975669192273003 0.06971510630239504
1638452489300239086 2.2438183108549694 -3.0792965368321292 0.0 0.0 0.0 -0.9988663137483874 0.04760361348223148
1638452489399239063 2.2438183108549694 -3.0792965368321292 0.0 0.0 0.0 -0.9988702859825617 0.047520258222053566
1638452489499239206 2.2433900507024527 -3.0793369824815535 0.0 0.0 0.0 -0.9989070960162428 0.04673971255401559
1638452489601239204 2.2422310278755084 -3.079445977035321 0.0 0.0 0.0 -0.9989050035869376 0.04678448350293265
1638452489701239109 2.2405677564477156 -3.07960197015207 0.0 0.0 0.0 -0.9989126337508182 0.04662075154174869
1638452489801239014 2.2381232223161676 -3.079830879045086 0.0 0.0 0.0 -0.9989058106018798 0.04676769405357712
1638452489899239063 2.235124188381472 -3.0801121043846957 0.0 0.0 0.0 -0.9989054722149423 0.0467750795653714
163845249066239119 2.228647837138915 -3.0807193623739195 0.0 0.0 0.0 -0.9989032495038557 0.046821876390524764
1638452490200239182 2.222095497448026 -3.0813331732767004 0.0 0.0 0.0 -0.9989124924151221 0.046624800220414375
1638452490299239159 2.2168034112300607 -3.081828538063175 0.0 0.0 0.0 -0.9989109444829131 0.04665719109497748
1638452490409519911 2.2104275545750864 -3.0824244450721547 0.0 0.0 0.0 -0.9989139807435764 0.04659240902013741
1638452490509519815 2.2034721708726073 -3.0830734189319777 0.0 0.0 0.0 -0.9989207312805621 0.04644784660755343
1638452490609519958 2.1959875113249234 -3.0837701417590333 0.0 0.0 0.0 -0.9989288444242149 0.046272084418361246
1638452490710519791 2.1880235965470094 -3.0845100134884005 0.0 0.0 0.0 -0.9989245856100822 0.046364252280928456
1638452490809519768 2.1796814265975217 -3.0852843003762325 0.0 0.0 0.0 -0.9989305265467718 0.04623695242250393
1638452490975519896 2.1640053272561994 -3.0867372108012243 0.0 0.0 0.0 -0.9989339063650804 0.046163838626261736
163845249176519966 2.1537983365135664 -3.0876825690387566 0.0 0.0 0.0 -0.9989367501344966 0.0461015589319827
1638452491209519863 2.139634804500909 -3.0889999696802946 0.0 0.0 0.0 -0.9989233669448221 0.046390926548832374
1638452491342519999 2.125119016418098 -3.090352693483739 0.0 0.0 0.0 -0.9989214741317552 0.04643189128505159
1638452491475519896 2.110652984489202 -3.0916984357845356 0.0 0.0 0.0 -0.9989357991781475 0.04612287389004253
1638452491607519865 2.096186643802819 -3.093037743773825 0.0 0.0 0.0 -0.99892958013006 0.046257436653230885
1638452491707519770 2.085349411030063 -3.0940426839788557 0.0 0.0 0.0 -0.9989346505394862 0.046147641163505906
1638452491807519913 2.0746131470478972 -3.09503602958796 0.0 0.0 0.0 -0.9989378307211993 0.046078337305196226
1638452491906519890 2.063624134092063 -3.096050258544995 0.0 0.0 0.0 -0.9989439175535794 0.04594615431553845
16384524927519960 2.0519795665553127 -3.0971205312013312 0.0 0.0 0.0 -0.9989527846634112 0.04575240282571101
1638452492107519865 2.0399062177609393 -3.098227201844656 0.0 0.0 0.0 -0.998955559709084 0.04569179171085321
1638452492242519855 2.0241036605198035 -3.099588264480801 0.0 0.0 0.0 -0.9989729196721403 0.045311355921862924
1638452492343519926 2.053792853533911 -3.0933765392818926 0.0 0.0 0.0 -0.9992825052285318 0.037873767601425544
1638452492442519903 2.0399109929290584 -3.09442019339588 0.0 0.0 0.0 -0.999303349287158 0.037321027425810505
1638452492575519800 2.0214596197614565 -3.0957899211390933 0.0 0.0 0.0 -0.9993211034087647 0.03684153945076484
1638452492710519791 2.00273041692967 -3.097179653439242 0.0 0.0 0.0 -0.9993049422344001 0.03727778511543306
1638452492811519861 1.988747004881567 -3.0982188975188585 0.0 0.0 0.0 -0.9993119991268031 0.037087655956453955
1638452492919059992 1.974006862418747 -3.0993217629111864 0.0 0.0 0.0 -0.999297085402232 0.03748756289143321
163845249320060062 1.959974485208924 -3.1003863458526126 0.0 0.0 0.0 -0.9992750998994947 0.0380691276883315
1638452493119060040 1.9461955663309694 -3.1014458590494693 0.0 0.0 0.0 -0.9992550946275983 0.03859040626488956
1638452493221060038 1.9320892934517522 -3.102540223217636 0.0 0.0 0.0 -0.999247112079531 0.03879648131752414
1638452493354060173 1.9135422878285213 -3.10398519402542 0.0 0.0 0.0 -0.9992374734251528 0.039043775955764214
1638452493454060078 1.8997396877327009 -3.105066797061533 0.0 0.0 0.0 -0.9992313711704512 0.03920053223523945
1638452493554059982 1.8859880988429774 -3.1061514404126003 0.0 0.0 0.0 -0.9992202449460904 0.03948319744813473
1638452493654060125 1.8721108029716116 -3.1072530466414423 0.0 0.0 0.0 -0.9992120258585342 0.039690342076382806
1638452493821060181 1.8489987185800247 -3.109085380613852 0.0 0.0 0.0 -0.9992241820619016 0.03938325946329774
1638452493920060158 1.8353227364015943 -3.110162183396217 0.0 0.0 0.0 -0.9992315980806711 0.039193982766057185
163845249453060055 1.8168265085947275 -3.11160876317842 0.0 0.0 0.0 -0.9992439188534482 0.03887879361958629
1638452494220060110 1.7935354282570846 -3.1134247323621342 0.0 0.0 0.0 -0.9992442612022373 0.03887009817703065
1638452494353060007 1.7750648219102367 -3.114873786389189 0.0 0.0 0.0 -0.999227206941492 0.039306904205437754
1638452494453060150 1.7611871843332287 -3.1159708614361596 0.0 0.0 0.0 -0.9992168195729318 0.03956907899174147
1638452494552060127 1.7473355141113607 -3.1170737498243195 0.0 0.0 0.0 -0.9992012929925254 0.039959420443375006
1638452494653060198 1.7332574863456003 -3.11820421468519 0.0 0.0 0.0 -0.9991889027502677 0.04026899569077057
1638452494755060196 1.7191294691390882 -3.1193461864451493 0.0 0.0 0.0 -0.9991834193043643 0.04040478491670645
1638452494922060013 1.6960463199754083 -3.1212217761371526 0.0 0.0 0.0 -0.9991730201921545 0.040660276542532695
163845249554059982 1.6777575699693696 -3.1227212990728637 0.0 0.0 0.0 -0.999160162939126 0.0409754442799304
1638452495198060036 1.6616645317794572 -3.1229527936929564 0.0 0.0 0.0 -0.9991766356462888 0.040571895450277264
1638452495299060106 1.6721455795164508 -3.1149300745928175 0.0 0.0 0.0 -0.9991155541393529 0.04204819192659889
1638452495420627832 1.6527501600086691 -3.1165630018446517 0.0 0.0 0.0 -0.9991179271618509 0.04199316518105002
1638452495622627974 1.6222797136365954 -3.1190924193727825 0.0 0.0 0.0 -0.9991646666750819 0.0408646274085802
1638452495754627943 1.6013664922680193 -3.120796971623418 0.0 0.0 0.0 -0.9991811545845298 0.04045953226297695
1638452495923627853 1.5734125484408306 -3.123046791512701 0.0 0.0 0.0 -0.9991949730429034 0.04011732428575091
163845249655628061 1.5510086959307432 -3.1248451527161336 0.0 0.0 0.0 -0.9991986499717495 0.040025841584066045
1638452496222627878 1.5229022843053976 -3.127092764975373 0.0 0.0 0.0 -0.9992070117939191 0.03981667973429148
1638452496353627920 1.5007249396808846 -3.1288659457112 0.0 0.0 0.0 -0.999194439331651 0.040130783868150874
1638452496453628063 1.483998492160666 -3.130217429838717 0.0 0.0 0.0 -0.999179790492363 0.04049312348302445
1638452496554627895 1.4670207382258542 -3.1316014753485844 0.0 0.0 0.0 -0.9991721399136174 0.040682507621906686
1638452496755627871 1.4331650174231327 -3.134347672345084 0.0 0.0 0.0 -0.9991806801635273 0.04047144211255258
1638452496921627998 1.4050112629783125 -3.1366365118129123 0.0 0.0 0.0 -0.9991836456804164 0.04039890638204059
163845249720627975 1.3882093527917134 -3.1379958331357822 0.0 0.0 0.0 -0.9991907624738458 0.04022261674711659
1638452497153627872 1.3657305114535332 -3.139809422703384 0.0 0.0 0.0 -0.9991896948344398 0.040248466753622855
1638452497253628016 1.348877936065471 -3.141171822911015 0.0 0.0 0.0 -0.9991871447626971 0.04031219208811583
1638452497420627832 1.3205963926585496 -3.1434522658784845 0.0 0.0 0.0 -0.9991888051625197 0.04027014439880451
1638452497520627975 1.3038692332684303 -3.14479540506621 0.0 0.0 0.0 -0.9992051733533024 0.0398625384317759
1638452497722627878 1.2699077950198798 -3.147489345495535 0.0 0.0 0.0 -0.9992279450369277 0.03928828030073189
1638452497856627941 1.2473990550790417 -3.149246417724107 0.0 0.0 0.0 -0.9992648263550119 0.03833806300259199
1638452497962877989 1.2303895051569587 -3.150549388009426 0.0 0.0 0.0 -0.9992718819468894 0.038153901841521384
163845249899877834 1.2073732901514367 -3.1523091153570184 0.0 0.0 0.0 -0.999262691970257 0.03839417003393691
1638452498200877905 1.1902885143370125 -3.1536239760499383 0.0 0.0 0.0 -0.9992595493572665 0.038475173385399256
1638452498367877960 1.0944596276953005 -3.1870464172172612 0.0 0.0 0.0 -0.99953622831152 0.030451714131245936
1638452498504878044 1.071217720937838 -3.188476491863967 0.0 0.0 0.0 -0.9995208666114181 0.030951323285349382
1638452498605877876 1.0541653461261746 -3.1895272120710008 0.0 0.0 0.0 -0.9995289224141725 0.030690020550633933
1638452498753877878 1.029129208531065 -3.191056393604463 0.0 0.0 0.0 -0.9995338310085186 0.03053095306130474
1638452498919878006 1.0012391992219951 -3.1927755880511213 0.0 0.0 0.0 -0.9995272196070938 0.030746736786883347
163845249951877975 0.9789825112079669 -3.1941430059740084 0.0 0.0 0.0 -0.9995367820330443 0.030433484388018905
1638452499150877953 0.9622322065378774 -3.195156397204446 0.0 0.0 0.0 -0.9995481315745296 0.030059577219232553
1638452499250877857 0.9454814453620388 -3.19616191129346 0.0 0.0 0.0 -0.9995512534279286 0.02995448106325009
1638452499343405485 0.9297445331132792 -3.1971063653700704 0.0 0.0 0.0 -0.9995518391581979 0.029935592352012173
1638452499450877905 0.9116515142360498 -3.1981962095616607 0.0 0.0 0.0 -0.9995446321107734 0.030175871658786296
1638452499551877975 0.8944719368663057 -3.199239428876678 0.0 0.0 0.0 -0.9995320300929917 0.030590050721032366
1638452499650877953 0.8775963879646204 -3.2002794531424623 0.0 0.0 0.0 -0.9995210074188313 0.030947034059911015
1638452499852877855 0.8435432411480203 -3.202395638744984 0.0 0.0 0.0 -0.999511030406469 0.03126731258106061
163845250019877911 0.8154032336868583 -3.2041740693547296 0.0 0.0 0.0 -0.9994959595880673 0.0317459374982904
1638452500151877880 0.7930985090909651 -3.205584511666467 0.0 0.0 0.0 -0.9995011783546391 0.03158151380764922
1638452500318877935 0.7649340054868183 -3.207376100038747 0.0 0.0 0.0 -0.9994950752139998 0.03177393826670525
1638452500427650213 0.7480850129065738 -3.208434717714489 0.0 0.0 0.0 -0.9995165106821374 0.03109204182684337
1638452500561650038 0.7253981053760419 -3.2098181164881394 0.0 0.0 0.0 -0.9995483119115313 0.030053022578009507
1638452500662650108 0.7083944751460463 -3.210836316922251 0.0 0.0 0.0 -0.9995548435719078 0.029834967042816917
1638452500793650150 0.68610924290441 -3.2121526761757195 0.0 0.0 0.0 -0.9995625532828404 0.029574967552735504
1638452500995650053 0.6518224754733583 -3.2141776840438663 0.0 0.0 0.0 -0.999576924248119 0.029084632339902036
1638452501128650188 0.6295861070039536 -3.215461525637246 0.0 0.0 0.0 -0.9995908368385475 0.028603108121561693
1638452501261650085 0.6304935987607383 -3.2087124411533754 0.0 0.0 0.0 -0.9996330597085062 0.027087393291972198
1638452501361649990 0.6667167385826307 -3.191360218274717 0.0 0.0 0.0 -0.9996969002624004 0.024619482781733218
1638452501529650211 0.6383768424455262 -3.1927350649037725 0.0 0.0 0.0 -0.9997202645115693 0.023650595753485465
1638452501695650101 0.6103624995595974 -3.1940307579493568 0.0 0.0 0.0 -0.9997475623208759 0.02246692455261186
1638452501795650005 0.5933203569945145 -3.194797854540064 0.0 0.0 0.0 -0.9997494902211629 0.02238266508410376
1638452501962650061 0.5650510092792997 -3.196055217517681 0.0 0.0 0.0 -0.9997516999503023 0.022282791910823697
163845250289574099 0.5436007309929833 -3.197022025078452 0.0 0.0 0.0 -0.9997358992803942 0.02298041608067032
1638452502195650101 0.5255572159960581 -3.1978642085391815 0.0 0.0 0.0 -0.999721445355568 0.023601969622209264
1638452502296650171 0.5084664875344916 -3.198676358718041 0.0 0.0 0.0 -0.9997138322231051 0.02392303097506132
1638452502462650061 0.48040436930861924 -3.200032389157823 0.0 0.0 0.0 -0.9997128481709286 0.023963551509458256
1638452502561650038 0.4637943747694765 -3.2008293636106195 0.0 0.0 0.0 -0.9997133834600517 0.02393959678830814
1638452502661650181 0.44698184142335523 -3.201631055280232 0.0 0.0 0.0 -0.999718241189392 0.02373676018586401
1638452502761650085 0.4300927875673185 -3.20242177213776 0.0 0.0 0.0 -0.9997352910834261 0.023006802756489066
1638452502861649990 0.41315226904604613 -3.2031949854832544 0.0 0.0 0.0 -0.9997475697660732 0.02246752055255894
163845250310205030 0.38505922419247957 -3.204429804169852 0.0 0.0 0.0 -0.9997661079377246 0.021627654795993007
1638452503175205231 0.3571422199317111 -3.205634678728896 0.0 0.0 0.0 -0.999763304770091 0.021756371379028697
1638452503374205112 0.3233109727381869 -3.207161839159892 0.0 0.0 0.0 -0.9997307001772956 0.023207139886556143
1638452503508205175 0.3024527171884728 -3.2081431434536847 0.0 0.0 0.0 -0.9997202272471667 0.02365238449784643
1638452503641205072 0.30080935338375847 -3.2082206104531723 0.0 0.0 0.0 -0.9997268219945971 0.023373867098731446
1638452503774205208 0.30060708872790326 -3.2082298658874286 0.0 0.0 0.0 -0.9997844420947363 0.02076191370268509
1638452503907205105 0.3005818063922025 -3.2082311420818583 0.0 0.0 0.0 0.9999080708776684 -0.013561166615138549
163845250472205067 0.3006071125797892 -3.208231297441437 0.0 0.0 0.0 0.9999978681272953 0.0020644883840322294
1638452504206205130 0.30058180043650934 -3.2082313804260396 0.0 0.0 0.0 0.9997832184785975 0.020822236247458506
1638452504405205011 0.2729494703251031 -3.169610141135485 0.0 0.0 0.0 0.999332121768578 0.036541784153502996
1638452504570205212 0.27297463946893885 -3.16961284369763 0.0 0.0 0.0 0.9971162115946504 0.07588974111016554
1638452504703205109 0.27307412531146297 -3.169631303085353 0.0 0.0 0.0 0.9935565010572294 0.11333783225789688
1638452504871205091 0.2731960854924175 -3.1696649068799063 0.0 0.0 0.0 0.9855363664373807 0.1694640316389179
16384525054205227 0.27324268632620974 -3.1696846778920706 0.0 0.0 0.0 0.976061201320791 0.21749607858163802
1638452505105205059 0.2732420831315189 -3.1696861181024465 0.0 0.0 0.0 0.96656605934835 0.25641771267322055
1638452505304205179 0.2732226592365514 -3.169669733306562 0.0 0.0 0.0 0.9409329594982097 0.33859291044629747
1638452505450789213 0.26701011685162296 -3.173211077273706 0.0 0.0 0.0 0.9199851006518357 0.3919532809836549
1638452505552789211 0.23318273000911993 -3.187049514096371 0.0 0.0 0.0 0.9103849617631397 0.413762255355911
1638452505652789116 0.23315063965547356 -3.1870104166337714 0.0 0.0 0.0 0.8897560598770508 0.4564363942304393
1638452505751789093 0.233120487628669 -3.1869697323915434 0.0 0.0 0.0 0.8668625121939945 0.498547236199005
1638452505850789070 0.23309495503677313 -3.186925816387278 0.0 0.0 0.0 0.8420498237324311 0.5393997317063618
1638452505949789047 0.2330926934340204 -3.186926711049931 0.0 0.0 0.0 0.8153408803373066 0.578981174734924
1638452506117789030 0.26863809841987607 -3.185422313362919 0.0 0.0 0.0 0.8047179885177494 0.5936572758605928
1638452506251789093 0.3189758215451047 -3.183132584665137 0.0 0.0 0.0 0.8078448698493673 0.589395165696659
1638452506421789169 0.3189758215451047 -3.183132584665137 0.0 0.0 0.0 0.8063238362886026 0.5914743432803059
1638452506555788994 0.3189759995888695 -3.1831325680868114 0.0 0.0 0.0 0.8026476130618254 0.5964535480710821
1638452506654789209 0.318983254001495 -3.1831567953921467 0.0 0.0 0.0 0.7996371730558818 0.6004835181434393
1638452506821789026 0.3189831649796125 -3.183156803681309 0.0 0.0 0.0 0.7946033743197267 0.6071288564691272
1638452506953788996 0.3189831649796125 -3.183156803681309 0.0 0.0 0.0 0.7903678368290609 0.6126325788949704
1638452507120789051 0.31897092651443687 -3.183107658769032 0.0 0.0 0.0 0.7856923934165602 0.6186173819034301
1638452507220789194 0.31897083749255445 -3.183107667058194 0.0 0.0 0.0 0.7829287275442574 0.6221113978472379
1638452507420789003 0.3189820967170231 -3.183156903151264 0.0 0.0 0.0 0.7763523587847507 0.6302991182024383
1638452507553789139 0.3189871401174949 -3.1831818152320976 0.0 0.0 0.0 0.7725589413848712 0.6349429981573099
1638452507719789028 0.3189871994654166 -3.183181809705989 0.0 0.0 0.0 0.7712163997034251 0.6365731092684156
1638452507853789091 0.3189823934566312 -3.1831568755207207 0.0 0.0 0.0 0.7711275956858347 0.6366806410384703
1638452507972074986 0.3188823045042793 -3.1826348558216373 0.0 0.0 0.0 0.7706824345779119 0.6372194269371595
1638452508104074955 0.3185740501279711 -3.181019016540605 0.0 0.0 0.0 0.7704440789695207 0.6375076025899645
1638452508206074953 0.31819083538393295 -3.1790047683979137 0.0 0.0 0.0 0.7704617068337317 0.6374863172199816
1638452508307074785 0.3177165205519363 -3.176518426950816 0.0 0.0 0.0 0.7705537386937404 0.6373750553602083
1638452508474074841 0.3166296872442587 -3.1708249381829607 0.0 0.0 0.0 0.7705068482926805 0.637431771121141
1638452508608074903 0.31552569950917064 -3.1650317594149717 0.0 0.0 0.0 0.7704383156415625 0.6375145532535549
1638452508776074886 0.3138359597433829 -3.1561809916968953 0.0 0.0 0.0 0.770405265816447 0.6375545154201485
1638452508914074898 0.3122348582996732 -3.1477771648166675 0.0 0.0 0.0 0.7704565057176559 0.6374925257380764
163845250913074875 0.3109189837063539 -3.140839270701961 0.0 0.0 0.0 0.769998073231449 0.638046189051416
1638452509145074844 0.3080209946055339 -3.159906937777943 0.0 0.0 0.0 0.7394652797105746 0.6731946879456088
1638452509249074936 0.30719650315999947 -3.1511373071024558 0.0 0.0 0.0 0.739471898441055 0.6731874185589454
1638452509416074991 0.3057802283374557 -3.1360679918413124 0.0 0.0 0.0 0.7394070229528448 0.6732586823858147
1638452509618074894 0.30390709736884247 -3.116008007387334 0.0 0.0 0.0 0.7390975526530021 0.6735983771846441
1638452509818074942 0.3019309554668645 -3.0945589218350436 0.0 0.0 0.0 0.7387428843067791 0.6739873487721185
163845251020074844 0.29989516194794025 -3.0724293465737698 0.0 0.0 0.0 0.7388190890713898 0.6739038700669282
1638452510153074980 0.2984348371158417 -3.0565758407173442 0.0 0.0 0.0 0.7388642872463934 0.6738542356504376
1638452510322074890 0.29646397512046513 -3.0352028145093684 0.0 0.0 0.0 0.7389283278837612 0.6737840444069841
1638452510469784975 0.2947605516351078 -3.0169062963954363 0.0 0.0 0.0 0.7394170404769639 0.6732477187333347
1638452510636785030 0.2925363982887485 -2.9934221293461816 0.0 0.0 0.0 0.739771888001542 0.6728577339312761
1638452510804785013 0.29017205432532356 -2.9686542154940043 0.0 0.0 0.0 0.7399809445773188 0.6726278543854215
1638452510905785084 0.28874498348071026 -2.9536368677308302 0.0 0.0 0.0 0.7395676017049495 0.6730823103790646
16384525115784988 0.28734598157632835 -2.938667700723452 0.0 0.0 0.0 0.7390706603270969 0.6736279314183643
1638452511106785059 0.2859605109517954 -2.923697112937456 0.0 0.0 0.0 0.7387758586641501 0.6739512402144913
1638452511271785021 0.2837110402760786 -2.8991982179419464 0.0 0.0 0.0 0.7385764621347073 0.6741697387467561
1638452511371784925 0.2823575294131606 -2.8843771416327972 0.0 0.0 0.0 0.7385921443506196 0.6741525186435132
1638452511471785069 0.28100819577120106 -2.8696321238747884 0.0 0.0 0.0 0.7387252343659774 0.6740067139350071
1638452511604784966 0.2791629752804337 -2.849467732132522 0.0 0.0 0.0 0.7385960798003987 0.6741482285242221
1638452511868784904 0.2753128659847762 -2.807298480308276 0.0 0.0 0.0 0.7386579141871271 0.6740804802778699
16384525123784895 0.27333820240346257 -2.7858243618620793 0.0 0.0 0.0 0.7389065039674306 0.6738079976266196
1638452512202785015 0.25360507218814987 -2.7705421276660074 0.0 0.0 0.0 0.7212516372636408 0.6926731177245704
1638452512369785070 0.2525217683972109 -2.7438357821143247 0.0 0.0 0.0 0.7213962752371524 0.6925225114693989
1638452512503784895 0.25165533044720745 -2.7226178832975334 0.0 0.0 0.0 0.7213543369365734 0.6925661814982861
1638452512670784950 0.250569886288204 -2.6960890560366684 0.0 0.0 0.0 0.7212753656577353 0.6926484041939265
1638452512802784920 0.24971937237937558 -2.674971798121853 0.0 0.0 0.0 0.721224291036817 0.692701611268171
16384525131062155 0.24842764550576735 -2.6428278292261465 0.0 0.0 0.0 0.7211773862549072 0.6927504566678361
1638452513101062059 0.24776683746234635 -2.626693097900538 0.0 0.0 0.0 0.7216717008944652 0.6922354814214786
1638452513234061956 0.24686959954446713 -2.605425580297447 0.0 0.0 0.0 0.7220089402287797 0.6918837223585956
1638452513369061947 0.2459435735590586 -2.584032627200273 0.0 0.0 0.0 0.7223998433398442 0.6914755452686676
1638452513501062155 0.245027046330987 -2.562892776366846 0.0 0.0 0.0 0.7221778100451215 0.6917074022491828
1638452513601062059 0.24432934828809 -2.5469115207928987 0.0 0.0 0.0 0.7224289083197 0.6914451891477276
1638452513701061964 0.24363755711882878 -2.530955407965509 0.0 0.0 0.0 0.7220767569399267 0.6918129509935627
1638452513800061941 0.24296651848361744 -2.5151756371677663 0.0 0.0 0.0 0.7219522828108741 0.6919428636415393
1638452513968062162 0.24184287307688077 -2.4885977545284277 0.0 0.0 0.0 0.721916843117259 0.6919797889158954
1638452514168061972 0.240464878010275 -2.4565838773629327 0.0 0.0 0.0 0.7225168387425788 0.6913533650973525
1638452514370062113 0.23902050982955464 -2.424243695613817 0.0 0.0 0.0 0.7229537497277767 0.6908964381476635
1638452514504061937 0.2380341932330559 -2.4028029059144376 0.0 0.0 0.0 0.7233295355369236 0.6905030062795808
1638452514605062008 0.23727687102257322 -2.3866723793715208 0.0 0.0 0.0 0.7236282475717464 0.6901899392553491
1638452514706062078 0.2365087086316504 -2.3706945581030894 0.0 0.0 0.0 0.7240265606473416 0.689772119855919
1638452514806061983 0.23573449222263465 -2.3547166552696748 0.0 0.0 0.0 0.7241481744795433 0.689644397359762
16384525155062103 0.2341558591899521 -2.3229404645330236 0.0 0.0 0.0 0.7245738574097127 0.689197190659322
1638452515207062006 0.23383013320409657 -2.3348878272589 0.0 0.0 0.0 0.738515318523319 0.6742367036178836
1638452515306061983 0.2323985228901703 -2.3191590040433208 0.0 0.0 0.0 0.738434648263704 0.6743250047133901
1638452515407062054 0.23093739905459715 -2.303153457100457 0.0 0.0 0.0 0.7386337435763105 0.6741069774789145
1638452515544868946 0.22896389150807675 -2.2816540042356217 0.0 0.0 0.0 0.7389117108390029 0.6738022471018166
1638452515645226240 0.2274837630719993 -2.2657066401520827 0.0 0.0 0.0 0.7393438553515935 0.673328077434815
1638452515778868914 0.22546747173710713 -2.244332533059321 0.0 0.0 0.0 0.7398119484538005 0.6728137309450176
1638452515912868977 0.22343356149822893 -2.2230166264027815 0.0 0.0 0.0 0.7400039071076935 0.6726025727276531
1638452516112868786 0.2203895540215061 -2.191296312744474 0.0 0.0 0.0 0.7402120128682148 0.67237357555645
1638452516312868834 0.21733261739041004 -2.1596025401150154 0.0 0.0 0.0 0.7402835629231572 0.6722947535555069
1638452516447868824 0.21525414103792678 -2.1380616982276806 0.0 0.0 0.0 0.7402204766789692 0.6723642115107197
1638452516613868952 0.21271079639221394 -2.1117090082432144 0.0 0.0 0.0 0.7403491102968841 0.6722225693399926
1638452516713868856 0.21116891789041173 -2.0958631440154893 0.0 0.0 0.0 0.7406446148237403 0.6718969689274271
1638452516847868919 0.20908005043352673 -2.074450688273941 0.0 0.0 0.0 0.7406935356172322 0.6718430378658313
163845251714868975 0.20647767439464643 -2.047875025513366 0.0 0.0 0.0 0.7408728321367704 0.6716453298716037
1638452517212868929 0.20335223350468948 -2.0163914013566937 0.0 0.0 0.0 0.7413603040116432 0.6711072003624127
1638452517311868906 0.20178914561698288 -2.0007513975405113 0.0 0.0 0.0 0.7415820418158886 0.6708621960679751
1638452517411868811 0.20017572415243173 -1.9846585580575342 0.0 0.0 0.0 0.7415321598071511 0.6709173131504075
1638452517513868809 0.1985644994161816 -1.9685147207586293 0.0 0.0 0.0 0.7412787879636209 0.6711972842692279
1638452517614868879 0.19698619826065128 -1.9525455990812275 0.0 0.0 0.0 0.740879074743792 0.6716384551844119
1638452517739038944 0.19505150340775484 -1.93273525179208 0.0 0.0 0.0 0.7404305192687247 0.6721329285994888
1638452517880868912 0.19290284032954444 -1.9103727005874789 0.0 0.0 0.0 0.7399647712289107 0.6726455983700375
163845251819006968 0.19088156017121394 -1.8891572172150188 0.0 0.0 0.0 0.7397869787817248 0.6728411104868927
1638452518219007015 0.19997841220251195 -1.8571356953332185 0.0 0.0 0.0 0.747703865699001 0.6640323169260876
1638452518421006918 0.1961539713698372 -1.8250410174306446 0.0 0.0 0.0 0.7478226512792273 0.6638985752314904
1638452518521006823 0.19426815881252696 -1.8092837439796043 0.0 0.0 0.0 0.748001095448326 0.6636975142103693
1638452518657006979 0.19169753302429665 -1.7877962393149134 0.0 0.0 0.0 0.7478780448356463 0.6638361666292161
1638452518926006794 0.18658365355593312 -1.745022051677612 0.0 0.0 0.0 0.7477957543155137 0.6639288811232456
163845251926006937 0.1847015084212429 -1.729238749401143 0.0 0.0 0.0 0.7477772698213068 0.6639496642302226
1638452519161006927 0.1821711053245329 -1.7079249845167033 0.0 0.0 0.0 0.747505928930424 0.664255120195842
1638452519296006918 0.17964688589962158 -1.6866359497121182 0.0 0.0 0.0 0.7477871633571179 0.6639384644790836
1638452519464006901 0.1764532739266877 -1.6597679215100003 0.0 0.0 0.0 0.7478276866467194 0.6638928258628458
1638452519698006868 0.17198474491246857 -1.622550217084279 0.0 0.0 0.0 0.7482785358690256 0.6633846937705201
1638452519798007011 0.17006750677635135 -1.6067202040676283 0.0 0.0 0.0 0.7484561491320261 0.6631842929049047
1638452519899006844 0.16813293036884658 -1.5907903561929284 0.0 0.0 0.0 0.7486023033472831 0.6630192890787574
163845252011006832 0.16596708793222792 -1.5729761746254258 0.0 0.0 0.0 0.7485028331673621 0.6631315875108715
1638452520211006880 0.1620983135147665 -1.5411927731926345 0.0 0.0 0.0 0.7485545532150482 0.6630732519557392
1638452520384006977 0.15879730648730875 -1.5138788459404582 0.0 0.0 0.0 0.7481109936634383 0.6635736555026187
1638452520517030001 0.15629082135047614 -1.4929700383683702 0.0 0.0 0.0 0.7478118685232612 0.663910673875655
1638452520651029825 0.15376637910094168 -1.47173203053673 0.0 0.0 0.0 0.7474950279341995 0.6642673982961828
1638452520820029974 0.1505731906969474 -1.444685531000709 0.0 0.0 0.0 0.747216339380993 0.664580881148541
163845252119029856 0.1468640279032673 -1.4131124884046264 0.0 0.0 0.0 0.7472559744177264 0.6645363202366468
1638452521143281460 0.09047527941386388 -1.355460072218602 0.0 0.0 0.0 0.731243761781126 0.6821162211490182
1638452521320029974 0.0885209268542089 -1.3272247831995565 0.0 0.0 0.0 0.7309323180156052 0.682449992613372
1638452521521029949 0.08636437165974148 -1.2952793775208338 0.0 0.0 0.0 0.7301688022446733 0.6832668034718046
1638452521659029961 0.08493112223646387 -1.2733565028829816 0.0 0.0 0.0 0.7295787415845755 0.6838968171514118
1638452521794029951 0.08356153699627977 -1.2519875135577054 0.0 0.0 0.0 0.7292325069982647 0.6842660122536327
1638452521996029854 0.08151721307006252 -1.2197559394346162 0.0 0.0 0.0 0.7289703440549112 0.6845452780239668
163845252295029831 0.08052121094984731 -1.203917367123541 0.0 0.0 0.0 0.7289366087729826 0.6845812120614587
1638452522262029886 0.07882530865837596 -1.1771671084029718 0.0 0.0 0.0 0.7293239892103102 0.6841684669571086
1638452522430029869 0.07710384131785823 -1.150393141646531 0.0 0.0 0.0 0.7293944998230644 0.6840933154088116
1638452522632029772 0.07506264824439979 -1.1182119005991091 0.0 0.0 0.0 0.7290148993695696 0.6844977954654835
1638452522898029804 0.07245019039872974 -1.0758463842676766 0.0 0.0 0.0 0.7279846989794998 0.6855933730899618
163845252362261105 0.07088284282425866 -1.049417838128704 0.0 0.0 0.0 0.7274946314381927 0.6861134166264442
1638452523262260914 0.0690417545882969 -1.0176049131949598 0.0 0.0 0.0 0.7269982583415099 0.6866393076631909
1638452523443709850 0.06738589942449791 -0.9884768699874131 0.0 0.0 0.0 0.7269966740090446 0.6866409688085688
1638452523559261084 0.06632236158588933 -0.9699973933886676 0.0 0.0 0.0 0.7270928890238815 0.6865390769962014
1638452523659260988 0.06539825346203801 -0.9539263647328569 0.0 0.0 0.0 0.7271601082859872 0.6864679197528558
1638452523896260977 0.06324713704513107 -0.916325512893877 0.0 0.0 0.0 0.7267925290864254 0.6868570576738371
163845252497260952 0.06118104472322148 -0.8835027988463723 0.0 0.0 0.0 0.7263790019530653 0.6872943971552364
1638452524363260984 0.04864565665868521 -0.8157865849321092 0.0 0.0 0.0 0.7294673210695705 0.684015626240422
1638452524498260975 0.04726631877544496 -0.7943928482062868 0.0 0.0 0.0 0.7295935348551957 0.6838810686363115
1638452524698261023 0.04518602425258217 -0.7622649142757921 0.0 0.0 0.0 0.7296296489835323 0.6838424624536081
1638452524799261093 0.044132310364300195 -0.7461511021848615 0.0 0.0 0.0 0.7300387937387918 0.6834057187009411
1638452525100260973 0.04087585973261051 -0.6981457705389927 0.0 0.0 0.0 0.7309565108834658 0.6824240537677546
1638452525365261078 0.03796278635015237 -0.6557998120277663 0.0 0.0 0.0 0.7307311848024987 0.6826653620052847
1638452525503334045 0.03653976518958369 -0.6344850291448418 0.0 0.0 0.0 0.7299087120788547 0.6835446404915325
1638452525603333950 0.03550032687044153 -0.6185985447284059 0.0 0.0 0.0 0.7297846095863963 0.6836771373701211
1638452525770334005 0.03377463241987588 -0.5920783847491167 0.0 0.0 0.0 0.7297982576782828 0.6836625793654314
1638452525970334053 0.03167864109497244 -0.5600022992638758 0.0 0.0 0.0 0.7297966878442831 0.6836642293906386
1638452526205333948 0.02921813850964245 -0.5223443736601622 0.0 0.0 0.0 0.7300657883092552 0.6833768970809219
1638452526305334091 0.028163374973220294 -0.506509627453692 0.0 0.0 0.0 0.7304683586167608 0.6829465114160413
1638452526471333981 0.026385716753268847 -0.4800690552678955 0.0 0.0 0.0 0.7303602568000036 0.6830621540529302
1638452526671334028 0.02422753713666745 -0.44807314439393464 0.0 0.0 0.0 0.7306881256216975 0.6827113947462105
1638452526808333874 0.02275754860280934 -0.4264571146473989 0.0 0.0 0.0 0.7306622771818105 0.6827390976866609
1638452526907334089 0.02168117379589015 -0.41059847259107096 0.0 0.0 0.0 0.7306909636763873 0.6827083890851563
1638452527108334064 0.019509567086356733 -0.37878104303785665 0.0 0.0 0.0 0.7310296475920425 0.6823456602329322
1638452527309334040 0.0066461844496488315 -0.3201192151566304 0.0 0.0 0.0 0.7284556229198385 0.6850929375604099
1638452527510334015 0.004669153172893337 -0.2881115620586038 0.0 0.0 0.0 0.7287290510721084 0.6848021356114222
1638452527643333912 0.0033340977405841455 -0.26684185525051196 0.0 0.0 0.0 0.7290157158134372 0.6844969502166188
1638452527844333887 0.001334572080991709 -0.23493706949644455 0.0 0.0 0.0 0.7287112062947262 0.6848211512878725
16384525283557920 -0.0002972410793249374 -0.20823351020973296 0.0 0.0 0.0 0.7280095254493073 0.6855670183534434
1638452528171557903 -0.001883140698577708 -0.18152718080085456 0.0 0.0 0.0 0.7274890927102493 0.6861192583985928
1638452528341557980 -0.0034412491045672225 -0.15466706661491636 0.0 0.0 0.0 0.7273361525936394 0.6862813474530248
1638452528441557884 -0.004369797145122238 -0.1386469856293746 0.0 0.0 0.0 0.7272006300967832 0.6864250098052833
1638452528643557787 -0.006225830174908228 -0.1062264576110267 0.0 0.0 0.0 0.7270308813019916 0.6866047607938578
1638452528810557842 -0.007758889421425384 -0.07954236985752976 0.0 0.0 0.0 0.727343435931747 0.6862736005474409
1638452528943557978 -0.00898858358599531 -0.05841839370651905 0.0 0.0 0.0 0.7272086415690285 0.6864165001283975
1638452529110557795 -0.010527435383247298 -0.031709287460807 0.0 0.0 0.0 0.7274006059427588 0.6862130376429958
1638452529276557922 -0.01206387921539065 -0.005228221129183662 0.0 0.0 0.0 0.727177690377166 0.6864492456882801
1638452529409557819 -0.013276772323288017 0.01599813105916347 0.0 0.0 0.0 0.7270238413408397 0.6866122137114858
1638452529543557882 -0.014479127748399125 0.037199730650038426 0.0 0.0 0.0 0.7268310922317829 0.6868162591809756
1638452529710557938 -0.015995818119629995 0.06375798949266924 0.0 0.0 0.0 0.7272240565703121 0.6864001859463744
1638452529875557899 -0.017545533063885517 0.09028898647313216 0.0 0.0 0.0 0.7276706208274595 0.685926709103089
163845253010557890 -0.01815241163125244 0.10049647763156734 0.0 0.0 0.0 0.7278979111880677 0.685685566852296
1638452530246557951 0.028359474511338023 0.10704953370067531 0.0 0.0 0.0 0.730737112591128 0.6826589790137517
1638452530378557920 0.028357766148072405 0.10707478713471316 0.0 0.0 0.0 0.7306882206761454 0.6827112880503103
1638452530604152918 0.02835776791500464 0.10707478336308418 0.0 0.0 0.0 0.7306752271473879 0.6827251900048954
1638452530774152994 0.028356054896643917 0.10710003691600431 0.0 0.0 0.0 0.7307036920370805 0.6826947353025244
1638452530941153049 0.028357773406012966 0.10707477949634939 0.0 0.0 0.0 0.7306732329616883 0.6827273104872744
163845253177152967 0.028344223067477324 0.10727681144474796 0.0 0.0 0.0 0.7293659322576544 0.684123723083356
1638452531212152958 0.028344024380002525 0.10727680161282784 0.0 0.0 0.0 0.7248845727093697 0.6888703202835988
1638452531377152920 0.02835009429405004 0.10712505983218512 0.0 0.0 0.0 0.7153141866605911 0.6988030067159686
1638452531577152967 0.028349528257746157 0.10717567277130016 0.0 0.0 0.0 0.6966183809729934 0.7174418724313201
1638452531813153028 0.028347672441596347 0.10709968455918699 0.0 0.0 0.0 0.6690823511230292 0.7431882550909215
163845253248152924 0.028333972018200544 0.10697379536166582 0.0 0.0 0.0 0.6338477080498275 0.7734578745249597
1638452532216152906 0.028305414664583906 0.10685052148477572 0.0 0.0 0.0 0.6029458026286939 0.7977821597225088
1638452532349153042 0.028291206956436728 0.1068019143215859 0.0 0.0 0.0 0.5770150170008187 0.8167335244346177
1638452532516152859 0.028315943073963557 0.10687376312872071 0.0 0.0 0.0 0.5435643295971266 0.8393675291627384
1638452532752152920 0.028410139402318638 0.10705282714344566 0.0 0.0 0.0 0.4950061964066008 0.8688894319760287
1638452532952152967 0.02857417738893745 0.10894894832467308 0.0 0.0 0.0 0.4558098620348349 0.8900771764535178
1638452533159056902 0.02957141057137191 0.1225851551312119 0.0 0.0 0.0 0.4304750905904359 0.90260243149172
1638452533360056877 0.029604057028678736 0.12262391596984347 0.0 0.0 0.0 0.3774786827777689 0.9260182562057371
1638452533494056940 0.02960311859070154 0.12262499750020486 0.0 0.0 0.0 0.3414472734663354 0.9399009447635404
1638452533593056917 0.029663942342627363 0.12267046145273154 0.0 0.0 0.0 0.3143687400098154 0.9493009715572306
1638452533827056885 0.02962309547965197 0.12264065468084445 0.0 0.0 0.0 0.24930630528394318 0.9684247017840798
1638452534161056995 0.032913536478289596 0.08576889385170888 0.0 0.0 0.0 0.13867173040146744 0.990338421905898
1638452534328057051 0.03288800219351507 0.08576688417776918 0.0 0.0 0.0 0.09072044372718342 0.9958763836292195
1638452534527056932 0.032787581887449346 0.08575395147104309 0.0 0.0 0.0 0.03302713726580938 0.9994544542606213
1638452534694056988 0.032661181298396604 0.08574778759682666 0.0 0.0 0.0 0.019758609318535455 0.9998047710277753
1638452534863056898 0.032635890109117605 0.08574678285257935 0.0 0.0 0.0 0.019824169528186796 0.9998034626378682
1638452534998056889 0.032635890109117605 0.08574678285257935 0.0 0.0 0.0 0.019873155283875465 0.999802481001939
1638452535163056850 0.03266118128451788 0.0857477838715622 0.0 0.0 0.0 0.0197490684225136 0.9998049916742066
1638452535363056898 0.03263589009523889 0.0857467791273149 0.0 0.0 0.0 0.019792926102943153 0.9998041196953131
1638452535566863060 0.03263589009523889 0.0857467791273149 0.0 0.0 0.0 0.019782021753037605 0.9998043378019338
1638452535771862984 0.03261059893371733 0.08574578183359648 0.0 0.0 0.0 0.019750685306728046 0.999804935081353
163845253640863037 0.03263589008136016 0.08574677540205046 0.0 0.0 0.0 0.019948716351072347 0.9998010124271546
1638452536274863005 0.03263589008136016 0.08574677540205046 0.0 0.0 0.0 0.01975058286142258 0.9998049348905202
1638452536407863140 0.03263589008136016 0.08574677540205046 0.0 0.0 0.0 0.01979762763320313 0.999804009243719
1638452536574863195 0.03263589009523889 0.0857467791273149 0.0 0.0 0.0 0.019801356753352147 0.99980395658549
1638452536708863020 0.032661181270639154 0.08574778014629778 0.0 0.0 0.0 0.019779950495225226 0.9998043339436424
1638452536906862974 0.032635890109117605 0.08574678285257935 0.0 0.0 0.0 0.01970310036879139 0.9998058597219452
1638452537140863180 0.03266118127063916 0.08574778014629778 0.0 0.0 0.0 0.01968781858831953 0.9998061888838854
1638452537473863125 0.02312945552040381 0.025234371532709292 0.0 0.0 0.0 -0.005721411709278618 0.9999836616503158
1638452537693432808 0.0231406136219665 0.025234246811010476 0.0 0.0 0.0 -0.00558260679333197 0.9999844155907864
1638452537808863163 0.023129455723736838 0.02523437525244631 0.0 0.0 0.0 -0.005726284199998783 0.999983588203358
1638452537973863125 0.02315476528186245 0.02523409235028163 0.0 0.0 0.0 -0.005706917829915149 0.9999836997351041
1638452538109275103 0.023154765485195482 0.02523409607001864 0.0 0.0 0.0 -0.005613221270064882 0.9999842313919903
