1638452437784493923 -1.7431193207601003e-12 7.118352129964478e-08 0.0 0.0 0.0 0.00019289180636405945 1.0
1638452437950494051 -1.7431193207601003e-12 7.118352129964478e-08 0.0 0.0 0.0 0.00014899484813213348 1.0
163845243883493948 -1.7431193207601003e-12 7.118352129964478e-08 0.0 0.0 0.0 0.0001877136528491974 1.0
1638452438252494097 -1.6690903216834418e-12 6.998411095082702e-08 0.0 0.0 0.0 0.00017219409346580505 1.0
1638452438386493921 -1.6690903216834418e-12 6.998411095082702e-08 0.0 0.0 0.0 0.00015975721180438995 1.0
1638452438553493977 -1.6690903216834418e-12 6.998411095082702e-08 0.0 0.0 0.0 0.0003578290343284607 0.9999999403953552
1638452438686494112 -1.6690903216834418e-12 6.998411095082702e-08 0.0 0.0 0.0 0.00020909123122692108 1.0
1638452438888494015 -3.1078058963102118e-12 7.266165624741916e-08 0.0 0.0 0.0 3.474205732345581e-05 1.0
163845243921493912 -2.540909106382716e-12 7.134602952874047e-08 0.0 0.0 0.0 0.00016986578702926636 1.0
1638452439189493895 -5.240068361861416e-12 7.823327052847162e-08 0.0 0.0 0.0 0.000159434974193573 1.0
1638452439324494123 -5.240068361861416e-12 7.823327052847162e-08 0.0 0.0 0.0 0.00016201287508010864 1.0
1638452439491493940 -5.0090860279072835e-12 7.96629393562398e-08 0.0 0.0 0.0 0.00014384835958480835 1.0
1638452439628494024 -5.0090860279072835e-12 7.96629393562398e-08 0.0 0.0 0.0 0.00011385977268218994 1.0
1638452439795494080 -3.1263552944388318e-12 7.687946634860054e-08 0.0 0.0 0.0 0.00017486326396465302 1.0
1638452439997493982 -3.1263552944388318e-12 7.687946634860054e-08 0.0 0.0 0.0 0.00022578611969947815 1.0
1638452440195493937 -3.2404198681973417e-12 7.692627690403242e-08 0.0 0.0 0.0 0.0001805722713470459 1.0
1638452440396719217 -3.2404198681973417e-12 7.692627690403242e-08 0.0 0.0 0.0 0.00015908852219581604 1.0
1638452440598719120 -1.998488397339515e-12 7.551462033461576e-08 0.0 0.0 0.0 0.00012503750622272491 1.0
1638452440799719095 -1.998488397339515e-12 7.551462033461576e-08 0.0 0.0 0.0 0.00018488988280296326 1.0
1638452440933719158 -1.6498089786681769e-12 7.379473032642636e-08 0.0 0.0 0.0 0.00013023987412452698 1.0
163845244199719048 -1.6498089786681769e-12 7.379473032642636e-08 0.0 0.0 0.0 0.00011784583330154419 1.0
1638452441231719017 -1.6498089786681769e-12 7.379473032642636e-08 0.0 0.0 0.0 0.00012524425983428955 1.0
1638452441397719145 0.0007593204500153661 4.84093277464126e-07 0.0 0.0 0.0 0.0002744533121585846 0.9999999403953552
1638452441529719114 0.002050165319815278 9.65512072070851e-07 0.0 0.0 0.0 0.0002459045499563217 0.9999999403953552
1638452441697719097 0.003670048899948597 1.846770601332537e-06 0.0 0.0 0.0 0.0003373585641384125 0.9999999403953552
1638452441831719160 0.004884961526840925 2.6975810669682687e-06 0.0 0.0 0.0 0.00034805387258529663 0.9999999403953552
1638452441999719143 0.006504845339804888 3.734645133590675e-06 0.0 0.0 0.0 0.00028093159198760986 0.9999999403953552
1638452442132719040 0.00852969940751791 5.150948254595278e-06 0.0 0.0 0.0 0.0003254301846027374 0.9999999403953552
1638452442297719002 0.01179477758705616 7.087667654559482e-06 0.0 0.0 0.0 0.00023327581584453583 1.0
1638452442496719122 0.01579386554658413 8.839992005960084e-06 0.0 0.0 0.0 0.000281577929854393 0.9999999403953552
1638452442629719019 0.019109565764665604 1.0155146810575388e-05 0.0 0.0 0.0 0.00019438937306404114 1.0
1638452442788075924 0.023943906649947166 1.2688535207416862e-05 0.0 0.0 0.0 0.0003018975257873535 0.9999999403953552
1638452442953075886 0.029233839362859726 1.5449610145878978e-05 0.0 0.0 0.0 0.00022813491523265839 1.0
1638452443153075933 0.03670049086213112 1.6073036022135057e-05 0.0 0.0 0.0 6.145425140857697e-05 1.0
1638452443319075823 0.043382514268159866 1.7521118934382685e-05 0.0 0.0 0.0 0.00025535374879837036 0.9999999403953552
1638452443486075878 0.05100103095173836 1.7984626538236625e-05 0.0 0.0 0.0 7.341988384723663e-05 1.0
1638452443621075869 0.0577843002974987 1.9098088159807958e-05 0.0 0.0 0.0 6.062909960746765e-05 1.0
1638452443787075996 0.06606089323759079 1.997961226152256e-05 0.0 0.0 0.0 0.0002665054053068161 0.9999999403953552
1638452443954075813 0.07433748245239258 2.1156189177418128e-05 0.0 0.0 0.0 6.5658241510391235e-06 1.0
1638452444153075933 0.08443644642829895 1.9194651031284593e-05 0.0 0.0 0.0 -0.00023541413247585297 1.0
1638452444355075836 0.09526941180229187 1.5078774595167488e-05 0.0 0.0 0.0 -0.0002583209425210953 0.9999999403953552
1638452444488075972 0.10319165885448456 1.0293273589923047e-05 0.0 0.0 0.0 -0.000403551384806633 0.9999999403953552
1638452444655076027 0.11313875019550323 5.802426699119678e-07 0.0 0.0 0.0 -0.0004374310374259949 0.9999998807907104
1638452444820075989 0.12303522229194641 -8.621042070444673e-06 0.0 0.0 0.0 -0.0007078050985001028 0.9999997615814209
1638452444987075806 0.13300761580467224 -2.178666545660235e-05 0.0 0.0 0.0 -0.0006000343128107488 0.9999998211860657
1638452445153075933 0.14280284941196442 -3.59867190127261e-05 0.0 0.0 0.0 -0.0008691026596352458 0.9999996423721313
1638452445339777946 0.15252214670181274 -5.5926288041519e-05 0.0 0.0 0.0 -0.00107401586137712 0.9999994039535522
1638452445473778009 0.16054561734199524 -7.459909829776734e-05 0.0 0.0 0.0 -0.001221384503878653 0.9999992251396179
1638452445640778065 0.17031550407409668 -9.669798600953072e-05 0.0 0.0 0.0 -0.0011974272783845663 0.9999992847442627
1638452445775778055 0.17831364274024963 -0.00011730009282473475 0.0 0.0 0.0 -0.0010821407195180655 0.9999994039535522
1638452445908777952 0.18631179630756378 -0.00013492054131347686 0.0 0.0 0.0 -0.0011265126522630453 0.9999993443489075
163845244641778088 0.19494269788265228 -0.00015661877114325762 0.0 0.0 0.0 -0.0013040673220530152 0.9999991655349731
1638452446175777912 0.20420636236667633 -0.00018538210133556277 0.0 0.0 0.0 -0.0015379557153210044 0.9999988079071045
1638452446341778040 0.2166338413953781 -0.00022735429229214787 0.0 0.0 0.0 -0.001873615081422031 0.9999982714653015
1638452446507777929 0.2297700047492981 -0.0002801013470161706 0.0 0.0 0.0 -0.0019798302091658115 0.9999980330467224
1638452446678777933 0.2434123456478119 -0.00033678137697279453 0.0 0.0 0.0 -0.002169935265555978 0.9999976754188538
1638452446845777988 0.2566497027873993 -0.00039726763498038054 0.0 0.0 0.0 -0.0023603045847266912 0.9999971985816956
1638452446979778051 0.26738134026527405 -0.00044837367022410035 0.0 0.0 0.0 -0.002311533084139228 0.9999973177909851
1638452447176778078 0.2841368019580841 -0.0005320780328474939 0.0 0.0 0.0 -0.0026099428068846464 0.9999966025352478
1638452447342777967 0.2990446090698242 -0.0006066415808163583 0.0 0.0 0.0 -0.0022275280207395554 0.9999974966049194
1638452447481777906 0.3116492033004761 -0.0006606621900573373 0.0 0.0 0.0 -0.001963569549843669 0.9999980926513672
1638452447650778055 0.32751888036727905 -0.0007226862944662571 0.0 0.0 0.0 -0.0017931899055838585 0.9999983906745911
1638452447782778025 0.34085753560066223 -0.0007683134754188359 0.0 0.0 0.0 -0.0016455904114991426 0.9999986290931702
1638452447936439037 0.3574359714984894 -0.0008125422173179686 0.0 0.0 0.0 -0.0009883827297016978 0.9999995231628418
1638452448102439165 0.3738878667354584 -0.0008381761726923287 0.0 0.0 0.0 -0.0007199774845503271 0.9999997615814209
1638452448235439062 0.38710007071495056 -0.0008540608105249703 0.0 0.0 0.0 -0.0005802977248094976 0.9999998211860657
1638452448433439016 0.40681707859039307 -0.0008715306175872684 0.0 0.0 0.0 -0.00038316473364830017 0.9999999403953552
1638452448600439072 0.4232437312602997 -0.0008845195989124477 0.0 0.0 0.0 -0.00042768195271492004 0.9999998807907104
1638452448732439041 0.43637996912002563 -0.0008931649499572814 0.0 0.0 0.0 -0.00031733885407447815 0.9999999403953552
1638452448899439096 0.4533381164073944 -0.0009093494736589491 0.0 0.0 0.0 -0.0006118695600889623 0.9999998211860657
163845244932438993 0.46743613481521606 -0.0009293449111282825 0.0 0.0 0.0 -0.0006301532848738134 0.9999998211860657
1638452449197439194 0.4855079650878906 -0.0009382307762280107 0.0 0.0 0.0 -0.00018962472677230835 1.0
1638452449330439091 0.5001628994941711 -0.0009395016822963953 0.0 0.0 0.0 -0.00015538372099399567 1.0
1638452449498439074 0.5185890793800354 -0.0009323282283730805 0.0 0.0 0.0 0.00044878196786157787 0.9999998807907104
1638452449632439137 0.5333958268165588 -0.0009123525815084577 0.0 0.0 0.0 0.0009040216682478786 0.9999995827674866
1638452449799439192 0.5516448020935059 -0.0008820262155495584 0.0 0.0 0.0 0.0005705225630663335 0.9999998211860657
1638452449968439102 0.5699697136878967 -0.0008521131821908057 0.0 0.0 0.0 0.0008094197837635875 0.9999997019767761
1638452450133439064 0.5879656076431274 -0.0008171192021109164 0.0 0.0 0.0 0.0012020522262901068 0.9999992847442627
1638452450299439192 0.6059867143630981 -0.0007561698439531028 0.0 0.0 0.0 0.0019071220885962248 0.999998152256012
1638452450500493050 0.6278297305107117 -0.000684161321260035 0.0 0.0 0.0 0.0012617629254236817 0.9999992251396179
1638452450636493206 0.6425857543945312 -0.0006473271641880274 0.0 0.0 0.0 0.001046474790200591 0.999999463558197
1638452450801493168 0.6604297161102295 -0.000617467740084976 0.0 0.0 0.0 0.0006385649903677404 0.9999998211860657
1638452450933493137 0.6748315095901489 -0.0006030907388776541 0.0 0.0 0.0 0.0005136560648679733 0.9999998807907104
1638452451100493193 0.693131148815155 -0.0005886179278604686 0.0 0.0 0.0 0.00015390105545520782 1.0
1638452451300493002 0.7150754332542419 -0.0005964388255961239 0.0 0.0 0.0 -0.00042973458766937256 0.9999998807907104
1638452451432493210 0.7296289801597595 -0.0006097211153246462 0.0 0.0 0.0 -0.00029873475432395935 0.9999999403953552
1638452451599493027 0.7479792237281799 -0.0006234462489373982 0.0 0.0 0.0 -0.0004693790979217738 0.9999998807907104
1638452451732493162 0.7625328302383423 -0.0006385127198882401 0.0 0.0 0.0 -0.0004969555884599686 0.9999998807907104
1638452451897493124 0.7805033922195435 -0.0006733695627190173 0.0 0.0 0.0 -0.0012737546348944306 0.9999991655349731
163845245230493021 0.7948797941207886 -0.0007146059651859105 0.0 0.0 0.0 -0.0014604474417865276 0.999998927116394
1638452452195493221 0.8129009008407593 -0.000771219958551228 0.0 0.0 0.0 -0.001710030366666615 0.9999985098838806
1638452452328493118 0.8273278474807739 -0.0008241358445957303 0.0 0.0 0.0 -0.0017298153834417462 0.9999985098838806
1638452452495493174 0.8454248309135437 -0.0008879420929588377 0.0 0.0 0.0 -0.001450635027140379 0.999998927116394
1638452452697493076 0.8674957156181335 -0.000940218276809901 0.0 0.0 0.0 -0.000994391622953117 0.9999995231628418
1638452452845907927 0.8820746541023254 -0.0009646689286455512 0.0 0.0 0.0 -0.00045207698713056743 0.9999998807907104
1638452452978907824 0.8967042565345764 -0.0009685552795417607 0.0 0.0 0.0 -1.6903504729270935e-05 1.0
163845245379907894 0.9077396988868713 -0.0009691944578662515 0.0 0.0 0.0 3.684498369693756e-05 1.0
1638452453245907784 0.9259634017944336 -0.0009708666475489736 0.0 0.0 0.0 -0.00010742619633674622 1.0
1638452453379907846 0.940770149230957 -0.0009653604938648641 0.0 0.0 0.0 0.0002569630742073059 0.9999999403953552
1638452453544907808 0.9589431881904602 -0.000945144915021956 0.0 0.0 0.0 0.0005450043827295303 0.9999998807907104
1638452453678907871 0.9740790128707886 -0.0009234392200596631 0.0 0.0 0.0 0.000847127172164619 0.9999996423721313
1638452453843907833 0.9937705993652344 -0.0008806864498183131 0.0 0.0 0.0 0.0014303862117230892 0.9999989867210388
16384524549907961 1.0134623050689697 -0.0008143442100845277 0.0 0.0 0.0 0.0019337262492626905 0.999998152256012
1638452454144907951 1.02950918674469 -0.0007551926537416875 0.0 0.0 0.0 0.001511789276264608 0.9999988675117493
1638452454278907776 1.045530915260315 -0.0007126472773961723 0.0 0.0 0.0 0.000985691207461059 0.9999995231628418
1638452454446907997 1.066640019416809 -0.000691672379616648 0.0 0.0 0.0 0.00025984086096286774 0.9999999403953552
1638452454581907988 1.0840030908584595 -0.0006814709631726146 0.0 0.0 0.0 0.00041175633668899536 0.9999999403953552
1638452454748907804 1.1057956218719482 -0.0006568561657331884 0.0 0.0 0.0 0.0007519069476984441 0.9999997019767761
1638452454882907867 1.123234748840332 -0.0006246885750442743 0.0 0.0 0.0 0.0009934360859915614 0.9999995231628418
163845245550907850 1.1451537609100342 -0.0005647114594466984 0.0 0.0 0.0 0.001743595115840435 0.9999984502792358
1638452455183907986 1.1626685857772827 -0.0005012028850615025 0.0 0.0 0.0 0.0018246573163196445 0.9999983310699463
1638452455330907822 1.1816514730453491 -0.0004282310255803168 0.0 0.0 0.0 0.0018318545771762729 0.9999983310699463
1638452455495342970 1.2038487195968628 -0.0003350949555169791 0.0 0.0 0.0 0.0024286783300340176 0.999997079372406
1638452455629342794 1.2225782871246338 -0.0002354184107389301 0.0 0.0 0.0 0.0028679983224719763 0.9999958872795105
1638452455797343016 1.2474076747894287 -9.54881907091476e-05 0.0 0.0 0.0 0.0027490670327097178 0.9999962449073792
1638452455931342840 1.2679849863052368 6.927828508196399e-06 0.0 0.0 0.0 0.002269759774208069 0.9999974370002747
163845245698342896 1.2945102453231812 0.00011967406317126006 0.0 0.0 0.0 0.0015928142238408327 0.9999987483024597
1638452456232342958 1.3158977031707764 0.00018449533672537655 0.0 0.0 0.0 0.001217279233969748 0.9999992847442627
1638452456400342941 1.3430306911468506 0.00025812635431066155 0.0 0.0 0.0 0.0015449983766302466 0.9999988079071045
1638452456534343004 1.3645952939987183 0.0003202273801434785 0.0 0.0 0.0 0.0011403930839151144 0.9999993443489075
1638452456702342987 1.3913486003875732 0.00037452185642905533 0.0 0.0 0.0 0.0006930492236278951 0.9999997615814209
1638452456837342978 1.4129385948181152 0.00040802560397423804 0.0 0.0 0.0 0.0008753685979172587 0.9999996423721313
16384524575342960 1.439539909362793 0.0004465118399821222 0.0 0.0 0.0 0.0006395819946192205 0.9999998211860657
1638452457139343023 1.4609780311584473 0.0004591691540554166 0.0 0.0 0.0 0.0001447834074497223 1.0
1638452457307343006 1.4876554012298584 0.0004399876343086362 0.0 0.0 0.0 -0.000774560438003391 0.9999997019767761
1638452457439342976 1.5086379051208496 0.00039483016007579863 0.0 0.0 0.0 -0.0014028134755790234 0.9999989867210388
1638452457573342800 1.5301518440246582 0.00031877958099357784 0.0 0.0 0.0 -0.0021134226117283106 0.9999977946281433
1638452457672343016 1.5461227893829346 0.00024580926401540637 0.0 0.0 0.0 -0.0024883088190108538 0.9999969005584717
1638452457835766077 1.5730531215667725 0.00010238572576781735 0.0 0.0 0.0 -0.0028292424976825714 0.9999960064888
16384524583766060 1.5999325513839722 -4.829245153814554e-05 0.0 0.0 0.0 -0.0032219570130109787 0.9999948143959045
1638452458203766108 1.6316460371017456 -0.00028055233997292817 0.0 0.0 0.0 -0.0038313250988721848 0.9999926686286926
1638452458403766155 1.6635364294052124 -0.0005594331305474043 0.0 0.0 0.0 -0.004735586233437061 0.9999887943267822
1638452458536766052 1.6847203969955444 -0.0007688964833505452 0.0 0.0 0.0 -0.005063273943960667 0.9999871850013733
1638452458703766108 1.711269736289978 -0.0010602771071717143 0.0 0.0 0.0 -0.005811587907373905 0.9999831318855286
1638452458838766098 1.7328834533691406 -0.0013249843614175916 0.0 0.0 0.0 -0.006304874084889889 0.9999801516532898
1638452458972766161 1.7544209957122803 -0.0016004550270736217 0.0 0.0 0.0 -0.006327817682176828 0.9999799728393555
1638452459138766050 1.7811979055404663 -0.0019147532293573022 0.0 0.0 0.0 -0.005649901460856199 0.9999840259552002
1638452459337766171 1.8130370378494263 -0.0022346118930727243 0.0 0.0 0.0 -0.004681335296481848 0.9999890327453613
1638452459471765995 1.8231102228164673 -0.0023261213209480047 0.0 0.0 0.0 -0.004648363217711449 0.9999892115592957
1638452459638766050 1.8234139680862427 -0.0023289259988814592 0.0 0.0 0.0 -0.004567119292914867 0.9999895691871643
1638452459805766106 1.8235405683517456 -0.0023301022592931986 0.0 0.0 0.0 -0.005667607765644789 0.9999839663505554
16384524605766153 1.8236163854599 -0.0023315087892115116 0.0 0.0 0.0 -0.01730785146355629 0.9998502135276794
1638452460138766050 1.8236922025680542 -0.0023353558499366045 0.0 0.0 0.0 -0.0289607010781765 0.9995805621147156
1638452460271766186 1.8236416578292847 -0.0023309923708438873 0.0 0.0 0.0 -0.045785799622535706 0.998951256275177
1638452460458273888 1.8236416578292847 -0.0023313306737691164 0.0 0.0 0.0 -0.07432558387517929 0.997234046459198
1638452460595273972 1.8236420154571533 -0.002328648464754224 0.0 0.0 0.0 -0.10136659443378448 0.9948491454124451
1638452460727273941 1.8237158060073853 -0.0023464232217520475 0.0 0.0 0.0 -0.13329941034317017 0.9910758137702942
1638452460892273903 1.823715329170227 -0.0023482434917241335 0.0 0.0 0.0 -0.17905716598033905 0.983838677406311
163845246159273958 1.823644757270813 -0.0023203296586871147 0.0 0.0 0.0 -0.22892937064170837 0.9734430313110352
1638452461192274094 1.823534607887268 -0.002258283318951726 0.0 0.0 0.0 -0.2718200087547302 0.9623481035232544
1638452461358273983 1.823409914970398 -0.0021716856863349676 0.0 0.0 0.0 -0.32591912150382996 0.945397675037384
1638452461490273952 1.8233336210250854 -0.0021052868105471134 0.0 0.0 0.0 -0.36887380480766296 0.9294794797897339
1638452461656274080 1.8233643770217896 -0.002145920880138874 0.0 0.0 0.0 -0.419900119304657 0.9075703024864197
1638452461789273977 1.8234388828277588 -0.002248186618089676 0.0 0.0 0.0 -0.4604085683822632 0.8877071142196655
1638452461957273960 1.8234906196594238 -0.002335295546799898 0.0 0.0 0.0 -0.5097726583480835 0.8603091239929199
163845246289273930 1.8235020637512207 -0.002357940888032317 0.0 0.0 0.0 -0.5473980903625488 0.8368723392486572
1638452462221273899 1.823551058769226 -0.002474668435752392 0.0 0.0 0.0 -0.5839200019836426 0.8118112087249756
1638452462387274027 1.8235706090927124 -0.0025479684118181467 0.0 0.0 0.0 -0.6276567578315735 0.7784901857376099
1638452462523273945 1.823565125465393 -0.0025232613552361727 0.0 0.0 0.0 -0.6310392618179321 0.7757509350776672
1638452462690274000 1.823565125465393 -0.002523261122405529 0.0 0.0 0.0 -0.6312810778617859 0.7755541205406189
1638452462824274063 1.823565125465393 -0.0025232606567442417 0.0 0.0 0.0 -0.6311829090118408 0.7756340503692627
1638452462987278938 1.8235702514648438 -0.0025480424519628286 0.0 0.0 0.0 -0.6311695575714111 0.775644838809967
1638452463153279066 1.8236010074615479 -0.0026967492885887623 0.0 0.0 0.0 -0.6316046118736267 0.7752906680107117
1638452463287279129 1.8238203525543213 -0.0037627823185175657 0.0 0.0 0.0 -0.6319592595100403 0.775001585483551
1638452463454278946 1.8243547677993774 -0.0063661313615739346 0.0 0.0 0.0 -0.6319160461425781 0.7750368118286133
1638452463587279081 1.8250020742416382 -0.009514743462204933 0.0 0.0 0.0 -0.6318530440330505 0.7750882506370544
1638452463722279072 1.8259668350219727 -0.014200192876160145 0.0 0.0 0.0 -0.6318084001541138 0.7751246094703674
1638452463889279127 1.8273487091064453 -0.020918715745210648 0.0 0.0 0.0 -0.6317285895347595 0.7751896381378174
163845246423278952 1.8287264108657837 -0.027612287551164627 0.0 0.0 0.0 -0.631930410861969 0.7750251293182373
1638452464194278955 1.8307538032531738 -0.03747980669140816 0.0 0.0 0.0 -0.6319498419761658 0.775009274482727
1638452464328279018 1.832598090171814 -0.04648056998848915 0.0 0.0 0.0 -0.6323400735855103 0.7746909260749817
1638452464530278921 1.8357056379318237 -0.06173329800367355 0.0 0.0 0.0 -0.6326771378517151 0.7744156718254089
1638452464699279070 1.8385969400405884 -0.075945183634758 0.0 0.0 0.0 -0.6327424049377441 0.7743623852729797
1638452464898278952 1.8423926830291748 -0.09464817494153976 0.0 0.0 0.0 -0.6330745816230774 0.7740908265113831
163845246534279108 1.8450827598571777 -0.10791949927806854 0.0 0.0 0.0 -0.6330723166465759 0.7740926146507263
1638452465199279070 1.848353624343872 -0.12409468740224838 0.0 0.0 0.0 -0.6331520676612854 0.774027407169342
1638452465400377989 1.852547526359558 -0.144886314868927 0.0 0.0 0.0 -0.6336552500724792 0.7736155986785889
1638452465600378036 1.8568751811981201 -0.16642552614212036 0.0 0.0 0.0 -0.6337196230888367 0.7735628485679626
1638452465734378099 1.8598077297210693 -0.1810680627822876 0.0 0.0 0.0 -0.6339964866638184 0.7733359336853027
1638452465900377989 1.863637924194336 -0.20028045773506165 0.0 0.0 0.0 -0.6342388391494751 0.7731372117996216
163845246633377886 1.866732120513916 -0.21584570407867432 0.0 0.0 0.0 -0.6346487402915955 0.7728007435798645
1638452466200377941 1.8707438707351685 -0.23610587418079376 0.0 0.0 0.0 -0.6348854899406433 0.7726062536239624
1638452466399378061 1.8757022619247437 -0.261339008808136 0.0 0.0 0.0 -0.635616660118103 0.7720048427581787
1638452466533377886 1.8790162801742554 -0.2783571779727936 0.0 0.0 0.0 -0.6367945075035095 0.771033525466919
1638452466698378086 1.8829702138900757 -0.2995561361312866 0.0 0.0 0.0 -0.6418951749801636 0.7667924165725708
1638452466832377911 1.8860816955566406 -0.3176918923854828 0.0 0.0 0.0 -0.6472150683403015 0.7623074054718018
16384524671378059 1.8868046998977661 -0.32213881611824036 0.0 0.0 0.0 -0.6481306552886963 0.7615291476249695
1638452467133378029 1.8868046998977661 -0.32213881611824036 0.0 0.0 0.0 -0.6479856967926025 0.7616525292396545
1638452467301378012 1.8868046998977661 -0.32213881611824036 0.0 0.0 0.0 -0.6480674743652344 0.7615829110145569
1638452467435378075 1.8868290185928345 -0.32228872179985046 0.0 0.0 0.0 -0.6479378342628479 0.7616932392120361
1638452467601377964 1.887043833732605 -0.32361283898353577 0.0 0.0 0.0 -0.6481223702430725 0.761536180973053
1638452467734378099 1.8873754739761353 -0.32566165924072266 0.0 0.0 0.0 -0.6482553482055664 0.7614230513572693
1638452467894486904 1.887995719909668 -0.32950982451438904 0.0 0.0 0.0 -0.6485499143600464 0.7611721158027649
163845246826487112 1.8887474536895752 -0.33418285846710205 0.0 0.0 0.0 -0.6484460234642029 0.7612606287002563
1638452468193486929 1.8898872137069702 -0.34125450253486633 0.0 0.0 0.0 -0.6485844254493713 0.7611427307128906
1638452468327486992 1.8909611701965332 -0.3479265868663788 0.0 0.0 0.0 -0.6483667492866516 0.7613281607627869
1638452468494487047 1.8925005197525024 -0.35749760270118713 0.0 0.0 0.0 -0.6486436128616333 0.7610923051834106
1638452468627486944 1.8938682079315186 -0.365993857383728 0.0 0.0 0.0 -0.6484810709953308 0.7612307667732239
1638452468795486927 1.8958231210708618 -0.3781384825706482 0.0 0.0 0.0 -0.6485084891319275 0.7612074017524719
1638452468928487062 1.897585391998291 -0.3891092538833618 0.0 0.0 0.0 -0.6485936641693115 0.7611348628997803
1638452469128487110 1.9004981517791748 -0.4072781503200531 0.0 0.0 0.0 -0.6486467123031616 0.7610896229743958
1638452469297487020 1.9031805992126465 -0.42402276396751404 0.0 0.0 0.0 -0.6487882137298584 0.7609690427780151
1638452469430486917 1.905436635017395 -0.4381186068058014 0.0 0.0 0.0 -0.6488189101219177 0.7609428763389587
1638452469596487045 1.9083613157272339 -0.45638808608055115 0.0 0.0 0.0 -0.6489477753639221 0.7608329057693481
1638452469776487112 1.9117087125778198 -0.47738391160964966 0.0 0.0 0.0 -0.6491429805755615 0.7606664299964905
1638452469964487076 1.9153212308883667 -0.5001316070556641 0.0 0.0 0.0 -0.6492702960968018 0.7605577111244202
1638452470130486965 1.9187089204788208 -0.5214285850524902 0.0 0.0 0.0 -0.6492399573326111 0.7605836391448975
1638452470298486948 1.9222990274429321 -0.5439491868019104 0.0 0.0 0.0 -0.6489652395248413 0.7608180642127991
1638452470502324104 1.9268803596496582 -0.5726423263549805 0.0 0.0 0.0 -0.6490100622177124 0.7607797980308533
1638452470635324001 1.9300837516784668 -0.5926871299743652 0.0 0.0 0.0 -0.6488692164421082 0.7608999609947205
1638452470836324215 1.9350751638412476 -0.6241086721420288 0.0 0.0 0.0 -0.6495672464370728 0.7603041529655457
16384524713324032 1.93923020362854 -0.6503324508666992 0.0 0.0 0.0 -0.6495305895805359 0.7603355050086975
1638452471205324173 1.9443557262420654 -0.6829115152359009 0.0 0.0 0.0 -0.6501578092575073 0.7597991824150085
1638452471405324221 1.9495853185653687 -0.7164478898048401 0.0 0.0 0.0 -0.6504490971565247 0.7595498561859131
1638452471542324066 1.9533599615097046 -0.7405281066894531 0.0 0.0 0.0 -0.6498903036117554 0.7600280046463013
1638452471677324057 1.9571692943572998 -0.7646540403366089 0.0 0.0 0.0 -0.6495010256767273 0.7603607177734375
1638452471844324112 1.9619126319885254 -0.7944234609603882 0.0 0.0 0.0 -0.6485092639923096 0.7612067461013794
1638452471978324175 1.9657208919525146 -0.8180369138717651 0.0 0.0 0.0 -0.6481872200965881 0.7614810466766357
1638452472145324230 1.9705075025558472 -0.8474917411804199 0.0 0.0 0.0 -0.6477224230766296 0.7618764042854309
1638452472279324055 1.9743506908416748 -0.8711508512496948 0.0 0.0 0.0 -0.6481640338897705 0.7615007162094116
1638452472446324110 1.9791197776794434 -0.9007368087768555 0.0 0.0 0.0 -0.6484657526016235 0.7612438201904297
1638452472579324007 1.9829089641571045 -0.9243021011352539 0.0 0.0 0.0 -0.6483287215232849 0.7613605260848999
1638452472747324228 1.9877307415008545 -0.9541358947753906 0.0 0.0 0.0 -0.6478996872901917 0.761725664138794
1638452472886654854 1.9916027784347534 -0.9778416156768799 0.0 0.0 0.0 -0.6472339630126953 0.762291431427002
163845247338655043 1.9965101480484009 -1.0076100826263428 0.0 0.0 0.0 -0.6468117237091064 0.7626497149467468
1638452473205654860 2.001368999481201 -1.0368735790252686 0.0 0.0 0.0 -0.6464071273803711 0.7629926800727844
1638452473405654907 2.007302761077881 -1.072295904159546 0.0 0.0 0.0 -0.6461417078971863 0.7632174491882324
1638452473540654898 2.0112950801849365 -1.0960843563079834 0.0 0.0 0.0 -0.645785927772522 0.7635185122489929
1638452473673655033 2.015260696411133 -1.1196461915969849 0.0 0.0 0.0 -0.6456270813941956 0.7636528611183167
1638452473841655016 2.0203070640563965 -1.149365782737732 0.0 0.0 0.0 -0.6451407670974731 0.7640637159347534
163845247439654970 2.026341199874878 -1.1846683025360107 0.0 0.0 0.0 -0.6445648670196533 0.7645496129989624
1638452474209655046 2.0315463542938232 -1.2147972583770752 0.0 0.0 0.0 -0.643577516078949 0.7653809189796448
1638452474342654943 2.035651922225952 -1.2383095026016235 0.0 0.0 0.0 -0.6433886289596558 0.7655397057533264
1638452474476655006 2.0398061275482178 -1.2619160413742065 0.0 0.0 0.0 -0.642554521560669 0.7662399411201477
1638452474643654823 2.045022964477539 -1.2913492918014526 0.0 0.0 0.0 -0.6424369215965271 0.7663385272026062
1638452474842654943 2.051511764526367 -1.3277543783187866 0.0 0.0 0.0 -0.6418275237083435 0.7668490409851074
16384524757654905 2.0572450160980225 -1.3597434759140015 0.0 0.0 0.0 -0.6414560079574585 0.7671598196029663
1638452475174654961 2.0632846355438232 -1.393349289894104 0.0 0.0 0.0 -0.6414538621902466 0.7671616077423096
1638452475346906900 2.0695016384124756 -1.4277204275131226 0.0 0.0 0.0 -0.6409754157066345 0.7675613760948181
1638452475550906897 2.077153444290161 -1.4697540998458862 0.0 0.0 0.0 -0.6406022310256958 0.7678729295730591
1638452475750906944 2.0846059322357178 -1.5106921195983887 0.0 0.0 0.0 -0.6406014561653137 0.7678735256195068
1638452475949906826 2.092100143432617 -1.5517253875732422 0.0 0.0 0.0 -0.6401988863945007 0.7682092189788818
1638452476148906946 2.0997536182403564 -1.5930896997451782 0.0 0.0 0.0 -0.6388583779335022 0.7693243622779846
1638452476316906929 2.106252670288086 -1.62771737575531 0.0 0.0 0.0 -0.6383630037307739 0.7697354555130005
1638452476450906992 2.111426830291748 -1.6553058624267578 0.0 0.0 0.0 -0.6386483907699585 0.7694987058639526
1638452476650906801 2.119093656539917 -1.6962300539016724 0.0 0.0 0.0 -0.6391093134880066 0.7691159248352051
1638452476849906921 2.126646041870117 -1.737149715423584 0.0 0.0 0.0 -0.6402373909950256 0.7681770920753479
1638452476982906818 2.131704807281494 -1.7647852897644043 0.0 0.0 0.0 -0.6403034925460815 0.7681220173835754
1638452477150906801 2.1380984783172607 -1.7996643781661987 0.0 0.0 0.0 -0.6398798227310181 0.7684749960899353
1638452477351907015 2.1457858085632324 -1.841125249862671 0.0 0.0 0.0 -0.6388549208641052 0.7693272233009338
1638452477554906845 2.153604507446289 -1.8825616836547852 0.0 0.0 0.0 -0.6376910209655762 0.7702922821044922
1638452477753906965 2.1614110469818115 -1.9234594106674194 0.0 0.0 0.0 -0.6369262933731079 0.7709246873855591
1638452477928786993 2.1680848598480225 -1.9579253196716309 0.0 0.0 0.0 -0.6358442902565002 0.7718173265457153
163845247896786976 2.174865245819092 -1.9928086996078491 0.0 0.0 0.0 -0.6364129185676575 0.7713485360145569
1638452478228786945 2.1801681518554688 -2.0202181339263916 0.0 0.0 0.0 -0.6363933682441711 0.771364688873291
1638452478397786856 2.186800718307495 -2.0547432899475098 0.0 0.0 0.0 -0.6371167302131653 0.770767331123352
1638452478599786997 2.1947531700134277 -2.0961802005767822 0.0 0.0 0.0 -0.637137770652771 0.7707499265670776
1638452478732786894 2.1999738216400146 -2.123579502105713 0.0 0.0 0.0 -0.6378434300422668 0.7701660394668579
1638452478900786877 2.206475257873535 -2.1580264568328857 0.0 0.0 0.0 -0.6382927894592285 0.769793689250946
163845247934786940 2.2117066383361816 -2.185861825942993 0.0 0.0 0.0 -0.6386721134185791 0.7694790363311768
1638452479202786922 2.2182135581970215 -2.2206685543060303 0.0 0.0 0.0 -0.638933002948761 0.7692623734474182
1638452479403786898 2.2258989810943604 -2.2619237899780273 0.0 0.0 0.0 -0.6389010548591614 0.769288957118988
1638452479537786961 2.2310431003570557 -2.289414882659912 0.0 0.0 0.0 -0.6388417482376099 0.7693381905555725
1638452479703786850 2.237358808517456 -2.3234591484069824 0.0 0.0 0.0 -0.6398265361785889 0.7685193419456482
1638452479871786833 2.2437281608581543 -2.3580853939056396 0.0 0.0 0.0 -0.6398575305938721 0.7684935331344604
163845248041786909 2.250293493270874 -2.3933963775634766 0.0 0.0 0.0 -0.6385993361473083 0.7695393562316895
1638452480175786972 2.255563259124756 -2.421276092529297 0.0 0.0 0.0 -0.6373270750045776 0.7705934047698975
1638452480343786955 2.262207508087158 -2.45577335357666 0.0 0.0 0.0 -0.6361218690872192 0.7715886235237122
1638452480542417049 2.2702224254608154 -2.4966564178466797 0.0 0.0 0.0 -0.6346611976623535 0.7727904915809631
1638452480676417112 2.275667428970337 -2.5240893363952637 0.0 0.0 0.0 -0.6344390511512756 0.7729728817939758
1638452480845417023 2.2825560569763184 -2.5587451457977295 0.0 0.0 0.0 -0.6341634392738342 0.7731990218162537
1638452480978416920 2.2880589962005615 -2.5862183570861816 0.0 0.0 0.0 -0.6334719061851501 0.7737656831741333
1638452481145416975 2.295105218887329 -2.62086820602417 0.0 0.0 0.0 -0.632022500038147 0.7749500274658203
1638452481279417038 2.300750494003296 -2.6482608318328857 0.0 0.0 0.0 -0.631384551525116 0.7754698395729065
1638452481447417021 2.307910680770874 -2.682628870010376 0.0 0.0 0.0 -0.6302577257156372 0.7763859629631042
1638452481581417084 2.313666343688965 -2.710076093673706 0.0 0.0 0.0 -0.6306340098381042 0.7760803699493408
1638452481751416922 2.3208446502685547 -2.7446470260620117 0.0 0.0 0.0 -0.6312084197998047 0.7756132483482361
1638452481884417057 2.326512098312378 -2.7719836235046387 0.0 0.0 0.0 -0.6313287615776062 0.7755153179168701
163845248250416946 2.3336198329925537 -2.8063366413116455 0.0 0.0 0.0 -0.631583571434021 0.775307834148407
1638452482186417103 2.339435338973999 -2.8345210552215576 0.0 0.0 0.0 -0.6315732598304749 0.7753161787986755
1638452482353416920 2.3464529514312744 -2.8685567378997803 0.0 0.0 0.0 -0.6315512657165527 0.7753341197967529
1638452482553416967 2.3549370765686035 -2.9095263481140137 0.0 0.0 0.0 -0.6313817501068115 0.7754721641540527
1638452482721416950 2.3620026111602783 -2.94381046295166 0.0 0.0 0.0 -0.6320452094078064 0.7749315500259399
1638452482878504038 2.3689942359924316 -2.977903127670288 0.0 0.0 0.0 -0.6322125196456909 0.7747950553894043
163845248345504093 2.3760833740234375 -3.0124926567077637 0.0 0.0 0.0 -0.632274866104126 0.7747441530227661
1638452483251503944 2.3847413063049316 -3.054795980453491 0.0 0.0 0.0 -0.6326419115066528 0.7744444608688354
1638452483386503935 2.3887224197387695 -3.0743134021759033 0.0 0.0 0.0 -0.6316736340522766 0.7752344012260437
1638452483553503990 2.3888397216796875 -3.0748836994171143 0.0 0.0 0.0 -0.6319150924682617 0.7750375866889954
1638452483685503960 2.3888652324676514 -3.075007677078247 0.0 0.0 0.0 -0.6318868398666382 0.7750606536865234
1638452483853503942 2.3888955116271973 -3.0751564502716064 0.0 0.0 0.0 -0.6363069415092468 0.7714359760284424
1638452483987504005 2.388904571533203 -3.0752062797546387 0.0 0.0 0.0 -0.6437901258468628 0.7652021646499634
1638452484121504068 2.388908624649048 -3.0752313137054443 0.0 0.0 0.0 -0.6547062993049622 0.7558833956718445
1638452484289504051 2.388909101486206 -3.0752313137054443 0.0 0.0 0.0 -0.6731980443000793 0.7394622564315796
1638452484423504114 2.388911724090576 -3.075256586074829 0.0 0.0 0.0 -0.6917959451675415 0.7220930457115173
1638452484590503931 2.38891339302063 -3.075281858444214 0.0 0.0 0.0 -0.7210540175437927 0.6928788423538208
1638452484756504059 2.388909101486206 -3.0753321647644043 0.0 0.0 0.0 -0.7538093328475952 0.6570932269096375
1638452484958503962 2.3889405727386475 -3.075183868408203 0.0 0.0 0.0 -0.7965762615203857 0.6045380234718323
1638452485159503937 2.3889853954315186 -3.0750656127929688 0.0 0.0 0.0 -0.8360388278961182 0.5486702919006348
1638452485328504086 2.3890769481658936 -3.074885129928589 0.0 0.0 0.0 -0.8661531805992126 0.4997786283493042
1638452485494138002 2.3890788555145264 -3.0748863220214844 0.0 0.0 0.0 -0.8938183188438416 0.44842928647994995
1638452485693138123 2.3890140056610107 -3.0749640464782715 0.0 0.0 0.0 -0.9253477454185486 0.37911948561668396
1638452485828138113 2.3889572620391846 -3.07501482963562 0.0 0.0 0.0 -0.9438566565513611 0.33035531640052795
1638452485995138168 2.388873815536499 -3.0750715732574463 0.0 0.0 0.0 -0.9632306694984436 0.2686758041381836
1638452486129137993 2.3888728618621826 -3.0750696659088135 0.0 0.0 0.0 -0.9758163094520569 0.2185920923948288
1638452486296138048 2.3888962268829346 -3.075059652328491 0.0 0.0 0.0 -0.987981379032135 0.15457294881343842
1638452486430138111 2.388847589492798 -3.0750732421875 0.0 0.0 0.0 -0.994589626789093 0.10388191044330597
1638452486631138086 2.388698101043701 -3.0750975608825684 0.0 0.0 0.0 -0.9982133507728577 0.059750545769929886
1638452486831138134 2.3886730670928955 -3.0751006603240967 0.0 0.0 0.0 -0.9982042908668518 0.059901196509599686
1638452486998138189 2.3885223865509033 -3.0751187801361084 0.0 0.0 0.0 -0.9982365369796753 0.05936213955283165
1638452487199138165 2.3866372108459473 -3.0753424167633057 0.0 0.0 0.0 -0.9982595443725586 0.05897372215986252
1638452487400138140 2.382112979888916 -3.075878381729126 0.0 0.0 0.0 -0.9982652068138123 0.05887768790125847
1638452487599138021 2.375175714492798 -3.076700448989868 0.0 0.0 0.0 -0.9982630014419556 0.05891529098153114
1638452487801138163 2.3659512996673584 -3.077793598175049 0.0 0.0 0.0 -0.9982649087905884 0.05888316035270691
1638452487996239185 2.3545656204223633 -3.079144239425659 0.0 0.0 0.0 -0.9982650876045227 0.05887994542717934
1638452488197239161 2.3428030014038086 -3.080540895462036 0.0 0.0 0.0 -0.9982505440711975 0.05912592262029648
1638452488396239042 2.3388569355010986 -3.08100962638855 0.0 0.0 0.0 -0.9982448220252991 0.05922243371605873
1638452488597239017 2.3386809825897217 -3.0810306072235107 0.0 0.0 0.0 -0.9983853697776794 0.05680382251739502
1638452488798238993 2.3387062549591064 -3.0810282230377197 0.0 0.0 0.0 -0.9988823533058167 0.04726551100611687
16384524891239061 2.338756799697876 -3.081023693084717 0.0 0.0 0.0 -0.9991121292114258 0.04212987422943115
1638452489201239109 2.338756799697876 -3.081023693084717 0.0 0.0 0.0 -0.9991130232810974 0.042108673602342606
1638452489399239063 2.338731527328491 -3.0810258388519287 0.0 0.0 0.0 -0.9991150498390198 0.04206115007400513
1638452489601239204 2.3371427059173584 -3.081157922744751 0.0 0.0 0.0 -0.9991457462310791 0.041325196623802185
1638452489801239014 2.333030939102173 -3.08149790763855 0.0 0.0 0.0 -0.9991464614868164 0.04130840301513672
1638452490239134 2.3264472484588623 -3.082042694091797 0.0 0.0 0.0 -0.9991459846496582 0.041319482028484344
1638452490200239182 2.3169877529144287 -3.082824945449829 0.0 0.0 0.0 -0.9991523623466492 0.04116547480225563
1638452490409519911 2.3053085803985596 -3.0837886333465576 0.0 0.0 0.0 -0.9991536736488342 0.04113307595252991
1638452490576519966 2.2934024333953857 -3.0847678184509277 0.0 0.0 0.0 -0.9991641640663147 0.04087687283754349
1638452490743519783 2.2801334857940674 -3.0858542919158936 0.0 0.0 0.0 -0.9991689324378967 0.040760383009910583
1638452490908519983 2.2653253078460693 -3.087064027786255 0.0 0.0 0.0 -0.9991695880889893 0.04074525833129883
163845249176519966 2.2486252784729004 -3.0884275436401367 0.0 0.0 0.0 -0.9991737604141235 0.040642108768224716
1638452491243519783 2.2307400703430176 -3.0898942947387695 0.0 0.0 0.0 -0.9991622567176819 0.04092404246330261
1638452491375519991 2.21631121635437 -3.0910804271698 0.0 0.0 0.0 -0.9991607666015625 0.040960367769002914
1638452491540519953 2.1982743740081787 -3.0925559997558594 0.0 0.0 0.0 -0.9991711378097534 0.04070654511451721
1638452491674519777 2.18371844291687 -3.0937445163726807 0.0 0.0 0.0 -0.999167799949646 0.04078909009695053
1638452491840519905 2.16573166847229 -3.0952107906341553 0.0 0.0 0.0 -0.9991758465766907 0.040591247379779816
1638452491973519802 2.150594711303711 -3.096438407897949 0.0 0.0 0.0 -0.9991878867149353 0.04029346629977226
1638452492140519857 2.1305627822875977 -3.0980544090270996 0.0 0.0 0.0 -0.9991918206214905 0.040195200592279434
1638452492276519775 2.1131796836853027 -3.0994508266448975 0.0 0.0 0.0 -0.9992048144340515 0.03987109288573265
1638452492442519903 2.090294122695923 -3.1012604236602783 0.0 0.0 0.0 -0.9992362260818481 0.03907694295048714
1638452492575519800 2.071847677230835 -3.1026949882507324 0.0 0.0 0.0 -0.9992548227310181 0.03859748691320419
1638452492744519949 2.0483291149139404 -3.1045243740081787 0.0 0.0 0.0 -0.9992482662200928 0.03876711428165436
1638452492877519846 2.029832601547241 -3.1059672832489014 0.0 0.0 0.0 -0.9992327094078064 0.039166159927845
163845249387059975 2.00111985206604 -3.108250617980957 0.0 0.0 0.0 -0.9991897940635681 0.04024677723646164
1638452493254060030 1.9778094291687012 -3.1101415157318115 0.0 0.0 0.0 -0.9991722702980042 0.040679626166820526
1638452493454060078 1.950161099433899 -3.1123995780944824 0.0 0.0 0.0 -0.9991609454154968 0.040956318378448486
1638452493587059975 1.9318225383758545 -3.113912582397461 0.0 0.0 0.0 -0.9991446137428284 0.04135235399007797
1638452493788060188 1.9040002822875977 -3.1162197589874268 0.0 0.0 0.0 -0.9991527199745178 0.04115701839327812
1638452493953060150 1.8810956478118896 -3.1181039810180664 0.0 0.0 0.0 -0.9991652965545654 0.040850549936294556
1638452494154060125 1.853219985961914 -3.1203784942626953 0.0 0.0 0.0 -0.9991746544837952 0.04062102362513542
1638452494287060022 1.8347539901733398 -3.1218860149383545 0.0 0.0 0.0 -0.9991624355316162 0.04091927781701088
1638452494453060150 1.8116477727890015 -3.1237905025482178 0.0 0.0 0.0 -0.9991457462310791 0.04132483899593353
1638452494586060047 1.7932095527648926 -3.125325918197632 0.0 0.0 0.0 -0.9991297721862793 0.041709791868925095
1638452494787060022 1.7651128768920898 -3.1276931762695312 0.0 0.0 0.0 -0.9991103410720825 0.0421723946928978
1638452494922060013 1.746525764465332 -3.129270315170288 0.0 0.0 0.0 -0.9991000294685364 0.042415957897901535
163845249588060141 1.7235264778137207 -3.1312367916107178 0.0 0.0 0.0 -0.9990988969802856 0.04244240000844002
1638452495231060028 1.7039052248001099 -3.132901906967163 0.0 0.0 0.0 -0.9991067051887512 0.04225814715027809
1638452495387627840 1.6797691583633423 -3.13494610786438 0.0 0.0 0.0 -0.9991106390953064 0.04216548800468445
1638452495589627981 1.6494771242141724 -3.137483835220337 0.0 0.0 0.0 -0.9991517066955566 0.041180599480867386
1638452495754627943 1.6234439611434937 -3.1396191120147705 0.0 0.0 0.0 -0.9991729259490967 0.040662236511707306
1638452495988627911 1.58433997631073 -3.1427812576293945 0.0 0.0 0.0 -0.9991893768310547 0.04025725647807121
1638452496123627901 1.561583161354065 -3.1446118354797363 0.0 0.0 0.0 -0.9991924166679382 0.040180787444114685
1638452496321627855 1.5282046794891357 -3.147294521331787 0.0 0.0 0.0 -0.9992030262947083 0.03991623595356941
1638452496487627983 1.5002777576446533 -3.149561882019043 0.0 0.0 0.0 -0.9991629719734192 0.04090641438961029
1638452496654628038 1.4722764492034912 -3.151853084564209 0.0 0.0 0.0 -0.9991791844367981 0.040508583188056946
1638452496855628014 1.4382957220077515 -3.15462327003479 0.0 0.0 0.0 -0.9991675019264221 0.04079647362232208
163845249754627895 1.4046932458877563 -3.1573591232299805 0.0 0.0 0.0 -0.9991768598556519 0.04056599363684654
1638452497187628031 1.382164716720581 -3.159186363220215 0.0 0.0 0.0 -0.9991752505302429 0.040605541318655014
1638452497321627855 1.3595101833343506 -3.161024570465088 0.0 0.0 0.0 -0.9991852045059204 0.04036017134785652
1638452497487627983 1.3315321207046509 -3.1632895469665527 0.0 0.0 0.0 -0.9991917610168457 0.0401969850063324
1638452497689627886 1.297622799873352 -3.1660003662109375 0.0 0.0 0.0 -0.9992185831069946 0.03952482342720032
1638452497895877838 1.2638605833053589 -3.1686465740203857 0.0 0.0 0.0 -0.9992589950561523 0.03848956525325775
163845249832877922 1.2406936883926392 -3.170426607131958 0.0 0.0 0.0 -0.999267578125 0.03826645016670227
1638452498200877905 1.2123793363571167 -3.1726129055023193 0.0 0.0 0.0 -0.9992517232894897 0.038677893579006195
1638452498400877953 1.1784658432006836 -3.1752734184265137 0.0 0.0 0.0 -0.9992160797119141 0.039588429033756256
1638452498572877884 1.1493490934371948 -3.177586317062378 0.0 0.0 0.0 -0.9992137551307678 0.03964667767286301
1638452498753877878 1.1188182830810547 -3.179997682571411 0.0 0.0 0.0 -0.9992240071296692 0.039387840777635574
1638452498886878014 1.0965391397476196 -3.181767225265503 0.0 0.0 0.0 -0.9992085099220276 0.039778538048267365
163845249951877975 1.0687341690063477 -3.1839725971221924 0.0 0.0 0.0 -0.9992278218269348 0.039290402084589005
1638452499184877872 1.0464277267456055 -3.1857171058654785 0.0 0.0 0.0 -0.9992465972900391 0.038810472935438156
1638452499382878065 1.0128408670425415 -3.188331127166748 0.0 0.0 0.0 -0.9992426037788391 0.03891279548406601
1638452499551877975 0.9843271970748901 -3.190566062927246 0.0 0.0 0.0 -0.999221682548523 0.03944692015647888
1638452499685878038 0.9616696834564209 -3.1923673152923584 0.0 0.0 0.0 -0.9992125034332275 0.03967859968543053
1638452499819877863 0.939012885093689 -3.194178342819214 0.0 0.0 0.0 -0.9991967678070068 0.040072035044431686
1638452499985877991 0.9109588861465454 -3.196445941925049 0.0 0.0 0.0 -0.9991792440414429 0.04050656035542488
1638452500185878038 0.8774312138557434 -3.1991662979125977 0.0 0.0 0.0 -0.9991730451583862 0.040659260004758835
1638452500352877855 0.8493533134460449 -3.2014522552490234 0.0 0.0 0.0 -0.9991830587387085 0.04041317477822304
1638452500526650190 0.8213973641395569 -3.203676462173462 0.0 0.0 0.0 -0.9992375373840332 0.03904299437999725
1638452500695650101 0.7928821444511414 -3.2058911323547363 0.0 0.0 0.0 -0.9992679357528687 0.03825656324625015
1638452500827650070 0.7706237435340881 -3.20760178565979 0.0 0.0 0.0 -0.9992622137069702 0.038406774401664734
1638452500995650053 0.7419806122779846 -3.2098026275634766 0.0 0.0 0.0 -0.9992799162864685 0.037941958755254745
1638452501128650188 0.7197704911231995 -3.2114803791046143 0.0 0.0 0.0 -0.999298095703125 0.0374605767428875
1638452501294650078 0.6916018724441528 -3.2135798931121826 0.0 0.0 0.0 -0.9993162751197815 0.0369720384478569
1638452501429650068 0.6691117882728577 -3.21524715423584 0.0 0.0 0.0 -0.999316930770874 0.03695428743958473
1638452501595650196 0.6409898996353149 -3.217291831970215 0.0 0.0 0.0 -0.999360978603363 0.03574463725090027
1638452501728650093 0.6184437274932861 -3.218886375427246 0.0 0.0 0.0 -0.9993813633918762 0.0351693369448185
1638452501895650148 0.5902151465415955 -3.2208571434020996 0.0 0.0 0.0 -0.9993969202041626 0.034724004566669464
163845250228650045 0.5676923990249634 -3.2224225997924805 0.0 0.0 0.0 -0.9993839859962463 0.03509451821446419
1638452502195650101 0.539517343044281 -3.2244327068328857 0.0 0.0 0.0 -0.9993486404418945 0.03608761727809906
1638452502330650091 0.5167472958564758 -3.2260890007019043 0.0 0.0 0.0 -0.9993293285369873 0.03661870211362839
1638452502495650053 0.4889044761657715 -3.228132486343384 0.0 0.0 0.0 -0.9993320107460022 0.03654436394572258
1638452502628650188 0.4665890634059906 -3.229759454727173 0.0 0.0 0.0 -0.9993414878845215 0.03628549724817276
1638452502828649998 0.4329110085964203 -3.2321739196777344 0.0 0.0 0.0 -0.9993796348571777 0.03521794453263283
163845250310205030 0.39922720193862915 -3.2345058917999268 0.0 0.0 0.0 -0.9994179606437683 0.034114014357328415
1638452503175205231 0.3713490068912506 -3.23640775680542 0.0 0.0 0.0 -0.9994135499000549 0.03424268588423729
1638452503341205120 0.34322166442871094 -3.2383759021759033 0.0 0.0 0.0 -0.9993675351142883 0.03555985912680626
1638452503475205183 0.3205259144306183 -3.240007162094116 0.0 0.0 0.0 -0.999345600605011 0.036172203719615936
1638452503641205072 0.3150983154773712 -3.2404000759124756 0.0 0.0 0.0 -0.9993568658828735 0.0358595997095108
1638452503840205193 0.31484583020210266 -3.240417718887329 0.0 0.0 0.0 -0.9995366334915161 0.030438445508480072
16384525046205082 0.3148458003997803 -3.240417242050171 0.0 0.0 0.0 0.9998459815979004 -0.01755068451166153
1638452504206205130 0.3148711025714874 -3.2404165267944336 0.0 0.0 0.0 0.9999653100967407 0.008332351222634315
1638452504405205011 0.31494688987731934 -3.2404208183288574 0.0 0.0 0.0 0.9990126490592957 0.04442655295133591
1638452504570205212 0.31497201323509216 -3.2404239177703857 0.0 0.0 0.0 0.9964863061904907 0.08375579863786697
1638452504738205194 0.3151201903820038 -3.2404568195343018 0.0 0.0 0.0 0.9911203980445862 0.13296763598918915
1638452504937205076 0.3152157664299011 -3.2404897212982178 0.0 0.0 0.0 0.9794714450836182 0.20158296823501587
163845250572205067 0.3152602016925812 -3.240514039993286 0.0 0.0 0.0 0.9677658677101135 0.25185152888298035
1638452505238205194 0.31521910429000854 -3.2404847145080566 0.0 0.0 0.0 0.948011040687561 0.31823742389678955
1638452505450789213 0.31518107652664185 -3.2404513359069824 0.0 0.0 0.0 0.9148930311203003 0.40369629859924316
1638452505652789116 0.31513601541519165 -3.2403903007507324 0.0 0.0 0.0 0.8712343573570251 0.4908673167228699
1638452505784789085 0.3150878846645355 -3.2403013706207275 0.0 0.0 0.0 0.8381605744361877 0.5454235672950745
1638452505949789047 0.3150847852230072 -3.240302324295044 0.0 0.0 0.0 0.7920858860015869 0.6104096174240112
163845250683789110 0.3150590658187866 -3.240204334259033 0.0 0.0 0.0 0.778996467590332 0.6270282864570618
1638452506251789093 0.3150644600391388 -3.2402288913726807 0.0 0.0 0.0 0.7796228528022766 0.6262493133544922
1638452506388789177 0.3150644600391388 -3.2402288913726807 0.0 0.0 0.0 0.778611958026886 0.6275056600570679
1638452506588788986 0.31506961584091187 -3.2402536869049072 0.0 0.0 0.0 0.7729598879814148 0.6344549059867859
1638452506755789042 0.31506505608558655 -3.2402288913726807 0.0 0.0 0.0 0.7677391767501831 0.640762448310852
1638452506920789003 0.3150695264339447 -3.2402536869049072 0.0 0.0 0.0 0.7624738812446594 0.6470190286636353
1638452507120789051 0.31506189703941345 -3.240203619003296 0.0 0.0 0.0 0.7561381459236145 0.654412031173706
1638452507287789106 0.3150685429573059 -3.2402536869049072 0.0 0.0 0.0 0.7510020732879639 0.6602998375892639
1638452507454789162 0.31506845355033875 -3.2402536869049072 0.0 0.0 0.0 0.7453241944313049 0.6667022109031677
1638452507586789131 0.315073698759079 -3.2403042316436768 0.0 0.0 0.0 0.7412154674530029 0.6712671518325806
1638452507753789186 0.315073698759079 -3.2403042316436768 0.0 0.0 0.0 0.740894615650177 0.6716213226318359
1638452507886789083 0.31506383419036865 -3.240203380584717 0.0 0.0 0.0 0.7406932711601257 0.6718433499336243
163845250838074970 0.31495213508605957 -3.239044427871704 0.0 0.0 0.0 0.7400586009025574 0.67254239320755
1638452508238074780 0.3145906925201416 -3.235265016555786 0.0 0.0 0.0 0.7400875091552734 0.67251056432724
1638452508374074936 0.3142302334308624 -3.231510877609253 0.0 0.0 0.0 0.7401586174964905 0.6724323034286499
1638452508540074825 0.31359899044036865 -3.2249348163604736 0.0 0.0 0.0 0.7400802373886108 0.6725185513496399
1638452508743074894 0.3126313388347626 -3.2148568630218506 0.0 0.0 0.0 0.7401156425476074 0.6724796295166016
1638452508947074890 0.31142130494117737 -3.2022087574005127 0.0 0.0 0.0 0.7397979497909546 0.6728290915489197
1638452509145074844 0.3099720776081085 -3.1869137287139893 0.0 0.0 0.0 0.739707350730896 0.6729286909103394
1638452509348074913 0.30829918384552 -3.1692497730255127 0.0 0.0 0.0 0.7397040724754333 0.6729323267936707
1638452509548074961 0.30649253726005554 -3.1501243114471436 0.0 0.0 0.0 0.7393741011619568 0.6732948422431946
1638452509752074957 0.30449041724205017 -3.128652334213257 0.0 0.0 0.0 0.7390084266662598 0.6736961603164673
1638452509920074940 0.3028098940849304 -3.110506057739258 0.0 0.0 0.0 0.7390148639678955 0.6736891269683838
163845251087074995 0.3010547161102295 -3.091578722000122 0.0 0.0 0.0 0.7391005158424377 0.673595130443573
1638452510256074905 0.2991335988044739 -3.0709125995635986 0.0 0.0 0.0 0.7390647530555725 0.6736343502998352
1638452510469784975 0.2966087758541107 -3.0439226627349854 0.0 0.0 0.0 0.7396591305732727 0.6729817390441895
1638452510636785030 0.2943677306175232 -3.020440101623535 0.0 0.0 0.0 0.740013837814331 0.6725916266441345
1638452510804785013 0.29198557138442993 -2.995673894882202 0.0 0.0 0.0 0.7402228116989136 0.6723616719245911
1638452510939785004 0.2900684177875519 -2.975592851638794 0.0 0.0 0.0 0.7395222187042236 0.6731321215629578
1638452511106785059 0.28774169087409973 -2.9507198333740234 0.0 0.0 0.0 0.7390182018280029 0.6736854910850525
1638452511304785013 0.28502199053764343 -2.9213078022003174 0.0 0.0 0.0 0.7388172149658203 0.6739058494567871
1638452511437784910 0.2832067012786865 -2.9015982151031494 0.0 0.0 0.0 0.7388418316841125 0.6738788485527039
1638452511570785046 0.281358003616333 -2.881561279296875 0.0 0.0 0.0 0.7388915419578552 0.6738243699073792
1638452511802784920 0.27798739075660706 -2.844914436340332 0.0 0.0 0.0 0.7388203740119934 0.6739024519920349
16384525123784895 0.27502021193504333 -2.8128561973571777 0.0 0.0 0.0 0.7391487956047058 0.6735422015190125
1638452512202785015 0.27206629514694214 -2.781254291534424 0.0 0.0 0.0 0.7393051385879517 0.6733705401420593
1638452512336785078 0.2700718641281128 -2.7599596977233887 0.0 0.0 0.0 0.7392876148223877 0.6733897924423218
1638452512470784903 0.26807674765586853 -2.7387163639068604 0.0 0.0 0.0 0.739410400390625 0.6732550263404846
1638452512636785030 0.265595406293869 -2.7123324871063232 0.0 0.0 0.0 0.7394264936447144 0.6732372641563416
1638452512835784912 0.2626500129699707 -2.6808061599731445 0.0 0.0 0.0 0.7391312122344971 0.6735614538192749
16384525131062155 0.26014819741249084 -2.653991937637329 0.0 0.0 0.0 0.7392329573631287 0.6734498143196106
1638452513134062052 0.25812605023384094 -2.632547616958618 0.0 0.0 0.0 0.7398515343666077 0.6727701425552368
1638452513301062107 0.2556067407131195 -2.606218099594116 0.0 0.0 0.0 0.7401832342147827 0.6724051833152771
1638452513468062162 0.25304073095321655 -2.5796642303466797 0.0 0.0 0.0 0.7402265071868896 0.6723575592041016
1638452513635061979 0.25047099590301514 -2.5530853271484375 0.0 0.0 0.0 0.7403036952018738 0.6722726225852966
1638452513800061941 0.24795007705688477 -2.526806592941284 0.0 0.0 0.0 0.7399862408638 0.67262202501297
16384525141062155 0.24491789937019348 -2.4950339794158936 0.0 0.0 0.0 0.7400251030921936 0.6725792288780212
1638452514201061964 0.2418421059846878 -2.4631385803222656 0.0 0.0 0.0 0.7404904961585999 0.6720668077468872
1638452514403062105 0.23867736756801605 -2.430870294570923 0.0 0.0 0.0 0.7411679029464722 0.6713197231292725
1638452514605062008 0.23547878861427307 -2.3987834453582764 0.0 0.0 0.0 0.7416152954101562 0.6708254218101501
1638452514806061983 0.2322501540184021 -2.3669538497924805 0.0 0.0 0.0 0.742120623588562 0.670266330242157
1638452514971061945 0.22953833639621735 -2.3405673503875732 0.0 0.0 0.0 0.7425577640533447 0.6697820425033569
1638452515139061928 0.22679965198040009 -2.314056396484375 0.0 0.0 0.0 0.7425339221954346 0.6698084473609924
1638452515273061991 0.22459569573402405 -2.2927825450897217 0.0 0.0 0.0 0.7427413463592529 0.6695784330368042
1638452515440062046 0.2218412160873413 -2.266324281692505 0.0 0.0 0.0 0.742951512336731 0.6693452000617981
1638452515577868938 0.21959078311920166 -2.244852066040039 0.0 0.0 0.0 0.7432376146316528 0.6690275073051453
1638452515745868921 0.21673068404197693 -2.2179975509643555 0.0 0.0 0.0 0.743924617767334 0.6682635545730591
1638452515945868969 0.21329748630523682 -2.1862661838531494 0.0 0.0 0.0 0.7443171143531799 0.6678263545036316
1638452516145868778 0.2098495066165924 -2.1545872688293457 0.0 0.0 0.0 0.7443514466285706 0.6677880883216858
1638452516278868914 0.207533597946167 -2.133401870727539 0.0 0.0 0.0 0.7446196675300598 0.6674889922142029
1638452516447868824 0.2046121060848236 -2.1066808700561523 0.0 0.0 0.0 0.7444696426391602 0.6676563024520874
1638452516580868959 0.20231013000011444 -2.0856211185455322 0.0 0.0 0.0 0.7445469498634338 0.6675701141357422
1638452516748868942 0.1993919461965561 -2.059103488922119 0.0 0.0 0.0 0.7449116110801697 0.6671631336212158
1638452516880868912 0.1970534473657608 -2.0379204750061035 0.0 0.0 0.0 0.7449182868003845 0.6671556830406189
163845251747868967 0.194104865193367 -2.0113301277160645 0.0 0.0 0.0 0.7452172636985779 0.6668217182159424
1638452517179868937 0.19174565374851227 -1.990302324295044 0.0 0.0 0.0 0.7456297278404236 0.6663604974746704
1638452517344868898 0.18880322575569153 -1.9642205238342285 0.0 0.0 0.0 0.7457886338233948 0.6661826372146606
1638452517480868816 0.1863645762205124 -1.9426159858703613 0.0 0.0 0.0 0.7456294298171997 0.6663607954978943
1638452517647868872 0.18340608477592468 -1.9161286354064941 0.0 0.0 0.0 0.745080828666687 0.6669741868972778
1638452517880868912 0.17937470972537994 -1.87929368019104 0.0 0.0 0.0 0.744215726852417 0.667939305305481
163845251852006960 0.1765097677707672 -1.8527705669403076 0.0 0.0 0.0 0.7439862489700317 0.6681949496269226
1638452518252007008 0.17305193841457367 -1.8207616806030273 0.0 0.0 0.0 0.744181215763092 0.6679778099060059
1638452518387006998 0.1707274466753006 -1.7992717027664185 0.0 0.0 0.0 0.7442640662193298 0.6678854823112488
1638452518587006807 0.16728956997394562 -1.7676424980163574 0.0 0.0 0.0 0.7443150877952576 0.6678285598754883
1638452518724006891 0.1649140566587448 -1.7457506656646729 0.0 0.0 0.0 0.744332492351532 0.6678091883659363
1638452518892006874 0.16202057898044586 -1.7191287279129028 0.0 0.0 0.0 0.7442790865898132 0.6678687334060669
163845251926006937 0.15972280502319336 -1.6979159116744995 0.0 0.0 0.0 0.7441747188568115 0.6679850220680237
1638452519194006920 0.15685485303401947 -1.6712912321090698 0.0 0.0 0.0 0.7439926862716675 0.6681877374649048
1638452519329006910 0.15455539524555206 -1.6499513387680054 0.0 0.0 0.0 0.7440887689590454 0.668080747127533
1638452519497006893 0.15165968239307404 -1.6231259107589722 0.0 0.0 0.0 0.7441906332969666 0.6679673194885254
1638452519698006868 0.14816102385520935 -1.591096043586731 0.0 0.0 0.0 0.7446790337562561 0.6674227714538574
1638452519831007004 0.14583198726177216 -1.5699630975723267 0.0 0.0 0.0 0.7449183464050293 0.6671556234359741
163845252011006832 0.14268004894256592 -1.5414597988128662 0.0 0.0 0.0 0.7449046969413757 0.6671708822250366
1638452520144006968 0.14032168686389923 -1.5201517343521118 0.0 0.0 0.0 0.745111882686615 0.6669394969940186
1638452520278006792 0.1379879117012024 -1.499070167541504 0.0 0.0 0.0 0.7447450757026672 0.6673490405082703
1638452520450006962 0.13501299917697906 -1.4718716144561768 0.0 0.0 0.0 0.7443419098854065 0.6677986979484558
1638452520584029913 0.1327304244041443 -1.4508098363876343 0.0 0.0 0.0 0.7441204190254211 0.6680455207824707
1638452520786029816 0.12927141785621643 -1.4185973405838013 0.0 0.0 0.0 0.743765115737915 0.6684410572052002
1638452520953029871 0.12642845511436462 -1.3919191360473633 0.0 0.0 0.0 0.7435624599456787 0.6686664819717407
163845252186030006 0.12416762858629227 -1.3707022666931152 0.0 0.0 0.0 0.7435960173606873 0.6686291694641113
1638452521287029982 0.12079360336065292 -1.338836908340454 0.0 0.0 0.0 0.74314945936203 0.6691254377365112
1638452521455029964 0.11800303310155869 -1.3121020793914795 0.0 0.0 0.0 0.7426829934120178 0.6696431636810303
1638452521626029968 0.11522699892520905 -1.2850096225738525 0.0 0.0 0.0 0.7419285178184509 0.6704789996147156
1638452521794029951 0.11255846172571182 -1.2584913969039917 0.0 0.0 0.0 0.7414757013320923 0.6709797382354736
1638452521928029776 0.11043009161949158 -1.2371846437454224 0.0 0.0 0.0 0.7413519620895386 0.6711164116859436
163845252295029831 0.1077834963798523 -1.2105624675750732 0.0 0.0 0.0 0.7411855459213257 0.6713002324104309
1638452522227029800 0.10567492246627808 -1.189406394958496 0.0 0.0 0.0 0.74146968126297 0.6709864139556885
1638452522394029856 0.10299569368362427 -1.1627620458602905 0.0 0.0 0.0 0.741801917552948 0.6706190705299377
1638452522530029774 0.10084032267332077 -1.141279935836792 0.0 0.0 0.0 0.7414011359214783 0.6710621118545532
1638452522698029995 0.09818246960639954 -1.1145061254501343 0.0 0.0 0.0 0.741054356098175 0.6714450120925903
1638452522898029804 0.09509094059467316 -1.0828666687011719 0.0 0.0 0.0 0.7402520775794983 0.6723294258117676
163845252329260874 0.09307311475276947 -1.0618033409118652 0.0 0.0 0.0 0.7398808002471924 0.6727379560470581
1638452523196260929 0.09057226032018661 -1.0353450775146484 0.0 0.0 0.0 0.7396005392074585 0.6730461120605469
1638452523394260883 0.08761042356491089 -1.0036424398422241 0.0 0.0 0.0 0.7391119599342346 0.6735826134681702
1638452523559261084 0.08514311909675598 -0.9773081541061401 0.0 0.0 0.0 0.739377498626709 0.6732910871505737
1638452523692260981 0.0831417590379715 -0.9559890627861023 0.0 0.0 0.0 0.7394434213638306 0.6732186675071716
1638452523827260971 0.08115539699792862 -0.9347702264785767 0.0 0.0 0.0 0.7393192052841187 0.6733551025390625
1638452523995260954 0.078654445707798 -0.9078289270401001 0.0 0.0 0.0 0.7389069199562073 0.6738075017929077
1638452524197261095 0.0757375955581665 -0.8759186267852783 0.0 0.0 0.0 0.738284707069397 0.6744892597198486
1638452524363260984 0.07337559014558792 -0.8495238423347473 0.0 0.0 0.0 0.7377038598060608 0.6751244068145752
1638452524531260967 0.07100359350442886 -0.8228504061698914 0.0 0.0 0.0 0.7378770709037781 0.6749351620674133
1638452524698261023 0.0686197280883789 -0.7961017489433289 0.0 0.0 0.0 0.737864077091217 0.6749492883682251
1638452524833261013 0.06667729467153549 -0.7745230197906494 0.0 0.0 0.0 0.7384442090988159 0.674314558506012
1638452525261068 0.06423143297433853 -0.7479324340820312 0.0 0.0 0.0 0.7390799522399902 0.6736176609992981
1638452525233261108 0.060784582048654556 -0.7109619975090027 0.0 0.0 0.0 0.7391431927680969 0.6735483407974243
1638452525400260925 0.058325767517089844 -0.6844998002052307 0.0 0.0 0.0 0.7387221455574036 0.6740100383758545
1638452525536334038 0.05640031397342682 -0.6632499098777771 0.0 0.0 0.0 0.7380821704864502 0.6747108101844788
1638452525704334021 0.054021432995796204 -0.6367040872573853 0.0 0.0 0.0 0.7378121614456177 0.675006091594696
1638452525904334068 0.05117383599281311 -0.6049146056175232 0.0 0.0 0.0 0.7380144596099854 0.6747848987579346
163845252638333893 0.04923813417553902 -0.5833353400230408 0.0 0.0 0.0 0.7379578948020935 0.6748467683792114
1638452526172333956 0.04731982573866844 -0.561932384967804 0.0 0.0 0.0 0.7381953597068787 0.6745870113372803
1638452526338334084 0.04492654651403427 -0.5356420278549194 0.0 0.0 0.0 0.7387431263923645 0.673987090587616
1638452526506334066 0.042480677366256714 -0.5089244246482849 0.0 0.0 0.0 0.7385805249214172 0.6741652488708496
1638452526638334036 0.04053875431418419 -0.4877777695655823 0.0 0.0 0.0 0.7389264106750488 0.6737861633300781
1638452526808333874 0.03805860877037048 -0.46093621850013733 0.0 0.0 0.0 0.7388832569122314 0.6738334894180298
1638452526973334074 0.03563374653458595 -0.4346487522125244 0.0 0.0 0.0 0.7389169931411743 0.6737964749336243
1638452527176333904 0.03264302387833595 -0.40251651406288147 0.0 0.0 0.0 0.7392591238021851 0.6734210848808289
1638452527342334032 0.030120043084025383 -0.37580606341362 0.0 0.0 0.0 0.7398515939712524 0.672770082950592
1638452527477334023 0.028068428859114647 -0.3543137311935425 0.0 0.0 0.0 0.7400748133659363 0.6725245714187622
1638452527643333912 0.025523997843265533 -0.32791048288345337 0.0 0.0 0.0 0.7403786182403564 0.6721900701522827
1638452527777333975 0.02348082698881626 -0.3067479431629181 0.0 0.0 0.0 0.7402023077011108 0.6723842024803162
1638452527944334030 0.02093326859176159 -0.28009068965911865 0.0 0.0 0.0 0.7396275401115417 0.6730164289474487
1638452528171557903 0.01745208352804184 -0.2428184300661087 0.0 0.0 0.0 0.738879382610321 0.6738377213478088
1638452528374557972 0.014506874606013298 -0.2107073962688446 0.0 0.0 0.0 0.7387228012084961 0.674009382724762
1638452528541557789 0.012060942128300667 -0.18393896520137787 0.0 0.0 0.0 0.7384932041168213 0.6742609143257141
1638452528676557779 0.01010817103087902 -0.16241201758384705 0.0 0.0 0.0 0.738447904586792 0.674310564994812
1638452528876557827 0.007195841055363417 -0.13057756423950195 0.0 0.0 0.0 0.7388792037963867 0.6738379001617432
163845252944557810 0.0047572641633450985 -0.10391011834144592 0.0 0.0 0.0 0.7385517954826355 0.6741967797279358
1638452529276557922 0.0013719480484724045 -0.06695939600467682 0.0 0.0 0.0 0.7385735511779785 0.6741728782653809
1638452529443557978 -0.0010271533392369747 -0.04054251313209534 0.0 0.0 0.0 0.7383298277854919 0.6744397878646851
1638452529576557875 -0.0029373285360634327 -0.01939293183386326 0.0 0.0 0.0 0.7383069396018982 0.6744648814201355
1638452529743557930 -0.005351044237613678 0.007124281954020262 0.0 0.0 0.0 0.7386928796768188 0.6740421652793884
1638452529944557905 -0.00814835075289011 0.037368014454841614 0.0 0.0 0.0 0.7393019199371338 0.6733741164207458
163845253076557875 -0.008280370384454727 0.03877925127744675 0.0 0.0 0.0 0.7393703460693359 0.6732990145683289
1638452530246557951 -0.008280373178422451 0.03877925127744675 0.0 0.0 0.0 0.7393923401832581 0.67327481508255
1638452530444557905 -0.00828036479651928 0.03877925127744675 0.0 0.0 0.0 0.739327609539032 0.6733459234237671
1638452530640152931 -0.008285080082714558 0.03882965072989464 0.0 0.0 0.0 0.7392392158508301 0.6734429597854614
1638452530841152906 -0.008280358277261257 0.03877924755215645 0.0 0.0 0.0 0.7393370866775513 0.6733354926109314
163845253142152882 -0.008299129083752632 0.03898086026310921 0.0 0.0 0.0 0.7388510704040527 0.673868715763092
1638452531179152966 -0.008303600363433361 0.03903128206729889 0.0 0.0 0.0 0.7348776459693909 0.6781997084617615
1638452531377152920 -0.008291678503155708 0.03885451331734657 0.0 0.0 0.0 0.7241767644882202 0.6896144151687622
1638452531610152960 -0.008293536491692066 0.03890509530901909 0.0 0.0 0.0 0.7024257779121399 0.7117570042610168
1638452531780153036 -0.008297169581055641 0.038778599351644516 0.0 0.0 0.0 0.682765007019043 0.7306380271911621
1638452531981153011 -0.008315439336001873 0.038627833127975464 0.0 0.0 0.0 0.6542396545410156 0.7562873363494873
1638452532183152914 -0.008329334668815136 0.03857892379164696 0.0 0.0 0.0 0.6191458106040955 0.7852759957313538
1638452532382153034 -0.008310218341648579 0.03862599655985832 0.0 0.0 0.0 0.5814900398254395 0.813553512096405
1638452532582152843 -0.00829914677888155 0.0386488176882267 0.0 0.0 0.0 0.541017472743988 0.8410113453865051
1638452532785152912 -0.008229808881878853 0.03878383710980415 0.0 0.0 0.0 0.49942392110824585 0.8663577437400818
1638452532994056940 -0.008145117200911045 0.03890981152653694 0.0 0.0 0.0 0.45731860399246216 0.8893029093742371
1638452533193057060 -0.008079343475401402 0.03898685425519943 0.0 0.0 0.0 0.40956372022628784 0.9122815132141113
1638452533393056870 -0.008081031031906605 0.0389886237680912 0.0 0.0 0.0 0.3561745584011078 0.9344194531440735
1638452533593056917 -0.008001185022294521 0.03905056416988373 0.0 0.0 0.0 0.30155622959136963 0.9534484148025513
1638452533761056900 -0.008020446635782719 0.03903370350599289 0.0 0.0 0.0 0.25429198145866394 0.9671275019645691
1638452533894057035 -0.007997175678610802 0.03904375806450844 0.0 0.0 0.0 0.21700243651866913 0.97617107629776
163845253427056932 -0.008066517300903797 0.03901273012161255 0.0 0.0 0.0 0.17926152050495148 0.9838014841079712
1638452534227056980 -0.0080657247453928 0.03900976851582527 0.0 0.0 0.0 0.12202665209770203 0.9925268292427063
1638452534427057028 -0.008264372125267982 0.038971494883298874 0.0 0.0 0.0 0.06308124959468842 0.9980083703994751
1638452534593056917 -0.008390597067773342 0.038962990045547485 0.0 0.0 0.0 0.02312147244811058 0.9997326731681824
1638452534730057001 -0.008415883406996727 0.038961876183748245 0.0 0.0 0.0 0.02188766933977604 0.9997604489326477
1638452534897057056 0.003686774110170798 0.04784367670345595 0.0008810370940669584 -0.0004831725741476675 -0.00033860305668693833 0.015326855469431307 0.999882373891481
163845253597056866 0.015883667236501857 0.05678759495784555 0.0017690896307591085 -0.000970074266113177 -0.0006797419447520666 0.00913385382518759 0.9999575577001282
1638452535264056921 0.015883667236501857 0.05678759495784555 0.0017690896307591085 -0.0009701603301786245 -0.0006796191015314481 0.00926047459589537 0.9999563917396485
1638452535397057056 0.015858360470121017 0.05678712571471521 0.00176905568405501 -0.0009701019961982407 -0.0006797024623733995 0.009174584039134388 0.9999572301448165
1638452535533863068 0.015858360470121017 0.05678712571471521 0.00176905568405501 -0.0009701400533225237 -0.0006796480630035542 0.009230629192473604 0.9999566759518183
1638452535705862999 0.01585836056284976 0.056787129438844584 0.0017690556770038773 -0.000970076347770226 -0.0006797389869512615 0.00913690720382901 0.9999575360966716
1638452535872863054 0.015858360470121017 0.05678712571471521 0.00176905568405501 -0.000970072322287788 -0.0006797448339988684 0.009130915179671392 0.9999576403409015
1638452536141863108 0.015858360377392272 0.05678712199058586 0.0017690556911061426 -0.0009701776976469352 -0.0006795943458861309 0.00928600310411998 0.9999561730130158
1638452536274863005 0.015858360377392272 0.05678712199058586 0.0017690556911061426 -0.0009700975210335833 -0.000679708803194762 0.009168032144454588 0.999957267811052
1638452536441863060 0.01588366695831563 0.05678758378545747 0.0017690896519125066 -0.0009699944692007153 -0.0006798558843245136 0.009016424852896741 0.999958659244345
1638452536641863108 0.015858360470121017 0.05678712571471521 0.00176905568405501 -0.0009701100727807679 -0.0006796908527321271 0.009186522645611924 0.9999570806999567
1638452536807862997 0.015858360470121017 0.05678712571471521 0.00176905568405501 -0.000970170559704344 -0.000679604556272637 0.009275486326661536 0.9999562805463286
163845253740863037 0.015833053981926408 0.05678666764397298 0.0017690217161975131 -0.0009701009262507149 -0.0006797039212863581 0.009173056789487917 0.9999572111349603
1638452537240863085 0.015833053889197667 0.05678666391984361 0.001769021723248646 -0.0009701270970829817 -0.000679666565006454 0.009211561316449918 0.9999568558762606
1638452537405863047 0.015858360748307248 0.056787136887103296 0.0017690556629016117 -0.0009699988495925765 -0.0006798495533448035 0.009022923476937091 0.9999585613058235
1638452537640863180 0.01585836084103599 0.05678714061123265 0.001769055655850479 -0.0009700981512587723 -0.0006797079438594462 0.009168931731746354 0.999957279008321
1638452537774863005 0.01585836084103599 0.05678714061123265 0.001769055655850479 -0.000970108109861798 -0.0006796936486291769 0.00918363875443127 0.9999571044130438
1638452537940863132 0.015883667607416833 0.056787609854362965 0.0017690896025545776 -0.0009702137744110357 -0.0006795428855796275 0.009339057461955068 0.999955700811674
1638452538243275166 0.01585836102649348 0.05678714805949137 0.0017690556417482134 -0.000970139758434547 -0.000679648465094199 0.009230208267571038 0.9999566707125165
