1638452625135391951 1.7230802288464853e-12 6.262004692558776e-09 0.0 0.0 0.0 0.00023676268756389618 1.0
1638452625301392078 -2.5310679120593704e-05 -9.279192525468716e-09 0.0 0.0 0.0 0.0002614334225654602 0.9999999403953552
1638452625500391960 -2.53106773016043e-05 -1.0034216124665818e-08 0.0 0.0 0.0 0.0002723895013332367 0.9999999403953552
1638452625633392096 4.957723467868824e-12 4.617358051461906e-09 0.0 0.0 0.0 0.00015294551849365234 1.0
1638452625799391985 5.960812139021998e-12 3.569092577038191e-09 0.0 0.0 0.0 0.00023396313190460205 1.0
1638452625935391903 5.349538520493802e-12 6.555245235517759e-09 0.0 0.0 0.0 0.00026253238320350647 0.9999999403953552
163845262667392111 -2.5310675482614897e-05 -9.12149289433728e-09 0.0 0.0 0.0 0.00020255520939826965 1.0
1638452626234391928 6.680188520402641e-12 5.6958899818937425e-09 0.0 0.0 0.0 0.00030298344790935516 0.9999999403953552
1638452626401391983 0.00030372824403457344 6.53241514214642e-08 0.0 0.0 0.0 -0.0001349765807390213 1.0
1638452626602391958 0.002227339893579483 -1.28582394154364e-06 0.0 0.0 0.0 -0.0004579592205118388 0.9999998807907104
1638452626735392094 0.00402439758181572 -2.946999074993073e-06 0.0 0.0 0.0 -0.00044370998512022197 0.9999998807907104
1638452626905391932 0.0074160280637443066 -5.844476618221961e-06 0.0 0.0 0.0 -0.00043770112097263336 0.9999998807907104
163845262744873953 0.01002302672713995 -8.20671903056791e-06 0.0 0.0 0.0 -0.0007098465575836599 0.9999997615814209
1638452627178874016 0.01263002585619688 -1.0701113751565572e-05 0.0 0.0 0.0 -0.0005121715366840363 0.9999998807907104
1638452627347873926 0.016578489914536476 -1.432083263352979e-05 0.0 0.0 0.0 -0.0005479436367750168 0.9999998211860657
1638452627481873989 0.020526956766843796 -1.824799255700782e-05 0.0 0.0 0.0 -0.00042150169610977173 0.9999999403953552
1638452627650873899 0.02536129765212536 -2.225808748335112e-05 0.0 0.0 0.0 -0.000455275148851797 0.9999998807907104
1638452627785873890 0.030043773353099823 -2.6839314159587957e-05 0.0 0.0 0.0 -0.0004976559430360794 0.9999998807907104
1638452627952873945 0.036649856716394424 -3.445106267463416e-05 0.0 0.0 0.0 -0.00041904859244823456 0.9999999403953552
163845262885874081 0.041914474219083786 -3.966411532019265e-05 0.0 0.0 0.0 -0.000591454969253391 0.9999998211860657
1638452628252873898 0.04920394346117973 -4.86425451526884e-05 0.0 0.0 0.0 -0.0005706175579689443 0.9999998211860657
1638452628386873960 0.05581003054976463 -5.620018782792613e-05 0.0 0.0 0.0 -0.000560598389711231 0.9999998211860657
1638452628555873871 0.06423848122358322 -6.575336010428146e-05 0.0 0.0 0.0 -0.00045662742923013866 0.9999998807907104
1638452628691874027 0.07162919640541077 -7.10598033037968e-05 0.0 0.0 0.0 -0.00029854848980903625 0.9999999403953552
1638452628856873989 0.08129788190126419 -7.903027290012687e-05 0.0 0.0 0.0 -0.0006530936225317419 0.9999997615814209
1638452628989873886 0.08985288441181183 -9.167865209747106e-05 0.0 0.0 0.0 -0.000653006078209728 0.9999997615814209
1638452629122874022 0.09904065728187561 -0.00010800093150464818 0.0 0.0 0.0 -0.0009577104938216507 0.9999995231628418
1638452629221873999 0.10602640360593796 -0.00011960321717197075 0.0 0.0 0.0 -0.000831449287943542 0.9999996423721313
1638452629390873909 0.11906138807535172 -0.00014465092681348324 0.0 0.0 0.0 -0.001017173519358039 0.999999463558197
1638452629556114912 0.13252663612365723 -0.00017545110313221812 0.0 0.0 0.0 -0.0012695580953732133 0.9999991655349731
1638452629689115047 0.144245445728302 -0.00020408525597304106 0.0 0.0 0.0 -0.0012881007278338075 0.9999991655349731
1638452629856115103 0.15912805497646332 -0.00024816044606268406 0.0 0.0 0.0 -0.0015313768526539207 0.9999988079071045
1638452629988115072 0.17087215185165405 -0.00028757238760590553 0.0 0.0 0.0 -0.0018411081982776523 0.9999983310699463
1638452630156115055 0.18583066761493683 -0.00034466409124433994 0.0 0.0 0.0 -0.001957111759111285 0.9999980926513672
1638452630290115118 0.19780251383781433 -0.00039401385583914816 0.0 0.0 0.0 -0.0020844866521656513 0.9999978542327881
1638452630424114943 0.20979967713356018 -0.000443118013208732 0.0 0.0 0.0 -0.002110837260261178 0.9999977946281433
1638452630591114998 0.22483406960964203 -0.000510437588673085 0.0 0.0 0.0 -0.0021704642567783594 0.999997615814209
1638452630726114988 0.23703370988368988 -0.0005629525985568762 0.0 0.0 0.0 -0.002231195569038391 0.9999974966049194
1638452630893115044 0.25330832600593567 -0.0006358798127621412 0.0 0.0 0.0 -0.002329855924472213 0.9999972581863403
163845263126114941 0.2667228579521179 -0.0006972092669457197 0.0 0.0 0.0 -0.00234718038700521 0.9999972581863403
1638452631193114996 0.2834024131298065 -0.0007739647408016026 0.0 0.0 0.0 -0.0022416990250349045 0.9999974966049194
1638452631328114986 0.2967663109302521 -0.0008341537322849035 0.0 0.0 0.0 -0.0021372532937675714 0.9999977350234985
1638452631494115114 0.31329402327537537 -0.0009068295476026833 0.0 0.0 0.0 -0.0022440440952777863 0.9999974966049194
1638452631628114939 0.32648077607154846 -0.0009619451011531055 0.0 0.0 0.0 -0.0020037186332046986 0.9999979734420776
1638452631794115067 0.34313511848449707 -0.0010232903296127915 0.0 0.0 0.0 -0.0018683233065530658 0.9999982714653015
1638452631927114964 0.3573090136051178 -0.001079369685612619 0.0 0.0 0.0 -0.0020513408817350864 0.9999979138374329
163845263280164194 0.3755832016468048 -0.0011470841709524393 0.0 0.0 0.0 -0.0017202469753101468 0.9999985098838806
1638452632247164011 0.3937307596206665 -0.0012230704305693507 0.0 0.0 0.0 -0.003474696073681116 0.9999939799308777
1638452632448163986 0.41577351093292236 -0.001558852382004261 0.0 0.0 0.0 -0.012531550601124763 0.9999215006828308
1638452632580164194 0.4303196966648102 -0.0020211676601320505 0.0 0.0 0.0 -0.01927509903907776 0.9998142123222351
1638452632747164011 0.4487258791923523 -0.0028762686997652054 0.0 0.0 0.0 -0.02727602981030941 0.999627947807312
1638452632884164095 0.4638332426548004 -0.0038014736492186785 0.0 0.0 0.0 -0.03421586751937866 0.9994144439697266
163845263351164150 0.48219844698905945 -0.005292387213557959 0.0 0.0 0.0 -0.04816184937953949 0.9988395571708679
1638452633219164133 0.5004745125770569 -0.007421267218887806 0.0 0.0 0.0 -0.06891926378011703 0.9976222515106201
1638452633386164188 0.5184844136238098 -0.010356518439948559 0.0 0.0 0.0 -0.09204326570034027 0.9957550168037415
1638452633519164085 0.5326625108718872 -0.013282963074743748 0.0 0.0 0.0 -0.11095099151134491 0.9938258528709412
1638452633687164068 0.5505524277687073 -0.01779330149292946 0.0 0.0 0.0 -0.13523666560649872 0.9908133149147034
1638452633823163986 0.5647127628326416 -0.022030234336853027 0.0 0.0 0.0 -0.1543412208557129 0.9880176186561584
1638452633990164042 0.581933856010437 -0.0279869195073843 0.0 0.0 0.0 -0.17703361809253693 0.9842048287391663
1638452634189164162 0.602109968662262 -0.036148544400930405 0.0 0.0 0.0 -0.20520053803920746 0.97871994972229
1638452634389164209 0.6219173073768616 -0.045412395149469376 0.0 0.0 0.0 -0.22741761803627014 0.9737973213195801
1638452634523054838 0.6351029276847839 -0.052092544734478 0.0 0.0 0.0 -0.2368466705083847 0.9715470671653748
1638452634690054893 0.6511473059654236 -0.060572706162929535 0.0 0.0 0.0 -0.24366223812103271 0.9698601365089417
1638452634823055029 0.6639181971549988 -0.06739240139722824 0.0 0.0 0.0 -0.24090135097503662 0.9705495834350586
1638452634990054846 0.6803025007247925 -0.07587776333093643 0.0 0.0 0.0 -0.23149769008159637 0.9728354811668396
1638452635191055059 0.7002699971199036 -0.0854540765285492 0.0 0.0 0.0 -0.2101791650056839 0.9776628613471985
1638452635324054956 0.7137616276741028 -0.09123854339122772 0.0 0.0 0.0 -0.19106826186180115 0.9815767407417297
1638452635489054918 0.7308187484741211 -0.09757412225008011 0.0 0.0 0.0 -0.16075938940048218 0.9869936108589172
1638452635624054909 0.7448031902313232 -0.10177571326494217 0.0 0.0 0.0 -0.129306823015213 0.9916046261787415
1638452635826055050 0.7664111852645874 -0.10621261596679688 0.0 0.0 0.0 -0.07079888880252838 0.9974905848503113
1638452635996054888 0.7847825884819031 -0.10783066600561142 0.0 0.0 0.0 -0.016002709046006203 0.9998719692230225
1638452636198055029 0.8074289560317993 -0.10701018571853638 0.0 0.0 0.0 0.05173010751605034 0.9986611008644104
1638452636331054926 0.8230918645858765 -0.10465310513973236 0.0 0.0 0.0 0.09691376984119415 0.9952927827835083
1638452636496054888 0.8425394296646118 -0.0996287390589714 0.0 0.0 0.0 0.1536765992641449 0.9881212115287781
1638452636631054878 0.8590488433837891 -0.09349965304136276 0.0 0.0 0.0 0.19889849424362183 0.9800201058387756
1638452636831054926 0.8833941221237183 -0.08116889744997025 0.0 0.0 0.0 0.26426321268081665 0.9644505977630615
163845263713938904 0.9042034149169922 -0.06727470457553864 0.0 0.0 0.0 0.3143903613090515 0.9492937922477722
1638452637180938959 0.9224569201469421 -0.052501652389764786 0.0 0.0 0.0 0.35129669308662415 0.9362642168998718
1638452637348938942 0.9396384954452515 -0.03638173267245293 0.0 0.0 0.0 0.3836372196674347 0.9234839081764221
1638452637481938839 0.9524008631706238 -0.022953009232878685 0.0 0.0 0.0 0.4047086536884308 0.914445698261261
1638452637630939007 0.9661306142807007 -0.007188357412815094 0.0 0.0 0.0 0.4231332838535309 0.906067430973053
1638452637797939062 0.980732262134552 0.01088427472859621 0.0 0.0 0.0 0.4378337264060974 0.8990559577941895
1638452637997938871 0.9975487589836121 0.032913919538259506 0.0 0.0 0.0 0.4483006000518799 0.8938828706741333
1638452638131938934 1.0086498260498047 0.04790503904223442 0.0 0.0 0.0 0.45106276869773865 0.8924922347068787
1638452638298938990 1.0224376916885376 0.06660719215869904 0.0 0.0 0.0 0.4495407044887543 0.8932598233222961
1638452638430938959 1.033617377281189 0.0814763754606247 0.0 0.0 0.0 0.4432695508003235 0.8963883519172668
1638452638597939014 1.0480732917785645 0.09982708096504211 0.0 0.0 0.0 0.4282025694847107 0.9036827683448792
1638452638731938839 1.0601906776428223 0.11410780996084213 0.0 0.0 0.0 0.41153424978256226 0.9113942980766296
1638452638899939060 1.0761849880218506 0.13123546540737152 0.0 0.0 0.0 0.3842209279537201 0.9232411980628967
163845263932938957 1.0896553993225098 0.14413689076900482 0.0 0.0 0.0 0.3607734143733978 0.9326534867286682
1638452639200938940 1.107460379600525 0.15933363139629364 0.0 0.0 0.0 0.3306015133857727 0.9437704086303711
1638452639334939003 1.1222765445709229 0.17058098316192627 0.0 0.0 0.0 0.30676597356796265 0.9517849683761597
1638452639499461889 1.1415839195251465 0.18359194695949554 0.0 0.0 0.0 0.2769792377948761 0.960875928401947
1638452639700462103 1.1658105850219727 0.19755269587039948 0.0 0.0 0.0 0.2387455701828003 0.9710821509361267
1638452639899461985 1.1909101009368896 0.20928360521793365 0.0 0.0 0.0 0.1937265843153 0.9810555577278137
163845264032461882 1.2083823680877686 0.21580833196640015 0.0 0.0 0.0 0.16136762499809265 0.9868943691253662
1638452640200462103 1.2309588193893433 0.2223576307296753 0.0 0.0 0.0 0.12053310871124268 0.9927092790603638
1638452640333462000 1.2489300966262817 0.22617653012275696 0.0 0.0 0.0 0.08865705132484436 0.9960622191429138
1638452640501461983 1.2722184658050537 0.22937744855880737 0.0 0.0 0.0 0.04787658527493477 0.9988532662391663
1638452640635462046 1.2907809019088745 0.23056578636169434 0.0 0.0 0.0 0.01571311242878437 0.9998765587806702
1638452640834461927 1.318658709526062 0.230105921626091 0.0 0.0 0.0 -0.0327005498111248 0.9994651675224304
1638452640968461990 1.337371826171875 0.22827205061912537 0.0 0.0 0.0 -0.06504406034946442 0.9978823661804199
1638452641198462009 1.368972897529602 0.22233444452285767 0.0 0.0 0.0 -0.1207500547170639 0.992682933807373
1638452641330461979 1.3868364095687866 0.21733543276786804 0.0 0.0 0.0 -0.1516544371843338 0.9884335994720459
1638452641497462034 1.410103678703308 0.20897863805294037 0.0 0.0 0.0 -0.1909928172826767 0.9815914630889893
1638452641631462097 1.428378701210022 0.20087283849716187 0.0 0.0 0.0 -0.2231736183166504 0.9747787117958069
1638452641797461987 1.4502729177474976 0.18917527794837952 0.0 0.0 0.0 -0.2624775469303131 0.9649381041526794
163845264215125990 1.4754531383514404 0.17262384295463562 0.0 0.0 0.0 -0.31010422110557556 0.9507025480270386
1638452642185125828 1.4953325986862183 0.15680572390556335 0.0 0.0 0.0 -0.3490478992462158 0.9371048808097839
1638452642351125956 1.5133394002914429 0.1399035006761551 0.0 0.0 0.0 -0.38648372888565063 0.9222962260246277
1638452642483125925 1.5266729593276978 0.12545150518417358 0.0 0.0 0.0 -0.41572171449661255 0.9094918370246887
1638452642648125887 1.5419819355010986 0.10626573860645294 0.0 0.0 0.0 -0.45160987973213196 0.8922154903411865
1638452642786125898 1.5535794496536255 0.08930289000272751 0.0 0.0 0.0 -0.48183032870292664 0.8762645125389099
1638452642953125954 1.5661933422088623 0.06768734753131866 0.0 0.0 0.0 -0.5134682655334473 0.8581085801124573
163845264386125851 1.5751755237579346 0.049825143069028854 0.0 0.0 0.0 -0.5350300669670105 0.8448330163955688
1638452643253125906 1.585239291191101 0.027018258348107338 0.0 0.0 0.0 -0.5558266639709473 0.8312982320785522
1638452643421125889 1.594362735748291 0.003736234502866864 0.0 0.0 0.0 -0.5704081058502197 0.8213614225387573
1638452643520125866 1.599459171295166 -0.010327222757041454 0.0 0.0 0.0 -0.5779547691345215 0.8160687685012817
1638452643685125828 1.6074615716934204 -0.03385843336582184 0.0 0.0 0.0 -0.5857334136962891 0.8105037808418274
1638452643853126049 1.6151516437530518 -0.05770657956600189 0.0 0.0 0.0 -0.5915111303329468 0.8062968254089355
1638452643986125946 1.6210118532180786 -0.07671795040369034 0.0 0.0 0.0 -0.5964407920837402 0.8026570677757263
1638452644151125908 1.6280033588409424 -0.10056919604539871 0.0 0.0 0.0 -0.6026004552841187 0.7980430722236633
1638452644285125971 1.6333659887313843 -0.11983206868171692 0.0 0.0 0.0 -0.6064578294754028 0.7951156497001648
1638452644453125954 1.6403530836105347 -0.14531591534614563 0.0 0.0 0.0 -0.6064214706420898 0.7951433658599854
1638452644658980846 1.6496694087982178 -0.1792418509721756 0.0 0.0 0.0 -0.6064587831497192 0.7951149344444275
1638452644825980902 1.6571823358535767 -0.2066548466682434 0.0 0.0 0.0 -0.6065688133239746 0.795030951499939
1638452644991981030 1.6646039485931396 -0.2337779551744461 0.0 0.0 0.0 -0.6068370938301086 0.7948262691497803
1638452645125980854 1.6706138849258423 -0.25569799542427063 0.0 0.0 0.0 -0.6056765913963318 0.7957109212875366
1638452645292980909 1.6782842874526978 -0.28290942311286926 0.0 0.0 0.0 -0.6009392142295837 0.7992947697639465
1638452645496980906 1.6881839036941528 -0.31608861684799194 0.0 0.0 0.0 -0.5939272046089172 0.8045187592506409
1638452645699980974 1.698509693145752 -0.3486335873603821 0.0 0.0 0.0 -0.5867963433265686 0.809734582901001
1638452645831980944 1.705641746520996 -0.36968040466308594 0.0 0.0 0.0 -0.5778824687004089 0.8161200284957886
1638452645998980999 1.7155719995498657 -0.3963388204574585 0.0 0.0 0.0 -0.5634483098983765 0.8261513113975525
1638452646131980896 1.7242064476013184 -0.41752731800079346 0.0 0.0 0.0 -0.5523272752761841 0.8336273431777954
1638452646297981024 1.735628604888916 -0.44327718019485474 0.0 0.0 0.0 -0.538232684135437 0.842796266078949
1638452646431980848 1.7454391717910767 -0.4636949300765991 0.0 0.0 0.0 -0.5267167687416077 0.850040853023529
1638452646600980997 1.7585910558700562 -0.4890912175178528 0.0 0.0 0.0 -0.512427031993866 0.8587307333946228
1638452646732980967 1.7693957090377808 -0.5085389018058777 0.0 0.0 0.0 -0.5017688870429993 0.8650017380714417
1638452646898980856 1.7837597131729126 -0.5327712893486023 0.0 0.0 0.0 -0.48831555247306824 0.872667133808136
163845264774790001 1.7991137504577637 -0.5569603443145752 0.0 0.0 0.0 -0.47483569383621216 0.8800744414329529
1638452647241790056 1.8150895833969116 -0.5804069638252258 0.0 0.0 0.0 -0.45974406599998474 0.888051450252533
1638452647375790119 1.8285330533981323 -0.5988898277282715 0.0 0.0 0.0 -0.4476795196533203 0.8941940665245056
1638452647543790102 1.8458796739578247 -0.62137371301651 0.0 0.0 0.0 -0.43536508083343506 0.9002540111541748
1638452647676789999 1.8599599599838257 -0.6388923525810242 0.0 0.0 0.0 -0.4291428327560425 0.9032366275787354
1638452647845790148 1.8780819177627563 -0.6607568860054016 0.0 0.0 0.0 -0.421736478805542 0.9067184329032898
1638452647978790045 1.8924680948257446 -0.6777279376983643 0.0 0.0 0.0 -0.4196561276912689 0.9076831936836243
1638452648143790007 1.9107764959335327 -0.6993043422698975 0.0 0.0 0.0 -0.42133283615112305 0.9069060683250427
1638452648277790070 1.9254024028778076 -0.716834306716919 0.0 0.0 0.0 -0.4269922077655792 0.9042552709579468
1638452648377789974 1.9361892938613892 -0.730115532875061 0.0 0.0 0.0 -0.4328305125236511 0.9014753103256226
1638452648545789957 1.9535492658615112 -0.7524925470352173 0.0 0.0 0.0 -0.4480297863483429 0.8940186500549316
1638452648676789999 1.9665913581848145 -0.7706403732299805 0.0 0.0 0.0 -0.4649178087711334 0.8853538632392883
1638452648845790148 1.982104778289795 -0.7945736050605774 0.0 0.0 0.0 -0.49042758345603943 0.8714819550514221
1638452648978790045 1.9932355880737305 -0.8141545653343201 0.0 0.0 0.0 -0.5156246423721313 0.8568145632743835
1638452649144789934 2.0053601264953613 -0.8393787741661072 0.0 0.0 0.0 -0.5488884449005127 0.8358955979347229
1638452649276790142 2.01336932182312 -0.8596423268318176 0.0 0.0 0.0 -0.5753706693649292 0.8178927898406982
1638452649441790104 2.021251678466797 -0.885014533996582 0.0 0.0 0.0 -0.6096342206001282 0.7926828861236572
1638452649580410004 2.0261144638061523 -0.9064088463783264 0.0 0.0 0.0 -0.6377318501472473 0.7702584266662598
1638452649746409893 2.0300121307373047 -0.9328436255455017 0.0 0.0 0.0 -0.6692731976509094 0.7430164217948914
1638452649878409863 2.031498908996582 -0.9540993571281433 0.0 0.0 0.0 -0.6945075392723083 0.7194854021072388
163845265044409990 2.0313045978546143 -0.9810970425605774 0.0 0.0 0.0 -0.7246267795562744 0.6891415119171143
1638452650176409960 2.029489278793335 -1.0024796724319458 0.0 0.0 0.0 -0.7476998567581177 0.6640368700027466
1638452650342409849 2.0251965522766113 -1.0289558172225952 0.0 0.0 0.0 -0.7749968767166138 0.6319651007652283
1638452650475409985 2.020124912261963 -1.049911379814148 0.0 0.0 0.0 -0.7966715693473816 0.6044124364852905
1638452650576410055 2.015338659286499 -1.0654913187026978 0.0 0.0 0.0 -0.8122212290763855 0.5833495855331421
1638452650717409849 2.0072274208068848 -1.0869624614715576 0.0 0.0 0.0 -0.8328717947006226 0.5534659624099731
1638452650894409895 1.9948800802230835 -1.112862229347229 0.0 0.0 0.0 -0.8581230640411377 0.5134440660476685
163845265127410030 1.98385488986969 -1.1319193840026855 0.0 0.0 0.0 -0.8741738796234131 0.48561301827430725
1638452651193409920 1.9680771827697754 -1.155157446861267 0.0 0.0 0.0 -0.8923203349113464 0.4514026641845703
1638452651327409983 1.954106092453003 -1.1731144189834595 0.0 0.0 0.0 -0.9039787650108337 0.42757731676101685
1638452651493409872 1.9356606006622314 -1.1943013668060303 0.0 0.0 0.0 -0.9155027270317078 0.4023118317127228
1638452651627409935 1.9200688600540161 -1.2106633186340332 0.0 0.0 0.0 -0.9225031137466431 0.38598963618278503
1638452651793410063 1.8999319076538086 -1.2303980588912964 0.0 0.0 0.0 -0.9285967350006104 0.37109047174453735
1638452651927409887 1.8833414316177368 -1.2459709644317627 0.0 0.0 0.0 -0.9304289817810059 0.3664722442626953
163845265286747885 1.8620502948760986 -1.2658554315567017 0.0 0.0 0.0 -0.929810643196106 0.36803820729255676
1638452652252747774 1.8416465520858765 -1.2852786779403687 0.0 0.0 0.0 -0.9267994165420532 0.3755566477775574
1638452652385747910 1.8256076574325562 -1.3011677265167236 0.0 0.0 0.0 -0.9225159287452698 0.38595905900001526
1638452652553747892 1.8060189485549927 -1.3217270374298096 0.0 0.0 0.0 -0.915833055973053 0.40155917406082153
1638452652688747883 1.7907792329788208 -1.3387253284454346 0.0 0.0 0.0 -0.9103899598121643 0.4137512743473053
1638452652855747938 1.7726657390594482 -1.3601337671279907 0.0 0.0 0.0 -0.9040052890777588 0.4275212585926056
163845265356747913 1.751502513885498 -1.3869258165359497 0.0 0.0 0.0 -0.8959180116653442 0.4442194104194641
1638452653222747803 1.7346322536468506 -1.4099258184432983 0.0 0.0 0.0 -0.8881740570068359 0.45950713753700256
1638452653391747952 1.718367338180542 -1.4337269067764282 0.0 0.0 0.0 -0.8806390166282654 0.4737878739833832
1638452653525747776 1.7061314582824707 -1.452790379524231 0.0 0.0 0.0 -0.8746292591094971 0.4847923815250397
1638452653693747997 1.6914633512496948 -1.4771357774734497 0.0 0.0 0.0 -0.8667638301849365 0.49871885776519775
1638452653826747894 1.680463194847107 -1.4966191053390503 0.0 0.0 0.0 -0.8604761958122253 0.5094906091690063
1638452653991747856 1.667512059211731 -1.5211209058761597 0.0 0.0 0.0 -0.8524271845817566 0.522845983505249
1638452654123747826 1.65755033493042 -1.5413525104522705 0.0 0.0 0.0 -0.8455083966255188 0.533962070941925
1638452654289747953 1.6457749605178833 -1.5671377182006836 0.0 0.0 0.0 -0.8366928100585938 0.5476725101470947
1638452654455747843 1.634883999824524 -1.5932813882827759 0.0 0.0 0.0 -0.8273155689239502 0.5617374181747437
1638452654609758854 1.6248705387115479 -1.6197195053100586 0.0 0.0 0.0 -0.8183372020721436 0.5747383832931519
1638452654776758909 1.6156972646713257 -1.6464874744415283 0.0 0.0 0.0 -0.809066653251648 0.5877168774604797
1638452654945758820 1.6073261499404907 -1.6736761331558228 0.0 0.0 0.0 -0.7995598912239075 0.6005863547325134
1638452655146759033 1.598465919494629 -1.7065696716308594 0.0 0.0 0.0 -0.7879519462585449 0.6157367825508118
1638452655346758842 1.5908324718475342 -1.7399511337280273 0.0 0.0 0.0 -0.77604079246521 0.6306827068328857
1638452655578758955 1.5836992263793945 -1.778473973274231 0.0 0.0 0.0 -0.7616586089134216 0.6479784846305847
1638452655745759010 1.579620122909546 -1.806551218032837 0.0 0.0 0.0 -0.7506192326545715 0.660735011100769
1638452655947758913 1.5759453773498535 -1.8404185771942139 0.0 0.0 0.0 -0.7379065155982971 0.6749029755592346
1638452656149758816 1.5735127925872803 -1.8747529983520508 0.0 0.0 0.0 -0.7251265645027161 0.688615620136261
1638452656350759029 1.5723787546157837 -1.909028172492981 0.0 0.0 0.0 -0.7117685079574585 0.7024141550064087
1638452656550758839 1.5725581645965576 -1.9428155422210693 0.0 0.0 0.0 -0.6984282732009888 0.7156800627708435
1638452656750758886 1.5740407705307007 -1.9768494367599487 0.0 0.0 0.0 -0.6848065257072449 0.7287248969078064
1638452656949759007 1.576737642288208 -2.0102250576019287 0.0 0.0 0.0 -0.6713550686836243 0.7411358952522278
1638452657128978014 1.5799405574798584 -2.0381357669830322 0.0 0.0 0.0 -0.6598849892616272 0.7513666152954102
1638452657294977903 1.5840158462524414 -2.0661368370056152 0.0 0.0 0.0 -0.648464560508728 0.7612448334693909
1638452657428977966 1.5879526138305664 -2.0887014865875244 0.0 0.0 0.0 -0.6386172771453857 0.7695245146751404
1638452657596977949 1.5936716794967651 -2.1166460514068604 0.0 0.0 0.0 -0.6258319020271301 0.7799579501152039
1638452657728977919 1.5987963676452637 -2.138477325439453 0.0 0.0 0.0 -0.616248607635498 0.7875517010688782
1638452657897977829 1.6060725450515747 -2.1660056114196777 0.0 0.0 0.0 -0.6037939786911011 0.7971404194831848
163845265896977949 1.6157459020614624 -2.1981148719787598 0.0 0.0 0.0 -0.5892366170883179 0.8079605102539062
1638452658228977919 1.6228818893432617 -2.2194273471832275 0.0 0.0 0.0 -0.5791797637939453 0.8151998519897461
1638452658395977974 1.6326985359191895 -2.2461817264556885 0.0 0.0 0.0 -0.5657945275306702 0.8245462775230408
1638452658528977871 1.6411328315734863 -2.267232656478882 0.0 0.0 0.0 -0.5548718571662903 0.8319358229637146
1638452658695977926 1.6524466276168823 -2.2932238578796387 0.0 0.0 0.0 -0.5413927435874939 0.8407698273658752
1638452658828977823 1.662003517150879 -2.3135383129119873 0.0 0.0 0.0 -0.5301555395126343 0.847900390625
1638452658995977879 1.6747422218322754 -2.338663101196289 0.0 0.0 0.0 -0.5167182683944702 0.856155514717102
1638452659194977999 1.6909960508346558 -2.36814022064209 0.0 0.0 0.0 -0.5004256963729858 0.865779459476471
1638452659395977974 1.7086946964263916 -2.39748477935791 0.0 0.0 0.0 -0.4832121729850769 0.8755033016204834
1638452659584989071 1.7276350259780884 -2.426164388656616 0.0 0.0 0.0 -0.4646661877632141 0.8854859471321106
1638452659752989054 1.744330883026123 -2.4494786262512207 0.0 0.0 0.0 -0.44967395067214966 0.8931927680969238
1638452659953989029 1.7649822235107422 -2.4762847423553467 0.0 0.0 0.0 -0.4339504539966583 0.9009367227554321
1638452660119988918 1.7826918363571167 -2.4980945587158203 0.0 0.0 0.0 -0.42732974886894226 0.9040958285331726
1638452660286988974 1.800523281097412 -2.51977276802063 0.0 0.0 0.0 -0.42711544036865234 0.904197096824646
1638452660421988964 1.8151662349700928 -2.5376501083374023 0.0 0.0 0.0 -0.4297424852848053 0.9029514789581299
1638452660590988874 1.8330758810043335 -2.5601112842559814 0.0 0.0 0.0 -0.4384204149246216 0.8987700343132019
1638452660758989096 1.8502277135849 -2.582775115966797 0.0 0.0 0.0 -0.4533362090587616 0.8913396000862122
1638452660927989006 1.8666361570358276 -2.6064751148223877 0.0 0.0 0.0 -0.47465744614601135 0.8801706433296204
1638452661131989002 1.8846049308776855 -2.635946035385132 0.0 0.0 0.0 -0.5054120421409607 0.862878143787384
1638452661331989050 1.899856686592102 -2.6660854816436768 0.0 0.0 0.0 -0.543118953704834 0.8396557569503784
1638452661497988939 1.9102915525436401 -2.6920812129974365 0.0 0.0 0.0 -0.5767110586166382 0.8169482350349426
1638452661701988935 1.9201768636703491 -2.725039005279541 0.0 0.0 0.0 -0.6167212128639221 0.7871816754341125
1638452661903989077 1.9264895915985107 -2.757781505584717 0.0 0.0 0.0 -0.6565824747085571 0.7542542219161987
163845266281943035 1.929031491279602 -2.7850661277770996 0.0 0.0 0.0 -0.6895444989204407 0.7242433428764343
1638452662251943111 1.929202914237976 -2.812544822692871 0.0 0.0 0.0 -0.7201969623565674 0.693769633769989
1638452662451943159 1.9263455867767334 -2.844853162765503 0.0 0.0 0.0 -0.7545778751373291 0.6562105417251587
1638452662653943062 1.92025887966156 -2.8759100437164307 0.0 0.0 0.0 -0.7900252938270569 0.6130742430686951
1638452662787943125 1.9144008159637451 -2.895684242248535 0.0 0.0 0.0 -0.8125080466270447 0.5829499363899231
1638452662990942955 1.903060793876648 -2.9235949516296387 0.0 0.0 0.0 -0.8463771939277649 0.5325839519500732
1638452663126943111 1.8937013149261475 -2.9411728382110596 0.0 0.0 0.0 -0.8677416443824768 0.49701550602912903
1638452663291943073 1.880301594734192 -2.9615819454193115 0.0 0.0 0.0 -0.8915795087814331 0.4528641700744629
1638452663428943157 1.8677263259887695 -2.977283000946045 0.0 0.0 0.0 -0.9106515645980835 0.41317522525787354
1638452663595942974 1.850610375404358 -2.994976043701172 0.0 0.0 0.0 -0.9306718707084656 0.36585503816604614
1638452663729943037 1.8357317447662354 -3.00775146484375 0.0 0.0 0.0 -0.9445958733558655 0.3282356858253479
1638452663866943121 1.8194116353988647 -3.0195555686950684 0.0 0.0 0.0 -0.9577987790107727 0.2874395549297333
163845266431943083 1.798365592956543 -3.0319297313690186 0.0 0.0 0.0 -0.9713904857635498 0.23748791217803955
1638452664198943138 1.775903582572937 -3.042123317718506 0.0 0.0 0.0 -0.9826655387878418 0.18538713455200195
1638452664332942963 1.7574212551116943 -3.048527240753174 0.0 0.0 0.0 -0.9892838597297668 0.14600512385368347
1638452664499943018 1.733420491218567 -3.0544381141662598 0.0 0.0 0.0 -0.9954587817192078 0.09519381821155548
1638452664639443159 1.7138999700546265 -3.0573525428771973 0.0 0.0 0.0 -0.9985607266426086 0.05363329127430916
1638452664774443150 1.704451084136963 -3.058297634124756 0.0 0.0 0.0 0.9999132752418518 -0.013169189915060997
1638452664941442966 1.6798914670944214 -3.057703971862793 0.0 0.0 0.0 0.9993236660957336 0.03677297383546829
1638452665108443022 1.6556435823440552 -3.0546486377716064 0.0 0.0 0.0 0.9960824251174927 0.08842974156141281
1638452665274443150 1.6315242052078247 -3.049013614654541 0.0 0.0 0.0 0.9900943040847778 0.14040401577949524
1638452665474442959 1.6027895212173462 -3.038841485977173 0.0 0.0 0.0 0.9801482558250427 0.19826601445674896
1638452665642442942 1.5796802043914795 -3.0276989936828613 0.0 0.0 0.0 0.9690893888473511 0.24670979380607605
1638452665779443026 1.5611070394515991 -3.016602039337158 0.0 0.0 0.0 0.9587452411651611 0.28426679968833923
1638452665946443081 1.5394184589385986 -3.00104022026062 0.0 0.0 0.0 0.9449520111083984 0.32720887660980225
163845266678443050 1.5228453874588013 -2.9870517253875732 0.0 0.0 0.0 0.9334223866462708 0.3587793707847595
1638452666245443106 1.5025709867477417 -2.9672484397888184 0.0 0.0 0.0 0.9185056686401367 0.39540785551071167
1638452666382442951 1.4866076707839966 -2.9493391513824463 0.0 0.0 0.0 0.9064593315124512 0.42229312658309937
1638452666550442934 1.467908501625061 -2.9255714416503906 0.0 0.0 0.0 0.8929874897003174 0.450081467628479
1638452666752443075 1.4472503662109375 -2.8957955837249756 0.0 0.0 0.0 0.8799184560775757 0.4751247763633728
1638452666921442986 1.4311065673828125 -2.870309352874756 0.0 0.0 0.0 0.8726001381874084 0.488435298204422
163845266783651066 1.4156028032302856 -2.844486713409424 0.0 0.0 0.0 0.8682891726493835 0.4960583448410034
1638452667288650990 1.397040605545044 -2.8127384185791016 0.0 0.0 0.0 0.8672479391098022 0.49787652492523193
1638452667490651131 1.3785009384155273 -2.781447172164917 0.0 0.0 0.0 0.8713098168373108 0.4907333254814148
1638452667624651194 1.3657100200653076 -2.7608482837677 0.0 0.0 0.0 0.8770714402198792 0.4803599715232849
1638452667792651176 1.3488852977752686 -2.7357470989227295 0.0 0.0 0.0 0.8879544734954834 0.459931343793869
1638452667996651173 1.3268088102340698 -2.7067244052886963 0.0 0.0 0.0 0.9044167399406433 0.4266502261161804
1638452668129651070 1.311333179473877 -2.6889584064483643 0.0 0.0 0.0 0.9159521460533142 0.4012875556945801
1638452668298650980 1.290982961654663 -2.668548107147217 0.0 0.0 0.0 0.9310519099235535 0.36488673090934753
1638452668499651194 1.2656408548355103 -2.647305965423584 0.0 0.0 0.0 0.9483478665351868 0.317232221364975
1638452668700651169 1.2394026517868042 -2.6297006607055664 0.0 0.0 0.0 0.9646793007850647 0.26342716813087463
1638452668833651066 1.2217110395431519 -2.620123863220215 0.0 0.0 0.0 0.973941445350647 0.22679968178272247
16384526692650976 1.1981111764907837 -2.609934091567993 0.0 0.0 0.0 0.9839661717414856 0.17835505306720734
1638452669170650959 1.173850655555725 -2.602151870727539 0.0 0.0 0.0 0.9914299845695496 0.130638986825943
1638452669335651159 1.1493768692016602 -2.5968170166015625 0.0 0.0 0.0 0.9965294003486633 0.08324118703603745
1638452669503651142 1.1241735219955444 -2.59385347366333 0.0 0.0 0.0 0.9994273781776428 0.03383701294660568
1638452669628998041 1.103912591934204 -2.593282699584961 0.0 0.0 0.0 0.99998539686203 -0.005407231394201517
1638452669797998190 1.0882951021194458 -2.5944371223449707 0.0 0.0 0.0 -0.9984506368637085 0.05564432218670845
1638452669996998072 1.0583267211914062 -2.5995800495147705 0.0 0.0 0.0 -0.9934847950935364 0.11396491527557373
1638452670197998047 1.0289385318756104 -2.6082303524017334 0.0 0.0 0.0 -0.9852686524391174 0.17101365327835083
1638452670432998180 0.9962663054466248 -2.6225199699401855 0.0 0.0 0.0 -0.9712621569633484 0.23801220953464508
1638452670633998156 0.9701906442642212 -2.638110637664795 0.0 0.0 0.0 -0.955861508846283 0.2938176393508911
1638452670799998045 0.9493764638900757 -2.6537511348724365 0.0 0.0 0.0 -0.9412856101989746 0.3376113176345825
1638452671998020 0.9258875250816345 -2.675337314605713 0.0 0.0 0.0 -0.9215276837348938 0.3883126676082611
1638452671199998140 0.9050150513648987 -2.69919490814209 0.0 0.0 0.0 -0.8993219137191772 0.43728718161582947
1638452671397998095 0.8860324621200562 -2.726055383682251 0.0 0.0 0.0 -0.8770281672477722 0.4804389178752899
1638452671601998091 0.8684156537055969 -2.756612777709961 0.0 0.0 0.0 -0.8547770977020264 0.5189952850341797
1638452671802998066 0.8530294299125671 -2.7892813682556152 0.0 0.0 0.0 -0.8350195288658142 0.5502203106880188
16384526724998207 0.8396004438400269 -2.82315993309021 0.0 0.0 0.0 -0.8200996518135071 0.5722207427024841
1638452672186563015 0.8296478986740112 -2.85155987739563 0.0 0.0 0.0 -0.8120181560516357 0.5836321711540222
1638452672321563005 0.8220449090003967 -2.874584436416626 0.0 0.0 0.0 -0.8088811039924622 0.5879722833633423
1638452672488563061 0.8128636479377747 -2.903191089630127 0.0 0.0 0.0 -0.8077247738838196 0.5895597338676453
1638452672623563051 0.8054673075675964 -2.926070213317871 0.0 0.0 0.0 -0.8101854920387268 0.5861735939979553
1638452672791563034 0.7957288026809692 -2.9544641971588135 0.0 0.0 0.0 -0.818056046962738 0.575138509273529
1638452672983562946 0.7832260131835938 -2.9867491722106934 0.0 0.0 0.0 -0.8325368165969849 0.55396968126297
1638452673118562937 0.7734305262565613 -3.0087063312530518 0.0 0.0 0.0 -0.8455250859260559 0.5339356660842896
1638452673286562920 0.7596079707145691 -3.035489797592163 0.0 0.0 0.0 -0.8624802827835083 0.5060906410217285
1638452673421562910 0.7475214600563049 -3.0557146072387695 0.0 0.0 0.0 -0.877037763595581 0.4804214537143707
1638452673586562872 0.7317023277282715 -3.078462839126587 0.0 0.0 0.0 -0.8954973220825195 0.445066899061203
1638452673754562855 0.7139375805854797 -3.0999557971954346 0.0 0.0 0.0 -0.9136371612548828 0.40653055906295776
1638452673890563011 0.6987283229827881 -3.1156628131866455 0.0 0.0 0.0 -0.9276197552680969 0.37352585792541504
163845267423562908 0.6831510663032532 -3.1295619010925293 0.0 0.0 0.0 -0.9411846995353699 0.3378925025463104
1638452674189563036 0.6628304719924927 -3.144763231277466 0.0 0.0 0.0 -0.9561541676521301 0.2928638756275177
1638452674321563005 0.6461970806121826 -3.155104160308838 0.0 0.0 0.0 -0.9667671322822571 0.25565850734710693
1638452674488563061 0.6245952844619751 -3.1659255027770996 0.0 0.0 0.0 -0.9790022969245911 0.20384913682937622
1638452674676604986 0.598459005355835 -3.1753129959106445 0.0 0.0 0.0 -0.9904696345329285 0.13773134350776672
1638452674849605083 0.5761417150497437 -3.1801767349243164 0.0 0.0 0.0 -0.9971337914466858 0.07565826922655106
163845267550605059 0.5589983463287354 -3.181825637817383 0.0 0.0 0.0 0.9999998807907104 -0.0005383928655646741
1638452675252604961 0.5339664816856384 -3.1798698902130127 0.0 0.0 0.0 0.9968977570533752 0.07870734483003616
1638452675452605009 0.5098851323127747 -3.1740338802337646 0.0 0.0 0.0 0.9873108267784119 0.15879957377910614
1638452675628605127 0.48969748616218567 -3.165804624557495 0.0 0.0 0.0 0.9738218188285828 0.227312833070755
1638452675830605030 0.468204140663147 -3.15297532081604 0.0 0.0 0.0 0.9523299336433411 0.30507001280784607
16384526762604961 0.45168718695640564 -3.139413356781006 0.0 0.0 0.0 0.929469883441925 0.36889806389808655
1638452676204605103 0.4349452257156372 -3.120872974395752 0.0 0.0 0.0 0.8967732191085815 0.44249042868614197
1638452676405605078 0.421370267868042 -3.0998423099517822 0.0 0.0 0.0 0.8582639098167419 0.5132085680961609
1638452676538604975 0.4143703877925873 -3.0849616527557373 0.0 0.0 0.0 0.8300961852073669 0.5576202869415283
1638452676738605022 0.4068267047405243 -3.0612523555755615 0.0 0.0 0.0 0.782766580581665 0.6223154664039612
1638452676905605078 0.4034629762172699 -3.040837049484253 0.0 0.0 0.0 0.7411738038063049 0.6713131666183472
163845267781852913 0.4027143120765686 -3.0194506645202637 0.0 0.0 0.0 0.6981202960014343 0.7159805297851562
1638452677249853134 0.4046820402145386 -2.9963626861572266 0.0 0.0 0.0 0.6544051766395569 0.7561440467834473
1638452677451853037 0.4107288122177124 -2.968559980392456 0.0 0.0 0.0 0.6010897755622864 0.7991815209388733
1638452677585853100 0.4169497787952423 -2.9500696659088135 0.0 0.0 0.0 0.5659639239311218 0.8244300484657288
1638452677753853083 0.4272054135799408 -2.927079439163208 0.0 0.0 0.0 0.5232141613960266 0.8522012233734131
1638452677952852964 0.44286370277404785 -2.9002790451049805 0.0 0.0 0.0 0.4729069173336029 0.8811123967170715
163845267886853027 0.45543286204338074 -2.8826990127563477 0.0 0.0 0.0 0.4419921636581421 0.8970189094543457
1638452678222852945 0.4698290228843689 -2.865213394165039 0.0 0.0 0.0 0.41228920221328735 0.9110530018806458
1638452678388853073 0.48979687690734863 -2.8441483974456787 0.0 0.0 0.0 0.3781108856201172 0.9257603287696838
1638452678546853065 0.5107924342155457 -2.8248448371887207 0.0 0.0 0.0 0.3487228751182556 0.937225878238678
1638452678679852962 0.5290979743003845 -2.8097293376922607 0.0 0.0 0.0 0.32865700125694275 0.9444493651390076
1638452678847852945 0.5530548691749573 -2.791602611541748 0.0 0.0 0.0 0.3090221583843231 0.9510548114776611
1638452678980853081 0.5724863409996033 -2.77778697013855 0.0 0.0 0.0 0.2998512089252472 0.9539859890937805
1638452679146852970 0.5968917012214661 -2.761014223098755 0.0 0.0 0.0 0.294007271528244 0.9558031558990479
1638452679280853033 0.6167706251144409 -2.7475314140319824 0.0 0.0 0.0 0.29389700293540955 0.955837070941925
1638452679448853016 0.6418198943138123 -2.7303104400634766 0.0 0.0 0.0 0.3001490831375122 0.9538922905921936
1638452679580085993 0.6613903641700745 -2.7163846492767334 0.0 0.0 0.0 0.30942413210868835 0.9509241580963135
1638452679755085945 0.6863715052604675 -2.697348117828369 0.0 0.0 0.0 0.3312031328678131 0.943559467792511
1638452679952085972 0.7131636142730713 -2.6744000911712646 0.0 0.0 0.0 0.3633368909358978 0.9316578507423401
163845268086086035 0.7299945950508118 -2.6580569744110107 0.0 0.0 0.0 0.3888477087020874 0.9213020205497742
1638452680290086031 0.7534429430961609 -2.63167405128479 0.0 0.0 0.0 0.42993783950805664 0.9028584957122803
1638452680424085855 0.7676568627357483 -2.6130425930023193 0.0 0.0 0.0 0.45647531747817993 0.8897360563278198
1638452680592086077 0.7836617827415466 -2.5888595581054688 0.0 0.0 0.0 0.48960378766059875 0.8719450235366821
1638452680729085922 0.7952958345413208 -2.5684006214141846 0.0 0.0 0.0 0.5159832835197449 0.8565986752510071
1638452680896085978 0.8078627586364746 -2.54246187210083 0.0 0.0 0.0 0.5462609529495239 0.8376150727272034
163845268135085917 0.8168825507164001 -2.5202035903930664 0.0 0.0 0.0 0.5711211562156677 0.8208657503128052
1638452681237086058 0.8276912569999695 -2.486708641052246 0.0 0.0 0.0 0.6060746908187866 0.7954077124595642
1638452681406085968 0.8344034552574158 -2.4583139419555664 0.0 0.0 0.0 0.6340301036834717 0.7733083963394165
1638452681539085865 0.8382520079612732 -2.435608386993408 0.0 0.0 0.0 0.6560452580451965 0.7547215223312378
1638452681709085941 0.841239333152771 -2.406661033630371 0.0 0.0 0.0 0.6833838224411011 0.7300592660903931
1638452681878085852 0.842106282711029 -2.3774971961975098 0.0 0.0 0.0 0.7095162272453308 0.704689085483551
163845268245085907 0.8408542275428772 -2.3485496044158936 0.0 0.0 0.0 0.7345390915870667 0.6785663962364197
1638452682173627853 0.838341474533081 -2.3255810737609863 0.0 0.0 0.0 0.7541620135307312 0.656688392162323
1638452682338628054 0.8334058523178101 -2.2975432872772217 0.0 0.0 0.0 0.7772335410118103 0.6292122006416321
1638452682474627972 0.8278725743293762 -2.2748234272003174 0.0 0.0 0.0 0.7951640486717224 0.606394350528717
1638452682639627934 0.8192366361618042 -2.2472710609436035 0.0 0.0 0.0 0.8159770369529724 0.5780842900276184
1638452682771627903 0.810863733291626 -2.2252466678619385 0.0 0.0 0.0 0.829806387424469 0.5580514073371887
1638452682938627958 0.7988343238830566 -2.1978023052215576 0.0 0.0 0.0 0.8430581092834473 0.5378224849700928
163845268372628021 0.7883472442626953 -2.1759965419769287 0.0 0.0 0.0 0.8497723340988159 0.5271499156951904
1638452683253628016 0.7733928561210632 -2.146773338317871 0.0 0.0 0.0 0.8556973934173584 0.517476499080658
1638452683386627913 0.7621863484382629 -2.1257286071777344 0.0 0.0 0.0 0.858647882938385 0.5125658512115479
1638452683552628040 0.7480831742286682 -2.099775552749634 0.0 0.0 0.0 0.8600465655326843 0.5102155208587646
1638452683719627857 0.7337676882743835 -2.073476791381836 0.0 0.0 0.0 0.8589358925819397 0.5120831727981567
1638452683887627840 0.7197033762931824 -2.0470433235168457 0.0 0.0 0.0 0.8551913499832153 0.518312394618988
163845268421627903 0.7087436318397522 -2.025669813156128 0.0 0.0 0.0 0.8514736890792847 0.5243973135948181
1638452684188627958 0.6953480243682861 -1.9985237121582031 0.0 0.0 0.0 0.8472664952278137 0.5311680436134338
1638452684386627913 0.6800428032875061 -1.9661166667938232 0.0 0.0 0.0 0.8422049880027771 0.5391574501991272
1638452684586075068 0.6655755639076233 -1.9334940910339355 0.0 0.0 0.0 0.8338155746459961 0.5520431399345398
1638452684788074970 0.6522477865219116 -1.8997114896774292 0.0 0.0 0.0 0.8185917735099792 0.5743757486343384
1638452684922075033 0.6445367336273193 -1.877071499824524 0.0 0.0 0.0 0.8075453042984009 0.589805543422699
163845268590075016 0.6360921263694763 -1.8483471870422363 0.0 0.0 0.0 0.7932513952255249 0.6088942289352417
1638452685257075071 0.628940224647522 -1.8187792301177979 0.0 0.0 0.0 0.7784217000007629 0.6277417540550232
1638452685455075026 0.6220166683197021 -1.7818924188613892 0.0 0.0 0.0 0.7607845067977905 0.6490045785903931
1638452685622075081 0.6177668571472168 -1.750645637512207 0.0 0.0 0.0 0.7459290027618408 0.6660254597663879
1638452685824074984 0.6144731640815735 -1.7123700380325317 0.0 0.0 0.0 0.7275391817092896 0.6860660910606384
1638452685991075039 0.6133177280426025 -1.6808818578720093 0.0 0.0 0.0 0.7127744555473328 0.7013933062553406
1638452686191075087 0.6133878827095032 -1.6427406072616577 0.0 0.0 0.0 0.7009502649307251 0.7132101655006409
1638452686324074984 0.613987147808075 -1.6178675889968872 0.0 0.0 0.0 0.696140706539154 0.7179053425788879
1638452686488075018 0.6151763796806335 -1.5868090391159058 0.0 0.0 0.0 0.6908614039421082 0.7229872345924377
1638452686655075073 0.6168320775032043 -1.555214285850525 0.0 0.0 0.0 0.6858674883842468 0.727726399898529
1638452686890074968 0.6198196411132812 -1.51064133644104 0.0 0.0 0.0 0.6815191507339478 0.7318003177642822
163845268723075104 0.6215839385986328 -1.4853414297103882 0.0 0.0 0.0 0.6829202771186829 0.730492889881134
1638452687192749023 0.6234799027442932 -1.4538615942001343 0.0 0.0 0.0 0.6886826753616333 0.725062906742096
1638452687325749159 0.6245120763778687 -1.428521752357483 0.0 0.0 0.0 0.6968134641647339 0.7172523736953735
1638452687491749048 0.6249252557754517 -1.3972668647766113 0.0 0.0 0.0 0.7076935172080994 0.706519603729248
1638452687694749117 0.6241381764411926 -1.3591086864471436 0.0 0.0 0.0 0.720893144607544 0.6930462121963501
1638452687894749165 0.6218657493591309 -1.320909023284912 0.0 0.0 0.0 0.7350413203239441 0.6780223250389099
163845268893749046 0.6180731058120728 -1.283339023590088 0.0 0.0 0.0 0.748588502407074 0.6630348563194275
1638452688328749180 0.6117029786109924 -1.2395098209381104 0.0 0.0 0.0 0.7638182640075684 0.645431399345398
1638452688493749142 0.6059817671775818 -1.2087031602859497 0.0 0.0 0.0 0.7739089727401733 0.6332968473434448
1638452688627748966 0.6007582545280457 -1.183937668800354 0.0 0.0 0.0 0.7793014049530029 0.6266493201255798
1638452688793749094 0.5937340259552002 -1.153245210647583 0.0 0.0 0.0 0.7846670746803284 0.6199173927307129
1638452688927749157 0.5876519680023193 -1.1284677982330322 0.0 0.0 0.0 0.7891443371772766 0.6142078042030334
1638452689127748966 0.5779528021812439 -1.0918408632278442 0.0 0.0 0.0 0.7957947254180908 0.6055664420127869
1638452689293749094 0.5693367123603821 -1.0617408752441406 0.0 0.0 0.0 0.801190972328186 0.5984086990356445
1638452689493749142 0.5582866072654724 -1.0256308317184448 0.0 0.0 0.0 0.8068910837173462 0.5907002687454224
1638452689639816999 0.5504382252693176 -1.001408338546753 0.0 0.0 0.0 0.8107390999794006 0.5854076147079468
1638452689839817047 0.5380722284317017 -0.9653260111808777 0.0 0.0 0.0 0.8168977499008179 0.5767825245857239
1638452689971817017 0.529508113861084 -0.9416967630386353 0.0 0.0 0.0 0.8207322359085083 0.5713130235671997
1638452690140816927 0.5182062387466431 -0.9119295477867126 0.0 0.0 0.0 0.8254048228263855 0.5645413398742676
1638452690307816982 0.5064955353736877 -0.8824840784072876 0.0 0.0 0.0 0.8295243382453918 0.5584705471992493
1638452690474817038 0.49442487955093384 -0.8534308075904846 0.0 0.0 0.0 0.8337459564208984 0.5521482229232788
1638452690640816927 0.4820055365562439 -0.8247178792953491 0.0 0.0 0.0 0.837797224521637 0.5459815263748169
1638452690774816990 0.47155511379241943 -0.8014433979988098 0.0 0.0 0.0 0.8412294983863831 0.5406782031059265
1638452690945816994 0.45776861906051636 -0.7718742489814758 0.0 0.0 0.0 0.8455644249916077 0.5338733792304993
163845269182817078 0.4463428556919098 -0.7483008503913879 0.0 0.0 0.0 0.8491866588592529 0.5280928015708923
1638452691251816988 0.4320196807384491 -0.7198355793952942 0.0 0.0 0.0 0.8534983992576599 0.5210954546928406
1638452691420817137 0.4172694981098175 -0.6916747093200684 0.0 0.0 0.0 0.8575659990310669 0.5143739581108093
1638452691654817104 0.3960559070110321 -0.6528787612915039 0.0 0.0 0.0 0.8628421425819397 0.5054734945297241
1638452691787817001 0.38357940316200256 -0.6309443116188049 0.0 0.0 0.0 0.8660054802894592 0.5000344514846802
1638452691919816971 0.37088945508003235 -0.6092498302459717 0.0 0.0 0.0 0.8689585328102112 0.4948849380016327
163845269285817099 0.35450759530067444 -0.5820648670196533 0.0 0.0 0.0 0.8724422454833984 0.48871728777885437
1638452692224756002 0.3409750759601593 -0.5603172183036804 0.0 0.0 0.0 0.8756445050239563 0.4829561710357666
1638452692423755884 0.3206518292427063 -0.5287600755691528 0.0 0.0 0.0 0.8801925182342529 0.47461679577827454
1638452692590755939 0.303129643201828 -0.5025390386581421 0.0 0.0 0.0 0.8836730122566223 0.4681047201156616
1638452692758755922 0.2850121855735779 -0.47632482647895813 0.0 0.0 0.0 0.8877124190330505 0.460398405790329
1638452692925755978 0.2665241062641144 -0.45055729150772095 0.0 0.0 0.0 0.891696572303772 0.4526336193084717
163845269393755960 0.2474147081375122 -0.4249308109283447 0.0 0.0 0.0 0.8959149122238159 0.4442256987094879
1638452693226755857 0.2320903092622757 -0.40507370233535767 0.0 0.0 0.0 0.898983359336853 0.43798282742500305
1638452693395756006 0.21217432618141174 -0.37997159361839294 0.0 0.0 0.0 0.9015392065048218 0.4326974153518677
1638452693528755903 0.19634513556957245 -0.3602539002895355 0.0 0.0 0.0 0.9017962217330933 0.43216150999069214
1638452693695755959 0.17668454349040985 -0.3357897400856018 0.0 0.0 0.0 0.9016261696815491 0.4325162172317505
1638452693832756042 0.16035562753677368 -0.3154345750808716 0.0 0.0 0.0 0.9015223383903503 0.43273258209228516
1638452693997756004 0.14070509374141693 -0.290929913520813 0.0 0.0 0.0 0.901548445224762 0.4326781928539276
1638452694130755901 0.12481909990310669 -0.2710955739021301 0.0 0.0 0.0 0.901474118232727 0.4328330457210541
1638452694296756029 0.10515878349542618 -0.24653387069702148 0.0 0.0 0.0 0.9011474847793579 0.4335126280784607
1638452694429755926 0.08935816586017609 -0.22666381299495697 0.0 0.0 0.0 0.899763286113739 0.43637827038764954
1638452694597755909 0.06997720897197723 -0.2016570270061493 0.0 0.0 0.0 0.8959519863128662 0.4441509246826172
1638452694796103001 0.04728785157203674 -0.1712488830089569 0.0 0.0 0.0 0.891973078250885 0.45208853483200073
1638452694930102825 0.03247377276420593 -0.15078899264335632 0.0 0.0 0.0 0.8892749547958374 0.4573729932308197
163845269597102880 0.014176999218761921 -0.12479232996702194 0.0 0.0 0.0 0.8855151534080505 0.4646104574203491
1638452695230103016 -4.635529694496654e-05 -0.10373436659574509 0.0 0.0 0.0 0.8802788853645325 0.47445666790008545
1638452695400102854 -0.017297400161623955 -0.07637402415275574 0.0 0.0 0.0 0.8702566027641296 0.4925987124443054
1638452695568102837 -0.03281703218817711 -0.049040164798498154 0.0 0.0 0.0 0.8571584224700928 0.515052855014801
1638452695735102892 -0.038318973034620285 -0.038379307836294174 0.0 0.0 0.0 0.8490282893180847 0.528347373008728
1638452695902102947 -0.038419418036937714 -0.03817485645413399 0.0 0.0 0.0 0.8487549424171448 0.5287864208221436
163845269634102917 -0.03848607465624809 -0.038038402795791626 0.0 0.0 0.0 0.846297025680542 0.5327112674713135
1638452696201102972 -0.03847598657011986 -0.03806162253022194 0.0 0.0 0.0 0.8398674130439758 0.5427916049957275
1638452696333102942 -0.038456082344055176 -0.03810816630721092 0.0 0.0 0.0 0.8313762545585632 0.5557098984718323
1638452696499102831 -0.03848383203148842 -0.0380374975502491 0.0 0.0 0.0 0.8162438869476318 0.5777074694633484
1638452696634102821 -0.03848481550812721 -0.03803781792521477 0.0 0.0 0.0 0.8001745939254761 0.5997671484947205
1638452696800102949 -0.03849949315190315 -0.03798934444785118 0.0 0.0 0.0 0.7748127579689026 0.6321907639503479
1638452696933102846 -0.03849701210856438 -0.03801458701491356 0.0 0.0 0.0 0.749728262424469 0.6617457866668701
163845269799102974 -0.03848966583609581 -0.03814084082841873 0.0 0.0 0.0 0.7150464057922363 0.6990769505500793
1638452697224967957 -0.03849088400602341 -0.038191456347703934 0.0 0.0 0.0 0.6825382709503174 0.7308498620986938
1638452697390968084 -0.03851355239748955 -0.0383671298623085 0.0 0.0 0.0 0.6396123766899109 0.7686976194381714
1638452697525968075 -0.03851727396249771 -0.03839221969246864 0.0 0.0 0.0 0.6043688654899597 0.7967046499252319
1638452697691967964 -0.038542333990335464 -0.0384637676179409 0.0 0.0 0.0 0.5585770010948181 0.829452633857727
1638452697860968113 -0.03845728188753128 -0.038280144333839417 0.0 0.0 0.0 0.5094472169876099 0.8605018854141235
163845269828968096 -0.03838798403739929 -0.03817431256175041 0.0 0.0 0.0 0.459861695766449 0.8879905343055725
1638452698194967985 -0.03838798776268959 -0.038174279034137726 0.0 0.0 0.0 0.41070556640625 0.9117680191993713
1638452698394968033 -0.03831677883863449 -0.0381024144589901 0.0 0.0 0.0 0.3487403690814972 0.9372193813323975
1638452698573967934 -0.03827497735619545 -0.03807377070188522 0.0 0.0 0.0 0.291915625333786 0.9564440846443176
1638452698743968010 -0.03823014348745346 -0.038050100207328796 0.0 0.0 0.0 0.23626059293746948 0.9716897010803223
1638452698908967972 -0.03820682317018509 -0.038040295243263245 0.0 0.0 0.0 0.18110984563827515 0.9834628701210022
163845269973967934 -0.038255032151937485 -0.03805564343929291 0.0 0.0 0.0 0.12453096359968185 0.9922156929969788
1638452699241967916 -0.038404081016778946 -0.03808438032865524 0.0 0.0 0.0 0.06783744692802429 0.9976963996887207
1638452699375967979 -0.03850502893328667 -0.03809187933802605 0.0 0.0 0.0 0.023266825824975967 0.9997292757034302
1638452699541968107 -0.038656871765851974 -0.03809138759970665 0.0 0.0 0.0 -0.032725464552640915 0.9994643926620483
1638452699729592085 -0.03868212178349495 -0.03808961063623428 0.0 0.0 0.0 -0.03975412994623184 0.999209463596344
1638452699929592133 -0.03868212178349495 -0.038089603185653687 0.0 0.0 0.0 -0.03978253901004791 0.999208390712738
1638452700137592077 -0.03865689039230347 -0.03809161111712456 0.0 0.0 0.0 -0.03979288414120674 0.9992079734802246
1638452700337592125 -0.03868212178349495 -0.038089603185653687 0.0 0.0 0.0 -0.03978066146373749 0.9992084503173828
1638452700536592007 -0.03865689039230347 -0.038091614842414856 0.0 0.0 0.0 -0.039653927087783813 0.999213457107544
1638452700736592054 -0.03574355587150877 0.05051323163461634 0.05529640900640565 -0.001873674785088932 0.00843475752041677 -0.057939165724111785 0.9982827077987811
1638452700905592203 -0.035718414110763395 0.05051030884450342 0.05529598816101696 -0.0018732938917729487 0.00843484207308884 -0.05789408675640775 0.9982853175698632
1638452701107592106 -0.03576869005208886 0.05051615787592494 0.055296829712936285 -0.0018731989993196019 0.00843486341312218 -0.05788285107820808 0.9982859991981019
1638452701339592218 -0.03574355242044466 0.05051322405321426 0.055296408968484166 -0.0018726944779462976 0.0084349755469179 -0.0578231381054101 0.998289471744306
1638452701539592028 -0.03571841810425716 0.050510301534705634 0.05529598824935052 -0.0018744007692886632 0.008434596456948879 -0.058025084674030725 0.9982777443337868
1638452701772592068 -0.0357686937743678 0.05051615801172708 0.0552968297760638 -0.0018733187947616485 0.008434836524800548 -0.05789703441481125 0.998285144634788
16384527024592180 -0.03576869390997522 0.05051615428892712 0.055296829788666825 -0.0018736476015357717 0.00843476348095089 -0.05793594989933362 0.9982828856202217
1638452702170822144 -0.03571841823986459 0.05051029781190568 0.05529598826195353 -0.0018735095898392109 0.00843479418548251 -0.05791961486852605 0.998283839002719
1638452702336822033 -0.035743556142723606 0.0505132241890164 0.05529640903161168 -0.0018749928628910004 0.008434464829710856 -0.058095162870169664 0.9982736656325591
1638452702535821915 -0.0357686937743678 0.05051615801172708 0.0552968297760638 -0.0018719921297550108 0.008435131291122956 -0.05774001783257539 0.9982942649888729
1638452702673821926 -0.03574355587150877 0.05051323163461634 0.05529640900640565 -0.0018732720612113694 0.008434847065990396 -0.05789150037770349 0.9982854839219182
1638452702841822147 -0.035768693638760396 0.05051616173452705 0.055296829763460786 -0.0018736022933382801 0.008434773764487098 -0.057930583466210044 0.9982832218533735
