1638452624159048603 0.0 0.0 0.0 0.0 0.0 0.0 1.0
1638452624359544906 0.00695037841796875 -0.00098419189453125 0.0 0.0 0.0 0.0003587454557418823 0.9999999403953552
1638452624560384235 0.00909423828125 0.001026153564453125 0.0 0.0 0.0 -0.002294689416885376 0.9999973773956299
1638452624760831995 0.00174713134765625 0.004383087158203125 0.0 0.0 0.0 0.0012327061267569661 0.9999992251396179
1638452624961534031 0.003875732421875 -0.00139617919921875 0.0 0.0 0.0 -0.002785830292850733 0.9999961256980896
1638452625162195076 0.00634002685546875 0.003704071044921875 0.0 0.0 0.0 -0.0018872328801080585 0.9999982118606567
1638452625362783360 0.002716064453125 0.002910614013671875 0.0 0.0 0.0 -0.001416118466295302 0.9999989867210388
1638452625563445290 1.9073486328125e-05 0.000885009765625 0.0 0.0 0.0 -0.007110209669917822 0.9999747276306152
1638452625764150503 0.004619598388671875 0.00107574462890625 0.0 0.0 0.0 -0.002885250374674797 0.9999958276748657
1638452625964648577 0.007091522216796875 -0.00254058837890625 0.0 0.0 0.0 -0.006173960864543915 0.9999809265136719
1638452626165147536 0.003314971923828125 -0.00107574462890625 0.0 0.0 0.0 -0.006416665855795145 0.9999794363975525
1638452626365509774 0.00714874267578125 -0.0023040771484375 0.0 0.0 0.0 -0.006618840619921684 0.9999780654907227
1638452626566491397 0.00669097900390625 0.000774383544921875 0.0 0.0 0.0 -0.0007790644303895533 0.9999997019767761
1638452626767124421 0.00795745849609375 0.00359344482421875 0.0 0.0 0.0 -0.0024780328385531902 0.9999969005584717
1638452626967805831 0.008098602294921875 0.002635955810546875 0.0 0.0 0.0 -0.0010644512949511409 0.9999994039535522
1638452627168405209 0.01667022705078125 -0.004878997802734375 0.0 0.0 0.0 -0.007814002223312855 0.999969482421875
1638452627369367405 0.0196533203125 0.00026702880859375 0.0 0.0 0.0 -0.0007063467637635767 0.9999997615814209
1638452627569977095 0.02545928955078125 0.00140380859375 0.0 0.0 0.0 -0.0012573318090289831 0.9999992251396179
1638452627770797153 0.028697967529296875 0.001483917236328125 0.0 0.0 0.0 -0.0034924994688481092 0.9999939203262329
1638452627971412468 0.03436279296875 -0.000431060791015625 0.0 0.0 0.0 -0.0037602416705340147 0.9999929070472717
1638452628171737258 0.04753875732421875 -0.00323486328125 0.0 0.0 0.0 -0.01043768785893917 0.9999455213546753
1638452628372354136 0.05283355712890625 0.000957489013671875 0.0 0.0 0.0 -0.0034832011442631483 0.9999939203262329
1638452628572962993 0.06257247924804688 0.00257110595703125 0.0 0.0 0.0 -0.004492895677685738 0.999989926815033
1638452628773551901 0.07352828979492188 0.000110626220703125 0.0 0.0 0.0 -0.006723504047840834 0.9999774098396301
1638452628974252739 0.08634567260742188 -0.000843048095703125 0.0 0.0 0.0 -0.005513790994882584 0.9999848008155823
1638452629174861752 0.09384918212890625 -0.001621246337890625 0.0 0.0 0.0 -0.005069384817034006 0.9999871253967285
1638452629375783322 0.11081695556640625 -0.003002166748046875 0.0 0.0 0.0 -0.004675521980971098 0.9999890923500061
1638452629576408117 0.12990570068359375 -0.0009307861328125 0.0 0.0 0.0 -0.007992333732545376 0.9999680519104004
1638452629777186664 0.14319992065429688 -0.00263214111328125 0.0 0.0 0.0 -0.0023330748081207275 0.9999972581863403
1638452629977804167 0.15709686279296875 -0.004077911376953125 0.0 0.0 0.0 -0.001739652012474835 0.9999985098838806
1638452630178446618 0.17675018310546875 -0.00226593017578125 0.0 0.0 0.0 -0.00710424967110157 0.99997478723526
1638452630379282457 0.19704437255859375 -0.002796173095703125 0.0 0.0 0.0 -0.005702615715563297 0.9999837279319763
1638452630579781000 0.21009445190429688 -0.00185394287109375 0.0 0.0 0.0 -0.008105817250907421 0.9999671578407288
1638452630780393659 0.22462081909179688 -0.006183624267578125 0.0 0.0 0.0 -0.007613497786223888 0.9999710321426392
1638452630983852353 0.24540328979492188 -0.00536346435546875 0.0 0.0 0.0 -0.007045361679047346 0.9999752044677734
1638452631382123717 0.29251861572265625 -0.005718231201171875 0.0 0.0 0.0 -0.005730987060815096 0.999983549118042
1638452631582621843 0.31415557861328125 -0.0064849853515625 0.0 0.0 0.0 -0.00813681073486805 0.9999669194221497
1638452631783419662 0.32590484619140625 -0.0083160400390625 0.0 0.0 0.0 -0.005064378492534161 0.9999871850013733
1638452631984073519 0.36029052734375 -0.00870513916015625 0.0 0.0 0.0 -0.00184598658233881 0.9999982714653015
1638452632184886650 0.3798332214355469 -0.009479522705078125 0.0 0.0 0.0 -0.001689345808699727 0.9999985694885254
1638452632385713740 0.4001655578613281 -0.007907867431640625 0.0 0.0 0.0 -0.009037522599101067 0.9999591708183289
1638452632586341555 0.42169952392578125 -0.006847381591796875 0.0 0.0 0.0 -0.021324599161744118 0.9997726082801819
1638452632787021455 0.4431571960449219 -0.006610870361328125 0.0 0.0 0.0 -0.0315498523414135 0.9995021820068359
1638452632987836877 0.46743011474609375 -0.008434295654296875 0.0 0.0 0.0 -0.041232965886592865 0.9991495609283447
1638452633188460422 0.4932670593261719 -0.00963592529296875 0.0 0.0 0.0 -0.06194834038615227 0.9980793595314026
1638452633391826302 0.517242431640625 -0.013111114501953125 0.0 0.0 0.0 -0.09294916689395905 0.9956708550453186
1638452633790065531 0.5589675903320312 -0.01427459716796875 0.0 0.0 0.0 -0.1501724272966385 0.9886597990989685
1638452633990820536 0.5782051086425781 -0.01776123046875 0.0 0.0 0.0 -0.17586150765419006 0.9844149351119995
1638452634191265588 0.6005973815917969 -0.025020599365234375 0.0 0.0 0.0 -0.20550543069839478 0.978655993938446
1638452634391732828 0.6192703247070312 -0.02730560302734375 0.0 0.0 0.0 -0.23118114471435547 0.9729107022285461
1638452634592201422 0.6432685852050781 -0.0323333740234375 0.0 0.0 0.0 -0.24496759474277496 0.9695312976837158
1638452634792835071 0.6565437316894531 -0.034793853759765625 0.0 0.0 0.0 -0.2504219114780426 0.9681367874145508
1638452634993557471 0.6687698364257812 -0.0406494140625 0.0 0.0 0.0 -0.24066780507564545 0.9706075191497803
1638452635194232579 0.6828079223632812 -0.04743194580078125 0.0 0.0 0.0 -0.22325538098812103 0.9747599959373474
1638452635394963052 0.7019882202148438 -0.06310272216796875 0.0 0.0 0.0 -0.20014140009880066 0.9797670245170593
1638452635595660661 0.7128486633300781 -0.06827545166015625 0.0 0.0 0.0 -0.16141101717948914 0.9868872761726379
1638452635796632857 0.7195014953613281 -0.07323455810546875 0.0 0.0 0.0 -0.10673409700393677 0.9942876100540161
1638452635997372653 0.73480224609375 -0.08158111572265625 0.0 0.0 0.0 -0.04329344630241394 0.9990624189376831
1638452636198171617 0.7471809387207031 -0.08516693115234375 0.0 0.0 0.0 0.02733943983912468 0.9996262192726135
1638452636399028082 0.780975341796875 -0.09325790405273438 0.0 0.0 0.0 0.09426429867744446 0.9955472350120544
1638452636599899756 0.81756591796875 -0.09127044677734375 0.0 0.0 0.0 0.165768563747406 0.9861646890640259
1638452636800617625 0.8522872924804688 -0.09395599365234375 0.0 0.0 0.0 0.2301264852285385 0.9731607437133789
1638452637001450652 0.87933349609375 -0.09450531005859375 0.0 0.0 0.0 0.2934325933456421 0.9559797644615173
1638452637202113572 0.9124755859375 -0.08237075805664062 0.0 0.0 0.0 0.3431784212589264 0.9392702579498291
1638452637402918942 0.9276657104492188 -0.06782913208007812 0.0 0.0 0.0 0.38364824652671814 0.9234793186187744
1638452637603630301 0.9526863098144531 -0.0440673828125 0.0 0.0 0.0 0.4159972369670868 0.9093658924102783
1638452637804292596 0.9706840515136719 -0.01880645751953125 0.0 0.0 0.0 0.43537917733192444 0.9002471566200256
1638452638005000256 1.0115890502929688 -0.03936767578125 0.0 0.0 0.0 0.43906456232070923 0.8984555006027222
1638452638205599530 1.0262985229492188 -0.01245880126953125 0.0 0.0 0.0 0.44366878271102905 0.8961908221244812
1638452638406208074 1.0444564819335938 0.018177032470703125 0.0 0.0 0.0 0.4385227859020233 0.8987200856208801
1638452638607029278 1.05340576171875 0.033641815185546875 0.0 0.0 0.0 0.43228644132614136 0.901736319065094
1638452638807564592 1.0772628784179688 0.06633377075195312 0.0 0.0 0.0 0.4053356945514679 0.9141679406166077
1638452639008141469 1.0853805541992188 0.10008621215820312 0.0 0.0 0.0 0.3743976354598999 0.9272682666778564
1638452639208684335 1.1011886596679688 0.11754608154296875 0.0 0.0 0.0 0.33881258964538574 0.9408538937568665
1638452639409071678 1.1143913269042969 0.13645172119140625 0.0 0.0 0.0 0.3043663799762726 0.9525550603866577
1638452639609542929 1.137054443359375 0.16982269287109375 0.0 0.0 0.0 0.26777273416519165 0.9634820818901062
1638452639810345487 1.151702880859375 0.18384552001953125 0.0 0.0 0.0 0.23416495323181152 0.9721968770027161
1638452640010952729 1.1712226867675781 0.20711135864257812 0.0 0.0 0.0 0.18843132257461548 0.9820863604545593
1638452640211717317 1.20147705078125 0.220062255859375 0.0 0.0 0.0 0.1383027732372284 0.9903900027275085
1638452640412478781 1.2241134643554688 0.23264694213867188 0.0 0.0 0.0 0.09190633893013 0.9957676529884338
1638452640613101753 1.2554092407226562 0.24115753173828125 0.0 0.0 0.0 0.041285328567028046 0.9991474151611328
1638452640813715453 1.303497314453125 0.24246978759765625 0.0 0.0 0.0 -0.013486365787684917 0.9999090433120728
1638452641014416812 1.323028564453125 0.2586784362792969 0.0 0.0 0.0 -0.05800247564911842 0.9983164668083191
1638452641215137858 1.3501777648925781 0.2742805480957031 0.0 0.0 0.0 -0.10628154128789902 0.9943360686302185
1638452641415871196 1.3826980590820312 0.27158355712890625 0.0 0.0 0.0 -0.15541471540927887 0.9878492951393127
1638452641616587710 1.4114875793457031 0.26148223876953125 0.0 0.0 0.0 -0.20111258327960968 0.9795681238174438
1638452641817391831 1.4361495971679688 0.24969482421875 0.0 0.0 0.0 -0.2464420646429062 0.9691575169563293
1638452642018096523 1.4674186706542969 0.24036407470703125 0.0 0.0 0.0 -0.29508453607559204 0.9554711580276489
1638452642218827829 1.4926872253417969 0.23549270629882812 0.0 0.0 0.0 -0.3413645923137665 0.9399309754371643
1638452642419505906 1.51739501953125 0.220458984375 0.0 0.0 0.0 -0.38637831807136536 0.9223403930664062
1638452642620131273 1.5391311645507812 0.19606399536132812 0.0 0.0 0.0 -0.43005698919296265 0.9028017520904541
1638452642820827475 1.5559005737304688 0.17371749877929688 0.0 0.0 0.0 -0.4726499617099762 0.881250262260437
1638452643021278569 1.5770072937011719 0.15767288208007812 0.0 0.0 0.0 -0.5134746432304382 0.8581047654151917
1638452643221884405 1.5896835327148438 0.14084625244140625 0.0 0.0 0.0 -0.5442004799842834 0.8389552235603333
1638452643423080615 1.6072998046875 0.11841583251953125 0.0 0.0 0.0 -0.5671615600585938 0.823606550693512
1638452643622774978 1.6357612609863281 0.02750396728515625 0.0 0.0 0.0 -0.5905939340591431 0.8069689273834229
1638452643823382012 1.6429023742675781 0.00086212158203125 0.0 0.0 0.0 -0.5970202684402466 0.8022261261940002
1638452644023998473 1.6550102233886719 -0.0224151611328125 0.0 0.0 0.0 -0.6048747301101685 0.7963206171989441
1638452644224704780 1.6576004028320312 -0.05840301513671875 0.0 0.0 0.0 -0.6109281778335571 0.7916859984397888
1638452644425380565 1.6715888977050781 -0.07909393310546875 0.0 0.0 0.0 -0.6152525544166565 0.788330078125
1638452644628725455 1.6784553527832031 -0.11026763916015625 0.0 0.0 0.0 -0.61516273021698 0.7884001731872559
1638452645027402034 1.6919479370117188 -0.18007278442382812 0.0 0.0 0.0 -0.613810122013092 0.7894536852836609
1638452645228085319 1.7100753784179688 -0.208740234375 0.0 0.0 0.0 -0.6128484606742859 0.7902004718780518
1638452645428527403 1.7116279602050781 -0.2395172119140625 0.0 0.0 0.0 -0.6066141128540039 0.794996440410614
1638452645629013133 1.7236404418945312 -0.26909637451171875 0.0 0.0 0.0 -0.6007038354873657 0.7994716167449951
1638452645829600895 1.7339668273925781 -0.3024139404296875 0.0 0.0 0.0 -0.5901649594306946 0.8072826862335205
1638452646030308400 1.7416496276855469 -0.33185577392578125 0.0 0.0 0.0 -0.5740605592727661 0.8188128471374512
1638452646230836995 1.7548751831054688 -0.3652992248535156 0.0 0.0 0.0 -0.5585839152336121 0.8294480443000793
1638452646431499394 1.7589187622070312 -0.4015846252441406 0.0 0.0 0.0 -0.5387386083602905 0.8424729704856873
1638452646631951634 1.773101806640625 -0.4312782287597656 0.0 0.0 0.0 -0.5232638716697693 0.8521707057952881
1638452646832675128 1.787353515625 -0.4608039855957031 0.0 0.0 0.0 -0.5044086575508118 0.8634650707244873
1638452647033380445 1.8043899536132812 -0.4903297424316406 0.0 0.0 0.0 -0.49060460925102234 0.8713822960853577
1638452647234081959 1.8182296752929688 -0.5238189697265625 0.0 0.0 0.0 -0.4755088984966278 0.8797109127044678
1638452647434680972 1.8333511352539062 -0.5486679077148438 0.0 0.0 0.0 -0.45764824748039246 0.8891333341598511
1638452647635235401 1.8480720520019531 -0.5863571166992188 0.0 0.0 0.0 -0.44201555848121643 0.897007405757904
1638452647836048793 1.87164306640625 -0.6078720092773438 0.0 0.0 0.0 -0.43218132853507996 0.901786744594574
1638452648036502282 1.8970947265625 -0.6388359069824219 0.0 0.0 0.0 -0.43035250902175903 0.9026609063148499
1638452648237379581 1.9151840209960938 -0.6692390441894531 0.0 0.0 0.0 -0.42988350987434387 0.9028843641281128
1638452648438150888 1.938934326171875 -0.6954498291015625 0.0 0.0 0.0 -0.44295865297317505 0.8965420126914978
1638452648638929644 1.9564018249511719 -0.7255630493164062 0.0 0.0 0.0 -0.464786171913147 0.885422945022583
1638452648839507354 1.9909172058105469 -0.7520790100097656 0.0 0.0 0.0 -0.49141794443130493 0.8709238767623901
1638452649040294183 2.0047531127929688 -0.7788352966308594 0.0 0.0 0.0 -0.5275281667709351 0.8495375514030457
1638452649240943613 2.0208511352539062 -0.8101806640625 0.0 0.0 0.0 -0.5644815564155579 0.8254456520080566
1638452649441714139 2.0384902954101562 -0.8386383056640625 0.0 0.0 0.0 -0.6061873435974121 0.7953218817710876
1638452649642213619 2.0494003295898438 -0.7904129028320312 0.0 0.0 0.0 -0.6398283243179321 0.7685178518295288
1638452649842908415 2.053691864013672 -0.8243598937988281 0.0 0.0 0.0 -0.6752994656562805 0.7375437021255493
1638452650046237575 2.071399688720703 -0.8530693054199219 0.0 0.0 0.0 -0.7153924703598022 0.6987228989601135
1638452650444839987 2.0719833374023438 -0.9309310913085938 0.0 0.0 0.0 -0.7723227739334106 0.635230302810669
1638452650645602076 2.0738754272460938 -0.9559249877929688 0.0 0.0 0.0 -0.8117058873176575 0.5840663313865662
1638452650846292132 2.072620391845703 -0.9852485656738281 0.0 0.0 0.0 -0.8431276679039001 0.5377134084701538
1638452651046810258 2.063678741455078 -1.0174217224121094 0.0 0.0 0.0 -0.868648111820221 0.4954296052455902
1638452651247536044 2.0445938110351562 -1.0421066284179688 0.0 0.0 0.0 -0.8898472189903259 0.4562585651874542
1638452651448098806 2.027263641357422 -1.0723228454589844 0.0 0.0 0.0 -0.9074016809463501 0.42026448249816895
1638452651648846363 2.002704620361328 -1.0965576171875 0.0 0.0 0.0 -0.9204515814781189 0.39085662364959717
1638452651849502877 1.979034423828125 -1.1180267333984375 0.0 0.0 0.0 -0.9279614090919495 0.3726763129234314
1638452652050334706 1.9432601928710938 -1.1442184448242188 0.0 0.0 0.0 -0.9322169423103333 0.3618999123573303
1638452652251184765 1.9137649536132812 -1.1563339233398438 0.0 0.0 0.0 -0.9304210543632507 0.3664923310279846
1638452652451896436 1.9014816284179688 -1.2416419982910156 0.0 0.0 0.0 -0.9279778003692627 0.37263551354408264
1638452652652578679 1.86328125 -1.2043533325195312 0.0 0.0 0.0 -0.9172857403755188 0.3982296288013458
1638452652853334621 1.8486213684082031 -1.2879104614257812 0.0 0.0 0.0 -0.9119159579277039 0.41037705540657043
1638452653054048011 1.8178024291992188 -1.2525520324707031 0.0 0.0 0.0 -0.9018605947494507 0.4320272207260132
1638452653254583429 1.7968864440917969 -1.277618408203125 0.0 0.0 0.0 -0.8933329582214355 0.44939544796943665
1638452653455221453 1.7830810546875 -1.3653793334960938 0.0 0.0 0.0 -0.8878619074821472 0.46011000871658325
1638452653658581343 1.7516288757324219 -1.332489013671875 0.0 0.0 0.0 -0.8761318325996399 0.48207154870033264
1638452654057172453 1.7225112915039062 -1.4565467834472656 0.0 0.0 0.0 -0.8604776263237 0.5094882249832153
1638452654257697923 1.6970405578613281 -1.4558486938476562 0.0 0.0 0.0 -0.8477305173873901 0.5304271578788757
1638452654458413813 1.6862716674804688 -1.5047264099121094 0.0 0.0 0.0 -0.8375696539878845 0.5463305115699768
1638452654658870011 1.6672592163085938 -1.545928955078125 0.0 0.0 0.0 -0.8288113474845886 0.5595281720161438
1638452654859681632 1.65570068359375 -1.5743942260742188 0.0 0.0 0.0 -0.8156322240829468 0.5785706639289856
1638452655060195747 1.6394157409667969 -1.6002120971679688 0.0 0.0 0.0 -0.8036854267120361 0.5950543880462646
1638452655260933096 1.6295051574707031 -1.64080810546875 0.0 0.0 0.0 -0.7940171957015991 0.6078953146934509
1638452655461676278 1.6158332824707031 -1.6842079162597656 0.0 0.0 0.0 -0.7802412509918213 0.6254786849021912
1638452655662201383 1.6066360473632812 -1.7131843566894531 0.0 0.0 0.0 -0.7689913511276245 0.6392591595649719
1638452655862827532 1.5974540710449219 -1.7530250549316406 0.0 0.0 0.0 -0.7553266882896423 0.6553484797477722
1638452656063596496 1.5875473022460938 -1.7813339233398438 0.0 0.0 0.0 -0.742348849773407 0.6700136065483093
1638452656264404314 1.5836677551269531 -1.8242568969726562 0.0 0.0 0.0 -0.7282463908195496 0.6853154301643372
1638452656465191767 1.5792770385742188 -1.8547477722167969 0.0 0.0 0.0 -0.7151734828948975 0.6989469528198242
1638452656665844948 1.5762748718261719 -1.9000167846679688 0.0 0.0 0.0 -0.7022484540939331 0.7119320034980774
1638452656866617974 1.5741081237792969 -1.9311943054199219 0.0 0.0 0.0 -0.6893985867500305 0.724382221698761
1638452657067320114 1.572052001953125 -1.9605712890625 0.0 0.0 0.0 -0.675288200378418 0.7375539541244507
1638452657267948450 1.5693168640136719 -1.9978713989257812 0.0 0.0 0.0 -0.6614490151405334 0.7499901056289673
1638452657468487722 1.5755538940429688 -2.0263519287109375 0.0 0.0 0.0 -0.6494478583335876 0.7604061365127563
1638452657669110173 1.5763015747070312 -2.0586585998535156 0.0 0.0 0.0 -0.6324347257614136 0.7746136784553528
1638452657869655852 1.5827522277832031 -2.093608856201172 0.0 0.0 0.0 -0.6192646622657776 0.7851822972297668
1638452658070371169 1.5896987915039062 -2.1231117248535156 0.0 0.0 0.0 -0.6044896245002747 0.7966130375862122
1638452658270947056 1.6002731323242188 -2.152202606201172 0.0 0.0 0.0 -0.5894703269004822 0.8077900409698486
1638452658471566330 1.604949951171875 -2.1881942749023438 0.0 0.0 0.0 -0.573087751865387 0.8194940090179443
1638452658672232531 1.618408203125 -2.2163772583007812 0.0 0.0 0.0 -0.5552083253860474 0.8317112922668457
1638452658872867639 1.6287002563476562 -2.2421493530273438 0.0 0.0 0.0 -0.538628339767456 0.8425434827804565
1638452659073612071 1.6426277160644531 -2.2723388671875 0.0 0.0 0.0 -0.5217601656913757 0.8530921936035156
1638452659274165406 1.652923583984375 -2.3019752502441406 0.0 0.0 0.0 -0.506544828414917 0.862213671207428
1638452659474720824 1.6691169738769531 -2.3304214477539062 0.0 0.0 0.0 -0.4880167543888092 0.8728342652320862
1638452659675362234 1.6882438659667969 -2.346782684326172 0.0 0.0 0.0 -0.4691203832626343 0.8831342458724976
1638452659876096561 1.7044868469238281 -2.388072967529297 0.0 0.0 0.0 -0.451862633228302 0.8920875191688538
1638452660076894223 1.72454833984375 -2.4153785705566406 0.0 0.0 0.0 -0.43459877371788025 0.90062415599823
1638452660277488965 1.7411117553710938 -2.444732666015625 0.0 0.0 0.0 -0.4358249008655548 0.9000315070152283
1638452660478254387 1.7616767883300781 -2.464458465576172 0.0 0.0 0.0 -0.4373120069503784 0.8993098735809326
1638452660679036528 1.7808761596679688 -2.4910430908203125 0.0 0.0 0.0 -0.4493451416492462 0.8933582305908203
1638452660879623718 1.8056640625 -2.519367218017578 0.0 0.0 0.0 -0.47276216745376587 0.8811900615692139
1638452661080351431 1.8240547180175781 -2.5446243286132812 0.0 0.0 0.0 -0.49567583203315735 0.8685076236724854
1638452661281042685 1.8474807739257812 -2.5692214965820312 0.0 0.0 0.0 -0.5259859561920166 0.8504932522773743
1638452661481760762 1.859039306640625 -2.5982131958007812 0.0 0.0 0.0 -0.5679440498352051 0.8230671882629395
1638452661682506704 1.8745498657226562 -2.6260452270507812 0.0 0.0 0.0 -0.6061253547668457 0.7953691482543945
1638452661883185719 1.889373779296875 -2.662616729736328 0.0 0.0 0.0 -0.6447902917861938 0.7643595337867737
1638452662083838951 1.90167236328125 -2.6894874572753906 0.0 0.0 0.0 -0.683688759803772 0.7297737002372742
1638452662284533799 1.9027595520019531 -2.714862823486328 0.0 0.0 0.0 -0.7220218777656555 0.6918702125549316
1638452662485071873 1.90106201171875 -2.7492904663085938 0.0 0.0 0.0 -0.7558774948120117 0.6547130942344666
1638452662685651824 1.9054794311523438 -2.7906417846679688 0.0 0.0 0.0 -0.7883616089820862 0.6152121424674988
1638452662886230315 1.9085311889648438 -2.82427978515625 0.0 0.0 0.0 -0.8219707608222961 0.5695297122001648
1638452663086959643 1.9020462036132812 -2.8539199829101562 0.0 0.0 0.0 -0.8544701337814331 0.5195004940032959
1638452663287735065 1.8920669555664062 -2.875835418701172 0.0 0.0 0.0 -0.8844959735870361 0.46654778718948364
1638452663488559967 1.88787841796875 -2.897960662841797 0.0 0.0 0.0 -0.9104616641998291 0.41359347105026245
1638452663689237106 1.8719100952148438 -2.9197006225585938 0.0 0.0 0.0 -0.9335103631019592 0.358550488948822
1638452663889730440 1.86676025390625 -2.9545021057128906 0.0 0.0 0.0 -0.9537196159362793 0.30069729685783386
1638452664090376589 1.8548583984375 -2.97357177734375 0.0 0.0 0.0 -0.9696688652038574 0.2444223016500473
1638452664291186387 1.8170700073242188 -2.9879798889160156 0.0 0.0 0.0 -0.9838133454322815 0.17919613420963287
1638452664491929100 1.7847671508789062 -3.003753662109375 0.0 0.0 0.0 -0.9931391477584839 0.11693859845399857
1638452664692566395 1.7619514465332031 -3.0137786865234375 0.0 0.0 0.0 -0.9982751607894897 0.05870846286416054
1638452664893130355 1.735015869140625 -3.0258712768554688 0.0 0.0 0.0 0.999998152256012 0.0019095687894150615
1638452665093583272 1.7096939086914062 -3.0284500122070312 0.0 0.0 0.0 0.9981846809387207 0.06022723764181137
1638452665294122232 1.6646804809570312 -3.029998779296875 0.0 0.0 0.0 0.9919514656066895 0.12661860883235931
1638452665494770360 1.6358566284179688 -3.0227432250976562 0.0 0.0 0.0 0.982854962348938 0.1843804270029068
1638452665695495261 1.6003494262695312 -3.0248184204101562 0.0 0.0 0.0 0.9694553017616272 0.24526812136173248
1638452665895932760 1.5684814453125 -3.0125198364257812 0.0 0.0 0.0 0.9535021781921387 0.30138617753982544
1638452666096724901 1.5402336120605469 -2.9930038452148438 0.0 0.0 0.0 0.9366950988769531 0.35014602541923523
1638452666297330008 1.5205879211425781 -2.9929428100585938 0.0 0.0 0.0 0.9195428490638733 0.39298972487449646
1638452666497898760 1.4781265258789062 -2.951282501220703 0.0 0.0 0.0 0.9000269770622253 0.4358341693878174
1638452666698432303 1.4597091674804688 -2.9023208618164062 0.0 0.0 0.0 0.8822693824768066 0.47074490785598755
1638452666901767662 1.4416427612304688 -2.8808822631835938 0.0 0.0 0.0 0.8702551126480103 0.49260130524635315
1638452667300562993 1.3947639465332031 -2.870655059814453 0.0 0.0 0.0 0.859772264957428 0.5106776356697083
1638452667501059661 1.3777351379394531 -2.8090744018554688 0.0 0.0 0.0 0.8623762726783752 0.5062679052352905
1638452667701543516 1.3742256164550781 -2.7900161743164062 0.0 0.0 0.0 0.8719765543937683 0.48954761028289795
1638452667902123987 1.3442764282226562 -2.7667007446289062 0.0 0.0 0.0 0.8820402026176453 0.4711741805076599
1638452668102927847 1.3281478881835938 -2.7256202697753906 0.0 0.0 0.0 0.8996616005897522 0.436587929725647
1638452668303633111 1.3139877319335938 -2.687896728515625 0.0 0.0 0.0 0.9170657396316528 0.3987360894680023
1638452668504490618 1.3101081848144531 -2.6556549072265625 0.0 0.0 0.0 0.9351281523704529 0.3543095886707306
1638452668705033120 1.282318115234375 -2.6428146362304688 0.0 0.0 0.0 0.9514083862304688 0.3079318702220917
1638452668905936356 1.2623672485351562 -2.608245849609375 0.0 0.0 0.0 0.9681003093719482 0.2505628764629364
1638452669106611412 1.2309455871582031 -2.596233367919922 0.0 0.0 0.0 0.9809778928756714 0.19411960244178772
1638452669307216831 1.2061691284179688 -2.5766868591308594 0.0 0.0 0.0 0.9910752177238464 0.1333036571741104
1638452669508087359 1.179840087890625 -2.5534286499023438 0.0 0.0 0.0 0.9972441792488098 0.07418946176767349
1638452669708491681 1.1572494506835938 -2.5491676330566406 0.0 0.0 0.0 0.9998849034309387 0.015171021223068237
1638452669909451742 1.1324272155761719 -2.540790557861328 0.0 0.0 0.0 -0.9989290237426758 0.04626870155334473
1638452670109737104 1.0882797241210938 -2.5392417907714844 0.0 0.0 0.0 -0.9942163825035095 0.10739526897668839
1638452670310557943 1.0625419616699219 -2.5412521362304688 0.0 0.0 0.0 -0.9859628677368164 0.16696466505527496
1638452670511323105 1.031402587890625 -2.5427780151367188 0.0 0.0 0.0 -0.9744579195976257 0.22457027435302734
1638452670712196601 1.0052680969238281 -2.5503463745117188 0.0 0.0 0.0 -0.9597288370132446 0.28092798590660095
1638452670913045514 0.9668045043945312 -2.5582046508789062 0.0 0.0 0.0 -0.9424117803573608 0.33445489406585693
1638452671113738070 0.9346427917480469 -2.5717086791992188 0.0 0.0 0.0 -0.922454297542572 0.38610631227493286
1638452671314575576 0.90771484375 -2.5961685180664062 0.0 0.0 0.0 -0.8991747498512268 0.4375896751880646
1638452671515373446 0.8820304870605469 -2.6138381958007812 0.0 0.0 0.0 -0.8788046836853027 0.4771815836429596
1638452671716154181 0.8619384765625 -2.640380859375 0.0 0.0 0.0 -0.8536611795425415 0.5208287239074707
1638452671916727360 0.8363113403320312 -2.6723480224609375 0.0 0.0 0.0 -0.837748110294342 0.5460569262504578
1638452672117327727 0.8196487426757812 -2.7045059204101562 0.0 0.0 0.0 -0.8249637484550476 0.5651856660842896
1638452672317984658 0.82177734375 -2.7450103759765625 0.0 0.0 0.0 -0.8158965706825256 0.5781978368759155
1638452672518724038 0.7977714538574219 -2.7875595092773438 0.0 0.0 0.0 -0.8134658336639404 0.5816127061843872
1638452672719415917 0.78277587890625 -2.8100509643554688 0.0 0.0 0.0 -0.8201087117195129 0.5722077488899231
1638452672920046076 0.7696914672851562 -2.848316192626953 0.0 0.0 0.0 -0.8306950330734253 0.5567277073860168
1638452673120694204 0.7665939331054688 -2.8906707763671875 0.0 0.0 0.0 -0.8453980684280396 0.5341367125511169
1638452673321079151 0.7366523742675781 -2.928081512451172 0.0 0.0 0.0 -0.8692486882209778 0.4943751096725464
1638452673521867073 0.7364273071289062 -2.9577102661132812 0.0 0.0 0.0 -0.8861562013626099 0.4633866548538208
1638452673722465305 0.7128524780273438 -2.9793777465820312 0.0 0.0 0.0 -0.9098883271217346 0.4148532748222351
1638452673923070047 0.6900520324707031 -3.0044174194335938 0.0 0.0 0.0 -0.9306321740150452 0.3659558892250061
1638452674123752812 0.6795539855957031 -3.0357666015625 0.0 0.0 0.0 -0.9477263689041138 0.31908419728279114
1638452674324259219 0.6715774536132812 -3.073505401611328 0.0 0.0 0.0 -0.9642583131790161 0.2649640440940857
1638452674525005265 0.6429557800292969 -3.0986862182617188 0.0 0.0 0.0 -0.9786379337310791 0.20559123158454895
1638452674725514381 0.6126708984375 -3.1106796264648438 0.0 0.0 0.0 -0.9906359910964966 0.13652949035167694
1638452674926231469 0.5892105102539062 -3.124858856201172 0.0 0.0 0.0 -0.9976497292518616 0.0685199424624443
1638452675126799075 0.5604019165039062 -3.122150421142578 0.0 0.0 0.0 0.9999765753746033 0.006840609014034271
1638452675327453245 0.5419807434082031 -3.1447715759277344 0.0 0.0 0.0 0.9965572953224182 0.08290701359510422
1638452675528051529 0.5043411254882812 -3.1380538940429688 0.0 0.0 0.0 0.9864532947540283 0.16404247283935547
1638452675728811690 0.48471832275390625 -3.1338882446289062 0.0 0.0 0.0 0.9712932705879211 0.23788531124591827
1638452675929581279 0.4545478820800781 -3.13787841796875 0.0 0.0 0.0 0.9488108158111572 0.31584495306015015
1638452676130523422 0.4255256652832031 -3.1225662231445312 0.0 0.0 0.0 0.9212563633918762 0.38895586133003235
1638452676331184363 0.41007232666015625 -3.1175498962402344 0.0 0.0 0.0 0.8864012956619263 0.462917685508728
1638452676531778272 0.3982048034667969 -3.105243682861328 0.0 0.0 0.0 0.8485424518585205 0.5291272401809692
1638452676732346347 0.3801460266113281 -3.1077880859375 0.0 0.0 0.0 0.8041824102401733 0.5943825840950012
1638452676933014892 0.373748779296875 -3.047332763671875 0.0 0.0 0.0 0.7550612092018127 0.6556543111801147
1638452677133578436 0.35861968994140625 -3.0439834594726562 0.0 0.0 0.0 0.7063713073730469 0.7078414559364319
1638452677334319691 0.351806640625 -2.9972801208496094 0.0 0.0 0.0 0.652833878993988 0.7575011253356934
1638452677535077456 0.34757232666015625 -2.9672927856445312 0.0 0.0 0.0 0.597237229347229 0.8020646572113037
1638452677735781366 0.3481559753417969 -2.934986114501953 0.0 0.0 0.0 0.5438811779022217 0.8391622304916382
1638452677936614758 0.3445243835449219 -2.9047012329101562 0.0 0.0 0.0 0.48520341515541077 0.874401330947876
1638452678137386065 0.36408233642578125 -2.8657798767089844 0.0 0.0 0.0 0.4356203079223633 0.9001305103302002
1638452678338091590 0.367095947265625 -2.8441009521484375 0.0 0.0 0.0 0.39242735505104065 0.9197829961776733
1638452678538833418 0.40621185302734375 -2.81317138671875 0.0 0.0 0.0 0.34610846638679504 0.9381945133209229
1638452678739548891 0.44530487060546875 -2.7914047241210938 0.0 0.0 0.0 0.3126583695411682 0.9498656392097473
1638452678940141237 0.4635429382324219 -2.7629127502441406 0.0 0.0 0.0 0.287447065114975 0.9577965140342712
1638452679140947650 0.4988899230957031 -2.738292694091797 0.0 0.0 0.0 0.28554806113243103 0.9583643674850464
1638452679341588278 0.545562744140625 -2.7205467224121094 0.0 0.0 0.0 0.2865462005138397 0.9580664038658142
1638452679542230989 0.5677261352539062 -2.7037696838378906 0.0 0.0 0.0 0.29279759526252747 0.9561744332313538
1638452679742971619 0.5958938598632812 -2.6903762817382812 0.0 0.0 0.0 0.3181883692741394 0.948027491569519
1638452679943638498 0.6233749389648438 -2.6715927124023438 0.0 0.0 0.0 0.3440757989883423 0.9389418959617615
1638452680144329491 0.6336784362792969 -2.659687042236328 0.0 0.0 0.0 0.3637016713619232 0.9315154552459717
1638452680344997672 0.6634712219238281 -2.6242523193359375 0.0 0.0 0.0 0.3990838825702667 0.9169144034385681
1638452680545662207 0.6823234558105469 -2.6187515258789062 0.0 0.0 0.0 0.43575456738471985 0.900065541267395
1638452680746363096 0.70867919921875 -2.5839195251464844 0.0 0.0 0.0 0.47701597213745117 0.8788946270942688
1638452680947161852 0.7305412292480469 -2.5527420043945312 0.0 0.0 0.0 0.5177386999130249 0.8555387854576111
1638452681147688520 0.7455635070800781 -2.518901824951172 0.0 0.0 0.0 0.5539336204528809 0.8325608372688293
1638452681348361857 0.7666816711425781 -2.508495330810547 0.0 0.0 0.0 0.5933223962783813 0.8049649000167847
1638452681549058476 0.7854499816894531 -2.4782562255859375 0.0 0.0 0.0 0.6245400309562683 0.7809928059577942
1638452681749739105 0.789825439453125 -2.4623489379882812 0.0 0.0 0.0 0.6585336327552795 0.7525513172149658
1638452681950413692 0.8004264831542969 -2.4337539672851562 0.0 0.0 0.0 0.6908591985702515 0.7229893207550049
1638452682151197603 0.8129158020019531 -2.4019088745117188 0.0 0.0 0.0 0.7238820195198059 0.6899237632751465
1638452682351816148 0.8099594116210938 -2.3595237731933594 0.0 0.0 0.0 0.7547763586044312 0.6559821963310242
1638452682552641987 0.8047103881835938 -2.3329925537109375 0.0 0.0 0.0 0.7807259559631348 0.6248735785484314
1638452682753348710 0.8055038452148438 -2.288471221923828 0.0 0.0 0.0 0.8099467754364014 0.5865033268928528
1638452682953991995 0.7966499328613281 -2.2458534240722656 0.0 0.0 0.0 0.8299898505210876 0.5577784776687622
1638452683154652467 0.7853164672851562 -2.212970733642578 0.0 0.0 0.0 0.8414561152458191 0.540325403213501
1638452683355206167 0.7850151062011719 -2.1779098510742188 0.0 0.0 0.0 0.8491137623786926 0.5282099843025208
1638452683555862420 0.7640457153320312 -2.1564979553222656 0.0 0.0 0.0 0.8522591590881348 0.5231198072433472
1638452683756648780 0.74652099609375 -2.1219558715820312 0.0 0.0 0.0 0.8536167144775391 0.520901620388031
1638452683957152687 0.7400016784667969 -2.0931129455566406 0.0 0.0 0.0 0.8498486280441284 0.527026891708374
1638452684157743939 0.72064208984375 -2.057422637939453 0.0 0.0 0.0 0.8435307741165161 0.5370808839797974
1638452684358308733 0.7007980346679688 -2.0362014770507812 0.0 0.0 0.0 0.8389078378677368 0.5442735552787781
1638452684558745400 0.6876106262207031 -2.00714111328125 0.0 0.0 0.0 0.8345156908035278 0.5509841442108154
1638452684759277693 0.6704330444335938 -1.9627914428710938 0.0 0.0 0.0 0.8214418292045593 0.5702922940254211
1638452684959940405 0.6552619934082031 -1.9217033386230469 0.0 0.0 0.0 0.8045749664306641 0.5938510894775391
1638452685160614054 0.641937255859375 -1.8746185302734375 0.0 0.0 0.0 0.7877263426780701 0.6160253286361694
1638452685361524583 0.6286506652832031 -1.8511314392089844 0.0 0.0 0.0 0.7707308530807495 0.6371608972549438
1638452685562177763 0.626495361328125 -1.7953262329101562 0.0 0.0 0.0 0.7495683431625366 0.6619269251823425
1638452685763093396 0.6177177429199219 -1.7386093139648438 0.0 0.0 0.0 0.732237696647644 0.6810491681098938
1638452685963550427 0.6160697937011719 -1.6972732543945312 0.0 0.0 0.0 0.7097468376159668 0.7044568657875061
1638452686164161367 0.60894775390625 -1.6801605224609375 0.0 0.0 0.0 0.6957480311393738 0.7182859182357788
1638452686364822777 0.6093826293945312 -1.6496009826660156 0.0 0.0 0.0 0.6868240833282471 0.7268237471580505
1638452686568138656 0.6085929870605469 -1.6056861877441406 0.0 0.0 0.0 0.6798199415206909 0.733379065990448
1638452686966477730 0.6217460632324219 -1.5380630493164062 0.0 0.0 0.0 0.6694515347480774 0.7428557276725769
1638452687166875021 0.6166152954101562 -1.50592041015625 0.0 0.0 0.0 0.6721053719520569 0.7404555082321167
1638452687367438982 0.6266059875488281 -1.4764366149902344 0.0 0.0 0.0 0.6842857599258423 0.7292139530181885
1638452687568033463 0.62738037109375 -1.4322242736816406 0.0 0.0 0.0 0.6987210512161255 0.7153941988945007
1638452687768723571 0.6375541687011719 -1.3974990844726562 0.0 0.0 0.0 0.712404727935791 0.7017688751220703
1638452687969556911 0.6290512084960938 -1.3690071105957031 0.0 0.0 0.0 0.7280193567276001 0.6855565309524536
1638452688170151445 0.6368026733398438 -1.3213424682617188 0.0 0.0 0.0 0.7410475015640259 0.6714526414871216
1638452688370879106 0.6352348327636719 -1.2834434509277344 0.0 0.0 0.0 0.7555100321769714 0.6551371216773987
1638452688571350981 0.6292228698730469 -1.2361068725585938 0.0 0.0 0.0 0.765982449054718 0.6428614854812622
1638452688772034475 0.6261100769042969 -1.2166595458984375 0.0 0.0 0.0 0.7741609811782837 0.6329887509346008
1638452688972765625 0.6175422668457031 -1.1695022583007812 0.0 0.0 0.0 0.7827494740486145 0.6223369836807251
1638452689173448389 0.612701416015625 -1.1212539672851562 0.0 0.0 0.0 0.7896878123283386 0.6135088801383972
1638452689374271781 0.60272216796875 -1.0930213928222656 0.0 0.0 0.0 0.7964698672294617 0.604678213596344
1638452689574849231 0.5996513366699219 -1.0603256225585938 0.0 0.0 0.0 0.8000648021697998 0.5999135375022888
1638452689775436681 0.5839309692382812 -1.0249557495117188 0.0 0.0 0.0 0.8076102137565613 0.5897166728973389
1638452689976106528 0.5727005004882812 -0.9846382141113281 0.0 0.0 0.0 0.8134879469871521 0.5815817713737488
1638452690176729083 0.5611343383789062 -0.9494705200195312 0.0 0.0 0.0 0.8192916512489319 0.5733769536018372
1638452690377454036 0.5527877807617188 -0.9211654663085938 0.0 0.0 0.0 0.8236122727394104 0.56715327501297
1638452690578072112 0.5347404479980469 -0.891632080078125 0.0 0.0 0.0 0.8297154307365417 0.5581865906715393
1638452690778854982 0.5247879028320312 -0.840789794921875 0.0 0.0 0.0 0.8347315788269043 0.5506570339202881
1638452690979513318 0.5104484558105469 -0.7882156372070312 0.0 0.0 0.0 0.8403102159500122 0.5421057939529419
1638452691180038476 0.49382781982421875 -0.7662734985351562 0.0 0.0 0.0 0.8452336192131042 0.5343969464302063
1638452691380734105 0.4797859191894531 -0.7360038757324219 0.0 0.0 0.0 0.8503369688987732 0.5262385606765747
1638452691581335358 0.46543121337890625 -0.7056808471679688 0.0 0.0 0.0 0.854730486869812 0.5190719962120056
1638452691781979788 0.449737548828125 -0.6651344299316406 0.0 0.0 0.0 0.859449565410614 0.5112205743789673
1638452691982772398 0.43634033203125 -0.6488800048828125 0.0 0.0 0.0 0.8659573793411255 0.5001177787780762
1638452692183292243 0.4165840148925781 -0.6150360107421875 0.0 0.0 0.0 0.8685311079025269 0.49563461542129517
1638452692384062508 0.3986396789550781 -0.5762786865234375 0.0 0.0 0.0 0.8739497065544128 0.4860163629055023
1638452692584830535 0.38137054443359375 -0.5467147827148438 0.0 0.0 0.0 0.8794849514961243 0.4759266972541809
1638452692785277930 0.36446380615234375 -0.5235443115234375 0.0 0.0 0.0 0.8817890286445618 0.47164401412010193
1638452692986041165 0.338623046875 -0.4853858947753906 0.0 0.0 0.0 0.8882840871810913 0.4592944085597992
1638452693186491790 0.3191337585449219 -0.44985198974609375 0.0 0.0 0.0 0.8929031491279602 0.4502487778663635
1638452693387005333 0.301513671875 -0.42132568359375 0.0 0.0 0.0 0.8968223929405212 0.4423907697200775
1638452693587617419 0.28033447265625 -0.391082763671875 0.0 0.0 0.0 0.897493302822113 0.44102802872657776
1638452693788235599 0.25833892822265625 -0.3572540283203125 0.0 0.0 0.0 0.8979472517967224 0.44010308384895325
1638452693988833518 0.23738479614257812 -0.32318115234375 0.0 0.0 0.0 0.8976496458053589 0.44070979952812195
1638452694189340134 0.20955657958984375 -0.29506683349609375 0.0 0.0 0.0 0.897638738155365 0.4407319724559784
1638452694389866697 0.18925094604492188 -0.263671875 0.0 0.0 0.0 0.8968567252159119 0.44232118129730225
1638452694590456752 0.16498565673828125 -0.2335205078125 0.0 0.0 0.0 0.8948049545288086 0.4464572072029114
1638452694791043056 0.14339065551757812 -0.20874786376953125 0.0 0.0 0.0 0.88901686668396 0.45787444710731506
1638452694991789884 0.11893463134765625 -0.17484664916992188 0.0 0.0 0.0 0.8859029412269592 0.463870644569397
1638452695192549941 0.100006103515625 -0.139617919921875 0.0 0.0 0.0 0.8804908394813538 0.4740631878376007
1638452695393189215 0.0789794921875 -0.10699462890625 0.0 0.0 0.0 0.8686785697937012 0.4953761696815491
1638452695593664841 0.05168914794921875 -0.060546875 0.0 0.0 0.0 0.855294406414032 0.5181423425674438
1638452695794141769 0.03516387939453125 -0.0675506591796875 0.0 0.0 0.0 0.8456515669822693 0.5337353944778442
1638452695994961983 0.049144744873046875 -0.059234619140625 0.0 0.0 0.0 0.8455367684364319 0.533917248249054
1638452696195676935 0.044361114501953125 -0.04784393310546875 0.0 0.0 0.0 0.8379333019256592 0.5457726120948792
1638452696396322720 0.03337860107421875 -0.04859161376953125 0.0 0.0 0.0 0.8260074853897095 0.5636591911315918
1638452696596988348 0.03220367431640625 -0.05194854736328125 0.0 0.0 0.0 0.8069499731063843 0.5906197428703308
1638452696797845855 0.025951385498046875 -0.04888153076171875 0.0 0.0 0.0 0.7802596688270569 0.6254557371139526
1638452697001127358 0.01837921142578125 -0.04764556884765625 0.0 0.0 0.0 0.7423613667488098 0.6699997186660767
1638452697399986493 0.054180145263671875 -0.02764129638671875 0.0 0.0 0.0 0.6906289458274841 0.7232092618942261
1638452697600681132 0.030437469482421875 -0.02619171142578125 0.0 0.0 0.0 0.6383841037750244 0.7697179913520813
1638452697801258218 0.01642608642578125 -0.021739959716796875 0.0 0.0 0.0 0.5846827626228333 0.8112620115280151
1638452698001707228 -0.00012969970703125 -0.02496337890625 0.0 0.0 0.0 0.5269545912742615 0.8498934507369995
1638452698202495307 -0.00322723388671875 -0.01111602783203125 0.0 0.0 0.0 0.4694261848926544 0.8829717040061951
1638452698403138331 -0.002685546875 -0.00846099853515625 0.0 0.0 0.0 0.4102526009082794 0.911971926689148
1638452698603773022 -0.021747589111328125 -0.0102996826171875 0.0 0.0 0.0 0.34752753376960754 0.9376697540283203
1638452698807147183 -0.00946807861328125 -0.00141143798828125 0.0 0.0 0.0 0.285654217004776 0.9583327770233154
1638452699205606571 0.029621124267578125 0.084808349609375 0.0 0.0 0.0 0.24247939884662628 0.9701565504074097
1638452699406187563 0.035846710205078125 0.09949874877929688 0.0 0.0 0.0 0.18044909834861755 0.9835843443870544
1638452699606533239 0.024211883544921875 0.120819091796875 0.0 0.0 0.0 0.12817323207855225 0.9917517900466919
1638452699807076938 -0.01268768310546875 0.12853240966796875 0.0 0.0 0.0 0.11896049231290817 0.9928990006446838
1638452700007663191 -0.00875091552734375 0.13454055786132812 0.0 0.0 0.0 0.12019504606723785 0.9927502870559692
1638452700208207515 -0.050167083740234375 0.17469406127929688 0.0 0.0 0.0 0.10206257551908493 0.9947779774665833
1638452700408764705 -0.025356292724609375 0.13935089111328125 0.0 0.0 0.0 0.11037226766347885 0.9938903450965881
1638452700609478563 -0.028774261474609375 0.1846923828125 0.0 0.0 0.0 0.10077798366546631 0.9949089288711548
1638452700810219089 -0.02637481689453125 0.19037628173828125 0.0 0.0 0.0 0.1013292670249939 0.9948529601097107
1638452701010984823 -0.043682098388671875 0.18680572509765625 0.0 0.0 0.0 0.10354304313659668 0.9946249723434448
1638452701211761078 -0.050807952880859375 0.166412353515625 0.0 0.0 0.0 0.10541918873786926 0.9944278597831726
1638452701412319049 -0.04004669189453125 0.17423248291015625 0.0 0.0 0.0 0.10050465911626816 0.9949365854263306
1638452701612810821 -0.0252532958984375 0.172576904296875 0.0 0.0 0.0 0.09386906027793884 0.9955845475196838
1638452701813347229 -0.019931793212890625 0.18621063232421875 0.0 0.0 0.0 0.09445048123598099 0.9955295324325562
1638452702014057597 -0.02883148193359375 0.18563079833984375 0.0 0.0 0.0 0.09674660116434097 0.995309054851532
1638452702214666090 -0.031360626220703125 0.18068313598632812 0.0 0.0 0.0 0.09574836492538452 0.9954055547714233
1638452702415167341 -0.026142120361328125 0.18187713623046875 0.0 0.0 0.0 0.09437386691570282 0.9955368041992188
1638452702615812604 -0.032199859619140625 0.18231201171875 0.0 0.0 0.0 0.0953865498304367 0.9954403042793274
1638452702816387659 -0.0201263427734375 0.185516357421875 0.0 0.0 0.0 0.09402228891849518 0.9955700635910034
