1638452625434391975 4.495751427385786e-12 3.891563515878715e-09 0.0 0.0 0.0 0.0002568978816270828 0.9999999403953552
1638452625599391937 4.957723467868824e-12 4.617358051461906e-09 0.0 0.0 0.0 0.00027113035321235657 0.9999999403953552
1638452625766391993 -2.53106773016043e-05 -9.232896225341847e-09 0.0 0.0 0.0 0.0002718307077884674 0.9999999403953552
1638452625902391911 -2.53106773016043e-05 -7.403064383737501e-09 0.0 0.0 0.0 0.00028894655406475067 0.9999999403953552
163845262667392111 -2.5310675482614897e-05 -9.12149289433728e-09 0.0 0.0 0.0 0.00020255520939826965 1.0
1638452626201391935 -2.5310675482614897e-05 -9.12149289433728e-09 0.0 0.0 0.0 0.0002824366092681885 0.9999999403953552
1638452626366391897 0.00010124273831024766 5.75675045411117e-08 0.0 0.0 0.0 0.00017328374087810516 1.0
1638452626569391966 0.0018983010668307543 -9.330216812486469e-07 0.0 0.0 0.0 -0.0006142611964605749 0.9999998211860657
1638452626702392101 0.0034675628412514925 -2.4729065444262233e-06 0.0 0.0 0.0 -0.0004076957702636719 0.9999999403953552
1638452626837392092 0.006074562203139067 -4.7372564040415455e-06 0.0 0.0 0.0 -0.000541413202881813 0.9999998807907104
163845262711873960 0.009390260092914104 -7.465582257282222e-06 0.0 0.0 0.0 -0.00046141628990881145 0.9999998807907104
1638452627145874023 0.01194663718342781 -1.0138566722162068e-05 0.0 0.0 0.0 -0.00031100213527679443 0.9999999403953552
1638452627310873985 0.015616685152053833 -1.3297660188982263e-05 0.0 0.0 0.0 -0.0005158595740795135 0.9999998807907104
1638452627514873981 0.02151407301425934 -1.911725485115312e-05 0.0 0.0 0.0 -0.00045910660992376506 0.9999998807907104
1638452627716873884 0.027538016438484192 -2.4386235963902436e-05 0.0 0.0 0.0 -0.0005986373289488256 0.9999998211860657
1638452627852874041 0.032650772482156754 -2.9845297831343487e-05 0.0 0.0 0.0 -0.0007732081576250494 0.9999997019767761
1638452627985873938 0.037940699607133865 -3.5506240237737074e-05 0.0 0.0 0.0 -0.0003983825445175171 0.9999999403953552
163845262885874081 0.041914474219083786 -3.966411532019265e-05 0.0 0.0 0.0 -0.000591454969253391 0.9999998211860657
1638452628252873898 0.04920394346117973 -4.86425451526884e-05 0.0 0.0 0.0 -0.0005706175579689443 0.9999998211860657
1638452628419873953 0.05753115564584732 -5.824651088914834e-05 0.0 0.0 0.0 -0.0006283446564339101 0.9999998211860657
1638452628555873871 0.06423848122358322 -6.575336010428146e-05 0.0 0.0 0.0 -0.00045662742923013866 0.9999998807907104
1638452628691874027 0.07162919640541077 -7.10598033037968e-05 0.0 0.0 0.0 -0.00029854848980903625 0.9999999403953552
1638452628856873989 0.08129788190126419 -7.903027290012687e-05 0.0 0.0 0.0 -0.0006530936225317419 0.9999997615814209
1638452628989873886 0.08985288441181183 -9.167865209747106e-05 0.0 0.0 0.0 -0.000653006078209728 0.9999997615814209
163845262989874029 0.09671207517385483 -0.00010353965626563877 0.0 0.0 0.0 -0.0009581649792380631 0.9999995231628418
1638452629255873919 0.10855747014284134 -0.00012435131066013128 0.0 0.0 0.0 -0.001044474309310317 0.999999463558197
1638452629390873909 0.11906138807535172 -0.00014465092681348324 0.0 0.0 0.0 -0.001017173519358039 0.999999463558197
1638452629556114912 0.13252663612365723 -0.00017545110313221812 0.0 0.0 0.0 -0.0012695580953732133 0.9999991655349731
1638452629689115047 0.144245445728302 -0.00020408525597304106 0.0 0.0 0.0 -0.0012881007278338075 0.9999991655349731
1638452629856115103 0.15912805497646332 -0.00024816044606268406 0.0 0.0 0.0 -0.0015313768526539207 0.9999988079071045
1638452629988115072 0.17087215185165405 -0.00028757238760590553 0.0 0.0 0.0 -0.0018411081982776523 0.9999983310699463
1638452630156115055 0.18583066761493683 -0.00034466409124433994 0.0 0.0 0.0 -0.001957111759111285 0.9999980926513672
1638452630290115118 0.19780251383781433 -0.00039401385583914816 0.0 0.0 0.0 -0.0020844866521656513 0.9999978542327881
1638452630459115028 0.21301409602165222 -0.00045733520528301597 0.0 0.0 0.0 -0.0023120602127164602 0.9999973177909851
1638452630591114998 0.22483406960964203 -0.000510437588673085 0.0 0.0 0.0 -0.0021704642567783594 0.999997615814209
1638452630759114981 0.24019750952720642 -0.000577275175601244 0.0 0.0 0.0 -0.0022957881446927786 0.9999973773956299
1638452630893115044 0.25330832600593567 -0.0006358798127621412 0.0 0.0 0.0 -0.002329855924472213 0.9999972581863403
163845263160115099 0.27003851532936096 -0.0007124573457986116 0.0 0.0 0.0 -0.0022515878081321716 0.9999974370002747
1638452631193114996 0.2834024131298065 -0.0007739647408016026 0.0 0.0 0.0 -0.0022416990250349045 0.9999974966049194
1638452631361114979 0.2999807298183441 -0.0008480477845296264 0.0 0.0 0.0 -0.002185123274102807 0.999997615814209
1638452631494115114 0.31329402327537537 -0.0009068295476026833 0.0 0.0 0.0 -0.0022440440952777863 0.9999974966049194
1638452631661114931 0.3297458291053772 -0.000975139788351953 0.0 0.0 0.0 -0.0020374529995024204 0.9999979138374329
1638452631860115051 0.3500955104827881 -0.0010505479294806719 0.0 0.0 0.0 -0.0019285890739411116 0.999998152256012
163845263212164116 0.3681166172027588 -0.0011205299524590373 0.0 0.0 0.0 -0.001828468288294971 0.9999983310699463
1638452632214164019 0.39013671875 -0.001201294711790979 0.0 0.0 0.0 -0.0025840355083346367 0.9999966621398926
1638452632414164066 0.41220566630363464 -0.001475884928368032 0.0 0.0 0.0 -0.010717954486608505 0.9999425411224365
1638452632613164186 0.43396151065826416 -0.0021670416463166475 0.0 0.0 0.0 -0.02075609378516674 0.9997845888137817
1638452632818164110 0.45650845766067505 -0.003327922197058797 0.0 0.0 0.0 -0.030650919303297997 0.9995301365852356
163845263317163992 0.47839292883872986 -0.00493885762989521 0.0 0.0 0.0 -0.04443800076842308 0.9990121722221375
1638452633186164141 0.49686199426651 -0.006937544792890549 0.0 0.0 0.0 -0.06409288197755814 0.9979439377784729
1638452633353164196 0.5149232745170593 -0.009709598496556282 0.0 0.0 0.0 -0.08741556853055954 0.9961719512939453
1638452633486164093 0.5291038155555725 -0.012495581060647964 0.0 0.0 0.0 -0.10636776685714722 0.9943268299102783
1638452633654164076 0.5470365881919861 -0.016832586377859116 0.0 0.0 0.0 -0.1307142972946167 0.9914200901985168
1638452633790163994 0.5613332986831665 -0.020964574068784714 0.0 0.0 0.0 -0.14993707835674286 0.9886955618858337
1638452633957164049 0.5785832405090332 -0.026758160442113876 0.0 0.0 0.0 -0.1726578027009964 0.984981894493103
1638452634156164169 0.5988350510597229 -0.03473031148314476 0.0 0.0 0.0 -0.2006383091211319 0.9796653985977173
1638452634289164066 0.6121572256088257 -0.04071235656738281 0.0 0.0 0.0 -0.21760332584381104 0.9760372638702393
1638452634457054853 0.6286169290542603 -0.048765629529953 0.0 0.0 0.0 -0.23254984617233276 0.9725844860076904
1638452634656054974 0.6479114890098572 -0.058840975165367126 0.0 0.0 0.0 -0.2428017556667328 0.9700759053230286
1638452634857054949 0.6672324538230896 -0.0691382959485054 0.0 0.0 0.0 -0.23920820653438568 0.9709683060646057
1638452634990054846 0.6803025007247925 -0.07587776333093643 0.0 0.0 0.0 -0.23149769008159637 0.9728354811668396
1638452635158054829 0.6969309449195862 -0.08393096923828125 0.0 0.0 0.0 -0.21451540291309357 0.9767206311225891
1638452635357054949 0.7170771360397339 -0.0925590917468071 0.0 0.0 0.0 -0.18570171296596527 0.9826061725616455
1638452635558054924 0.7379351854324341 -0.09983331710100174 0.0 0.0 0.0 -0.14508475363254547 0.9894192218780518
1638452635690054893 0.7518326640129089 -0.10350309312343597 0.0 0.0 0.0 -0.11179657280445099 0.9937311410903931
1638452635859055042 0.7699239253997803 -0.10667868703603745 0.0 0.0 0.0 -0.061015330255031586 0.9981368184089661
1638452635996054888 0.7847825884819031 -0.10783066600561142 0.0 0.0 0.0 -0.016002709046006203 0.9998719692230225
1638452636198055029 0.8074289560317993 -0.10701018571853638 0.0 0.0 0.0 0.05173010751605034 0.9986611008644104
1638452636397054911 0.830825686454773 -0.10293798893690109 0.0 0.0 0.0 0.11970870941877365 0.9928090572357178
1638452636565054893 0.8508883714675903 -0.09674540907144547 0.0 0.0 0.0 0.17762592434883118 0.9840980768203735
1638452636696054935 0.8671035170555115 -0.08987458795309067 0.0 0.0 0.0 0.22085143625736237 0.9753074645996094
1638452636831054926 0.8833941221237183 -0.08116889744997025 0.0 0.0 0.0 0.26426321268081665 0.9644505977630615
163845263713938904 0.9042034149169922 -0.06727470457553864 0.0 0.0 0.0 0.3143903613090515 0.9492937922477722
1638452637148938894 0.9189856648445129 -0.05549134686589241 0.0 0.0 0.0 0.3448222875595093 0.9386679530143738
1638452637315938950 0.9363122582435608 -0.03967743739485741 0.0 0.0 0.0 0.3774620294570923 0.9260250329971313
1638452637514938831 0.9555836319923401 -0.01941569522023201 0.0 0.0 0.0 0.40908586978912354 0.9124959111213684
1638452637695939064 0.9718795418739319 -0.00021728017600253224 0.0 0.0 0.0 0.4297533631324768 0.9029462933540344
1638452637864938974 0.9864101409912109 0.018203914165496826 0.0 0.0 0.0 0.4420146644115448 0.8970078229904175
163845263863938856 1.0030289888381958 0.040288295596838 0.0 0.0 0.0 0.44995927810668945 0.8930490612983704
1638452638232939005 1.0169466733932495 0.0591777004301548 0.0 0.0 0.0 0.4510384202003479 0.8925045132637024
1638452638397938967 1.0307668447494507 0.07772967964410782 0.0 0.0 0.0 0.4449951946735382 0.8955329656600952
1638452638563938856 1.0450758934020996 0.09613144397735596 0.0 0.0 0.0 0.4321117103099823 0.9018200635910034
1638452638765938997 1.063255786895752 0.11754662543535233 0.0 0.0 0.0 0.4065362513065338 0.9136346578598022
1638452638899939060 1.0761849880218506 0.13123546540737152 0.0 0.0 0.0 0.3842209279537201 0.9232411980628967
1638452639100939035 1.096699595451355 0.15038414299488068 0.0 0.0 0.0 0.3487861156463623 0.9372023344039917
1638452639233938932 1.111057162284851 0.16217108070850372 0.0 0.0 0.0 0.3249809741973877 0.9457205533981323
1638452639400938988 1.1298189163208008 0.17587164044380188 0.0 0.0 0.0 0.2954091429710388 0.9553708434104919
1638452639567461967 1.1496394872665405 0.1885148584842682 0.0 0.0 0.0 0.2646578848361969 0.9643423557281494
1638452639733462095 1.1698849201202393 0.1996474415063858 0.0 0.0 0.0 0.23169609904289246 0.9727882146835327
1638452639899461985 1.1909101009368896 0.20928360521793365 0.0 0.0 0.0 0.1937265843153 0.9810555577278137
163845264066462040 1.212882399559021 0.2172752320766449 0.0 0.0 0.0 0.15244007110595703 0.9883127212524414
1638452640200462103 1.2309588193893433 0.2223576307296753 0.0 0.0 0.0 0.12053310871124268 0.9927092790603638
1638452640366461992 1.2534456253051758 0.22694993019104004 0.0 0.0 0.0 0.08076955378055573 0.9967328310012817
1638452640568461895 1.2814775705337524 0.23011848330497742 0.0 0.0 0.0 0.031745798885822296 0.9994959831237793
1638452640735461950 1.304801344871521 0.23067691922187805 0.0 0.0 0.0 -0.008832518942654133 0.9999610185623169
1638452640901462078 1.3280678987503052 0.22933624684810638 0.0 0.0 0.0 -0.04867148399353027 0.9988148212432861
163845264148461914 1.3484580516815186 0.22659629583358765 0.0 0.0 0.0 -0.0842725858092308 0.9964427351951599
1638452641264461994 1.3779808282852173 0.21996623277664185 0.0 0.0 0.0 -0.13590431213378906 0.9907219409942627
1638452641463461876 1.4054663181304932 0.21081100404262543 0.0 0.0 0.0 -0.18309392035007477 0.9830954074859619
1638452641631462097 1.428378701210022 0.20087283849716187 0.0 0.0 0.0 -0.2231736183166504 0.9747787117958069
1638452641797461987 1.4502729177474976 0.18917527794837952 0.0 0.0 0.0 -0.2624775469303131 0.9649381041526794
1638452641965461969 1.47140371799469 0.17553316056728363 0.0 0.0 0.0 -0.30286499857902527 0.953033447265625
1638452642116126060 1.48737370967865 0.16346441209316254 0.0 0.0 0.0 -0.33316972851753235 0.942866861820221
1638452642251126051 1.5026737451553345 0.1502450555562973 0.0 0.0 0.0 -0.3643399775028229 0.9312660098075867
1638452642416126013 1.5200788974761963 0.1328306943178177 0.0 0.0 0.0 -0.4011477828025818 0.9160133600234985
1638452642581125975 1.536010980606079 0.11412577331066132 0.0 0.0 0.0 -0.4372132420539856 0.8993578553199768
1638452642749125957 1.550552248954773 0.0939764603972435 0.0 0.0 0.0 -0.47350776195526123 0.8807896375656128
1638452642953125954 1.5661933422088623 0.06768734753131866 0.0 0.0 0.0 -0.5134682655334473 0.8581085801124573
1638452643152125835 1.5793073177337646 0.04083263874053955 0.0 0.0 0.0 -0.5441684126853943 0.8389760255813599
1638452643320126057 1.5889567136764526 0.01781926490366459 0.0 0.0 0.0 -0.5622499585151672 0.8269673585891724
1638452643487125874 1.5978237390518188 -0.005724167451262474 0.0 0.0 0.0 -0.5754774212837219 0.8178176879882812
1638452643652125835 1.6058744192123413 -0.029078219085931778 0.0 0.0 0.0 -0.5846359729766846 0.811295747756958
1638452643787125826 1.6121472120285034 -0.04825062304735184 0.0 0.0 0.0 -0.5893566608428955 0.8078729510307312
1638452643953125954 1.6195807456970215 -0.07199441641569138 0.0 0.0 0.0 -0.5952238440513611 0.8035598993301392
1638452644118125916 1.6266316175460815 -0.09577539563179016 0.0 0.0 0.0 -0.6014664769172668 0.7988980412483215
1638452644319125891 1.6347848176956177 -0.12500694394111633 0.0 0.0 0.0 -0.6064499020576477 0.7951217293739319
1638452644453125954 1.6403530836105347 -0.14531591534614563 0.0 0.0 0.0 -0.6064214706420898 0.7951433658599854
1638452644580981016 1.6462074518203735 -0.16662248969078064 0.0 0.0 0.0 -0.6063869595527649 0.7951697111129761
1638452644760980844 1.654267430305481 -0.19601131975650787 0.0 0.0 0.0 -0.6065185070037842 0.7950693368911743
1638452644892981052 1.6601569652557373 -0.2175181806087494 0.0 0.0 0.0 -0.6066253185272217 0.7949878573417664
163845264558980942 1.667621374130249 -0.24481329321861267 0.0 0.0 0.0 -0.6066048741340637 0.7950034737586975
1638452645192981005 1.673691749572754 -0.2667691707611084 0.0 0.0 0.0 -0.6042479872703552 0.7967963218688965
1638452645362981081 1.6816436052322388 -0.2944003641605377 0.0 0.0 0.0 -0.5983967185020447 0.8011999726295471
1638452645496980906 1.6881839036941528 -0.31608861684799194 0.0 0.0 0.0 -0.5939272046089172 0.8045187592506409
1638452645666980982 1.696793794631958 -0.34336280822753906 0.0 0.0 0.0 -0.5883135199546814 0.8086329102516174
1638452645831980944 1.705641746520996 -0.36968040466308594 0.0 0.0 0.0 -0.5778824687004089 0.8161200284957886
1638452645998980999 1.7155719995498657 -0.3963388204574585 0.0 0.0 0.0 -0.5634483098983765 0.8261513113975525
1638452646164980888 1.7263953685760498 -0.4226473867893219 0.0 0.0 0.0 -0.5493989586830139 0.8355602025985718
1638452646297981024 1.735628604888916 -0.44327718019485474 0.0 0.0 0.0 -0.538232684135437 0.842796266078949
1638452646431980848 1.7454391717910767 -0.4636949300765991 0.0 0.0 0.0 -0.5267167687416077 0.850040853023529
1638452646600980997 1.7585910558700562 -0.4890912175178528 0.0 0.0 0.0 -0.512427031993866 0.8587307333946228
1638452646765980959 1.772188663482666 -0.5133853554725647 0.0 0.0 0.0 -0.4989143908023834 0.8666512966156006
1638452646898980856 1.7837597131729126 -0.5327712893486023 0.0 0.0 0.0 -0.48831555247306824 0.872667133808136
163845264741790009 1.796015739440918 -0.5522120594978333 0.0 0.0 0.0 -0.4775996804237366 0.8785775899887085
1638452647208790064 1.8119044303894043 -0.5758704543113708 0.0 0.0 0.0 -0.46261537075042725 0.8865590691566467
1638452647342790127 1.8251208066940308 -0.5942988395690918 0.0 0.0 0.0 -0.45062118768692017 0.8927152752876282
1638452647509789944 1.84233820438385 -0.6168816685676575 0.0 0.0 0.0 -0.4374205768108368 0.8992570638656616
1638452647709789991 1.8634847402572632 -0.64320307970047 0.0 0.0 0.0 -0.42759206891059875 0.903971791267395
1638452647845790148 1.8780819177627563 -0.6607568860054016 0.0 0.0 0.0 -0.421736478805542 0.9067184329032898
163845264811790037 1.8962069749832153 -0.6821237802505493 0.0 0.0 0.0 -0.4195214509963989 0.9077454209327698
1638452648143790007 1.9107764959335327 -0.6993043422698975 0.0 0.0 0.0 -0.42133283615112305 0.9069060683250427
1638452648310790062 1.9290119409561157 -0.7212392091751099 0.0 0.0 0.0 -0.42879199981689453 0.9034032225608826
1638452648512789965 1.9502145051956177 -0.7480648159980774 0.0 0.0 0.0 -0.444587767124176 0.8957353234291077
1638452648643790007 1.9634073972702026 -0.7660720944404602 0.0 0.0 0.0 -0.46051278710365295 0.8876530528068542
1638452648811789989 1.9791462421417236 -0.7897668480873108 0.0 0.0 0.0 -0.4850996434688568 0.874458909034729
1638452648945790052 1.9905569553375244 -0.8091863393783569 0.0 0.0 0.0 -0.5094855427742004 0.8604792356491089
1638452649110790014 2.003095865249634 -0.8342638611793518 0.0 0.0 0.0 -0.5421789884567261 0.8402630090713501
1638452649243790150 2.0114846229553223 -0.8545103669166565 0.0 0.0 0.0 -0.5693936347961426 0.8220650553703308
1638452649408790112 2.019840955734253 -0.8798636794090271 0.0 0.0 0.0 -0.603493869304657 0.7973676323890686
1638452649545409918 2.0250136852264404 -0.9008987545967102 0.0 0.0 0.0 -0.6303982138633728 0.7762719392776489
1638452649713409901 2.0294041633605957 -0.9274868369102478 0.0 0.0 0.0 -0.6628167033195496 0.7487817406654358
1638452649845409870 2.0312633514404297 -0.9487640261650085 0.0 0.0 0.0 -0.6881434321403503 0.7255746722221375
163845265011409998 2.031529188156128 -0.9757359027862549 0.0 0.0 0.0 -0.7188789248466492 0.6951352953910828
1638452650143409967 2.0300819873809814 -0.9970957636833191 0.0 0.0 0.0 -0.7418815493583679 0.6705309152603149
1638452650309409857 2.0262503623962402 -1.0235912799835205 0.0 0.0 0.0 -0.769493043422699 0.6386551856994629
1638452650441410065 2.0215747356414795 -1.0445351600646973 0.0 0.0 0.0 -0.7910029888153076 0.6118122935295105
1638452650609410048 2.013575792312622 -1.070586085319519 0.0 0.0 0.0 -0.8168694972991943 0.5768225789070129
1638452650752409935 2.0050108432769775 -1.0920982360839844 0.0 0.0 0.0 -0.8381911516189575 0.5453765392303467
1638452650894409895 1.9948800802230835 -1.112862229347229 0.0 0.0 0.0 -0.8581230640411377 0.5134440660476685
163845265159409857 1.980901837348938 -1.1365803480148315 0.0 0.0 0.0 -0.8780642151832581 0.47854283452033997
1638452651193409920 1.9680771827697754 -1.155157446861267 0.0 0.0 0.0 -0.8923203349113464 0.4514026641845703
1638452651360409975 1.9505481719970703 -1.1773978471755981 0.0 0.0 0.0 -0.9065109491348267 0.4221823811531067
1638452651493409872 1.9356606006622314 -1.1943013668060303 0.0 0.0 0.0 -0.9155027270317078 0.4023118317127228
1638452651660409927 1.9161266088485718 -1.2146316766738892 0.0 0.0 0.0 -0.9239845275878906 0.38242989778518677
1638452651793410063 1.8999319076538086 -1.2303980588912964 0.0 0.0 0.0 -0.9285967350006104 0.37109047174453735
1638452651987747908 1.8743817806243896 -1.2543253898620605 0.0 0.0 0.0 -0.9303751587867737 0.3666088879108429
1638452652153747797 1.8538930416107178 -1.2735483646392822 0.0 0.0 0.0 -0.9288503527641296 0.37045520544052124
1638452652319747925 1.833600401878357 -1.293160319328308 0.0 0.0 0.0 -0.9248213768005371 0.38040170073509216
1638452652454747915 1.8175616264343262 -1.3094422817230225 0.0 0.0 0.0 -0.9198258519172668 0.39232689142227173
1638452652587747812 1.8020896911621094 -1.3260223865509033 0.0 0.0 0.0 -0.9144464135169983 0.4047069549560547
1638452652755747795 1.7834748029708862 -1.3471988439559937 0.0 0.0 0.0 -0.907795250415802 0.41941362619400024
1638452652954747915 1.7620950937271118 -1.3732643127441406 0.0 0.0 0.0 -0.9000881314277649 0.43570786714553833
163845265389747906 1.7480862140655518 -1.3914505243301392 0.0 0.0 0.0 -0.8943642973899841 0.44733935594558716
1638452653257747889 1.7311851978302002 -1.4148352146148682 0.0 0.0 0.0 -0.8864403367042542 0.4628428518772125
1638452653391747952 1.718367338180542 -1.4337269067764282 0.0 0.0 0.0 -0.8806390166282654 0.4737878739833832
1638452653558747768 1.7032086849212646 -1.4575002193450928 0.0 0.0 0.0 -0.8730970621109009 0.4875463843345642
1638452653760747910 1.6859022378921509 -1.4868429899215698 0.0 0.0 0.0 -0.8637457489967346 0.5039278864860535
1638452653892747879 1.6751675605773926 -1.5064160823822021 0.0 0.0 0.0 -0.8573723435401917 0.5146966576576233
163845265457747841 1.6624373197555542 -1.5312609672546387 0.0 0.0 0.0 -0.8489929437637329 0.5284042358398438
1638452654189747810 1.652736783027649 -1.551619291305542 0.0 0.0 0.0 -0.842176079750061 0.5392026305198669
1638452654355747938 1.6413296461105347 -1.5775141716003418 0.0 0.0 0.0 -0.832983672618866 0.5532976388931274
1638452654542758942 1.6287868022918701 -1.6090781688690186 0.0 0.0 0.0 -0.8219047784805298 0.5696249008178711
1638452654709758997 1.619261622428894 -1.6357498168945312 0.0 0.0 0.0 -0.8126809597015381 0.5827088952064514
1638452654911758900 1.608931064605713 -1.6682120561599731 0.0 0.0 0.0 -0.8015682697296143 0.5979032516479492
1638452655113759041 1.5998404026031494 -1.70112144947052 0.0 0.0 0.0 -0.789770781993866 0.6134020686149597
1638452655247758865 1.5944573879241943 -1.7233593463897705 0.0 0.0 0.0 -0.7819978594779968 0.6232811212539673
1638452655412758827 1.588598370552063 -1.75101637840271 0.0 0.0 0.0 -0.7718355655670166 0.6358222365379333
1638452655544759035 1.584607481956482 -1.7729802131652832 0.0 0.0 0.0 -0.7635283470153809 0.6457743048667908
1638452655712759018 1.5803498029708862 -1.8010053634643555 0.0 0.0 0.0 -0.753009557723999 0.6580095887184143
1638452655880759001 1.5770127773284912 -1.8292570114135742 0.0 0.0 0.0 -0.7420786619186401 0.6703128218650818
163845265648758984 1.5745714902877808 -1.8574985265731812 0.0 0.0 0.0 -0.731890082359314 0.6814227104187012
1638452656182758808 1.573238492012024 -1.880365252494812 0.0 0.0 0.0 -0.7231981754302979 0.6906405687332153
1638452656383759022 1.5723212957382202 -1.914646863937378 0.0 0.0 0.0 -0.7096514701843262 0.704552948474884
1638452656550758839 1.5725581645965576 -1.9428155422210693 0.0 0.0 0.0 -0.6984282732009888 0.7156800627708435
1638452656683758974 1.5734038352966309 -1.9654521942138672 0.0 0.0 0.0 -0.6893124580383301 0.7244641780853271
1638452656849758863 1.5752358436584473 -1.993511438369751 0.0 0.0 0.0 -0.6779661774635315 0.7350930571556091
1638452656982758999 1.577308177947998 -2.01578950881958 0.0 0.0 0.0 -0.6687946915626526 0.7434471249580383
1638452657161978006 1.5806879997253418 -2.0437557697296143 0.0 0.0 0.0 -0.6578184366226196 0.7531765699386597
1638452657294977903 1.5840158462524414 -2.0661368370056152 0.0 0.0 0.0 -0.648464560508728 0.7612448334693909
1638452657495977879 1.590150237083435 -2.099980354309082 0.0 0.0 0.0 -0.6335244178771973 0.7737227082252502
1638452657661978006 1.5961418151855469 -2.127479314804077 0.0 0.0 0.0 -0.6210331916809082 0.7837842702865601
1638452657795977831 1.601603388786316 -2.1495158672332764 0.0 0.0 0.0 -0.6113170981407166 0.7913857698440552
1638452657963977814 1.6091618537902832 -2.176731586456299 0.0 0.0 0.0 -0.5985527634620667 0.8010833859443665
163845265896977949 1.6157459020614624 -2.1981148719787598 0.0 0.0 0.0 -0.5892366170883179 0.8079605102539062
1638452658261977911 1.6247470378875732 -2.2247276306152344 0.0 0.0 0.0 -0.5767185688018799 0.8169429302215576
1638452658395977974 1.6326985359191895 -2.2461817264556885 0.0 0.0 0.0 -0.5657945275306702 0.8245462775230408
1638452658561977863 1.6433391571044922 -2.2724828720092773 0.0 0.0 0.0 -0.5519932508468628 0.8338485360145569
1638452658762977839 1.6571714878082275 -2.30344820022583 0.0 0.0 0.0 -0.5358839631080627 0.844291627407074
1638452658961977959 1.6721733808517456 -2.3337512016296387 0.0 0.0 0.0 -0.5192087888717651 0.8546474575996399
163845265995977783 1.6827911138534546 -2.3535890579223633 0.0 0.0 0.0 -0.5083345770835876 0.8611596822738647
1638452659262977839 1.6968785524368286 -2.378187894821167 0.0 0.0 0.0 -0.4945334196090698 0.8691586256027222
1638452659395977974 1.7086946964263916 -2.39748477935791 0.0 0.0 0.0 -0.4832121729850769 0.8755033016204834
1638452659584989071 1.7276350259780884 -2.426164388656616 0.0 0.0 0.0 -0.4646661877632141 0.8854859471321106
1638452659752989054 1.744330883026123 -2.4494786262512207 0.0 0.0 0.0 -0.44967395067214966 0.8931927680969238
1638452659919988871 1.7615370750427246 -2.47194242477417 0.0 0.0 0.0 -0.4360691010951996 0.8999131917953491
163845266086988926 1.779144525527954 -2.493769645690918 0.0 0.0 0.0 -0.42805105447769165 0.9037545323371887
1638452660252989054 1.7968902587890625 -2.5153543949127197 0.0 0.0 0.0 -0.4271444082260132 0.9041833877563477
1638452660456989050 1.8188449144363403 -2.5421946048736572 0.0 0.0 0.0 -0.4314291179180145 0.9021468162536621
1638452660590988874 1.8330758810043335 -2.5601112842559814 0.0 0.0 0.0 -0.4384204149246216 0.8987700343132019
1638452660758989096 1.8502277135849 -2.582775115966797 0.0 0.0 0.0 -0.4533362090587616 0.8913396000862122
1638452660960988998 1.8696990013122559 -2.6111860275268555 0.0 0.0 0.0 -0.4791770577430725 0.8777182698249817
1638452661165988922 1.8873436450958252 -2.6409101486206055 0.0 0.0 0.0 -0.5113788843154907 0.8593553900718689
1638452661365988970 1.9021278619766235 -2.671252727508545 0.0 0.0 0.0 -0.5501375794410706 0.8350740671157837
1638452661565989017 1.9138983488082886 -2.702777624130249 0.0 0.0 0.0 -0.5897954106330872 0.807552695274353
1638452661701988935 1.9201768636703491 -2.725039005279541 0.0 0.0 0.0 -0.6167212128639221 0.7871816754341125
1638452661903989077 1.9264895915985107 -2.757781505584717 0.0 0.0 0.0 -0.6565824747085571 0.7542542219161987
163845266281943035 1.929031491279602 -2.7850661277770996 0.0 0.0 0.0 -0.6895444989204407 0.7242433428764343
1638452662251943111 1.929202914237976 -2.812544822692871 0.0 0.0 0.0 -0.7201969623565674 0.693769633769989
1638452662385942936 1.927653431892395 -2.8342018127441406 0.0 0.0 0.0 -0.7434234023094177 0.6688210964202881
1638452662552942991 1.9237117767333984 -2.8605780601501465 0.0 0.0 0.0 -0.7719994187355042 0.6356232166290283
1638452662686943054 1.9189667701721191 -2.8807783126831055 0.0 0.0 0.0 -0.7952274084091187 0.6063113212585449
1638452662855942965 1.9109833240509033 -2.905186891555786 0.0 0.0 0.0 -0.8235571980476379 0.5672332644462585
1638452662990942955 1.903060793876648 -2.9235949516296387 0.0 0.0 0.0 -0.8463771939277649 0.5325839519500732
1638452663192943096 1.8885470628738403 -2.94956111907959 0.0 0.0 0.0 -0.8777007460594177 0.47920912504196167
1638452663360943079 1.8741575479507446 -2.9695961475372314 0.0 0.0 0.0 -0.9014415144920349 0.43290087580680847
1638452663494943142 1.8611338138580322 -2.984527111053467 0.0 0.0 0.0 -0.918571949005127 0.3952538073062897
1638452663661942959 1.8433473110198975 -3.001471757888794 0.0 0.0 0.0 -0.9376528263092041 0.34757325053215027
1638452663830943108 1.8237096071243286 -3.016648769378662 0.0 0.0 0.0 -0.9544162154197693 0.29847902059555054
1638452663998943090 1.8026535511016846 -3.0296430587768555 0.0 0.0 0.0 -0.9688767194747925 0.24754378199577332
1638452664164942980 1.7805966138839722 -3.0402259826660156 0.0 0.0 0.0 -0.9805114269256592 0.1964619755744934
1638452664365942955 1.7527552843093872 -3.0498852729797363 0.0 0.0 0.0 -0.990669310092926 0.1362876296043396
1638452664573442936 1.7235407829284668 -3.0561234951019287 0.0 0.0 0.0 -0.997340738773346 0.07287932932376862
1638452664739443064 1.6993165016174316 -3.0584864616394043 0.0 0.0 0.0 -0.9997212886810303 0.02360859327018261
1638452664906443119 1.6849939823150635 -3.0580270290374756 0.0 0.0 0.0 0.9996498227119446 0.02646275982260704
163845266540442944 1.6654943227767944 -3.0561985969543457 0.0 0.0 0.0 0.9977151155471802 0.06756121665239334
1638452665207442999 1.6412101984024048 -3.051589012145996 0.0 0.0 0.0 0.9928755760192871 0.11915566027164459
1638452665407443047 1.6122618913650513 -3.042623996734619 0.0 0.0 0.0 0.9839281439781189 0.17856501042842865
1638452665609442949 1.5842170715332031 -3.0301108360290527 0.0 0.0 0.0 0.971501886844635 0.2370317578315735
1638452665746443033 1.5655685663223267 -3.019444227218628 0.0 0.0 0.0 0.9613397121429443 0.27536511421203613
1638452665912443161 1.5438053607940674 -3.0044283866882324 0.0 0.0 0.0 0.9478744268417358 0.31864410638809204
163845266645443058 1.526934266090393 -2.990680694580078 0.0 0.0 0.0 0.936275839805603 0.35126563906669617
1638452666211442947 1.5065734386444092 -2.9714057445526123 0.0 0.0 0.0 0.9218934178352356 0.3874436318874359
1638452666415442944 1.4828598499298096 -2.9448184967041016 0.0 0.0 0.0 0.9036353826522827 0.428302526473999
1638452666583443165 1.4644416570663452 -2.9208319187164307 0.0 0.0 0.0 0.8904798030853271 0.45502275228500366
1638452666786442995 1.4439780712127686 -2.890768051147461 0.0 0.0 0.0 0.878210186958313 0.478274941444397
1638452666956443071 1.427968144416809 -2.8651676177978516 0.0 0.0 0.0 0.871525228023529 0.4903506338596344
1638452667116651058 1.4125876426696777 -2.8393595218658447 0.0 0.0 0.0 0.8677538633346558 0.4969941973686218
1638452667288650990 1.397040605545044 -2.8127384185791016 0.0 0.0 0.0 0.8672479391098022 0.49787652492523193
1638452667457651138 1.3815988302230835 -2.78658390045166 0.0 0.0 0.0 0.8701976537704468 0.49270275235176086
1638452667591650963 1.3688931465148926 -2.7658729553222656 0.0 0.0 0.0 0.8751614689826965 0.483830988407135
1638452667759651184 1.3523061275482178 -2.7406439781188965 0.0 0.0 0.0 0.885557234287262 0.46453022956848145
1638452667895651102 1.337982177734375 -2.72086238861084 0.0 0.0 0.0 0.8958833813667297 0.4442892372608185
163845266862651157 1.3191893100738525 -2.697721481323242 0.0 0.0 0.0 0.9101147651672363 0.4143563210964203
1638452668265650988 1.2950752973556519 -2.672398567199707 0.0 0.0 0.0 0.9281361103057861 0.37224099040031433
1638452668399651051 1.2783381938934326 -2.657402992248535 0.0 0.0 0.0 0.9397951364517212 0.3417382836341858
1638452668532651186 1.2613675594329834 -2.6441450119018555 0.0 0.0 0.0 0.9510881900787354 0.3089195787906647
1638452668700651169 1.2394026517868042 -2.6297006607055664 0.0 0.0 0.0 0.9646793007850647 0.26342716813087463
1638452668833651066 1.2217110395431519 -2.620123863220215 0.0 0.0 0.0 0.973941445350647 0.22679968178272247
16384526692650976 1.1981111764907837 -2.609934091567993 0.0 0.0 0.0 0.9839661717414856 0.17835505306720734
1638452669203651190 1.168973445892334 -2.60089373588562 0.0 0.0 0.0 0.9926345348358154 0.12114741653203964
1638452669335651159 1.1493768692016602 -2.5968170166015625 0.0 0.0 0.0 0.9965294003486633 0.08324118703603745
1638452669503651142 1.1241735219955444 -2.59385347366333 0.0 0.0 0.0 0.9994273781776428 0.03383701294660568
1638452669663998127 1.0985733270645142 -2.5933990478515625 0.0 0.0 0.0 0.9998659491539001 -0.01637163572013378
1638452669864998102 1.0780320167541504 -2.5957884788513184 0.0 0.0 0.0 -0.9971619844436646 0.07528573274612427
163845267030997992 1.0531870126724243 -2.6008317470550537 0.0 0.0 0.0 -0.992240309715271 0.12433474510908127
1638452670197998047 1.0289385318756104 -2.6082303524017334 0.0 0.0 0.0 -0.9852686524391174 0.17101365327835083
1638452670365998030 1.005515217781067 -2.6179277896881104 0.0 0.0 0.0 -0.9757883548736572 0.21871691942214966
1638452670533998013 0.9831182360649109 -2.629859447479248 0.0 0.0 0.0 -0.9639735817909241 0.26599806547164917
1638452670699998140 0.9618657827377319 -2.6440038681030273 0.0 0.0 0.0 -0.9501245021820068 0.3118707835674286
1638452670900998116 0.9373083114624023 -2.664247989654541 0.0 0.0 0.0 -0.9316598176956177 0.3633318245410919
1638452671100998163 0.9151551723480225 -2.6869566440582275 0.0 0.0 0.0 -0.9105546474456787 0.41338875889778137
1638452671298998117 0.8954014778137207 -2.7121047973632812 0.0 0.0 0.0 -0.8880863189697266 0.45967674255371094
1638452671463998079 0.8800483345985413 -2.735746145248413 0.0 0.0 0.0 -0.8698878288269043 0.4932495653629303
1638452671667998075 0.8631316423416138 -2.7671291828155518 0.0 0.0 0.0 -0.8476778864860535 0.5305112600326538
1638452671835998058 0.8506778478622437 -2.794827461242676 0.0 0.0 0.0 -0.8325330018997192 0.5539754629135132
16384526724998207 0.8396004438400269 -2.82315993309021 0.0 0.0 0.0 -0.8200996518135071 0.5722207427024841
1638452672219563007 0.827743411064148 -2.857248067855835 0.0 0.0 0.0 -0.8112442493438721 0.5847074389457703
1638452672421562910 0.816541314125061 -2.8916914463043213 0.0 0.0 0.0 -0.8077620267868042 0.5895087122917175
1638452672590563059 0.8072933554649353 -2.9204893112182617 0.0 0.0 0.0 -0.8090560436248779 0.5877314805984497
1638452672758563042 0.7977327704429626 -2.9488370418548584 0.0 0.0 0.0 -0.8162515759468079 0.5776966214179993
1638452672950562954 0.785496711730957 -2.9812517166137695 0.0 0.0 0.0 -0.8298426866531372 0.5579974055290222
163845267384563017 0.7759197950363159 -3.003387928009033 0.0 0.0 0.0 -0.8420150876045227 0.5394539833068848
1638452673252563000 0.7624363899230957 -3.030343770980835 0.0 0.0 0.0 -0.8589468002319336 0.5120648741722107
1638452673454562902 0.7444882988929749 -3.0603842735290527 0.0 0.0 0.0 -0.8806284666061401 0.4738074839115143
1638452673586562872 0.7317023277282715 -3.078462839126587 0.0 0.0 0.0 -0.8954973220825195 0.445066899061203
1638452673754562855 0.7139375805854797 -3.0999557971954346 0.0 0.0 0.0 -0.9136371612548828 0.40653055906295776
1638452673956562996 0.6910989880561829 -3.1227338314056396 0.0 0.0 0.0 -0.9342735409736633 0.356557160615921
1638452674123563051 0.6711490154266357 -3.1389048099517822 0.0 0.0 0.0 -0.950404167175293 0.31101757287979126
1638452674288563013 0.6503106951713562 -3.152712345123291 0.0 0.0 0.0 -0.9642708897590637 0.26491817831993103
1638452674455562830 0.6288456320762634 -3.1640219688415527 0.0 0.0 0.0 -0.9768077731132507 0.21411800384521484
1638452674610605001 0.6071401238441467 -3.17263126373291 0.0 0.0 0.0 -0.9870349764823914 0.160505473613739
1638452674749604940 0.5888707041740417 -3.177760124206543 0.0 0.0 0.0 -0.9936815500259399 0.11223622411489487
1638452674916604996 0.5674291849136353 -3.1812796592712402 0.0 0.0 0.0 -0.998751699924469 0.04995086044073105
1638452675117604971 0.5505481362342834 -3.1816065311431885 0.0 0.0 0.0 0.9996695518493652 0.02570544183254242
1638452675351604939 0.5219554305076599 -3.1774744987487793 0.0 0.0 0.0 0.9930399656295776 0.11777771264314651
1638452675554605007 0.4980792701244354 -3.169626474380493 0.0 0.0 0.0 0.9802995920181274 0.1975162923336029
1638452675730605125 0.47867077589035034 -3.1598098278045654 0.0 0.0 0.0 0.9637745022773743 0.26671838760375977
1638452675901605129 0.4611377418041229 -3.1476340293884277 0.0 0.0 0.0 0.9433431029319763 0.33181899785995483
1638452676103605032 0.44292622804641724 -3.1304612159729004 0.0 0.0 0.0 0.9137985706329346 0.4061676263809204
1638452676336605072 0.42559823393821716 -3.107220411300659 0.0 0.0 0.0 0.871989905834198 0.48952382802963257
1638452676504605055 0.416000097990036 -3.0888068675994873 0.0 0.0 0.0 0.8373415470123291 0.5466801524162292
1638452676639605045 0.4101092219352722 -3.0731828212738037 0.0 0.0 0.0 0.807185709476471 0.5902975797653198
1638452676805605173 0.4051517844200134 -3.053070068359375 0.0 0.0 0.0 0.7660672068595886 0.6427604556083679
16384526774605055 0.40269914269447327 -3.028207540512085 0.0 0.0 0.0 0.7147155404090881 0.6994152665138245
1638452677216852903 0.4040771424770355 -3.000903844833374 0.0 0.0 0.0 0.663117527961731 0.7485153079032898
1638452677349853039 0.4071391522884369 -2.9827656745910645 0.0 0.0 0.0 0.6277986764907837 0.7783758044242859
1638452677551852942 0.4152877926826477 -2.954528331756592 0.0 0.0 0.0 0.5748301148414612 0.8182727694511414
1638452677753853083 0.4272054135799408 -2.927079439163208 0.0 0.0 0.0 0.5232141613960266 0.8522012233734131
1638452677952852964 0.44286370277404785 -2.9002790451049805 0.0 0.0 0.0 0.4729069173336029 0.8811123967170715
163845267886853027 0.45543286204338074 -2.8826990127563477 0.0 0.0 0.0 0.4419921636581421 0.8970189094543457
1638452678255852938 0.4735855460166931 -2.8610007762908936 0.0 0.0 0.0 0.4055720269680023 0.9140630960464478
1638452678388853073 0.48979687690734863 -2.8441483974456787 0.0 0.0 0.0 0.3781108856201172 0.9257603287696838
1638452678546853065 0.5107924342155457 -2.8248448371887207 0.0 0.0 0.0 0.3487228751182556 0.937225878238678
1638452678712852955 0.5337589383125305 -2.806075096130371 0.0 0.0 0.0 0.32407885789871216 0.9460300803184509
1638452678913852930 0.562675416469574 -2.78469181060791 0.0 0.0 0.0 0.30394574999809265 0.9526893496513367
1638452679113852978 0.5920159816741943 -2.764331817626953 0.0 0.0 0.0 0.2946224510669708 0.9556137323379517
1638452679247853041 0.6118693351745605 -2.750856399536133 0.0 0.0 0.0 0.2933984100818634 0.9559902548789978
1638452679382853031 0.6318990588188171 -2.7371907234191895 0.0 0.0 0.0 0.29712769389152527 0.9548377394676208
1638452679548852921 0.6564885973930359 -2.7199294567108154 0.0 0.0 0.0 0.3065190613269806 0.9518645405769348
1638452679688086033 0.6770362257957458 -2.7046804428100586 0.0 0.0 0.0 0.32241958379745483 0.9465968608856201
1638452679854085922 0.7000410556793213 -2.686037540435791 0.0 0.0 0.0 0.34665822982788086 0.9379914999008179
163845268053086042 0.7259218692779541 -2.6621811389923096 0.0 0.0 0.0 0.3823027014732361 0.9240371584892273
1638452680223085880 0.7460050582885742 -2.6405651569366455 0.0 0.0 0.0 0.41702088713645935 0.9088969230651855
1638452680391085863 0.7642760872840881 -2.6176881790161133 0.0 0.0 0.0 0.45080170035362244 0.8926241397857666
1638452680559085846 0.7806224822998047 -2.5937652587890625 0.0 0.0 0.0 0.48336219787597656 0.8754204511642456
1638452680693085909 0.7923374176025391 -2.5738792419433594 0.0 0.0 0.0 0.5085656642913818 0.8610231876373291
1638452680863085985 0.805499792098999 -2.547726631164551 0.0 0.0 0.0 0.5404970049858093 0.8413459658622742
16384526811085997 0.814736545085907 -2.5258593559265137 0.0 0.0 0.0 0.5648705959320068 0.8251795172691345
1638452681204086065 0.8261024951934814 -2.492335319519043 0.0 0.0 0.0 0.6007850766181946 0.7994105815887451
1638452681406085968 0.8344034552574158 -2.4583139419555664 0.0 0.0 0.0 0.6340301036834717 0.7733083963394165
1638452681607085943 0.8397010564804077 -2.4240052700042725 0.0 0.0 0.0 0.6672097444534302 0.7448698878288269
1638452681742085934 0.8415765762329102 -2.4009506702423096 0.0 0.0 0.0 0.6885003447532654 0.7252359986305237
1638452681945086002 0.8418616056442261 -2.3659584522247314 0.0 0.0 0.0 0.7198293209075928 0.6941510438919067
1638452682140627861 0.8390807509422302 -2.331202268600464 0.0 0.0 0.0 0.7494186162948608 0.6620965003967285
1638452682305627823 0.8345515727996826 -2.30312180519104 0.0 0.0 0.0 0.7727144360542297 0.6347538232803345
1638452682506628036 0.8263307213783264 -2.2693674564361572 0.0 0.0 0.0 0.7997848391532898 0.6002867221832275
1638452682705627918 0.8151597380638123 -2.236149549484253 0.0 0.0 0.0 0.8233471512794495 0.5675380825996399
1638452682838628054 0.8062304854393005 -2.214235305786133 0.0 0.0 0.0 0.8362554311752319 0.5483400821685791
16384526834627943 0.7937045693397522 -2.1869571208953857 0.0 0.0 0.0 0.8465333580970764 0.5323356986045837
1638452683152627945 0.781777024269104 -2.1629536151885986 0.0 0.0 0.0 0.8530692458152771 0.5217977166175842
1638452683353627920 0.7650051116943359 -2.1309664249420166 0.0 0.0 0.0 0.8582651019096375 0.5132066011428833
1638452683552628040 0.7480831742286682 -2.099775552749634 0.0 0.0 0.0 0.8600465655326843 0.5102155208587646
1638452683686627865 0.7366236448287964 -2.078751802444458 0.0 0.0 0.0 0.8592637777328491 0.511532723903656
1638452683887627840 0.7197033762931824 -2.0470433235168457 0.0 0.0 0.0 0.8551913499832153 0.518312394618988
163845268454627895 0.7060878276824951 -2.020375967025757 0.0 0.0 0.0 0.8505328297615051 0.5259220004081726
1638452684188627958 0.6953480243682861 -1.9985237121582031 0.0 0.0 0.0 0.8472664952278137 0.5311680436134338
1638452684353627920 0.6825827360153198 -1.9716068506240845 0.0 0.0 0.0 0.842948853969574 0.5379937291145325
1638452684518627882 0.6703229546546936 -1.9445120096206665 0.0 0.0 0.0 0.8371681571006775 0.5469456315040588
1638452684687074900 0.6586657166481018 -1.916658878326416 0.0 0.0 0.0 0.8270657658576965 0.5621051788330078
1638452684888075113 0.6463897228240967 -1.8827767372131348 0.0 0.0 0.0 0.8104123473167419 0.5858599543571472
163845268590075016 0.6360921263694763 -1.8483471870422363 0.0 0.0 0.0 0.7932513952255249 0.6088942289352417
1638452685257075071 0.628940224647522 -1.8187792301177979 0.0 0.0 0.0 0.7784217000007629 0.6277417540550232
1638452685389075041 0.6241253018379211 -1.7943706512451172 0.0 0.0 0.0 0.7667070031166077 0.6419971585273743
1638452685555074930 0.6193025708198547 -1.7632073163986206 0.0 0.0 0.0 0.75160813331604 0.6596099138259888
1638452685689074993 0.6164310574531555 -1.737857460975647 0.0 0.0 0.0 0.7400020360946655 0.6726046204566956
1638452685857074976 0.6141316890716553 -1.706076979637146 0.0 0.0 0.0 0.7244756817817688 0.6893003582954407
1638452685991075039 0.6133177280426025 -1.6808818578720093 0.0 0.0 0.0 0.7127744555473328 0.7013933062553406
1638452686158075094 0.6132926940917969 -1.6490675210952759 0.0 0.0 0.0 0.7025829553604126 0.7116018533706665
1638452686357074976 0.6141906380653381 -1.6115938425064087 0.0 0.0 0.0 0.6949588060379028 0.7190495133399963
1638452686488075018 0.6151763796806335 -1.5868090391159058 0.0 0.0 0.0 0.6908614039421082 0.7229872345924377
1638452686655075073 0.6168320775032043 -1.555214285850525 0.0 0.0 0.0 0.6858674883842468 0.727726399898529
1638452686857074976 0.6193689703941345 -1.5169782638549805 0.0 0.0 0.0 0.6816074252128601 0.7317180633544922
163845268757075024 0.6220042705535889 -1.4789769649505615 0.0 0.0 0.0 0.6838982105255127 0.7295774221420288
1638452687258749008 0.6240708827972412 -1.4410933256149292 0.0 0.0 0.0 0.6924585103988647 0.7214577198028564
1638452687458749056 0.6249172687530518 -1.4035439491271973 0.0 0.0 0.0 0.7056176066398621 0.7085928320884705
1638452687694749117 0.6241381764411926 -1.3591086864471436 0.0 0.0 0.0 0.720893144607544 0.6930462121963501
1638452687862749100 0.622344434261322 -1.327142357826233 0.0 0.0 0.0 0.7323143482208252 0.6809667348861694
163845268860749054 0.6188012361526489 -1.2894972562789917 0.0 0.0 0.0 0.7463439702987671 0.6655604243278503
1638452688259749174 0.6137842535972595 -1.252326250076294 0.0 0.0 0.0 0.7593925595283508 0.6506326794624329
1638452688493749142 0.6059817671775818 -1.2087031602859497 0.0 0.0 0.0 0.7739089727401733 0.6332968473434448
1638452688693749189 0.5980088114738464 -1.1716365814208984 0.0 0.0 0.0 0.7815272212028503 0.6238711476325989
1638452688894749165 0.5891998410224915 -1.1346293687820435 0.0 0.0 0.0 0.7879676222801208 0.6157166957855225
163845268961748981 0.5812230110168457 -1.1038304567337036 0.0 0.0 0.0 0.7936510443687439 0.60837322473526
1638452689260749102 0.5711144208908081 -1.0677872896194458 0.0 0.0 0.0 0.8001011610031128 0.5998650789260864
1638452689393748999 0.5638856291770935 -1.0436103343963623 0.0 0.0 0.0 0.8038561940193176 0.5948236584663391
1638452689560749054 0.5544566512107849 -1.013675332069397 0.0 0.0 0.0 0.8086984157562256 0.5882235169410706
1638452689739817142 0.544330894947052 -0.9832743406295776 0.0 0.0 0.0 0.8135730624198914 0.5814626812934875
1638452689905817032 0.5338258743286133 -0.9534850120544434 0.0 0.0 0.0 0.8187981843948364 0.5740814805030823
163845269039817095 0.5250384211540222 -0.9297488927841187 0.0 0.0 0.0 0.8225486278533936 0.5686947703361511
1638452690206817150 0.5136021375656128 -0.9001957774162292 0.0 0.0 0.0 0.8271775245666504 0.5619407296180725
1638452690340816975 0.5041415095329285 -0.8767197728157043 0.0 0.0 0.0 0.8306381702423096 0.5568125247955322
1638452690507817030 0.49194610118865967 -0.8476088643074036 0.0 0.0 0.0 0.8346268534660339 0.550815761089325
1638452690640816927 0.4820055365562439 -0.8247178792953491 0.0 0.0 0.0 0.837797224521637 0.5459815263748169
1638452690806817055 0.4689711034297943 -0.7958062887191772 0.0 0.0 0.0 0.8420400619506836 0.5394149422645569
163845269116817093 0.45184525847435 -0.7595567107200623 0.0 0.0 0.0 0.8475512266159058 0.5307135581970215
1638452691184817076 0.4378557801246643 -0.7312925457954407 0.0 0.0 0.0 0.8517168164253235 0.5240023136138916
1638452691353816986 0.42320549488067627 -0.7028802037239075 0.0 0.0 0.0 0.8560358285903931 0.5169164538383484
1638452691486817122 0.4113394618034363 -0.6806381940841675 0.0 0.0 0.0 0.8591098785400391 0.5117912292480469
1638452691654817104 0.3960559070110321 -0.6528787612915039 0.0 0.0 0.0 0.8628421425819397 0.5054734945297241
1638452691819817066 0.380548357963562 -0.6257092356681824 0.0 0.0 0.0 0.8666582107543945 0.4989023506641388
1638452691985816956 0.364378958940506 -0.5983386039733887 0.0 0.0 0.0 0.8704004287719727 0.49234452843666077
1638452692158756018 0.3476279079914093 -0.5709336996078491 0.0 0.0 0.0 0.8742226958274841 0.4855251908302307
1638452692356755972 0.32752999663352966 -0.5392925143241882 0.0 0.0 0.0 0.8787029385566711 0.4773690104484558
1638452692490756035 0.3137660622596741 -0.5183538198471069 0.0 0.0 0.0 0.8815531134605408 0.47208482027053833
1638452692691756010 0.2924056947231293 -0.4869060814380646 0.0 0.0 0.0 0.8858988881111145 0.463878333568573
1638452692858756065 0.2740584909915924 -0.46094509959220886 0.0 0.0 0.0 0.8899520039558411 0.456054151058197
1638452692993756056 0.2588511109352112 -0.44014543294906616 0.0 0.0 0.0 0.8934556841850281 0.44915133714675903
1638452693193755865 0.23596638441085815 -0.4100431799888611 0.0 0.0 0.0 0.8982468843460083 0.4394912123680115
1638452693361755848 0.21612823009490967 -0.38491183519363403 0.0 0.0 0.0 0.901157796382904 0.43349114060401917
1638452693495755911 0.20029225945472717 -0.36516714096069336 0.0 0.0 0.0 0.9016964435577393 0.4323697090148926
1638452693661756039 0.18061567842960358 -0.34068337082862854 0.0 0.0 0.0 0.901854395866394 0.43204012513160706
1638452693798755884 0.16440913081169128 -0.3204896152019501 0.0 0.0 0.0 0.9015781283378601 0.43261629343032837
1638452693997756004 0.14070509374141693 -0.290929913520813 0.0 0.0 0.0 0.901548445224762 0.4326781928539276
1638452694197756052 0.11690688133239746 -0.2612186074256897 0.0 0.0 0.0 0.9015026688575745 0.43277353048324585
1638452694396755934 0.09325136989355087 -0.23158766329288483 0.0 0.0 0.0 0.9003630876541138 0.43513941764831543
1638452694564755917 0.07383289933204651 -0.2067061811685562 0.0 0.0 0.0 0.8967605233192444 0.44251617789268494
1638452694762102842 0.051215432584285736 -0.17659206688404083 0.0 0.0 0.0 0.8925546407699585 0.45093926787376404
1638452694963102818 0.02882956713438034 -0.1456781029701233 0.0 0.0 0.0 0.8886787295341492 0.4585304260253906
1638452695163102865 0.0071066017262637615 -0.11444925516843796 0.0 0.0 0.0 0.8833081126213074 0.4687928855419159
1638452695297102928 -0.00692982692271471 -0.09311488270759583 0.0 0.0 0.0 0.8768390417098999 0.48078399896621704
1638452695434103012 -0.02050498127937317 -0.07097839564085007 0.0 0.0 0.0 0.8681302666664124 0.4963364601135254
1638452695668102980 -0.03811749443411827 -0.038787927478551865 0.0 0.0 0.0 0.8494895100593567 0.5276054739952087
1638452695869102955 -0.038385942578315735 -0.03824301064014435 0.0 0.0 0.0 0.8488123416900635 0.5286942720413208
16384526961102924 -0.03848607465624809 -0.038038402795791626 0.0 0.0 0.0 0.8472285866737366 0.5312285423278809
1638452696235102892 -0.03846567124128342 -0.038084737956523895 0.0 0.0 0.0 0.8379246592521667 0.5457859635353088
1638452696400102854 -0.038475003093481064 -0.03806121647357941 0.0 0.0 0.0 0.825971245765686 0.5637122392654419
1638452696534102917 -0.03849209100008011 -0.03801357373595238 0.0 0.0 0.0 0.8124509453773499 0.583029568195343
1638452696700103045 -0.03851178288459778 -0.037940237671136856 0.0 0.0 0.0 0.7910750508308411 0.6117190718650818
1638452696899102926 -0.03850042447447777 -0.03798950836062431 0.0 0.0 0.0 0.7567829489707947 0.6536662578582764
1638452697157968044 -0.03848966583609581 -0.03814084082841873 0.0 0.0 0.0 0.6983734369277954 0.7157335877418518
1638452697291968107 -0.03849290683865547 -0.038216687738895416 0.0 0.0 0.0 0.66566401720047 0.7462515830993652
1638452697457967997 -0.038523267954587936 -0.03841681033372879 0.0 0.0 0.0 0.6228446960449219 0.7823454737663269
1638452697657968044 -0.03851451724767685 -0.038393113762140274 0.0 0.0 0.0 0.5671438574790955 0.8236187696456909
1638452697790967941 -0.038481034338474274 -0.03832484781742096 0.0 0.0 0.0 0.5296727418899536 0.848202109336853
1638452697995968103 -0.03843102604150772 -0.038236867636442184 0.0 0.0 0.0 0.4708518981933594 0.8822122812271118
1638452698194967985 -0.03838798776268959 -0.038174279034137726 0.0 0.0 0.0 0.41070556640625 0.9117680191993713
1638452698361968040 -0.03833574801683426 -0.03811917454004288 0.0 0.0 0.0 0.3592011630535126 0.9332601428031921
1638452698540967941 -0.038295816630125046 -0.03808813542127609 0.0 0.0 0.0 0.3024097681045532 0.9531780481338501
1638452698709968090 -0.038252491503953934 -0.03806198015809059 0.0 0.0 0.0 0.24743245542049408 0.9689051508903503
1638452698908967972 -0.03820682317018509 -0.038040295243263245 0.0 0.0 0.0 0.18110984563827515 0.9834628701210022
1638452699107968092 -0.038255032151937485 -0.03805564343929291 0.0 0.0 0.0 0.11432883143424988 0.993442952632904
1638452699308968067 -0.03842925652861595 -0.038086988031864166 0.0 0.0 0.0 0.04589841887354851 0.9989461302757263
1638452699508968115 -0.03868214413523674 -0.038089998066425323 0.0 0.0 0.0 -0.02223774790763855 0.9997527003288269
1638452699696592093 -0.03868212178349495 -0.03808961063623428 0.0 0.0 0.0 -0.03981243818998337 0.9992071986198425
1638452699863592148 -0.03868212178349495 -0.038089603185653687 0.0 0.0 0.0 -0.039854519069194794 0.999205470085144
163845270033591986 -0.03868212178349495 -0.03808959946036339 0.0 0.0 0.0 -0.039680205285549164 0.9992124438285828
1638452700204591990 -0.038631659001111984 -0.03809361904859543 0.0 0.0 0.0 -0.03969574719667435 0.9992117881774902
1638452700403592110 -0.03865689039230347 -0.038091614842414856 0.0 0.0 0.0 -0.03964971750974655 0.9992136359214783
1638452700569591999 -0.03868212178349495 -0.038089606910943985 0.0 0.0 0.0 -0.039738696068525314 0.9992101192474365
1638452700802592039 -0.03868212178349495 -0.038089606910943985 0.0 0.0 0.0 -0.0396898090839386 0.9992120265960693
16384527016592035 -0.03868211805820465 -0.03808961063623428 0.0 0.0 0.0 -0.03973763808608055 0.9992101192474365
1638452701206592083 -0.03868211805820465 -0.03808961436152458 0.0 0.0 0.0 -0.03968421369791031 0.9992122650146484
1638452701405592203 -0.038631655275821686 -0.03809363394975662 0.0 0.0 0.0 -0.03970379754900932 0.9992114901542664
1638452701605592012 -0.03865689039230347 -0.038091618567705154 0.0 0.0 0.0 -0.039699263870716095 0.9992116689682007
1638452701804592133 -0.03865689039230347 -0.038091614842414856 0.0 0.0 0.0 -0.03955160081386566 0.9992175102233887
1638452701938592196 -0.038631659001111984 -0.038093626499176025 0.0 0.0 0.0 -0.03971725329756737 0.9992109537124634
1638452702137821913 -0.03868212178349495 -0.03808961063623428 0.0 0.0 0.0 -0.03979594632983208 0.9992078542709351
1638452702403821945 -0.03868212178349495 -0.03808961436152458 0.0 0.0 0.0 -0.03955424204468727 0.9992174506187439
1638452702606822014 -0.045642968086487185 0.030586299982260277 0.044333201018858764 -0.003508278910848975 0.0075956562827276565 -0.0560929271521505 0.9983904968943681
1638452702808821917 -0.04564296796311626 0.030586303705424346 0.04433320099402644 -0.0035103218607410434 0.0075947123409984205 -0.05636147232877127 0.9983753716560032
