163845262424616957 -2.531068275857251e-05 -3.1891658203164752e-09 0.0 0.0 0.0 0.0002910848706960678 0.9999999403953552
1638452624157616854 -2.5310680939583108e-05 -7.574954885569696e-09 0.0 0.0 0.0 0.0003046095371246338 0.9999999403953552
1638452624258616924 -2.531068093957628e-05 -7.57495488556303e-09 0.0 0.0 0.0 0.0003060046583414078 0.9999999403953552
1638452624359616995 -2.531068093956923e-05 -7.574954885556143e-09 0.0 0.0 0.0 0.0002797916531562805 0.9999999403953552
1638452624466392040 3.5624784372467744e-12 2.481838068404637e-09 0.0 0.0 0.0 0.000306861475110054 0.9999999403953552
1638452624565392017 -2.5310679120579826e-05 -1.2854514785929131e-08 0.0 0.0 0.0 0.00025108829140663147 0.9999999403953552
1638452624664391994 4.647685448305738e-12 5.067058439636252e-10 0.0 0.0 0.0 0.0002768002450466156 0.9999999403953552
1638452624765392065 7.840646534806872e-12 -5.472247988067328e-09 0.0 0.0 0.0 1.987442374229431e-05 1.0
1638452624865391970 4.1818484439182235e-12 3.6695575467284936e-09 0.0 0.0 0.0 0.0003206096589565277 0.9999999403953552
1638452624969392061 4.1818484439182235e-12 3.6695575467284936e-09 0.0 0.0 0.0 0.0002866853028535843 0.9999999403953552
163845262535392046 -2.531068093956923e-05 -6.005833608200054e-09 0.0 0.0 0.0 0.00024792738258838654 0.9999999403953552
1638452625135391951 1.723094106634293e-12 6.262004692572328e-09 0.0 0.0 0.0 0.00023676268756389618 1.0
1638452625233585358 -1.344987078811498e-06 1.1212884594596976e-08 0.0 0.0 0.0 0.000499247580509568 0.9999998857549492
1638452625334392071 -2.5310679120579826e-05 -9.279192525455163e-09 0.0 0.0 0.0 0.0002634655684232712 0.9999999403953552
1638452625467391968 4.4957653051735935e-12 3.891563515892268e-09 0.0 0.0 0.0 0.0002778042107820511 0.9999999403953552
1638452625566391945 4.957737345656632e-12 4.617358051475459e-09 0.0 0.0 0.0 0.00021249987185001373 1.0
1638452625666392088 4.957737345656632e-12 4.617358051475459e-09 0.0 0.0 0.0 0.00024368241429328918 1.0
1638452625766391993 -2.5310677301590423e-05 -9.232896225328294e-09 0.0 0.0 0.0 0.0002718307077884674 0.9999999403953552
1638452625869391918 -2.5310677301590423e-05 -7.4030643837239484e-09 0.0 0.0 0.0 0.00026245974004268646 0.9999999403953552
1638452625968391895 5.3495523982816096e-12 6.555245235531312e-09 0.0 0.0 0.0 0.00034691765904426575 0.9999999403953552
1638452626100392103 -2.531067548260102e-05 -9.121492894323727e-09 0.0 0.0 0.0 0.00027899257838726044 0.9999999403953552
1638452626201391935 -2.531067548260102e-05 -9.121492894323727e-09 0.0 0.0 0.0 0.0002824366092681885 0.9999999403953552
1638452626300391912 2.5310686396565196e-05 2.395781528720354e-08 0.0 0.0 0.0 0.00032114796340465546 0.9999999403953552
1638452626401391983 0.0003037282440345873 6.532415142147775e-08 0.0 0.0 0.0 -0.0001349765807390213 1.0
1638452626502392054 0.001189602189697339 -2.610786680179309e-07 0.0 0.0 0.0 -0.0003333576023578644 0.9999999403953552
1638452626635391951 0.0025563787203282257 -1.6023428770495094e-06 0.0 0.0 0.0 -0.0005039907991886139 0.9999998807907104
1638452626735392094 0.0040243975818157335 -2.9469990749930595e-06 0.0 0.0 0.0 -0.00044370998512022197 0.9999998807907104
1638452626837392092 0.006074562203139081 -4.737256404041532e-06 0.0 0.0 0.0 -0.000541413202881813 0.9999998807907104
1638452626935298204 0.007999957891439244 -6.3201089687239804e-06 0.0 0.0 0.0 -0.00038569368022343145 0.9999999319510112
163845262744873953 0.010023026727139964 -8.206719030567897e-06 0.0 0.0 0.0 -0.0007098465575836599 0.9999997615814209
1638452627136606932 0.011772395858450989 -1.000076561272422e-05 0.0 0.0 0.0 -0.0003557112583880094 0.9999999273889268
1638452627244874001 0.013996802270412459 -1.195777076645753e-05 0.0 0.0 0.0 -0.0004568118310999125 0.9999998807907104
1638452627338660717 0.01633899471388339 -1.4066056509031165e-05 0.0 0.0 0.0 -0.0005399545112442758 0.9999998361242313
1638452627413873911 0.015740798991046648 -9.986267713676036e-05 0.0 0.0 0.0 -0.0014972118587657833 0.9999988617903489
1638452627547873974 0.019739873828253787 -0.00011064038965017647 0.0 0.0 0.0 -0.0012828067624048624 0.9999991801843752
1638452627650873899 0.02259997293701227 -0.00011829292695969914 0.0 0.0 0.0 -0.0013842854045117766 0.9999990263049335
1638452627752873898 0.026016903143896684 -0.0001280472197268001 0.0 0.0 0.0 -0.0013603504537766527 0.9999990485407652
1638452627852874041 0.029889421087335215 -0.0001394241165963731 0.0 0.0 0.0 -0.0017022181099672347 0.9999985521279529
1638452627952873945 0.03388848986106391 -0.0001514602532739603 0.0 0.0 0.0 -0.0013480589191144194 0.9999991195644061
163845262851873922 0.037761008945718745 -0.00016222294032779806 0.0 0.0 0.0 -0.0015196660363500979 0.9999988409301718
1638452628151874065 0.04186131920572365 -0.00017474503518423036 0.0 0.0 0.0 -0.0015504182944933607 0.9999988123609868
1638452628252873898 0.04644252856791043 -0.00018897745957624832 0.0 0.0 0.0 -0.0014996277084818226 0.9999988595459981
1638452628353873968 0.05140340411102627 -0.00020383446208583803 0.0 0.0 0.0 -0.0015342766185957523 0.9999988273567807
1638452628454874039 0.05651613605247334 -0.0002195512602669296 0.0 0.0 0.0 -0.001590614104094675 0.9999987154139685
1638452628555873871 0.06147700858663683 -0.00023402272171625253 0.0 0.0 0.0 -0.0013856376843065683 0.9999990250486507
1638452628658874035 0.06696940251245247 -0.0002486127569209025 0.0 0.0 0.0 -0.001115848691874429 0.9999993948949236
1638452628757874012 0.07274022558476338 -0.00026295038059490837 0.0 0.0 0.0 -0.0012484875403400762 0.9999992120673087
1638452628839157104 0.0774764424865563 -0.00027571702349525926 0.0 0.0 0.0 -0.0015443714112863339 0.9999987909882957
1638452628955873966 0.0849146118791845 -0.00030045262605691035 0.0 0.0 0.0 -0.0016739990481337741 0.9999985783437707
163845262956874037 0.09162190645812542 -0.0003233675523100394 0.0 0.0 0.0 -0.0018825032318349872 0.9999982058270865
1638452629155874014 0.09860761634966399 -0.0003494656016493183 0.0 0.0 0.0 -0.0017774129486117858 0.9999984226664529
1638452629255873919 0.10579581212976324 -0.00037496615327386936 0.0 0.0 0.0 -0.0019734839230995315 0.9999980617003564
1638452629357873917 0.1137180023630993 -0.00040488636223319274 0.0 0.0 0.0 -0.0018869213660147421 0.9999982017225915
1638452629455873966 0.12153894535160914 -0.0004354149227801677 0.0 0.0 0.0 -0.001996738982379042 0.9999979804914809
1638452629556114912 0.12976484179243936 -0.0004706010550820261 0.0 0.0 0.0 -0.0021985673351652074 0.9999975545720463
1638452629656115055 0.13862349728901935 -0.0005084488399875114 0.0 0.0 0.0 -0.00217437909106863 0.9999976366478609
1638452629756114960 0.1474821481945346 -0.0005487675649374542 0.0 0.0 0.0 -0.002509551835576788 0.9999968484313424
1638452629856115103 0.15636607963253416 -0.0005927362493817934 0.0 0.0 0.0 -0.0024603856472230927 0.9999969537119411
1638452629955115080 0.16525002277088574 -0.0006384276433677946 0.0 0.0 0.0 -0.002663703943696996 0.9999964668036619
163845263056114912 0.1742858000964315 -0.0006889130943664737 0.0 0.0 0.0 -0.002974967441809816 0.9999955815897547
1638452630156115055 0.1830684668733264 -0.0007388537249713276 0.0 0.0 0.0 -0.002886119705482765 0.9999958429442873
1638452630256114960 0.19207890592859383 -0.0007927043231517467 0.0 0.0 0.0 -0.002978066882000633 0.9999955787103407
1638452630389945269 0.1789885440843581 0.0008207750045096044 0.0 0.0 0.0 0.005287411474903505 0.9999860334809814
1638452630492115021 0.1881404344047941 0.0009161254355759681 0.0 0.0 0.0 0.005133312535705597 0.9999868191616521
1638452630624114990 0.19993458129268032 0.0010389953570536755 0.0 0.0 0.0 0.005257532528646609 0.9999861953071482
1638452630759114981 0.21231081806697116 0.0011688045799597708 0.0 0.0 0.0 0.0051254486644423305 0.999986877522566
1638452630860115051 0.22208020961135014 0.0012706551660244317 0.0 0.0 0.0 0.005127661425944169 0.9999868611007835
1638452630960114956 0.23207742258791672 0.0013733556568675872 0.0 0.0 0.0 0.0051943149989594675 0.9999864856507011
163845263160115099 0.24215054330638622 0.0014765368330250375 0.0 0.0 0.0 0.005169648226176737 0.9999866091063389
1638452631160115004 0.2521730307108848 0.0015792861977998731 0.0 0.0 0.0 0.005026031180811361 0.9999873769140776
1638452631262115002 0.2622461784102975 0.001682657668758403 0.0 0.0 0.0 0.005031095573507909 0.9999873393292067
1638452631361114979 0.2720914721441862 0.0017853629995675342 0.0 0.0 0.0 0.005236112256956221 0.999986294669211
1638452631461115122 0.28218989977291115 0.0018904206969237438 0.0 0.0 0.0 0.005326354393735416 0.9999858037653087
1638452631561115026 0.29200991647588653 0.001993252514165768 0.0 0.0 0.0 0.005351002307755348 0.9999856804496293
1638452631661114931 0.30185517915538046 0.0021000579251098557 0.0 0.0 0.0 0.005383780676784295 0.9999854967946122
1638452631761115074 0.3117510405731257 0.002211632455864247 0.0 0.0 0.0 0.005613871831556627 0.9999842660469996
1638452631860115051 0.3222037382576853 0.002326687600798791 0.0 0.0 0.0 0.005492643373862925 0.9999849273064179
1638452631945164204 0.3330360897235799 0.0024444257943712347 0.0 0.0 0.0 0.005541957851152244 0.9999846209303695
163845263245164108 0.3438683973975325 0.002565114209277977 0.0 0.0 0.0 0.005637923506029049 0.9999840875499648
1638452632148164034 0.355029660312268 0.002692448113974251 0.0 0.0 0.0 0.005764559190101059 0.9999833861613707
1638452632247164011 0.3658367416259227 0.0028018174835416987 0.0 0.0 0.0 0.003946547986309477 0.9999922290547028
1638452632347164154 0.37674552796276506 0.0028503886034849137 0.0 0.0 0.0 -2.3414723661191114e-05 0.9999999950375391
1638452632448163986 0.3878820486366488 0.0027932305343143114 0.0 0.0 0.0 -0.005110595021107675 0.9999869644684392
1638452632547164202 0.3987896344351123 0.0026275084258497853 0.0 0.0 0.0 -0.010273912135516462 0.9999471992618457
1638452632647164106 0.4097709499749736 0.0023499680183540397 0.0 0.0 0.0 -0.015104295734363378 0.9998859488180283
1638452632747164011 0.42085034031480484 0.0019650376320140663 0.0 0.0 0.0 -0.019856846717754287 0.9998028413032736
1638452632884164095 0.43596977159910405 0.0012641577390517505 0.0 0.0 0.0 -0.026798077774708412 0.9996408452204233
1638452632984164000 0.4469344653112817 0.0006004326053557375 0.0 0.0 0.0 -0.03414907309293698 0.9994167404902095
163845263384164143 0.4579614161856166 -0.00026162749508528175 0.0 0.0 0.0 -0.04431794397989272 0.9990175032592218
1638452633186164141 0.4690414306498428 -0.0013813559875940225 0.0 0.0 0.0 -0.056685182406953846 0.9983921026152422
1638452633287164211 0.47998590402341906 -0.002793238134067838 0.0 0.0 0.0 -0.07110329132567514 0.9974689296875059
1638452633386164188 0.49091110106820174 -0.004692979962148726 0.0 0.0 0.0 -0.08472755154636755 0.9964041641119135
1638452633486164093 0.5162951085335866 -0.022708887248305568 0.0 0.0 0.0 -0.10474327530026808 0.9944992673627127
1638452633588164091 0.5272015335129775 -0.025198551619033963 0.0 0.0 0.0 -0.11917708514475886 0.9928729879484114
1638452633723164082 0.5415141009790895 -0.0289886479203439 0.0 0.0 0.0 -0.13885148151074794 0.9903132169912285
1638452633857164145 0.5554283263246589 -0.03325240758456774 0.0 0.0 0.0 -0.15763855913184305 0.9874968882727149
1638452633957164049 0.5658208685289002 -0.03680972981973933 0.0 0.0 0.0 -0.1710484887389859 0.9852626369719231
163845263490164185 0.5793577099180692 -0.041941529526702215 0.0 0.0 0.0 -0.18933878480533317 0.9819117959998631
1638452634256164074 0.5961064341636654 -0.049119571516972944 0.0 0.0 0.0 -0.2120476193071306 0.9772593130976627
1638452634355164051 0.6060057161896788 -0.05376257434369478 0.0 0.0 0.0 -0.22263092011269955 0.9749027844348894
1638452634457054853 0.6159261934972712 -0.05865360985298667 0.0 0.0 0.0 -0.2309607049155368 0.9729630857142203
1638452634556054831 0.62563836303877 -0.06362116209476587 0.0 0.0 0.0 -0.23726380619485854 0.9714452366621339
1638452634656054974 0.635253568946099 -0.06866586193796895 0.0 0.0 0.0 -0.2412166987913534 0.9704712560747705
1638452634756054878 0.6448874320744717 -0.07378380002654619 0.0 0.0 0.0 -0.24143057290505882 0.9704180804212836
1638452634857054949 0.6546080743555946 -0.07890000171514724 0.0 0.0 0.0 -0.23762169661268048 0.9713577851411284
1638452634957054853 0.6644448137090108 -0.08395737396907663 0.0 0.0 0.0 -0.23239986958023431 0.9726203254080653
163845263592054844 0.6778423716292427 -0.0905527070705312 0.0 0.0 0.0 -0.2202590238394178 0.9754414318593249
1638452635188199282 0.687409364419343 -0.09497689192827799 0.0 0.0 0.0 -0.208957303498427 0.9779247443495208
1638452635291054964 0.6978807853255222 -0.09949187011168217 0.0 0.0 0.0 -0.19505761647348743 0.9807918076838446
1638452635390054941 0.7079101508586195 -0.10344943043645558 0.0 0.0 0.0 -0.17878174902104096 0.9838887450805646
1638452635523054838 0.7217071607356782 -0.10823241378561324 0.0 0.0 0.0 -0.15194118404971632 0.9883895196173933
1638452635657054901 0.7357458593793701 -0.11215510391246841 0.0 0.0 0.0 -0.11832111327378421 0.9929753614410134
1638452635758054972 0.7465867349947742 -0.11446726280167774 0.0 0.0 0.0 -0.09010788547217508 0.9959320385605168
1638452635859055042 0.7574216509351843 -0.1161046757293614 0.0 0.0 0.0 -0.05938467515079043 0.9982351622473229
1638452635963054895 0.7374660650669101 -0.09890054274370058 0.0 0.0 0.0 -0.04280775907939592 0.9990833524004311
163845263661054945 0.7482066212446636 -0.09946585746905476 0.0 0.0 0.0 -0.010079511984501695 0.9999492041706396
1638452636164054871 0.7597448187690329 -0.09928978478235084 0.0 0.0 0.0 0.024601830265112184 0.9996973329760326
1638452636265054941 0.7715466553292245 -0.098299261606581 0.0 0.0 0.0 0.05868551199242343 0.9982764911446373
1638452636397054911 0.7871732697079478 -0.09571255032555429 0.0 0.0 0.0 0.10418091960273602 0.994558361902765
1638452636496054888 0.7989846979126819 -0.09277093877658435 0.0 0.0 0.0 0.138217912547157 0.9904018550495548
1638452636663054943 0.8196732061201333 -0.0855641929513906 0.0 0.0 0.0 0.1942797868124884 0.9809461397265421
1638452636763054848 0.820265716979708 -0.07651567748902174 0.0 0.0 0.0 0.22519619257935597 0.9743134366557882
1638452636897054911 0.8365841220015482 -0.06764675088969799 0.0 0.0 0.0 0.26638177109842776 0.9638676088683013
163845263713938904 0.849907167446585 -0.0590752190793845 0.0 0.0 0.0 0.29713709926942816 0.9548348273507532
1638452637115938902 0.8614883189002374 -0.05064505439804566 0.0 0.0 0.0 0.3205827605329578 0.94722049862089
1638452637214938879 0.8723186189429594 -0.04198118160326443 0.0 0.0 0.0 0.3409287198897796 0.9400891455654775
1638452637348938942 0.8864383837296351 -0.029486523908254056 0.0 0.0 0.0 0.36684027508816053 0.930283966081433
1638452637448938847 0.8964417700364655 -0.019806401861234044 0.0 0.0 0.0 0.3829840661288638 0.923754927148129
1638452637564939022 0.9076803620681486 -0.008141314294712168 0.0 0.0 0.0 0.39914140780687996 0.9168893718680016
1638452637662938833 0.9442871141586174 -0.013929279562304487 0.0 0.0 0.0 0.4103524706262003 0.9119269970868841
1638452637765938997 0.9815382843751154 -0.019443513582050077 0.0 0.0 0.0 0.41969848737083154 0.9076635816564339
1638452637898938894 0.9933798410749659 -0.005227477879712294 0.0 0.0 0.0 0.4281762930360365 0.9036951957225556
1638452637997938871 1.002016664792839 0.005430769116169118 0.0 0.0 0.0 0.43274474233377097 0.9015165014984379
163845263896938848 1.0105977709166796 0.016198723747483098 0.0 0.0 0.0 0.4352886794957091 0.9002909372826534
1638452638199939013 1.019471152902156 0.027413301565863097 0.0 0.0 0.0 0.43592794155896125 0.8999815925455866
1638452638298938990 1.0280581024253963 0.03824142465816016 0.0 0.0 0.0 0.433995456308901 0.9009150353153476
1638452638397938967 1.0367676410381348 0.049068633704281495 0.0 0.0 0.0 0.4294112415401348 0.9031090750875364
1638452638496938944 1.0456576192984122 0.05984674266432656 0.0 0.0 0.0 0.422890200060989 0.9061809225224593
1638452638597939014 1.054829356651508 0.07055310909958928 0.0 0.0 0.0 0.4124799235244652 0.9109666838068362
1638452638696938992 1.0641139347251236 0.08085697124382074 0.0 0.0 0.0 0.4002415928588987 0.916409659834873
1638452638799938917 1.074048163559676 0.09124819742955165 0.0 0.0 0.0 0.3854546244189348 0.9227268157054114
1638452638899939060 1.0840124527651782 0.10096858180958061 0.0 0.0 0.0 0.36816599058632027 0.9297600952147947
163845263966938877 1.101589298119514 0.11646686936245959 0.0 0.0 0.0 0.3385647146114457 0.9409431171239516
1638452639166939020 1.1125039738933151 0.12514697636212402 0.0 0.0 0.0 0.32072325810570945 0.9471729420465043
1638452639299938917 1.1275011892756999 0.13602298473222527 0.0 0.0 0.0 0.29683408022222746 0.9549290482569373
1638452639400938988 1.1391607899578757 0.14371957351199965 0.0 0.0 0.0 0.27881081955911174 0.9603460506955473
1638452639499461889 1.151186232237116 0.1510275945220398 0.0 0.0 0.0 0.2602882931113505 0.96553096916718
1638452639600461960 1.1635283750656813 0.1578920781464088 0.0 0.0 0.0 0.24189217707844124 0.9703031080846705
1638452639700462103 1.175882081233292 0.1641405222502969 0.0 0.0 0.0 0.22188351943038154 0.9750731741535259
1638452639866461992 1.1971140379074006 0.1733767981181262 0.0 0.0 0.0 0.18435309983960252 0.9828600674468053
1638452639966461897 1.173078621487691 0.19723969548487333 0.0 0.0 0.0 0.20102328547717455 0.9795864487371099
163845264099462032 1.1904841224807803 0.20401008005368257 0.0 0.0 0.0 0.16838814537031843 0.9857207872315675
1638452640200462103 1.2038951805050278 0.20835307545975593 0.0 0.0 0.0 0.1439451613010666 0.9895856373079358
1638452640299462080 1.2171345992094504 0.2119417978656867 0.0 0.0 0.0 0.12014718886135659 0.9927561033858409
1638452640400461912 1.2308278723696497 0.21495505538183327 0.0 0.0 0.0 0.09591626351667104 0.9953894148092274
1638452640501461983 1.244777303631783 0.21731344784891796 0.0 0.0 0.0 0.07145401258787562 0.9974439026728925
1638452640601461887 1.2586234527099625 0.21897113158901646 0.0 0.0 0.0 0.047912887259168105 0.9988515003716198
1638452640701462030 1.2725835011634643 0.2199689554219217 0.0 0.0 0.0 0.023908297901360932 0.9997141383821085
1638452640801461935 1.2864743769652884 0.22028169088364333 0.0 0.0 0.0 -0.0011255001385225387 0.9999993929739633
1638452640935461998 1.3051903006045977 0.21963949041120842 0.0 0.0 0.0 -0.03328082480497277 0.9994460652723981
163845264148461914 1.3283280881022832 0.21739657115205607 0.0 0.0 0.0 -0.06162685829661417 0.9980992553742715
1638452641153461933 1.3631488321216607 0.21307116553738303 0.0 0.0 0.0 -0.08922263217132291 0.996011720523969
1638452641264461994 1.3783341058376644 0.209895442000972 0.0 0.0 0.0 -0.11590588906061329 0.9932601730186641
1638452641396461964 1.3965788168674265 0.20494651064160513 0.0 0.0 0.0 -0.14732454193979758 0.9890882249273864
1638452641497462034 1.41087373298774 0.20021156768696852 0.0 0.0 0.0 -0.1711672514485338 0.9852420152908172
1638452641597461939 1.4248949976347214 0.19478956653890078 0.0 0.0 0.0 -0.19573037654055042 0.980657728666841
1638452641764461994 1.4474373024392462 0.184335158096661 0.0 0.0 0.0 -0.23522366792740804 0.9719412416451305
1638452641898462057 1.4649261328996512 0.17459695113323442 0.0 0.0 0.0 -0.2674327175387954 0.9635765248098558
163845264215125990 1.477635454722524 0.16652038910933697 0.0 0.0 0.0 -0.29087710668190264 0.9567604044801208
1638452642116126060 1.4899155320279929 0.15784889005525699 0.0 0.0 0.0 -0.31409587788241533 0.9493912610807163
1638452642218126059 1.501991117938451 0.1483936660732088 0.0 0.0 0.0 -0.33770867949996564 0.9412506922142371
1638452642351125956 1.5164671026872967 0.1960060174358036 0.0 0.0 0.0 -0.3709714442452305 0.92864427462147
1638452642449126005 1.5268785346430191 0.18562248743099075 0.0 0.0 0.0 -0.393092079468085 0.9194991095573782
1638452642548125982 1.536783417617591 0.1747547129474361 0.0 0.0 0.0 -0.41495957185477844 0.909839830992142
1638452642648125887 1.5462209482195872 0.1633471360046393 0.0 0.0 0.0 -0.4365926105184351 0.8996593005783539
1638452642749125957 1.5551983337929252 0.15135200449784852 0.0 0.0 0.0 -0.45867891803631095 0.8886020686583411
1638452642852125883 1.5638929370618149 0.1384421275433244 0.0 0.0 0.0 -0.4802786097324153 0.8771159906764046
1638452642987125874 1.5742834635631442 0.12109535858875194 0.0 0.0 0.0 -0.5053310541539249 0.8629255613155474
1638452643119125843 1.5835326577041913 0.10362698586434556 0.0 0.0 0.0 -0.5255574765239605 0.8507580974667742
1638452643219125986 1.5899575329079458 0.09028731368567232 0.0 0.0 0.0 -0.53811198596223 0.8428733354317297
1638452643353126049 1.5981258155404263 0.07189861685521994 0.0 0.0 0.0 -0.5512278845075045 0.8343547593230523
1638452643454125881 1.605020406844102 0.04287199556699319 0.0 0.0 0.0 -0.564185910712673 0.8256477652068493
1638452643553125858 1.6115452455848067 -0.007886510613559997 0.0 0.0 0.0 -0.5834141225801273 0.8121748623002685
1638452643652125835 1.6161721152394084 -0.021925064905406817 0.0 0.0 0.0 -0.588300553245221 0.8086423624064492
1638452643753125906 1.6207845994858057 -0.03639400864730569 0.0 0.0 0.0 -0.5917769199623311 0.8061018150509882
1638452643853126049 1.6251899147393918 -0.050636198828219806 0.0 0.0 0.0 -0.5951530234969385 0.8036123857897788
1638452643953125954 1.6294895511097067 -0.06496352771243563 0.0 0.0 0.0 -0.5988533164792299 0.8008586902073109
163845264453125858 1.633668577910208 -0.07937919073918773 0.0 0.0 0.0 -0.6023902517438311 0.7982016981757303
1638452644151125908 1.6376532590290025 -0.09361334998181302 0.0 0.0 0.0 -0.606204892306822 0.7953085453936004
1638452644252125978 1.6415705442504562 -0.10812858009530696 0.0 0.0 0.0 -0.609657665588877 0.7926648684821956
1638452644353126049 1.6455197583307464 -0.12305448646014688 0.0 0.0 0.0 -0.6101831632859127 0.792260393887578
1638452644453125954 1.6495975851468356 -0.13846998453742104 0.0 0.0 0.0 -0.6100127493496597 0.7923915812006908
1638452644547981024 1.6538321117585082 -0.15444619385800124 0.0 0.0 0.0 -0.609670614233449 0.7926548558201919
1638452644658980846 1.6586065483029464 -0.1724788305330738 0.0 0.0 0.0 -0.6100499328424994 0.7923629812622913
1638452644760980844 1.6630526421427783 -0.18928921823405676 0.0 0.0 0.0 -0.6101094497872499 0.7923171139657216
1638452644858980894 1.6673061769752568 -0.20539129599913028 0.0 0.0 0.0 -0.6101651655573102 0.7922742441298105
1638452644958981037 1.6716023838958123 -0.22166536869846748 0.0 0.0 0.0 -0.6103972343631151 0.7920954512949769
163845264558980942 1.6759644520213832 -0.23821002766245647 0.0 0.0 0.0 -0.6101955180475028 0.7922508607545585
1638452645158980846 1.680302845605853 -0.2545252980571652 0.0 0.0 0.0 -0.6087377559716509 0.7933714784210003
1638452645259980917 1.6848122664600835 -0.2711090365913288 0.0 0.0 0.0 -0.6057076501719367 0.7956872618900498
1638452645362981081 1.6895374178219515 -0.2879219494625007 0.0 0.0 0.0 -0.6020154813858448 0.7984844325516759
1638452645463980913 1.69429818317923 -0.3043298862273369 0.0 0.0 0.0 -0.5988652569789542 0.8008498146063682
1638452645565980911 1.699240278195915 -0.32081632716654795 0.0 0.0 0.0 -0.5953791828670242 0.8034448850845757
1638452645666980982 1.7042439477122273 -0.3370194763497893 0.0 0.0 0.0 -0.5919660150476465 0.8059629137448431
1638452645765980959 1.7093093316074146 -0.35283165484371204 0.0 0.0 0.0 -0.5866210287787477 0.8098615572099599
1638452645865980864 1.7147510874518868 -0.36889273087833246 0.0 0.0 0.0 -0.5782455085345066 0.815862778084848
1638452645964981079 1.7205462336050055 -0.38488356878609037 0.0 0.0 0.0 -0.5698399341581124 0.8217557129772014
163845264698980904 1.7288110881102805 -0.40611034819516445 0.0 0.0 0.0 -0.5590216103374298 0.8291530929088645
1638452646198981047 1.7353644781740143 -0.42183307991087693 0.0 0.0 0.0 -0.5502955518489557 0.8349699313531291
1638452646363981009 1.7468451557799818 -0.4474182812501891 0.0 0.0 0.0 -0.5363472210972166 0.8439974306551694
1638452646497981071 1.752139961964095 -0.4531785970595121 0.0 0.0 0.0 -0.5264477498290373 0.8502074863483903
1638452646600980997 1.7412771429033067 -0.4103685802931882 0.0 0.0 0.0 -0.5233422114115249 0.8521225647460604
1638452646698981047 1.748956079463427 -0.4251753418120135 0.0 0.0 0.0 -0.5152483062876511 0.8570409229279636
1638452646798980951 1.7570354698243695 -0.4400561226744571 0.0 0.0 0.0 -0.5073158466754948 0.8617602116050413
1638452646898980856 1.765323032446058 -0.45467665158574 0.0 0.0 0.0 -0.49941051485265786 0.8663654788082152
16384526477790089 1.7741463672302646 -0.4696012252706651 0.0 0.0 0.0 -0.491459548366837 0.8709003930282071
1638452647108790159 1.7831567436753781 -0.48420574133063493 0.0 0.0 0.0 -0.48296140637139956 0.8756416236093982
1638452647208790064 1.7923588357283002 -0.4984799444821438 0.0 0.0 0.0 -0.4738896780717147 0.8805842023199948
1638452647308789968 1.801897088476489 -0.5126233271010234 0.0 0.0 0.0 -0.4652327759296251 0.8851883897940206
1638452647409790039 1.811645686180857 -0.5264680557090552 0.0 0.0 0.0 -0.45615026766643985 0.8899028016872379
1638452647509789944 1.8217362281409089 -0.5402543757691841 0.0 0.0 0.0 -0.44885895396069136 0.8936026339369919
1638452647585638523 1.8294379390880802 -0.5504976125841012 0.0 0.0 0.0 -0.4448592592611116 0.8956004766333359
1638452647709789991 1.842204242183983 -0.5671068070296978 0.0 0.0 0.0 -0.439091403262281 0.898442383452378
1638452647812790155 1.8528618426779622 -0.5806535431698734 0.0 0.0 0.0 -0.4346330012495984 0.9006076625589549
1638452647911790133 1.863320360251923 -0.5937120043384128 0.0 0.0 0.0 -0.43165505061786125 0.9020387364817107
163845264811790037 1.8739226932739648 -0.6068497993330171 0.0 0.0 0.0 -0.43106959160246094 0.9023186822105718
1638452648110790014 1.8845172366476524 -0.6199937752707814 0.0 0.0 0.0 -0.43231394095376957 0.9017231610092028
1638452648211790085 1.8952097251167923 -0.6333836962929069 0.0 0.0 0.0 -0.43532772980948203 0.9002720778597016
1638452648310790062 1.9057188798412916 -0.6467895676374433 0.0 0.0 0.0 -0.4402839818903231 0.8978585506254093
1638452648411790133 1.9160710075007505 -0.6603487191259854 0.0 0.0 0.0 -0.44674867280805997 0.89465949495478
1638452648512789965 1.9262300385806201 -0.6741474600804056 0.0 0.0 0.0 -0.4559806255194532 0.8899897311014306
1638452648611789942 1.9358609453729967 -0.6878891354523126 0.0 0.0 0.0 -0.46742397498866933 0.8840332731378031
1638452648811789989 1.954088255601329 -0.7165741571886796 0.0 0.0 0.0 -0.49621772962394006 0.8681981412619372
1638452648911790133 1.9623600572440898 -0.7312608838738035 0.0 0.0 0.0 -0.5134081169159593 0.8581445882609343
163845264911790037 1.970016321495267 -0.7463625635156528 0.0 0.0 0.0 -0.5329096676491227 0.8461721611635129
1638452649110790014 1.97689466220065 -0.7616677979726159 0.0 0.0 0.0 -0.5528561087547373 0.8332767265141686
1638452649210790157 1.9829363671484543 -0.7769960375647603 0.0 0.0 0.0 -0.5726789929239469 0.819779739612917
1638452649309790134 1.9808110323996337 -0.8642020870499211 0.0 0.0 0.0 -0.5677191729187004 0.8232222839288117
1638452649408790112 1.986085084938031 -0.8792486930641437 0.0 0.0 0.0 -0.5890051898293048 0.8081292457424121
1638452649512409925 1.9906823755382965 -0.8948852782118478 0.0 0.0 0.0 -0.6100055650485239 0.7923971125941109
1638452649613409996 1.9944561266297902 -0.910766797077723 0.0 0.0 0.0 -0.6299358862786965 0.7766471549966345
1638452649713409901 1.997360728652935 -0.9264957028034402 0.0 0.0 0.0 -0.6491952097638727 0.7606218883078485
1638452649812409878 1.9994588539125293 -0.9423012085559728 0.0 0.0 0.0 -0.6686073266966666 0.7436156235188549
1638452649911409855 2.000756459955785 -0.9584209574619276 0.0 0.0 0.0 -0.6874195815683802 0.7262605176455599
163845265011409998 2.0012256232057792 -0.9746366487682244 0.0 0.0 0.0 -0.7062164779489587 0.7079959560339947
1638452650110409975 2.0008553390605255 -0.990703008311296 0.0 0.0 0.0 -0.7243753573146633 0.68940576998527
1638452650210409880 1.9996584597763385 -1.0068305906594728 0.0 0.0 0.0 -0.7416569499329515 0.6707793605282499
1638452650309409857 1.9924534845925241 -1.0255369856996097 0.0 0.0 0.0 -0.7561226520080184 0.6544299238399051
1638452650407409906 1.9850328747054475 -1.0439605780718666 0.0 0.0 0.0 -0.7712698615302915 0.6365082983151226
1638452650508409977 1.9815177779058368 -1.0599013703665676 0.0 0.0 0.0 -0.7874846888857663 0.6163342268580426
1638452650609410048 1.977170697225762 -1.075661827455306 0.0 0.0 0.0 -0.8033484618428757 0.5955092879287958
1638452650752409935 1.9696069019143563 -1.0975460679717925 0.0 0.0 0.0 -0.8253897108983898 0.5645633722960222
1638452650857409954 1.9629867189288133 -1.113293915538149 0.0 0.0 0.0 -0.8403546073816559 0.542036994295121
1638452650960409880 1.9555478149404601 -1.128587774286031 0.0 0.0 0.0 -0.8544523577574097 0.519529811735446
163845265159409857 1.9475748559010002 -1.143092652883639 0.0 0.0 0.0 -0.8667936098505986 0.4986670716804155
1638452651159410000 1.9387178658834348 -1.1575228248602354 0.0 0.0 0.0 -0.8782902060675617 0.47812790181522513
1638452651259409904 1.9292302856067178 -1.1715467690982229 0.0 0.0 0.0 -0.8880367635026133 0.45977241207392266
1638452651360409975 1.943420793841812 -1.1683394460075474 0.0 0.0 0.0 -0.8994803364134388 0.4369613120895238
1638452651460409880 1.9327035878028702 -1.1814808689713288 0.0 0.0 0.0 -0.9067830245931076 0.4215975924090928
1638452651560410023 1.921688649119988 -1.1941734355435831 0.0 0.0 0.0 -0.9126675342456856 0.4087028558169716
1638452651660409927 1.9102362033029114 -1.2066798296709826 0.0 0.0 0.0 -0.9176021425250973 0.39750011569200455
1638452651760410070 1.898551207950705 -1.2188994722133772 0.0 0.0 0.0 -0.9213759648044126 0.38867256840639564
1638452651860409975 1.8865582473078226 -1.2310316333357878 0.0 0.0 0.0 -0.9238219467170139 0.38282236901121147
1638452651960409880 1.8745119520169606 -1.2430393498288235 0.0 0.0 0.0 -0.9243279927217684 0.3815989654780378
163845265253747892 1.8618731807355788 -1.2556357572872752 0.0 0.0 0.0 -0.9239933100870011 0.38240857097486547
1638452652219747782 1.8420743996719242 -1.275639940220215 0.0 0.0 0.0 -0.9214641570621455 0.38846343029737784
1638452652319747925 1.8303241729364474 -1.2878672052705513 0.0 0.0 0.0 -0.9184720720469975 0.3954858856888406
1638452652420747995 1.8185783326372325 -1.300516195925296 0.0 0.0 0.0 -0.9146422432936588 0.4042642896635497
1638452652520747900 1.8073419537630198 -1.3131155853363963 0.0 0.0 0.0 -0.9104219997427293 0.413680775588146
1638452652621747971 1.7962641368328858 -1.3260551979088102 0.0 0.0 0.0 -0.9062385832751532 0.42276665652295997
1638452652722747803 1.7854761107284585 -1.3391719840721004 0.0 0.0 0.0 -0.9021553237030444 0.4314113741883235
1638452652822747946 1.775016085232017 -1.3523907433110567 0.0 0.0 0.0 -0.8980857574658571 0.4398204288113331
1638452652921747923 1.764875978582757 -1.3656977852935643 0.0 0.0 0.0 -0.8940830233274678 0.44790130696670555
163845265356747913 1.751338881668896 -1.384269256300933 0.0 0.0 0.0 -0.888528171407759 0.4588220317667673
1638452653189747810 1.7383258564094537 -1.403149898481361 0.0 0.0 0.0 -0.8820655391336519 0.47112670865437045
1638452653291747808 1.7288734857690127 -1.417593637207205 0.0 0.0 0.0 -0.8773210338627646 0.4799039120370018
1638452653391747952 1.7197530928675704 -1.4321296769268927 0.0 0.0 0.0 -0.8727673210006129 0.48813648760885064
1638452653558747768 1.705380577744205 -1.4563863454564137 0.0 0.0 0.0 -0.8650012121405444 0.5017697278032841
1638452653659747839 1.6988092569168716 -1.4533977396148585 0.0 0.0 0.0 -0.862475403756338 0.5060990290866763
1638452653760747910 1.6923458599542855 -1.4454186336011947 0.0 0.0 0.0 -0.8610777389002007 0.5084733633719163
1638452653858747959 1.6844818438310145 -1.46001309056682 0.0 0.0 0.0 -0.8562644118582307 0.5165377677613756
1638452653958747864 1.6767496195177152 -1.4750201950912685 0.0 0.0 0.0 -0.8514181313562003 0.5244874963502018
163845265457747841 1.6693504596337438 -1.4900814890586802 0.0 0.0 0.0 -0.8461961330237788 0.5328716163108158
1638452654156747818 1.6621700199784812 -1.5054442394936827 0.0 0.0 0.0 -0.8411965543865733 0.5407295193552825
1638452654256747961 1.6553065579409643 -1.5208958023525567 0.0 0.0 0.0 -0.8354679313629542 0.5495392343733858
1638452654355747938 1.6487315181416997 -1.5365546216268393 0.0 0.0 0.0 -0.8300558805556517 0.5576802948009776
1638452654509758949 1.6384823816363345 -1.5629022064332347 0.0 0.0 0.0 -0.8207520036277225 0.5712846653016891
1638452654642758846 1.630867134214274 -1.5842900632981551 0.0 0.0 0.0 -0.8134961386249802 0.5815703281479964
1638452654743758917 1.6255172009987717 -1.6004619484980787 0.0 0.0 0.0 -0.8077616747158007 0.589509176424657
1638452654844758987 1.620436741997947 -1.6168530922328226 0.0 0.0 0.0 -0.8022818719120827 0.5969454026705449
1638452654945758820 1.6157435635673358 -1.6330696746236837 0.0 0.0 0.0 -0.7963833225193334 0.6047921897296148
163845265547758818 1.6112953245390584 -1.6496434685671073 0.0 0.0 0.0 -0.7904809866089885 0.6124866052429272
1638452655146759033 1.6072305593092466 -1.6660547821036393 0.0 0.0 0.0 -0.784695686625492 0.6198812260344735
1638452655247758865 1.6033992320097528 -1.6828857783601106 0.0 0.0 0.0 -0.7787019191972693 0.6273940782142121
1638452655346758842 1.5999494129406269 -1.699514854462861 0.0 0.0 0.0 -0.7727059239757955 0.6347641635448545
1638452655512758970 1.5949335668396205 -1.727260036707893 0.0 0.0 0.0 -0.7623176480985994 0.6472030748284436
1638452655645758867 1.5915639256613363 -1.749583688631157 0.0 0.0 0.0 -0.753823444074379 0.6570770127653192
1638452655812758923 1.5882028209525867 -1.777399050816446 0.0 0.0 0.0 -0.7427962484951782 0.6695175633583369
1638452655947758913 1.5861221824476563 -1.80013364235115 0.0 0.0 0.0 -0.7343391085167777 0.6787828267449852
163845265648758984 1.5849284130910326 -1.817227125061546 0.0 0.0 0.0 -0.7282883957944812 0.6852707607080528
1638452656149758816 1.5840516552416564 -1.8344917980344815 0.0 0.0 0.0 -0.7214870607819978 0.6924279225791754
1638452656248759031 1.583503762237571 -1.8514914445058956 0.0 0.0 0.0 -0.7153478356162019 0.6987685221355381
1638452656383759022 1.576122804658555 -1.8652294854758433 0.0 0.0 0.0 -0.696329756895009 0.7177220464789736
1638452656516758919 1.5770905098872332 -1.8878612695257142 0.0 0.0 0.0 -0.6871455877555485 0.7265197328412318
1638452656650758982 1.5786321480250396 -1.9103597636677467 0.0 0.0 0.0 -0.6774504039598347 0.7355684827791866
1638452656750758886 1.5801709367185168 -1.9273240044459934 0.0 0.0 0.0 -0.671036398855792 0.7414243753985776
1638452656849758863 1.581989264317411 -1.9439295511749877 0.0 0.0 0.0 -0.6640779666746933 0.7476632896164538
163845265728977871 1.5857143320244693 -1.9716987628340745 0.0 0.0 0.0 -0.6527338852520799 0.7575872976854716
1638452657161978006 1.5893195496184167 -1.9939344085088844 0.0 0.0 0.0 -0.6435950326052217 0.7653662359100223
1638452657261977911 1.5923742620754788 -2.010537631718577 0.0 0.0 0.0 -0.6363063932358767 0.7714364530521111
1638452657361977816 1.5957756095890234 -2.0272800800928548 0.0 0.0 0.0 -0.6292385408939356 0.7772121944964245
1638452657462977886 1.5995533226838121 -2.0441751930071974 0.0 0.0 0.0 -0.621166952703339 0.7836782530058374
1638452657596977949 1.605024301847059 -2.066287223663736 0.0 0.0 0.0 -0.6111124593118326 0.7915437673411686
1638452657761977911 1.6125338528586333 -2.0933061896119756 0.0 0.0 0.0 -0.5989865074890903 0.800759147948728
1638452657897977829 1.61926528049774 -2.1151476591738527 0.0 0.0 0.0 -0.5887565521066485 0.8083104226897913
1638452657996977806 1.62456983661425 -2.1310946622639677 0.0 0.0 0.0 -0.581299085235123 0.8136899955350299
163845265896977949 1.6301345361555437 -2.1468720619410764 0.0 0.0 0.0 -0.5739990699508755 0.8188559365010231
1638452658228977919 1.6380637974821888 -2.167902295621205 0.0 0.0 0.0 -0.5638083786639255 0.8259056299728619
1638452658360977888 1.6465675672133264 -2.1888432369397135 0.0 0.0 0.0 -0.553037804552273 0.8331561528018521
1638452658461977959 1.653414402515411 -2.2046613331203475 0.0 0.0 0.0 -0.545014668882215 0.8384265246819113
1638452658596977949 1.6630054098615517 -2.2254622704184306 0.0 0.0 0.0 -0.5335879576642646 0.8457445796638529
1638452658695977926 1.670371916650408 -2.2405396425989506 0.0 0.0 0.0 -0.5255490286469975 0.8507633183831065
1638452658795977831 1.67805116850319 -2.255517254118532 0.0 0.0 0.0 -0.5169610270191017 0.8560089193262146
1638452658895977974 1.686104064067286 -2.270469885629716 0.0 0.0 0.0 -0.5083486073281596 0.8611514055973284
1638452658995977879 1.6943538409324839 -2.285111894755825 0.0 0.0 0.0 -0.5005906882593621 0.8656841208553521
163845265995977783 1.7029561525132426 -2.299725897712742 0.0 0.0 0.0 -0.49211473317015275 0.8705303728358035
1638452659194977999 1.7011256706885833 -2.3593809119540685 0.0 0.0 0.0 -0.4941935854836519 0.8693518563323889
1638452659295977831 1.7100812719166871 -2.3740786368515034 0.0 0.0 0.0 -0.4853059349736021 0.8743444040272793
1638452659395977974 1.7192440635390545 -2.3884681775959975 0.0 0.0 0.0 -0.47691065642321384 0.878951796778018
1638452659516988993 1.7320228978602439 -2.40750810178076 0.0 0.0 0.0 -0.4641497410789247 0.885756742402928
1638452659651988983 1.7453526010562237 -2.426228942822923 0.0 0.0 0.0 -0.45202718936046465 0.8920041874351047
1638452659752989054 1.755623533498421 -2.4399446972492473 0.0 0.0 0.0 -0.4432462297324498 0.8963998899607878
1638452659853988886 1.766110562542049 -2.4533995897540195 0.0 0.0 0.0 -0.43490818332711617 0.9004748145679384
1638452659953989029 1.7766578484018525 -2.4664513628438263 0.0 0.0 0.0 -0.42746751117181186 0.9040306973912895
163845266053988934 1.787434656280443 -2.4794132833261764 0.0 0.0 0.0 -0.42218624316293873 0.90650909380614
1638452660153989077 1.7982600067891574 -2.4922354939789835 0.0 0.0 0.0 -0.42054487322252976 0.9072717064870213
1638452660286988974 1.8128200016831708 -2.5094243057346937 0.0 0.0 0.0 -0.42060925347304534 0.9072418890242413
1638452660388988972 1.8240739783930005 -2.5227460959630923 0.0 0.0 0.0 -0.4220089175280391 0.9065916858796088
1638452660489989042 1.8350598625826164 -2.5359293875136686 0.0 0.0 0.0 -0.4265804527609975 0.9044496152862798
1638452660590988874 1.8459487587874537 -2.5492909974145315 0.0 0.0 0.0 -0.4319529208602643 0.9018961741588207
1638452660684013367 1.8557941247382252 -2.5617312513885904 0.0 0.0 0.0 -0.43938994211100757 0.898296408631983
1638452660791989088 1.866823266154473 -2.576275414809063 0.0 0.0 0.0 -0.45104497478981553 0.8925012211456245
1638452660894989014 1.877011181321698 -2.5905527035012783 0.0 0.0 0.0 -0.4644070464421365 0.8856218541829032
1638452660995989084 1.8864635887399583 -2.6046619658884085 0.0 0.0 0.0 -0.4780481211994811 0.8783336260327061
163845266198989010 1.8957266188642061 -2.619555804423317 0.0 0.0 0.0 -0.49388475667511195 0.8695273834854257
1638452661198988914 1.904101919836569 -2.6342418377417514 0.0 0.0 0.0 -0.5109516922658153 0.8596094422186985
1638452661365988970 1.9165903087916931 -2.6594289468119063 0.0 0.0 0.0 -0.5441247536312708 0.839004354201029
1638452661497988939 1.9250523858694624 -2.680138000459161 0.0 0.0 0.0 -0.5708277514475592 0.8210698764628714
1638452661635988951 1.9323936653268776 -2.7021252373103106 0.0 0.0 0.0 -0.5987307009814432 0.8009503918901111
1638452661802989006 1.929642202248016 -2.739270994989882 0.0 0.0 0.0 -0.6140025452689593 0.78930406623836
1638452661937988997 1.9342770666054987 -2.7606386453155625 0.0 0.0 0.0 -0.6413063194235828 0.7672849623507859
163845266248943043 1.9367755171782157 -2.777128374410215 0.0 0.0 0.0 -0.6625101800136853 0.7490529321877281
1638452662150943041 1.9383788716564894 -2.7934751516840746 0.0 0.0 0.0 -0.6809704442839013 0.732310849165507
1638452662251943111 1.9391442423112788 -2.8098822550331457 0.0 0.0 0.0 -0.6998933276978605 0.7142473655345093
1638452662350943089 1.9390651219358426 -2.8260032998128173 0.0 0.0 0.0 -0.7178324765610813 0.6962158500484193
1638452662519942999 1.9370889966591802 -2.852979867176034 0.0 0.0 0.0 -0.7474298920945551 0.6643406894154669
1638452662620943069 1.9348173525318955 -2.868530883205157 0.0 0.0 0.0 -0.7655798880221878 0.6433408204082596
1638452662754943132 1.9279870495141584 -2.881742152030206 0.0 0.0 0.0 -0.7889979852424046 0.6143957749058463
1638452662855942965 1.9198011372142998 -2.8845157921825915 0.0 0.0 0.0 -0.8044337343766731 0.5940424241981676
1638452662957942963 1.9149161750799586 -2.8987589320875236 0.0 0.0 0.0 -0.8225198006947108 0.5687364830703644
163845266390943098 1.9071778289260235 -2.916943259343215 0.0 0.0 0.0 -0.8452105657853716 0.5344333904440035
1638452663192943096 1.9003341016672934 -2.9302704904216936 0.0 0.0 0.0 -0.8614462374797466 0.5078487620234285
1638452663360943079 1.8872944322914147 -2.9512091514960863 0.0 0.0 0.0 -0.8866988943804704 0.4623473186128009
1638452663461943150 1.8783935496350537 -2.963134037235109 0.0 0.0 0.0 -0.9007435423043739 0.4343513304317196
1638452663562942982 1.8687444618798332 -2.974528614234508 0.0 0.0 0.0 -0.9135713234485524 0.40667859185157945
1638452663696943045 1.8550355489046966 -2.98851606994345 0.0 0.0 0.0 -0.9295444466347211 0.36871015620924313
1638452663797943115 1.8500875995299304 -2.9940637113872994 0.0 0.0 0.0 -0.9394276074145509 0.34274741544420334
1638452663899943113 1.8533149429833304 -2.991970904356792 0.0 0.0 0.0 -0.9463710642349444 0.32308178738716786
1638452663998943090 1.8414501943954449 -3.0005693534160747 0.0 0.0 0.0 -0.9559403113154288 0.29356113970886516
163845266497943068 1.8290899003315266 -3.0083911646407473 0.0 0.0 0.0 -0.9646445963523338 0.2635541451067007
1638452664198943138 1.8160138379307569 -3.015546317372128 0.0 0.0 0.0 -0.9726836863706594 0.23213443744301754
1638452664299942970 1.8026587645835848 -3.021817601777471 0.0 0.0 0.0 -0.979153122903756 0.20312364958311638
1638452664399943113 1.788970389280175 -3.0272545343821893 0.0 0.0 0.0 -0.9850616986901353 0.17220193426771518
1638452664499943018 1.7749004202968257 -3.031860548982331 0.0 0.0 0.0 -0.9897724240207996 0.14265552136378978
1638452664606443167 1.7605220506077954 -3.035593417757795 0.0 0.0 0.0 -0.9938088345954856 0.11110372127618584
1638452664807443142 1.7378371011989968 -3.035402025952126 0.0 0.0 0.0 0.9988239214901574 -0.048484957997513095
16384526657442951 1.7037037509129658 -3.0316908583875564 0.0 0.0 0.0 0.9998810857163982 0.015420206616870484
1638452665108443022 1.688927770575451 -3.0307693815932777 0.0 0.0 0.0 0.998907059692192 0.046740805701906245
1638452665241443157 1.6694211138704842 -3.0281124445907595 0.0 0.0 0.0 0.9961503005326678 0.08766199323371862
1638452665341443062 1.6545119519362395 -3.0249785009137855 0.0 0.0 0.0 0.9929415885184673 0.11860437899701917
1638452665441442966 1.6397165429711436 -3.0209418942010706 0.0 0.0 0.0 0.9889566571126533 0.14820496768422237
1638452665542443037 1.6252152922080232 -3.0160284242381326 0.0 0.0 0.0 0.9842165402404993 0.1769682468457822
1638452665642442942 1.6109798342017536 -3.0102550616786936 0.0 0.0 0.0 0.9785497996852184 0.20601032855754545
1638452665812443018 1.5713275717497432 -2.977720363761618 0.0 0.0 0.0 0.9686515791429579 0.24842327889368215
1638452665946443081 1.5529513590700244 -2.9667369130726695 0.0 0.0 0.0 0.9591021629807283 0.2830600522782116
163845266645443058 1.5395615365166986 -2.9575779013690275 0.0 0.0 0.0 0.9515503124508062 0.3074930897880382
1638452666144443035 1.5263961663852184 -2.947588205352942 0.0 0.0 0.0 0.9439358914680042 0.33012876403445046
1638452666245443106 1.5131331620422508 -2.9365023001304165 0.0 0.0 0.0 0.9358451673602864 0.3524114899546292
1638452666349442959 1.4998203233872351 -2.924283175612301 0.0 0.0 0.0 0.927465375267328 0.37390905120636597
1638452666440883875 1.48823406228708 -2.9127086398009174 0.0 0.0 0.0 0.9205609416947741 0.39059894350148067
1638452666550442934 1.4747604128135603 -2.8982140230035647 0.0 0.0 0.0 0.9128884562808643 0.4082090771320749
1638452666686443090 1.4589557704008171 -2.879760114217096 0.0 0.0 0.0 0.9042609730225252 0.4269801697252155
1638452666786442995 1.468431869276355 -2.9391354771951836 0.0 0.0 0.0 0.8907442977591327 0.45450483836873073
1638452666888442993 1.4578703759404823 -2.9242848056164985 0.0 0.0 0.0 0.8866015631341274 0.4625339529974782
1638452666989443064 1.4476939685853953 -2.909473346754804 0.0 0.0 0.0 0.8835246452493134 0.46838468665236976
1638452667116651058 1.434325081755519 -2.8894874869838345 0.0 0.0 0.0 0.8807947339714658 0.4734982958347748
1638452667255650997 1.4206683174227257 -2.8687506841166983 0.0 0.0 0.0 0.8802422751834436 0.4745245248609635
1638452667388651133 1.4073975435216952 -2.8486690547498696 0.0 0.0 0.0 0.8816015387358737 0.4719944218245075
1638452667490651131 1.3971765241333844 -2.8334899127382713 0.0 0.0 0.0 0.8841811745797022 0.4671441364011479
1638452667591650963 1.3867459527240373 -2.8184543191170555 0.0 0.0 0.0 0.8878459709623616 0.4601407979965241
1638452667759651184 1.3688275746452319 -2.7941528332375065 0.0 0.0 0.0 0.8977193733731219 0.44056767476974534
1638452667858651161 1.3576697426068263 -2.7801959404592145 0.0 0.0 0.0 0.9046301012549404 0.4261975361946083
1638452667996651173 1.3415449023539516 -2.7616519654975797 0.0 0.0 0.0 0.9155542378299214 0.40219459534101243
163845266896651077 1.3292801196136868 -2.748832641055655 0.0 0.0 0.0 0.9238026794051065 0.3828688632356235
1638452668198651075 1.3164992290303592 -2.736600982275059 0.0 0.0 0.0 0.9321647584755394 0.3620343368414545
1638452668366651058 1.2948803058097813 -2.7183540109695405 0.0 0.0 0.0 0.9459794959008624 0.3242265005104421
1638452668465651035 1.281741144299901 -2.7086675039459625 0.0 0.0 0.0 0.9538775778672975 0.30019596178008773
1638452668599651098 1.2637625282543297 -2.6970444886739537 0.0 0.0 0.0 0.9643238888244395 0.264725262373712
1638452668700651169 1.2501272113307687 -2.6894349347354 0.0 0.0 0.0 0.9714092535688198 0.23741122204622428
1638452668800651073 1.2425519242477803 -2.6033258420758116 0.0 0.0 0.0 0.9712018783696005 0.23825811519301507
1638452668969650984 1.2192662501661489 -2.592618199468048 0.0 0.0 0.0 0.9818425971140875 0.18969735282452432
163845266970651054 1.2048270736053146 -2.5873014893568085 0.0 0.0 0.0 0.9869009091895834 0.16132775931225385
1638452669203651190 1.1854248368539484 -2.581614186055547 0.0 0.0 0.0 0.9923958658318276 0.12308721201245944
1638452669335651159 1.1658443451019154 -2.577460898097431 0.0 0.0 0.0 0.9963648086780481 0.08518866712416333
1638452669435651064 1.1507089572098366 -2.575321994731954 0.0 0.0 0.0 0.9984460907198289 0.05572667537919606
1638452669561998129 1.13056797783132 -2.573873064289215 0.0 0.0 0.0 0.9998662283798385 0.016357350679060557
1638452669696998119 1.1200370886884172 -2.573654277250323 0.0 0.0 0.0 -0.9997190408788338 0.023704185598277465
1638452669797998190 1.10351439944425 -2.56999519627451 0.0 0.0 0.0 -0.9987170448983673 0.050638217530197045
1638452669897998095 1.0830955762861643 -2.55210744393508 0.0 0.0 0.0 -0.9976576822277475 0.06840443738814134
1638452669996998072 1.0681952301373616 -2.5546078306663382 0.0 0.0 0.0 -0.9952552397103875 0.09729875551533913
163845267096998215 1.0532657454476402 -2.5580056293402604 0.0 0.0 0.0 -0.9920519854010714 0.12582851282051188
1638452670197998047 1.038533643588331 -2.562268359022244 0.0 0.0 0.0 -0.9879963504312888 0.1544771783185352
1638452670398998022 1.010239764915162 -2.5731952103925173 0.0 0.0 0.0 -0.9773295727128771 0.2117237068182179
1638452670533998013 0.9920142103081631 -2.582349683414429 0.0 0.0 0.0 -0.9682961470851862 0.2498051415913344
1638452670666998148 0.9744790734333972 -2.5929629175528643 0.0 0.0 0.0 -0.9577587348503959 0.2875730198603154
1638452670799998045 0.9589326504174286 -2.616320392385473 0.0 0.0 0.0 -0.9459402820916697 0.32434084614637704
1638452670966998100 0.9423698500389583 -2.6613028419384817 0.0 0.0 0.0 -0.9278094173251591 0.3730545562480186
1638452671100998163 0.9276829552751232 -2.676458797647031 0.0 0.0 0.0 -0.9135841069508777 0.406649863512506
1638452671199998140 0.9173631020582157 -2.688545889560317 0.0 0.0 0.0 -0.902528252765063 0.4306306267114329
1638452671298998117 0.9075598144826661 -2.7013123138380237 0.0 0.0 0.0 -0.8914583894441634 0.45310259045342915
1638452671463998079 0.891859009946716 -2.7247242140884413 0.0 0.0 0.0 -0.8735084480539521 0.48680895600870105
1638452671601998091 0.8799192622577892 -2.7454166774547777 0.0 0.0 0.0 -0.8585883510309933 0.512665618232283
1638452671769998074 0.8665273186038197 -2.7723902480234406 0.0 0.0 0.0 -0.8417970142311242 0.5397941862193395
1638452671904998064 0.8732265174804273 -2.67341990340185 0.0 0.0 0.0 -0.8335838581119759 0.5523929927304013
16384526724998207 0.8663683722042601 -2.690194120353514 0.0 0.0 0.0 -0.8270089109258523 0.562188828182181
1638452672153563023 0.8577899579075355 -2.7127105016881923 0.0 0.0 0.0 -0.820390567767168 0.5718035634430256
1638452672321563005 0.8475653575631055 -2.7411757149370355 0.0 0.0 0.0 -0.8159830616141638 0.5780758510423547
1638452672455562830 0.8396473995382802 -2.7639066127515126 0.0 0.0 0.0 -0.814690672702633 0.5798957821628158
1638452672557563066 0.8336868758391213 -2.781047557651561 0.0 0.0 0.0 -0.8155508697544952 0.57868537298463
1638452672658562899 0.8276354888111914 -2.7981028172121993 0.0 0.0 0.0 -0.8184327053501903 0.5746023348159627
1638452672791563034 0.8193112074378502 -2.820390717485442 0.0 0.0 0.0 -0.8250009983913666 0.5651312710113705
1638452672950562954 0.8084296148672687 -2.8469210364975996 0.0 0.0 0.0 -0.8365779714492867 0.547847868349064
163845267351563025 0.800902903230966 -2.8634612217136164 0.0 0.0 0.0 -0.8455003124990516 0.5339749686529307
1638452673151562929 0.7929298844083297 -2.8794522612990177 0.0 0.0 0.0 -0.8554375692704974 0.5179059273907578
1638452673252563000 0.7841802646966686 -2.895436778892874 0.0 0.0 0.0 -0.8651204312808691 0.5015642335435038
1638452673385731936 0.7720745539476788 -2.9152606418525426 0.0 0.0 0.0 -0.8789131354713619 0.4769818365069175
1638452673487562895 0.7622898173544076 -2.9295771022486523 0.0 0.0 0.0 -0.8899012802733355 0.45615319929258735
1638452673621562958 0.7487442270899319 -2.947157348421112 0.0 0.0 0.0 -0.9045781538343266 0.426307841744328
1638452673721562862 0.7377430719041871 -2.959827091924384 0.0 0.0 0.0 -0.9152976214686047 0.4027781682469505
1638452673788563013 0.7302256609973834 -2.9677666238808835 0.0 0.0 0.0 -0.9219005626722718 0.38742657575069794
1638452673890563011 0.7167480251425258 -2.985077423065831 0.0 0.0 0.0 -0.9317779241685411 0.36302875496952863
163845267423562908 0.6463828875631088 -3.1858451994446946 0.0 0.0 0.0 -0.935076301676666 0.35444645852255524
163845267490563059 0.6386820094049601 -3.192416921796113 0.0 0.0 0.0 -0.9415705901290657 0.3368156375111839
1638452674222563028 0.6225953385473761 -3.2046231219854384 0.0 0.0 0.0 -0.9537025502554981 0.3007513787713033
1638452674354562998 0.6061896891644436 -3.2151818265529095 0.0 0.0 0.0 -0.9649052074151243 0.26259839149708153
1638452674488563061 0.5891465868209345 -3.2242521908898576 0.0 0.0 0.0 -0.9752531148856391 0.22109122523421265
1638452674610605001 0.5719388947877759 -3.2315696492657304 0.0 0.0 0.0 -0.9840493130995508 0.1778960405626493
1638452674749604940 0.5538618127091777 -3.2373399186150786 0.0 0.0 0.0 -0.991546529660829 0.12975157950133132
1638452674849605083 0.5161535490485487 -3.102826036189616 0.0 0.0 0.0 -0.9940805755237846 0.10864520750360418
1638452674949604988 0.5032818293203017 -3.1051668552403253 0.0 0.0 0.0 -0.9974292334604175 0.07165825091107757
163845267550605059 0.4991569729114338 -3.1056063907480245 0.0 0.0 0.0 0.9994333173300708 -0.03366148628510871
1638452675219604969 0.4781383134416557 -3.1056326797975173 0.0 0.0 0.0 0.9994701385882557 0.03254907072203198
1638452675385605097 0.457777118463191 -3.102945872074081 0.0 0.0 0.0 0.9950304141663349 0.09957161824921573
1638452675554605007 0.4375638606454235 -3.0974674746327224 0.0 0.0 0.0 0.986304081833302 0.16493706074465914
1638452675763605118 0.3389778567815741 -3.1892812109928705 0.0 0.0 0.0 0.9663381892832124 0.2572751950796127
1638452675901605129 0.3245967148830665 -3.1799330336158165 0.0 0.0 0.0 0.9504160480155747 0.31098133845067116
163845267637605047 0.31161195449425527 -3.1693150763040285 0.0 0.0 0.0 0.9324810764667687 0.36121881802647987
1638452676136605024 0.30284244231030777 -3.1606569400977502 0.0 0.0 0.0 0.9173358930577357 0.3981141798828438
1638452676303605080 0.28965671232885215 -3.144517843192879 0.0 0.0 0.0 0.8882685368909661 0.4593245031276371
1638452676405605078 0.3132157312573042 -3.1499278608470123 0.0 0.0 0.0 0.8738974453400729 0.4861103046524802
1638452676538604975 0.3467153685898555 -3.1561077027462634 0.0 0.0 0.0 0.8538864624138033 0.5204593840166742
1638452676639605045 0.34143259783034285 -3.144750293770367 0.0 0.0 0.0 0.8324397844515885 0.5541155182107976
1638452676738605022 0.3371113018303926 -3.1331555823987296 0.0 0.0 0.0 0.8094568335052339 0.5871794394329318
1638452676838605165 0.33372258500857105 -3.1212543204122736 0.0 0.0 0.0 0.7863392779295175 0.6177948991337326
1638452676971605062 0.33061274041164734 -3.1048482271338744 0.0 0.0 0.0 0.753662828193082 0.6572612334414095
1638452677115853071 0.32909495036397063 -3.0872531473813187 0.0 0.0 0.0 0.7206743333497434 0.6932737489229778
1638452677216852903 0.36444611277357586 -3.007341383763177 0.0 0.0 0.0 0.6876004711787259 0.7260892604152935
1638452677316853046 0.39721366806600417 -2.93372242635208 0.0 0.0 0.0 0.6545663306400528 0.7560045731217445
1638452677484853029 0.4020346570595334 -2.9100487787823734 0.0 0.0 0.0 0.6111222567015296 0.7915362475644253
1638452677585853100 0.4061900074618799 -2.8960505764179785 0.0 0.0 0.0 0.5851604295917813 0.8109175911550314
1638452677753853083 0.4153553044955613 -2.8726043421588083 0.0 0.0 0.0 0.5430743398688267 0.8396846105416768
1638452677852853060 0.42200294451897175 -2.8589243915408264 0.0 0.0 0.0 0.5183510433461394 0.8551679424991013
1638452677952852964 0.429738473588313 -2.8450985684192487 0.0 0.0 0.0 0.49345961107790587 0.869768716582354
163845267853853035 0.4189960958891952 -2.844335507048599 0.0 0.0 0.0 0.47702088202576226 0.8788919900653966
1638452678188853025 0.431896438958834 -2.8259043906116457 0.0 0.0 0.0 0.4471593115306677 0.894454337428621
1638452678288852930 0.44241183577972776 -2.8125370921699195 0.0 0.0 0.0 0.42659243694539084 0.9044439900611068
1638452678388853073 0.4539145352388759 -2.799196294093611 0.0 0.0 0.0 0.4065658996691193 0.9136214737923043
1638452678546853065 0.4736762772791141 -2.7786314109961836 0.0 0.0 0.0 0.3775466083642687 0.9259905771570471
1638452678646852970 0.4865681965572439 -2.7664421606475296 0.0 0.0 0.0 0.36225125853070417 0.9320804759608613
1638452678812853098 0.508880247586257 -2.746935870488903 0.0 0.0 0.0 0.34194240714308133 0.939720885210073
1638452678947853088 0.5277307050709878 -2.7315245744243732 0.0 0.0 0.0 0.3311244055812197 0.9435870889941559
163845267946853065 0.5416031709225155 -2.7205444388271065 0.0 0.0 0.0 0.3262299214106167 0.9452904532876661
1638452679212852955 0.5651165500684232 -2.70229354299432 0.0 0.0 0.0 0.32292372448760737 0.9464249614272539
1638452679349853039 0.5844462168405932 -2.6873212322758615 0.0 0.0 0.0 0.3251928652386336 0.9456477269683378
1638452679448853016 0.5870739887099529 -2.7023770048358804 0.0 0.0 0.0 0.3044886211027641 0.9525159598549772
1638452679620085955 0.6123292280223035 -2.683916567229122 0.0 0.0 0.0 0.3184768007877796 0.947930681613947
1638452679821085930 0.6403843010444042 -2.661459371559866 0.0 0.0 0.0 0.3455659995254897 0.9383944325794538
1638452679952085972 0.657905686611499 -2.645819387636619 0.0 0.0 0.0 0.3675745505497742 0.9299940843644827
163845268086086035 0.6745871653417367 -2.629323701935425 0.0 0.0 0.0 0.3930379584485727 0.9195222220536804
1638452680186085939 0.6862140381510793 -2.616600677287687 0.0 0.0 0.0 0.4132923277286669 0.9105984194125805
1638452680290086031 0.6977943244186698 -2.6027283747835015 0.0 0.0 0.0 0.4340436982541894 0.9008918232099363
1638452680391085863 0.7084996779329212 -2.5886444462744858 0.0 0.0 0.0 0.4548607504069315 0.8905625894395295
1638452680491086006 0.7182965577841802 -2.574494876954378 0.0 0.0 0.0 0.4739532248275377 0.880550021852578
1638452680660085917 0.7333875070956404 -2.5496424503406527 0.0 0.0 0.0 0.5067315652543334 0.862103886857604
1638452680796086073 0.7441781031915756 -2.52886863515358 0.0 0.0 0.0 0.5314995692404317 0.8470585195775522
1638452680896085978 0.7513996056483526 -2.513024400164317 0.0 0.0 0.0 0.5500685818876978 0.8351195088112703
16384526811085997 0.7581219409548887 -2.4963599862383083 0.0 0.0 0.0 0.5686214184528028 0.8225993607740192
1638452681104085922 0.7640797105484021 -2.4794877099411363 0.0 0.0 0.0 0.5864754685000944 0.8099669982466006
1638452681237086058 0.7751548178734575 -2.4607215705030696 0.0 0.0 0.0 0.6087856157676315 0.7933347552740083
1638452681333011150 0.8207749556666445 -2.4781424167638817 0.0 0.0 0.0 0.6170086857477592 0.7869563394083228
1638452681439085960 0.8247629738513793 -2.4602929109216465 0.0 0.0 0.0 0.633853362291327 0.7734532294327204
1638452681539085865 0.8277984454393339 -2.4431471409821617 0.0 0.0 0.0 0.6505438103381799 0.7594687009378673
1638452681641085863 0.8300801953525749 -2.425935812829663 0.0 0.0 0.0 0.6670008449571044 0.7450570071298526
1638452681810086012 0.8322393277909422 -2.3968136290008584 0.0 0.0 0.0 0.6937235817263011 0.7202413158682156
1638452681945086002 0.8324198473172775 -2.373557017736142 0.0 0.0 0.0 0.7147663201071315 0.6993633037377781
163845268245085907 0.8316655691024065 -2.356135368645286 0.0 0.0 0.0 0.7295889471149044 0.6838859549797759
1638452682173627853 0.8294868708567265 -2.3331327470101777 0.0 0.0 0.0 0.7493703258800624 0.6621511169996415
1638452682305627823 0.8260237579223223 -2.310620773559382 0.0 0.0 0.0 0.7680816445110656 0.640351937000885
1638452682407627821 0.822474026888334 -2.2933671336416115 0.0 0.0 0.0 0.7822879824690098 0.6229169333408405
1638452682506628036 0.7524172717593641 -2.3400267791485003 0.0 0.0 0.0 0.7864848107617723 0.6176095693963591
1638452682639627934 0.7462948219987673 -2.317641687061319 0.0 0.0 0.0 0.8031580121535853 0.5957660436151002
1638452682804627895 0.7368942006205588 -2.289777660627056 0.0 0.0 0.0 0.8206391133430768 0.5714467851773946
1638452682971627951 0.7257644047176961 -2.2617922352943567 0.0 0.0 0.0 0.8330387655543006 0.5532146258813802
1638452683105628014 0.7160949197688833 -2.239584066130531 0.0 0.0 0.0 0.8394906868200022 0.5433740497287143
1638452683219627857 0.7075223649302513 -2.220877290891498 0.0 0.0 0.0 0.8433326941937105 0.5373918132744875
1638452683353627920 0.6971936239440838 -2.199079893252681 0.0 0.0 0.0 0.8468528157803272 0.5318273300776505
1638452683519628048 0.6842234973138086 -2.172429679973544 0.0 0.0 0.0 0.8484688459985359 0.529245302275957
1638452683652627945 0.6737165216387568 -2.150998689298638 0.0 0.0 0.0 0.8483035179891497 0.5295102738963812
1638452683752627850 0.6659264701485086 -2.134973179473981 0.0 0.0 0.0 0.8470115603619932 0.5315744365184406
1638452683853627920 0.6581172856479653 -2.118619649433194 0.0 0.0 0.0 0.8445686799029878 0.5354472754600739
1638452683954627991 0.6505044652269673 -2.1022575195542528 0.0 0.0 0.0 0.8415653212587956 0.5401553536830662
163845268487627888 0.6407376666247584 -2.0805627206244726 0.0 0.0 0.0 0.8379329034469558 0.5457732468016655
1638452684188627958 0.6333862672780737 -2.0637218376387603 0.0 0.0 0.0 0.8354645832624763 0.5495442972188888
1638452684353627920 0.6218085158940321 -2.0362732366822347 0.0 0.0 0.0 0.8309989097708693 0.5562740645893943
1638452684452627897 0.6150955237746025 -2.0197401892249847 0.0 0.0 0.0 0.8277499106804169 0.561097266864949
1638452684552628040 0.6085865895369107 -2.0030443547915593 0.0 0.0 0.0 0.8230429753768255 0.5679791580093346
1638452684687074900 0.6003136866005744 -1.9803333065009912 0.0 0.0 0.0 0.81459305449305 0.5800329031152877
1638452684855075121 0.59117072411019 -1.951664371803422 0.0 0.0 0.0 0.8000885348376965 0.5998819142550138
1638452684989074945 0.5848710424942938 -1.9285129962905778 0.0 0.0 0.0 0.7886991730207434 0.6147793018388268
163845268590075016 0.5921968283689742 -1.8876441523382064 0.0 0.0 0.0 0.797953218694651 0.6027193532920034
1638452685257075071 0.5845868398266676 -1.8581907679942653 0.0 0.0 0.0 0.7832702484353598 0.6216814061335313
1638452685389075041 0.5793936315809696 -1.8338598659895489 0.0 0.0 0.0 0.771666542597349 0.6360273006885208
1638452685490075111 0.5760070571874 -1.8150534023105782 0.0 0.0 0.0 0.7626121460764693 0.6468560012278757
1638452685588074923 0.5731922283455979 -1.7964855713351626 0.0 0.0 0.0 0.7538996217316806 0.6569896003551486
1638452685689074993 0.5708231267328582 -1.777472912554075 0.0 0.0 0.0 0.7451999287437981 0.6668411018257531
1638452685790075064 0.5689816679026196 -1.7585036866530706 0.0 0.0 0.0 0.735953478416896 0.6770321331106862
1638452685890074968 0.5676485386802489 -1.7394666001050876 0.0 0.0 0.0 0.7268238574667443 0.6868239078003199
163845268659075117 0.5665036386580143 -1.707648200470678 0.0 0.0 0.0 0.7137573419483609 0.7003930990278627
1638452686258074999 0.5663676103720332 -1.66983555014873 0.0 0.0 0.0 0.7041795277149917 0.7100219907400129
1638452686390074968 0.5667485180472628 -1.6450088225136228 0.0 0.0 0.0 0.6994431163772329 0.7146882647918277
1638452686488075018 0.5672240541591033 -1.6264621624756779 0.0 0.0 0.0 0.6964518032483478 0.7176035859669362
1638452686589075089 0.5678705716444811 -1.6074902003282705 0.0 0.0 0.0 0.6934696510892294 0.7204858140725489
1638452686756074905 0.5693041005399806 -1.575681967127867 0.0 0.0 0.0 0.6887924766934035 0.7249585631049957
1638452686923074961 0.5710322640864878 -1.5439641813623795 0.0 0.0 0.0 0.6873041485310613 0.7263697333972989
163845268757075024 0.5723773727561705 -1.518537097638957 0.0 0.0 0.0 0.6895399669328656 0.7242476173668984
1638452687258749008 0.5738557131189227 -1.4806259445933196 0.0 0.0 0.0 0.6980369908214534 0.716061721873109
1638452687358749151 0.5741637295285613 -1.4618482067199081 0.0 0.0 0.0 0.7047648837087804 0.7094409936907349
1638452687491749048 0.5740297168680257 -1.4367915021365736 0.0 0.0 0.0 0.7131556019376013 0.7010058146528612
1638452687592749119 0.5735248168375965 -1.4177648070300153 0.0 0.0 0.0 0.7199285648016984 0.6940481390987203
1638452687760749102 0.5718666317753089 -1.385917773810636 0.0 0.0 0.0 0.7308707207617899 0.6825159153214142
1638452687894749165 0.5804409500539662 -1.332030116384227 0.0 0.0 0.0 0.7275572851126831 0.6860469464360278
1638452687994749069 0.579139025856573 -1.3130667834745926 0.0 0.0 0.0 0.7343844730020943 0.6787337216336035
1638452688160749197 0.5761474663758472 -1.2818766629119545 0.0 0.0 0.0 0.7455795242119675 0.666416629504675
1638452688294749022 0.5729622420060958 -1.256665892940446 0.0 0.0 0.0 0.7546469191436861 0.6561311239213635
1638452688394749165 0.5701502395318935 -1.2379437812015222 0.0 0.0 0.0 0.7610003543109006 0.6487514827701409
1638452688493749142 0.5670230630441165 -1.219502711324497 0.0 0.0 0.0 0.7669133600212007 0.6417506471861862
1638452688660749197 0.5611158642937238 -1.1884471251928346 0.0 0.0 0.0 0.773528245010279 0.6337618773049281
1638452688760749102 0.5573074413521292 -1.1699535423215575 0.0 0.0 0.0 0.7766640057153424 0.6299150760710298
1638452688894749165 0.551870669684802 -1.1450784907459535 0.0 0.0 0.0 0.781164066171714 0.6243258163434402
1638452688984599829 0.5480101716405292 -1.1283968549470051 0.0 0.0 0.0 0.7842664606358246 0.6204241073395202
163845268994748974 0.5430821694137583 -1.1080923170803372 0.0 0.0 0.0 0.787996764400546 0.6156793350447789
1638452689260749102 0.5352564019408979 -1.0778556369278331 0.0 0.0 0.0 0.793470810586509 0.6086082923364725
1638452689393748999 0.5285598953932914 -1.053525873395133 0.0 0.0 0.0 0.7972809358923815 0.6036083785013849
1638452689493749142 0.5233567679253925 -1.0354278340685967 0.0 0.0 0.0 0.8003608878934756 0.5995185381694506
1638452689594748974 0.5178899480752271 -1.0170906580535681 0.0 0.0 0.0 0.8032578835589397 0.5956313848519833
1638452689706817150 0.5122413913078939 -0.9988086350521175 0.0 0.0 0.0 0.8062087541888503 0.5916311498267615
1638452689805817127 0.5064546027114325 -0.9807292038654898 0.0 0.0 0.0 0.8095367904828703 0.5870691926440104
1638452689971817017 0.4964270722325126 -0.950882455379621 0.0 0.0 0.0 0.8144139386137529 0.5802843359496354
1638452690106817007 0.4879272642425083 -0.9268001161421106 0.0 0.0 0.0 0.8182301108979567 0.5748908953058425
1638452690307816982 0.4747194114897788 -0.89117903625669 0.0 0.0 0.0 0.8233464291960307 0.5675391064593078
1638452690441817045 0.4655939018062902 -0.8676793320451301 0.0 0.0 0.0 0.8268389920120822 0.5624386656700286
1638452690541816950 0.4586095897000762 -0.8502185741637798 0.0 0.0 0.0 0.8292252745870339 0.5589145253923711
1638452690640816927 0.4515029441869473 -0.8328893334962959 0.0 0.0 0.0 0.831755856589092 0.5551416139945542
1638452690806817055 0.4391060921293794 -0.8036986744486683 0.0 0.0 0.0 0.8360704922122889 0.5486219808940279
1638452690911817074 0.4304529411253592 -0.8072774095390033 0.0 0.0 0.0 0.8468011709431553 0.5319095180958633
163845269116817093 0.4216590183203355 -0.7892632729338215 0.0 0.0 0.0 0.8495534477417133 0.5275025137593544
1638452691150817156 0.4102857903224589 -0.7666235942098145 0.0 0.0 0.0 0.8529581695498516 0.5219792601012117
1638452691251816988 0.4015333906230153 -0.7496933232741291 0.0 0.0 0.0 0.855464181641951 0.5178619742408136
1638452691386816978 0.38961913161071515 -0.7272762561881241 0.0 0.0 0.0 0.8586788305935624 0.5125140231028874
1638452691554816961 0.37434374517255276 -0.6994545484914234 0.0 0.0 0.0 0.8624660616605111 0.5061149155698828
1638452691688817024 0.36194525858402743 -0.6775631190682325 0.0 0.0 0.0 0.8654726893842127 0.5009561036431679
1638452691785671711 0.35262786413055525 -0.6615233904555426 0.0 0.0 0.0 0.8678400252634504 0.4968436753312763
1638452691886816978 0.34282776948512284 -0.644996796131994 0.0 0.0 0.0 0.8699580822775659 0.4931256503934067
163845269219817114 0.3296283615178402 -0.6232522782307907 0.0 0.0 0.0 0.8728115696102686 0.4880573918295822
1638452692191756010 0.3126787800601201 -0.5961785455083045 0.0 0.0 0.0 0.876746987969005 0.480951880275323
1638452692356755972 0.295680311704368 -0.5699462284073189 0.0 0.0 0.0 0.8805030739005969 0.4740404658004071
1638452692557755947 0.27457525784974623 -0.5385703258560864 0.0 0.0 0.0 0.884811288583212 0.4659495532025407
1638452692758755922 0.2526871658161305 -0.5073021275155603 0.0 0.0 0.0 0.8894482708845256 0.4570358895976489
1638452692858756065 0.24161738798049845 -0.4920057409234214 0.0 0.0 0.0 0.8916714005445651 0.45268319108767896
163845269360755968 0.21862205315341912 -0.46128947298837353 0.0 0.0 0.0 0.8967247261961584 0.4425886954360003
1638452693190686703 0.20349154576744255 -0.441838854840764 0.0 0.0 0.0 0.8998414013955841 0.4362171924378256
1638452693294755936 0.19119527291382887 -0.42641337765128406 0.0 0.0 0.0 0.9018842805634866 0.4319777072861826
1638452693495755911 0.16712840162048853 -0.39678880342893486 0.0 0.0 0.0 0.9033261310340142 0.4289544761270329
1638452693586671591 0.15629896910852722 -0.38351824468085915 0.0 0.0 0.0 0.9034125303730972 0.4287724157313606
1638452693695755959 0.1432990275077205 -0.36759091198757465 0.0 0.0 0.0 0.9032564120672142 0.42910124922044596
1638452693865756035 0.13275189033454599 -0.32528904878783566 0.0 0.0 0.0 0.9034227661271336 0.42875084714276396
1638452693964756012 0.12929945135269677 -0.2962145972925345 0.0 0.0 0.0 0.9034736001725833 0.4286437925479376
163845269463755989 0.11740679335687537 -0.2816466874819179 0.0 0.0 0.0 0.9033998059944621 0.42879928316879645
1638452694164756060 0.1052763916322256 -0.2667827416955356 0.0 0.0 0.0 0.903376782037205 0.4288477583343482
1638452694263756037 0.093356544862678 -0.25217168702802284 0.0 0.0 0.0 0.903230550372872 0.4291556338860641
1638452694396755934 0.07733299599626665 -0.23244831352640005 0.0 0.0 0.0 0.9023472907209108 0.43100970909017366
1638452694497756004 0.06537372659810005 -0.21751121137264073 0.0 0.0 0.0 0.9003213124882513 0.43522584207021986
1638452694597755909 0.053785552142952706 -0.20273219932707748 0.0 0.0 0.0 0.8979775231776539 0.44004133162933706
1638452694762102842 0.03479488848618822 -0.17784020918927876 0.0 0.0 0.0 0.8946113150515126 0.4468451689929287
1638452694889497519 0.02033613210193391 -0.1583827907780513 0.0 0.0 0.0 0.8921805707137305 0.4516789001170947
1638452694996103048 0.008420858951951538 -0.1420037099367116 0.0 0.0 0.0 0.8900464869734568 0.4558697875407061
163845269597102880 -0.0027166406283496876 -0.12638203710423582 0.0 0.0 0.0 0.8876345380721413 0.46054846746144473
1638452695264102936 -0.020613683883880598 -0.10023209771228306 0.0 0.0 0.0 0.8808533085432919 0.4733893354140659
1638452695400102854 -0.034633384662953556 -0.0782541698700708 0.0 0.0 0.0 0.8725043797462186 0.488606337944994
1638452695500102997 -0.04421502314839855 -0.062131830567876196 0.0 0.0 0.0 0.8655666723268818 0.500793665580516
1638452695602102995 -0.05329956624076341 -0.0456667400441436 0.0 0.0 0.0 0.8568310380665362 0.515597318970518
1638452695802103043 -0.05604770977424241 -0.04036322271411949 0.0 0.0 0.0 0.8511919369348543 0.5248545218348224
1638452695968102932 -0.05614990532793063 -0.04015963961738263 0.0 0.0 0.0 0.8504945437963268 0.5259838394473968
1638452696101102829 -0.0561836479164291 -0.040091612951165125 0.0 0.0 0.0 0.8469109000895059 0.5317348816557899
1638452696301102877 -0.056161796876118386 -0.04013728786827425 0.0 0.0 0.0 0.8362474180992713 0.5483523346444472
1638452696466102839 -0.056170211867004785 -0.04011338800467183 0.0 0.0 0.0 0.8222955994661176 0.5690605429508296
1638452696590696573 -0.056178689707269996 -0.040089540873248106 0.0 0.0 0.0 0.808362145715916 0.5886855236717919
1638452696700103045 -0.05619905275721698 -0.040016388327733 0.0 0.0 0.0 0.7938694257390883 0.6080882286372471
1638452696899102926 -0.059788795240319936 -0.01785313428654768 0.0 0.0 0.0 0.7618790446651487 0.6477193295058407
163845269799102974 -0.06819304188111175 0.033968757427498705 0.0 0.0 0.0 0.7257513602916207 0.6879570540823429
1638452697258968115 -0.06819394025004362 0.033892846618915784 0.0 0.0 0.0 0.6852437199557639 0.7283138242408309
1638452697457967997 -0.06821810991941382 0.03369188225041718 0.0 0.0 0.0 0.6348458694713113 0.77263877570904
1638452697590968132 -0.06822555708288851 0.03366763878977663 0.0 0.0 0.0 0.5980637751275135 0.801448467930196
1638452697790967941 -0.0681787349396621 0.03378510453158031 0.0 0.0 0.0 0.5427015003006058 0.8399256594224156
163845269828968096 -0.047754894149877894 -0.01351445066451902 0.0 0.0 0.0 0.475151844475631 0.8799037975488547
1638452698161967993 -0.04775489903257228 -0.013514417285814803 0.0 0.0 0.0 0.4362055118834939 0.8998470728834834
1638452698293967962 -0.047687006174516544 -0.013439339988744782 0.0 0.0 0.0 0.3952178280365008 0.9185874279941854
1638452698394968033 -0.04768621832341205 -0.013440132777231377 0.0 0.0 0.0 0.3648986169837011 0.9310472668428618
1638452698507967949 -0.04768575659613254 -0.013440657288204726 0.0 0.0 0.0 0.3293345404418736 0.9442132863890221
1638452698642967939 -0.047644718374875064 -0.013411094252748952 0.0 0.0 0.0 0.2847152086252919 0.9586121553180058
1638452698842967987 -0.007518381124401053 -0.03241458264810247 0.0 0.0 0.0 0.2104746378517181 0.9775993037499185
16384526997967949 -0.007541957687186806 -0.03242367013288158 0.0 0.0 0.0 0.15525930060091145 0.9878737341282087
1638452699140968084 -0.007640038432036467 -0.03244860421502341 0.0 0.0 0.0 0.10960326337176877 0.9939754191952606
1638452699308968067 -0.007739879401033576 -0.032465069622874945 0.0 0.0 0.0 0.05324797878537804 0.9985813381008138
1638452699508968115 -0.0064969773473037215 -0.051388232547073656 0.0 0.0 0.0 -0.011465801257720402 0.99993425516296
1638452699696592093 -0.006496963348085083 -0.05138784472523935 0.0 0.0 0.0 -0.029045348476913698 0.9995781228799475
1638452699896592140 -0.006471694632423419 -0.05138930484601593 0.0 0.0 0.0 -0.028930340162313987 0.9995814140025315
163845270099592209 -0.006471694712686257 -0.051389301121590375 0.0 0.0 0.0 -0.028967274783130374 0.9995803813396293
1638452700237592220 -0.006471694712686257 -0.051389301121590375 0.0 0.0 0.0 -0.028919633529429827 0.9995817159065797
1638452700370592117 -0.006471694632423419 -0.05138930484601593 0.0 0.0 0.0 -0.02896045905403198 0.999580546339751
1638452700502592087 -0.006471694632423419 -0.05138930484601593 0.0 0.0 0.0 -0.028860446216891544 0.999583462549857
1638452700636592150 -0.006496963348085083 -0.05138784472523935 0.0 0.0 0.0 -0.02894350662838754 0.9995810193843843
1638452700802592039 -0.006496963428347914 -0.0513878410008138 0.0 0.0 0.0 -0.028922674474179642 0.9995816294533449
1638452700939592123 -0.006496959623659523 -0.05138784464497651 0.0 0.0 0.0 -0.028831907398734147 0.9995842876281599
1638452701107592106 -0.006496959623659523 -0.05138784464497651 0.0 0.0 0.0 -0.028920445595584786 0.9995817246557364
1638452701306591988 -0.006471690667209373 -0.05138931593902975 0.0 0.0 0.0 -0.02895726165616973 0.9995806311073686
1638452701438592196 -0.006446421871284871 -0.05139077978423187 0.0 0.0 0.0 -0.02900147828248761 0.9995793788598772
1638452701605592012 -0.006471694552160588 -0.05138930857044148 0.0 0.0 0.0 -0.028932132565098585 0.9995813737056776
1638452701739592075 -0.006471694552160588 -0.05138930857044148 0.0 0.0 0.0 -0.028908650598921934 0.9995820744419165
1638452701837592125 -0.006496963348085083 -0.05138784472523935 0.0 0.0 0.0 -0.028968795255505282 0.999580338113012
1638452701938592196 -0.0064464257562361 -0.051390772415643604 0.0 0.0 0.0 -0.028950128653632452 0.9995808522973076
1638452702104821920 -0.006471694471897757 -0.051389312294867026 0.0 0.0 0.0 -0.02891272775641297 0.9995819395446773
1638452702270822048 -0.006471694552160588 -0.05138930857044148 0.0 0.0 0.0 -0.028846735889998615 0.9995838513084775
1638452702469821930 -0.04168188286289913 -0.03868749713416686 0.0 0.0 0.0 -0.023422655836352585 0.9997256416457143
1638452702606822014 -0.06767848782074784 -0.029299707738740965 0.0 0.0 0.0 -0.01924893895577458 0.99981472340121
1638452702706821918 -0.06767848766964174 -0.029299711460965404 0.0 0.0 0.0 -0.01933638268618109 0.999813039806921
1638452702841822147 -0.06767848797185394 -0.029299704016516527 0.0 0.0 0.0 -0.01945791127103921 0.9998106765871563
