1638452624598392010 4.282778992559244e-12 -3.343106069753077e-10 0.0 0.0 0.0 0.00024357251822948456 1.0
1638452624730391979 -2.53106773016043e-05 -1.376271274722285e-08 0.0 0.0 0.0 0.0003076735883951187 0.9999999403953552
1638452624903392076 4.181834566130416e-12 3.669557546714941e-09 0.0 0.0 0.0 0.00010823458433151245 1.0
163845262535392046 -2.5310680939583108e-05 -6.0058336082136066e-09 0.0 0.0 0.0 0.00024792738258838654 0.9999999403953552
1638452625201391935 -2.5310680939583108e-05 -6.992479928413786e-09 0.0 0.0 0.0 0.0002461932599544525 0.9999999403953552
1638452625401391983 -2.5310679120593704e-05 -8.190429667820354e-09 0.0 0.0 0.0 0.00022044964134693146 1.0
1638452625533391953 4.957723467868824e-12 4.617358051461906e-09 0.0 0.0 0.0 0.00030647963285446167 0.9999999403953552
1638452625699392080 -2.53106773016043e-05 -9.232896225341847e-09 0.0 0.0 0.0 0.0003035273402929306 0.9999999403953552
1638452625836391926 -2.53106773016043e-05 -7.403064383737501e-09 0.0 0.0 0.0 0.00019953586161136627 1.0
16384526261391888 5.349538520493802e-12 6.555245235517759e-09 0.0 0.0 0.0 0.00032271258533000946 0.9999999403953552
1638452626133392096 -2.5310675482614897e-05 -9.12149289433728e-09 0.0 0.0 0.0 0.0002227742224931717 1.0
1638452626300391912 2.531068639655132e-05 2.3957815287189987e-08 0.0 0.0 0.0 0.00032114796340465546 0.9999999403953552
1638452626434391975 0.0005821457598358393 -6.7047993823621255e-09 0.0 0.0 0.0 -0.00012373179197311401 1.0
1638452626569391966 0.0018983010668307543 -9.330216812486469e-07 0.0 0.0 0.0 -0.0006142611964605749 0.9999998211860657
1638452626735392094 0.00402439758181572 -2.946999074993073e-06 0.0 0.0 0.0 -0.00044370998512022197 0.9999998807907104
1638452626905391932 0.0074160280637443066 -5.844476618221961e-06 0.0 0.0 0.0 -0.00043770112097263336 0.9999998807907104
163845262777873945 0.01068110391497612 -9.01329349289881e-06 0.0 0.0 0.0 -0.0005158055573701859 0.9999998807907104
1638452627244874001 0.013996802270412445 -1.1957770766457543e-05 0.0 0.0 0.0 -0.0004568118310999125 0.9999998807907104
1638452627380873919 0.01751498505473137 -1.540723314974457e-05 0.0 0.0 0.0 -0.0006121266051195562 0.9999998211860657
1638452627547873974 0.02250118926167488 -1.9919685655622743e-05 0.0 0.0 0.0 -0.00035379640758037567 0.9999999403953552
1638452627683873892 0.02642434649169445 -2.3219443392008543e-05 0.0 0.0 0.0 -0.00044906322727911174 0.9999998807907104
1638452627852874041 0.032650772482156754 -2.9845297831343487e-05 0.0 0.0 0.0 -0.0007732081576250494 0.9999997019767761
1638452627985873938 0.037940699607133865 -3.5506240237737074e-05 0.0 0.0 0.0 -0.0003983825445175171 0.9999999403953552
1638452628151874065 0.044622715562582016 -4.292212543077767e-05 0.0 0.0 0.0 -0.000621408165898174 0.9999998211860657
1638452628287873983 0.05087444931268692 -5.052692722529173e-05 0.0 0.0 0.0 -0.000557413324713707 0.9999998211860657
1638452628419873953 0.05753115564584732 -5.824651088914834e-05 0.0 0.0 0.0 -0.0006283446564339101 0.9999998211860657
1638452628588874102 0.06593429297208786 -6.724766717525199e-05 0.0 0.0 0.0 -0.0004245452582836151 0.9999998807907104
1638452628724874020 0.07360342890024185 -7.241289858939126e-05 0.0 0.0 0.0 -0.0003868304193019867 0.9999999403953552
1638452628889873981 0.08334804326295853 -8.182523743016645e-05 0.0 0.0 0.0 -0.0007101948722265661 0.9999997615814209
163845262922873878 0.09208022058010101 -9.498108556726947e-05 0.0 0.0 0.0 -0.0008296741871163249 0.9999996423721313
1638452629188874006 0.10369782149791718 -0.00011592465307330713 0.0 0.0 0.0 -0.0007482934161089361 0.9999997019767761
1638452629324873924 0.11394863575696945 -0.0001347070501651615 0.0 0.0 0.0 -0.0009562315535731614 0.9999995231628418
1638452629489115000 0.1270342320203781 -0.00016173851327039301 0.0 0.0 0.0 -0.0011965741869062185 0.9999992847442627
1638452629623115063 0.1383986920118332 -0.0001895803288789466 0.0 0.0 0.0 -0.0011850816663354635 0.9999992847442627
1638452629789114952 0.1532306969165802 -0.00023008066636975855 0.0 0.0 0.0 -0.001560864388011396 0.9999988079071045
1638452629955115080 0.16801206767559052 -0.00027734521427191794 0.0 0.0 0.0 -0.0017346955137327313 0.9999985098838806
163845263089115143 0.1799839437007904 -0.00032261162414215505 0.0 0.0 0.0 -0.0018946274649351835 0.9999982118606567
1638452630223114967 0.19193048775196075 -0.00037002458702772856 0.0 0.0 0.0 -0.0019871951080858707 0.9999980330467224
1638452630390115023 0.20688897371292114 -0.00043076236033812165 0.0 0.0 0.0 -0.002134038368239999 0.9999977350234985
1638452630525115013 0.2189873605966568 -0.00048449853784404695 0.0 0.0 0.0 -0.002206096425652504 0.9999975562095642
1638452630692115068 0.2338952124118805 -0.000549239048268646 0.0 0.0 0.0 -0.0021382311824709177 0.9999977350234985
1638452630826115131 0.2465757429599762 -0.0006054192781448364 0.0 0.0 0.0 -0.002133095869794488 0.9999977350234985
1638452630993114948 0.26333126425743103 -0.0006814043154008687 0.0 0.0 0.0 -0.0023128145840018988 0.9999973177909851
1638452631126115084 0.27666983008384705 -0.000742344360332936 0.0 0.0 0.0 -0.0023601797875016928 0.9999971985816956
1638452631295114994 0.29345065355300903 -0.0008198051946237683 0.0 0.0 0.0 -0.002190208062529564 0.999997615814209
1638452631427114964 0.30663737654685974 -0.0008781202486716211 0.0 0.0 0.0 -0.0021936073899269104 0.999997615814209
1638452631595114946 0.3232663571834564 -0.0009492886019870639 0.0 0.0 0.0 -0.0019336517434567213 0.999998152256012
1638452631727114916 0.33632656931877136 -0.0009988397359848022 0.0 0.0 0.0 -0.0016947771655395627 0.9999985694885254
1638452631893115044 0.3536136746406555 -0.0010643836576491594 0.0 0.0 0.0 -0.0020040427334606647 0.9999979734420776
163845263245164108 0.3717613220214844 -0.0011336939642205834 0.0 0.0 0.0 -0.001783306710422039 0.9999983906745911
1638452632181164026 0.38656795024871826 -0.001185143832117319 0.0 0.0 0.0 -0.0019415400456637144 0.9999980926513672
1638452632347164154 0.4046390652656555 -0.0013364126207306981 0.0 0.0 0.0 -0.0074446070939302444 0.9999722838401794
1638452632547164202 0.4266774356365204 -0.0018864463781937957 0.0 0.0 0.0 -0.01769443042576313 0.999843418598175
1638452632680164099 0.4413194954395294 -0.0024979147128760815 0.0 0.0 0.0 -0.024074744433164597 0.9997101426124573
1638452632818164110 0.45650845766067505 -0.003327922197058797 0.0 0.0 0.0 -0.030650919303297997 0.9995301365852356
1638452632984164000 0.4747868776321411 -0.0046278634108603 0.0 0.0 0.0 -0.04156499728560448 0.9991357922554016
1638452633186164141 0.49686199426651 -0.006937544792890549 0.0 0.0 0.0 -0.06409288197755814 0.9979439377784729
1638452633353164196 0.5149232745170593 -0.009709598496556282 0.0 0.0 0.0 -0.08741556853055954 0.9961719512939453
1638452633486164093 0.5291038155555725 -0.012495581060647964 0.0 0.0 0.0 -0.10636776685714722 0.9943268299102783
1638452633654164076 0.5470365881919861 -0.016832586377859116 0.0 0.0 0.0 -0.1307142972946167 0.9914200901985168
1638452633857164145 0.5682023763656616 -0.023166902363300323 0.0 0.0 0.0 -0.15925154089927673 0.9872380495071411
163845263424164200 0.5853673219680786 -0.029283219948410988 0.0 0.0 0.0 -0.18200883269309998 0.9832968711853027
1638452634189164162 0.602109968662262 -0.036148544400930405 0.0 0.0 0.0 -0.20520053803920746 0.97871994972229
1638452634322164059 0.6154744029045105 -0.04228251799941063 0.0 0.0 0.0 -0.22089600563049316 0.9752973914146423
1638452634490054846 0.6318861246109009 -0.05043347179889679 0.0 0.0 0.0 -0.23483826220035553 0.9720344543457031
1638452634623054981 0.6448058485984802 -0.05718789994716644 0.0 0.0 0.0 -0.2414751797914505 0.9704070091247559
1638452634790055037 0.660699188709259 -0.06568296998739243 0.0 0.0 0.0 -0.24243971705436707 0.9701664447784424
1638452634923054934 0.6736979484558105 -0.07250475883483887 0.0 0.0 0.0 -0.23605577647686005 0.9717395305633545
163845263592054844 0.6904285550117493 -0.08086685091257095 0.0 0.0 0.0 -0.22185222804546356 0.9750803112983704
1638452635258054972 0.7070814967155457 -0.08845003694295883 0.0 0.0 0.0 -0.20128244161605835 0.9795332551002502
1638452635456054926 0.7273708581924438 -0.09639245271682739 0.0 0.0 0.0 -0.1679193377494812 0.9858007431030273
1638452635624054909 0.7448031902313232 -0.10177571326494217 0.0 0.0 0.0 -0.129306823015213 0.9916046261787415
1638452635791054964 0.7625841498374939 -0.10562082380056381 0.0 0.0 0.0 -0.08246640861034393 0.9965938329696655
1638452635930054903 0.7776304483413696 -0.10744467377662659 0.0 0.0 0.0 -0.037205424159765244 0.9993076324462891
163845263695054865 0.7956644892692566 -0.10782568901777267 0.0 0.0 0.0 0.01662636362016201 0.9998617768287659
1638452636298054934 0.8191350698471069 -0.10538759082555771 0.0 0.0 0.0 0.08636297285556793 0.9962637424468994
1638452636430054903 0.8346989154815674 -0.10194264352321625 0.0 0.0 0.0 0.1311621218919754 0.9913609623908997
1638452636598054886 0.8549979329109192 -0.0951620414853096 0.0 0.0 0.0 0.1880575567483902 0.9821580052375793
1638452636797055006 0.879384458065033 -0.0834876149892807 0.0 0.0 0.0 0.2540394365787506 0.9671938419342041
163845263713938904 0.9042034149169922 -0.06727470457553864 0.0 0.0 0.0 0.3143903613090515 0.9492937922477722
1638452637148938894 0.9189856648445129 -0.05549134686589241 0.0 0.0 0.0 0.3448222875595093 0.9386679530143738
1638452637348938942 0.9396384954452515 -0.03638173267245293 0.0 0.0 0.0 0.3836372196674347 0.9234839081764221
1638452637481938839 0.9524008631706238 -0.022953009232878685 0.0 0.0 0.0 0.4047086536884308 0.914445698261261
1638452637630939007 0.9661306142807007 -0.007188357412815094 0.0 0.0 0.0 0.4231332838535309 0.906067430973053
1638452637797939062 0.980732262134552 0.01088427472859621 0.0 0.0 0.0 0.4378337264060974 0.8990559577941895
1638452637931938887 0.9920727610588074 0.025631137192249298 0.0 0.0 0.0 0.4452020227909088 0.8954301476478577
163845263896938848 1.005751609802246 0.04397273808717728 0.0 0.0 0.0 0.4508229196071625 0.892613410949707
1638452638232939005 1.0169466733932495 0.0591777004301548 0.0 0.0 0.0 0.4510384202003479 0.8925045132637024
1638452638397938967 1.0307668447494507 0.07772967964410782 0.0 0.0 0.0 0.4449951946735382 0.8955329656600952
1638452638530938864 1.0422189235687256 0.09255017340183258 0.0 0.0 0.0 0.4355010390281677 0.9001882076263428
1638452638696938992 1.0569952726364136 0.11044646054506302 0.0 0.0 0.0 0.4160603880882263 0.9093369841575623
1638452638899939060 1.0761849880218506 0.13123546540737152 0.0 0.0 0.0 0.3842209279537201 0.9232411980628967
1638452639100939035 1.096699595451355 0.15038414299488068 0.0 0.0 0.0 0.3487861156463623 0.9372023344039917
1638452639233938932 1.111057162284851 0.16217108070850372 0.0 0.0 0.0 0.3249809741973877 0.9457205533981323
1638452639400938988 1.1298189163208008 0.17587164044380188 0.0 0.0 0.0 0.2954091429710388 0.9553708434104919
1638452639567461967 1.1496394872665405 0.1885148584842682 0.0 0.0 0.0 0.2646578848361969 0.9643423557281494
1638452639733462095 1.1698849201202393 0.1996474415063858 0.0 0.0 0.0 0.23169609904289246 0.9727882146835327
1638452639899461985 1.1909101009368896 0.20928360521793365 0.0 0.0 0.0 0.1937265843153 0.9810555577278137
163845264099462032 1.2173576354980469 0.21865278482437134 0.0 0.0 0.0 0.14506055414676666 0.9894227981567383
1638452640299462080 1.24435293674469 0.22531715035438538 0.0 0.0 0.0 0.09666689485311508 0.9953168034553528
1638452640534461975 1.2768324613571167 0.22978432476520538 0.0 0.0 0.0 0.04005128890275955 0.9991976022720337
1638452640735461950 1.304801344871521 0.23067691922187805 0.0 0.0 0.0 -0.008832518942654133 0.9999610185623169
1638452640901462078 1.3280678987503052 0.22933624684810638 0.0 0.0 0.0 -0.04867148399353027 0.9988148212432861
163845264181461906 1.3530926704406738 0.22576922178268433 0.0 0.0 0.0 -0.0920962318778038 0.9957501292228699
1638452641296462059 1.382309913635254 0.218718484044075 0.0 0.0 0.0 -0.14379273355007172 0.9896078109741211
1638452641429461956 1.400681495666504 0.21261273324489594 0.0 0.0 0.0 -0.1750919371843338 0.9845520853996277
1638452641597461939 1.423895001411438 0.2029958814382553 0.0 0.0 0.0 -0.21545854210853577 0.9765129685401917
1638452641797461987 1.4502729177474976 0.18917527794837952 0.0 0.0 0.0 -0.2624775469303131 0.9649381041526794
163845264215125990 1.4754531383514404 0.17262384295463562 0.0 0.0 0.0 -0.31010422110557556 0.9507025480270386
1638452642152125835 1.4915753602981567 0.16000618040561676 0.0 0.0 0.0 -0.34194427728652954 0.9397202134132385
1638452642284126043 1.506272792816162 0.14686760306358337 0.0 0.0 0.0 -0.37159836292266846 0.9283936023712158
1638452642449126005 1.5233969688415527 0.12917685508728027 0.0 0.0 0.0 -0.4084479808807373 0.9127815961837769
1638452642581125975 1.536010980606079 0.11412577331066132 0.0 0.0 0.0 -0.4372132420539856 0.8993578553199768
1638452642749125957 1.550552248954773 0.0939764603972435 0.0 0.0 0.0 -0.47350776195526123 0.8807896375656128
1638452642886126041 1.5613840818405151 0.07636534422636032 0.0 0.0 0.0 -0.5014694929122925 0.8651753067970276
163845264353125858 1.5730303525924683 0.0542982742190361 0.0 0.0 0.0 -0.53041672706604 0.8477370738983154
1638452643186125994 1.5812777280807495 0.03636269271373749 0.0 0.0 0.0 -0.5482038259506226 0.8363447785377502
1638452643353126049 1.5907926559448242 0.013128954917192459 0.0 0.0 0.0 -0.5651345252990723 0.8249987959861755
1638452643520125866 1.599459171295166 -0.010327222757041454 0.0 0.0 0.0 -0.5779547691345215 0.8160687685012817
1638452643685125828 1.6074615716934204 -0.03385843336582184 0.0 0.0 0.0 -0.5857334136962891 0.8105037808418274
1638452643853126049 1.6151516437530518 -0.05770657956600189 0.0 0.0 0.0 -0.5915111303329468 0.8062968254089355
1638452643986125946 1.6210118532180786 -0.07671795040369034 0.0 0.0 0.0 -0.5964407920837402 0.8026570677757263
1638452644151125908 1.6280033588409424 -0.10056919604539871 0.0 0.0 0.0 -0.6026004552841187 0.7980430722236633
1638452644285125971 1.6333659887313843 -0.11983206868171692 0.0 0.0 0.0 -0.6064578294754028 0.7951156497001648
1638452644453125954 1.6403530836105347 -0.14531591534614563 0.0 0.0 0.0 -0.6064214706420898 0.7951433658599854
1638452644658980846 1.6496694087982178 -0.1792418509721756 0.0 0.0 0.0 -0.6064587831497192 0.7951149344444275
1638452644793981075 1.6557384729385376 -0.2013818621635437 0.0 0.0 0.0 -0.6066024303436279 0.7950053215026855
1638452644925981045 1.6616339683532715 -0.22291330993175507 0.0 0.0 0.0 -0.6065898537635803 0.7950149178504944
163845264592980862 1.6690943241119385 -0.2501833140850067 0.0 0.0 0.0 -0.6062275171279907 0.7952912449836731
1638452645226980925 1.6752218008041382 -0.27220210433006287 0.0 0.0 0.0 -0.6031613349914551 0.7976192235946655
1638452645396981001 1.6833016872406006 -0.29998070001602173 0.0 0.0 0.0 -0.5975816249847412 0.8018081188201904
1638452645532980919 1.6899739503860474 -0.3218669593334198 0.0 0.0 0.0 -0.5927411317825317 0.8053930401802063
1638452645699980974 1.698509693145752 -0.3486335873603821 0.0 0.0 0.0 -0.5867963433265686 0.809734582901001
1638452645831980944 1.705641746520996 -0.36968040466308594 0.0 0.0 0.0 -0.5778824687004089 0.8161200284957886
1638452645998980999 1.7155719995498657 -0.3963388204574585 0.0 0.0 0.0 -0.5634483098983765 0.8261513113975525
1638452646131980896 1.7242064476013184 -0.41752731800079346 0.0 0.0 0.0 -0.5523272752761841 0.8336273431777954
1638452646297981024 1.735628604888916 -0.44327718019485474 0.0 0.0 0.0 -0.538232684135437 0.842796266078949
1638452646431980848 1.7454391717910767 -0.4636949300765991 0.0 0.0 0.0 -0.5267167687416077 0.850040853023529
1638452646600980997 1.7585910558700562 -0.4890912175178528 0.0 0.0 0.0 -0.512427031993866 0.8587307333946228
1638452646732980967 1.7693957090377808 -0.5085389018058777 0.0 0.0 0.0 -0.5017688870429993 0.8650017380714417
1638452646898980856 1.7837597131729126 -0.5327712893486023 0.0 0.0 0.0 -0.48831555247306824 0.872667133808136
163845264741790009 1.796015739440918 -0.5522120594978333 0.0 0.0 0.0 -0.4775996804237366 0.8785775899887085
1638452647241790056 1.8150895833969116 -0.5804069638252258 0.0 0.0 0.0 -0.45974406599998474 0.888051450252533
1638452647375790119 1.8285330533981323 -0.5988898277282715 0.0 0.0 0.0 -0.4476795196533203 0.8941940665245056
1638452647543790102 1.8458796739578247 -0.62137371301651 0.0 0.0 0.0 -0.43536508083343506 0.9002540111541748
1638452647676789999 1.8599599599838257 -0.6388923525810242 0.0 0.0 0.0 -0.4291428327560425 0.9032366275787354
1638452647845790148 1.8780819177627563 -0.6607568860054016 0.0 0.0 0.0 -0.421736478805542 0.9067184329032898
1638452647978790045 1.8924680948257446 -0.6777279376983643 0.0 0.0 0.0 -0.4196561276912689 0.9076831936836243
1638452648143790007 1.9107764959335327 -0.6993043422698975 0.0 0.0 0.0 -0.42133283615112305 0.9069060683250427
1638452648277790070 1.9254024028778076 -0.716834306716919 0.0 0.0 0.0 -0.4269922077655792 0.9042552709579468
1638452648377789974 1.9361892938613892 -0.730115532875061 0.0 0.0 0.0 -0.4328305125236511 0.9014753103256226
1638452648478790045 1.9467382431030273 -0.743522047996521 0.0 0.0 0.0 -0.4411792457103729 0.8974190354347229
1638452648577790022 1.956891655921936 -0.7570093870162964 0.0 0.0 0.0 -0.4521554410457611 0.8919391632080078
1638452648744790077 1.9730064868927002 -0.7801737785339355 0.0 0.0 0.0 -0.4750644862651825 0.879951000213623
1638452648878790140 1.9849743843078613 -0.7993751168251038 0.0 0.0 0.0 -0.4964713752269745 0.8680530786514282
163845264977790022 2.000739336013794 -0.8291628360748291 0.0 0.0 0.0 -0.5354329347610474 0.8445777297019958
1638452649243790150 2.0114846229553223 -0.8545103669166565 0.0 0.0 0.0 -0.5693936347961426 0.8220650553703308
1638452649375790119 2.0183656215667725 -0.874809980392456 0.0 0.0 0.0 -0.5963038206100464 0.8027588725090027
1638452649545409918 2.0250136852264404 -0.9008987545967102 0.0 0.0 0.0 -0.6303982138633728 0.7762719392776489
1638452649679409981 2.0287187099456787 -0.9222415089607239 0.0 0.0 0.0 -0.656569242477417 0.7542657256126404
1638452649845409870 2.0312633514404297 -0.9487640261650085 0.0 0.0 0.0 -0.6881434321403503 0.7255746722221375
1638452649977410078 2.0316641330718994 -0.970295786857605 0.0 0.0 0.0 -0.7127403616905212 0.7014279961585999
1638452650143409967 2.0300819873809814 -0.9970957636833191 0.0 0.0 0.0 -0.7418815493583679 0.6705309152603149
1638452650275409937 2.0271952152252197 -1.018309235572815 0.0 0.0 0.0 -0.7641584873199463 0.6450285315513611
1638452650375410080 2.024082899093628 -1.0341531038284302 0.0 0.0 0.0 -0.7803137302398682 0.6253882646560669
1638452650541409969 2.0170583724975586 -1.060221791267395 0.0 0.0 0.0 -0.8065479397773743 0.5911686420440674
1638452650684409857 2.009310007095337 -1.0818800926208496 0.0 0.0 0.0 -0.8279287219047546 0.5608332753181458
1638452650824409962 2.0000574588775635 -1.1027461290359497 0.0 0.0 0.0 -0.8483932614326477 0.5293664932250977
1638452650994410038 1.9867854118347168 -1.1271251440048218 0.0 0.0 0.0 -0.8702490925788879 0.49261197447776794
1638452651159410000 1.971388816833496 -1.150586724281311 0.0 0.0 0.0 -0.8890840411186218 0.45774397253990173
1638452651293410063 1.9576430320739746 -1.1687482595443726 0.0 0.0 0.0 -0.9012607336044312 0.4332771599292755
1638452651427409887 1.9431110620498657 -1.1860240697860718 0.0 0.0 0.0 -0.911406934261322 0.41150620579719543
1638452651594409943 1.9239985942840576 -1.2066470384597778 0.0 0.0 0.0 -0.9210590124130249 0.3894230127334595
1638452651726409912 1.908069133758545 -1.22257399559021 0.0 0.0 0.0 -0.9265023469924927 0.37628892064094543
1638452651826410055 1.8958513736724854 -1.2342610359191895 0.0 0.0 0.0 -0.9294676780700684 0.36890360713005066
1638452651987747908 1.8743817806243896 -1.2543253898620605 0.0 0.0 0.0 -0.9303751587867737 0.3666088879108429
1638452652153747797 1.8538930416107178 -1.2735483646392822 0.0 0.0 0.0 -0.9288503527641296 0.37045520544052124
1638452652286747932 1.8376041650772095 -1.2892178297042847 0.0 0.0 0.0 -0.9258707165718079 0.377840518951416
1638452652420747995 1.8214468955993652 -1.3054181337356567 0.0 0.0 0.0 -0.9211357235908508 0.38924160599708557
1638452652587747812 1.8020896911621094 -1.3260223865509033 0.0 0.0 0.0 -0.9144464135169983 0.4047069549560547
1638452652722747803 1.7870973348617554 -1.3429698944091797 0.0 0.0 0.0 -0.9090947508811951 0.4165894091129303
1638452652888747931 1.7691313028335571 -1.364469289779663 0.0 0.0 0.0 -0.9025744199752808 0.43053385615348816
163845265322747993 1.7549322843551636 -1.3824430704116821 0.0 0.0 0.0 -0.8972034454345703 0.4416174292564392
1638452653189747810 1.7378785610198975 -1.4053704738616943 0.0 0.0 0.0 -0.8896576166152954 0.4566282033920288
1638452653324747801 1.724745273590088 -1.424198865890503 0.0 0.0 0.0 -0.8836965560913086 0.4680602550506592
1638452653492747784 1.7091097831726074 -1.448055624961853 0.0 0.0 0.0 -0.876058042049408 0.48220565915107727
1638452653626747847 1.6973235607147217 -1.4671926498413086 0.0 0.0 0.0 -0.8698725700378418 0.4932765066623688
1638452653793747902 1.683179259300232 -1.4917001724243164 0.0 0.0 0.0 -0.8619431853294373 0.5070049166679382
1638452653925747871 1.6725894212722778 -1.5112944841384888 0.0 0.0 0.0 -0.855657696723938 0.5175421833992004
163845265490747833 1.6599386930465698 -1.5363785028457642 0.0 0.0 0.0 -0.8473274111747742 0.53107088804245
1638452654289747953 1.6457749605178833 -1.5671377182006836 0.0 0.0 0.0 -0.8366928100585938 0.5476725101470947
1638452654455747843 1.634883999824524 -1.5932813882827759 0.0 0.0 0.0 -0.8273155689239502 0.5617374181747437
1638452654609758854 1.6248705387115479 -1.6197195053100586 0.0 0.0 0.0 -0.8183372020721436 0.5747383832931519
1638452654776758909 1.6156972646713257 -1.6464874744415283 0.0 0.0 0.0 -0.809066653251648 0.5877168774604797
1638452654945758820 1.6073261499404907 -1.6736761331558228 0.0 0.0 0.0 -0.7995598912239075 0.6005863547325134
163845265580758810 1.6012479066848755 -1.6956816911697388 0.0 0.0 0.0 -0.7916834354400635 0.6109315156936646
1638452655247758865 1.5944573879241943 -1.7233593463897705 0.0 0.0 0.0 -0.7819978594779968 0.6232811212539673
1638452655446758986 1.5875403881072998 -1.7565348148345947 0.0 0.0 0.0 -0.7697799801826477 0.6383092999458313
1638452655578758955 1.5836992263793945 -1.778473973274231 0.0 0.0 0.0 -0.7616586089134216 0.6479784846305847
1638452655745759010 1.579620122909546 -1.806551218032837 0.0 0.0 0.0 -0.7506192326545715 0.660735011100769
1638452655947758913 1.5759453773498535 -1.8404185771942139 0.0 0.0 0.0 -0.7379065155982971 0.6749029755592346
1638452656149758816 1.5735127925872803 -1.8747529983520508 0.0 0.0 0.0 -0.7251265645027161 0.688615620136261
1638452656282758951 1.5726146697998047 -1.8973623514175415 0.0 0.0 0.0 -0.7165533900260925 0.6975322365760803
1638452656451758862 1.5723094940185547 -1.9262391328811646 0.0 0.0 0.0 -0.70506352186203 0.7091441750526428
1638452656583758831 1.5727145671844482 -1.9484829902648926 0.0 0.0 0.0 -0.6961471438407898 0.7178991436958313
1638452656750758886 1.5740407705307007 -1.9768494367599487 0.0 0.0 0.0 -0.6848065257072449 0.7287248969078064
1638452656883759022 1.575709581375122 -1.9991612434387207 0.0 0.0 0.0 -0.675872802734375 0.7370182871818542
163845265795977783 1.579236626625061 -2.0325865745544434 0.0 0.0 0.0 -0.662350058555603 0.7491945028305054
1638452657228977919 1.5822710990905762 -2.0548815727233887 0.0 0.0 0.0 -0.6530708074569702 0.7572968602180481
1638452657395977974 1.586909532546997 -2.0830514430999756 0.0 0.0 0.0 -0.6407960057258606 0.7677111625671387
1638452657528977871 1.5912714004516602 -2.1054604053497314 0.0 0.0 0.0 -0.6310417056083679 0.7757489085197449
1638452657695977926 1.5974671840667725 -2.1330437660217285 0.0 0.0 0.0 -0.6185593008995056 0.7857381105422974
1638452657828977823 1.6030441522598267 -2.154973268508911 0.0 0.0 0.0 -0.6091189384460449 0.7930788993835449
1638452657996977806 1.6107760667800903 -2.1821401119232178 0.0 0.0 0.0 -0.5964385867118835 0.80265873670578
1638452658129977942 1.6174647808074951 -2.203411340713501 0.0 0.0 0.0 -0.58660489320755 0.8098732233047485
1638452658294977903 1.6266649961471558 -2.230062961578369 0.0 0.0 0.0 -0.5736728310585022 0.8190845251083374
1638452658428977966 1.6347737312316895 -2.251512289047241 0.0 0.0 0.0 -0.563117504119873 0.8263768553733826
1638452658596977949 1.645650029182434 -2.277881145477295 0.0 0.0 0.0 -0.5493362545967102 0.8356013894081116
1638452658729977846 1.6547870635986328 -2.2983322143554688 0.0 0.0 0.0 -0.5388708114624023 0.842388391494751
1638452658895977974 1.6670466661453247 -2.3237223625183105 0.0 0.0 0.0 -0.524389922618866 0.8514782786369324
163845265928977871 1.677412986755371 -2.3436927795410156 0.0 0.0 0.0 -0.5138291120529175 0.8578925728797913
1638452659194977999 1.6909960508346558 -2.36814022064209 0.0 0.0 0.0 -0.5004256963729858 0.865779459476471
1638452659328977823 1.702724575996399 -2.3878743648529053 0.0 0.0 0.0 -0.4886960983276367 0.8724541068077087
1638452659483989000 1.7180278301239014 -2.411945343017578 0.0 0.0 0.0 -0.47360479831695557 0.8807374835014343
1638452659651988983 1.7342580556869507 -2.4356167316436768 0.0 0.0 0.0 -0.45842310786247253 0.8887341022491455
1638452659853988886 1.754623532295227 -2.463082790374756 0.0 0.0 0.0 -0.44136539101600647 0.8973274827003479
163845266019989014 1.771978497505188 -2.4849820137023926 0.0 0.0 0.0 -0.4304354786872864 0.902621328830719
1638452660186989069 1.7897335290908813 -2.506657123565674 0.0 0.0 0.0 -0.42693963646888733 0.9042801260948181
1638452660355988979 1.8080414533615112 -2.5289266109466553 0.0 0.0 0.0 -0.42771100997924805 0.903915524482727
1638452660489989042 1.8223800659179688 -2.5465946197509766 0.0 0.0 0.0 -0.4330664277076721 0.9013620018959045
1638452660656989098 1.8399461507797241 -2.569004535675049 0.0 0.0 0.0 -0.4433056116104126 0.896370530128479
1638452660828989029 1.8571816682815552 -2.592519998550415 0.0 0.0 0.0 -0.4624616205692291 0.8866392970085144
1638452660995989084 1.872791051864624 -2.616058588027954 0.0 0.0 0.0 -0.4843451678752899 0.8748769760131836
1638452661198988914 1.8900026082992554 -2.6458888053894043 0.0 0.0 0.0 -0.5171133875846863 0.8559169173240662
1638452661398988962 1.9043141603469849 -2.6764564514160156 0.0 0.0 0.0 -0.5567827820777893 0.8306581377983093
1638452661598989010 1.9155793190002441 -2.7081923484802246 0.0 0.0 0.0 -0.5963804125785828 0.8027019500732422
1638452661769989014 1.9227004051208496 -2.736119270324707 0.0 0.0 0.0 -0.6301011443138123 0.7765130996704102
1638452661937988997 1.9271824359893799 -2.7631025314331055 0.0 0.0 0.0 -0.6631636023521423 0.7484744787216187
1638452662150943041 1.9293845891952515 -2.7961208820343018 0.0 0.0 0.0 -0.7018027901649475 0.7123712301254272
1638452662284943104 1.9289557933807373 -2.817930221557617 0.0 0.0 0.0 -0.7260574698448181 0.6876340508460999
1638452662451943159 1.9263455867767334 -2.844853162765503 0.0 0.0 0.0 -0.7545778751373291 0.6562105417251587
1638452662653943062 1.92025887966156 -2.8759100437164307 0.0 0.0 0.0 -0.7900252938270569 0.6130742430686951
1638452662787943125 1.9144008159637451 -2.895684242248535 0.0 0.0 0.0 -0.8125080466270447 0.5829499363899231
1638452662924942970 1.9071221351623535 -2.914681911468506 0.0 0.0 0.0 -0.8358495831489563 0.5489585399627686
163845266390943098 1.8962531089782715 -2.936713218688965 0.0 0.0 0.0 -0.8623492121696472 0.5063139200210571
1638452663291943073 1.880301594734192 -2.9615819454193115 0.0 0.0 0.0 -0.8915795087814331 0.4528641700744629
1638452663428943157 1.8677263259887695 -2.977283000946045 0.0 0.0 0.0 -0.9106515645980835 0.41317522525787354
1638452663595942974 1.850610375404358 -2.994976043701172 0.0 0.0 0.0 -0.9306718707084656 0.36585503816604614
1638452663729943037 1.8357317447662354 -3.00775146484375 0.0 0.0 0.0 -0.9445958733558655 0.3282356858253479
1638452663899943113 1.8152849674224854 -3.022216558456421 0.0 0.0 0.0 -0.9607291221618652 0.27748799324035645
1638452664131942987 1.7850397825241089 -3.038321018218994 0.0 0.0 0.0 -0.9785887002944946 0.20582547783851624
1638452664299942970 1.7620108127593994 -3.047091007232666 0.0 0.0 0.0 -0.987741231918335 0.156100332736969
1638452664432943106 1.7430731058120728 -3.052374839782715 0.0 0.0 0.0 -0.9932986497879028 0.11557604372501373
1638452664573442936 1.7235407829284668 -3.0561234951019287 0.0 0.0 0.0 -0.997340738773346 0.07287932932376862
1638452664739443064 1.6993165016174316 -3.0584864616394043 0.0 0.0 0.0 -0.9997212886810303 0.02360859327018261
1638452664941442966 1.6798914670944214 -3.057703971862793 0.0 0.0 0.0 0.9993236660957336 0.03677297383546829
163845266575443029 1.660485863685608 -3.0554633140563965 0.0 0.0 0.0 0.9969490766525269 0.07805442065000534
1638452665241443157 1.6364268064498901 -3.05037260055542 0.0 0.0 0.0 0.9916185736656189 0.1292000412940979
1638452665441442966 1.6074244976043701 -3.0407474040985107 0.0 0.0 0.0 0.981902003288269 0.1893896460533142
1638452665575443029 1.5888010263442993 -3.0324318408966064 0.0 0.0 0.0 0.9737991690635681 0.22740964591503143
1638452665746443033 1.5655685663223267 -3.019444227218628 0.0 0.0 0.0 0.9613397121429443 0.27536511421203613
1638452665878443003 1.5480490922927856 -3.0075864791870117 0.0 0.0 0.0 0.9506529569625854 0.31025633215904236
163845266645443058 1.526934266090393 -2.990680694580078 0.0 0.0 0.0 0.936275839805603 0.35126563906669617
1638452666178442955 1.5106045007705688 -2.975464344024658 0.0 0.0 0.0 0.9245522022247314 0.38105538487434387
1638452666349442959 1.4904468059539795 -2.9538490772247314 0.0 0.0 0.0 0.9091385006904602 0.4164939224720001
1638452666482443094 1.4753050804138184 -2.9353365898132324 0.0 0.0 0.0 0.8983054757118225 0.4393714964389801
1638452666650443077 1.4574867486953735 -2.910994291305542 0.0 0.0 0.0 0.8858980536460876 0.46387991309165955
1638452666819442987 1.4407508373260498 -2.885741710662842 0.0 0.0 0.0 0.8769413828849792 0.48059728741645813
1638452666989443064 1.424863576889038 -2.860034704208374 0.0 0.0 0.0 0.8706201910972595 0.49195578694343567
1638452667149651051 1.409595012664795 -2.8342485427856445 0.0 0.0 0.0 0.8673376441001892 0.4977201819419861
1638452667288650990 1.397040605545044 -2.8127384185791016 0.0 0.0 0.0 0.8672479391098022 0.49787652492523193
1638452667424651146 1.3847020864486694 -2.791776657104492 0.0 0.0 0.0 0.8693358302116394 0.49422183632850647
1638452667591650963 1.3688931465148926 -2.7658729553222656 0.0 0.0 0.0 0.8751614689826965 0.483830988407135
1638452667726651192 1.3556503057479858 -2.745532274246216 0.0 0.0 0.0 0.8834142684936523 0.4685927927494049
1638452667895651102 1.337982177734375 -2.72086238861084 0.0 0.0 0.0 0.8958833813667297 0.4442892372608185
163845266829651165 1.3229968547821045 -2.7021584510803223 0.0 0.0 0.0 0.9071414470672607 0.42082589864730835
1638452668198651075 1.3031450510025024 -2.6803641319274902 0.0 0.0 0.0 0.9221003651618958 0.3869507908821106
1638452668399651051 1.2783381938934326 -2.657402992248535 0.0 0.0 0.0 0.9397951364517212 0.3417382836341858
1638452668599651098 1.2526094913482666 -2.6380317211151123 0.0 0.0 0.0 0.9568625688552856 0.2905409634113312
1638452668733651161 1.2350425720214844 -2.627178907394409 0.0 0.0 0.0 0.9669554233551025 0.25494539737701416
1638452668901651144 1.2123095989227295 -2.6157314777374268 0.0 0.0 0.0 0.9782685041427612 0.20734211802482605
1638452669103651047 1.183698058128357 -2.6049976348876953 0.0 0.0 0.0 0.9887229800224304 0.14975595474243164
1638452669236651182 1.1640735864639282 -2.599727153778076 0.0 0.0 0.0 0.9937044978141785 0.11203283071517944
1638452669402651072 1.1392358541488647 -2.5953235626220703 0.0 0.0 0.0 0.998026430606842 0.06279561668634415
1638452669528998137 1.119145154953003 -2.593561887741089 0.0 0.0 0.0 0.9997097849845886 0.024090537801384926
1638452669696998119 1.1035550832748413 -2.5931894779205322 0.0 0.0 0.0 -0.9996708035469055 0.02565801329910755
1638452669897998095 1.0731348991394043 -2.5965816974639893 0.0 0.0 0.0 -0.9963711500167847 0.08511491864919662
163845267096998215 1.0435194969177246 -2.6034762859344482 0.0 0.0 0.0 -0.9898038506507874 0.14243698120117188
1638452670297998190 1.0148664712905884 -2.613729953765869 0.0 0.0 0.0 -0.9798809885978699 0.19958265125751495
1638452670500998020 0.9874669313430786 -2.6273181438446045 0.0 0.0 0.0 -0.9664872884750366 0.25671449303627014
1638452670633998156 0.9701906442642212 -2.638110637664795 0.0 0.0 0.0 -0.955861508846283 0.2938176393508911
1638452670867998123 0.941253125667572 -2.6606855392456055 0.0 0.0 0.0 -0.9349581003189087 0.3547581434249878
163845267133998013 0.9222458600997925 -2.6791391372680664 0.0 0.0 0.0 -0.9178670048713684 0.39688804745674133
1638452671166998148 0.9083170890808105 -2.6950621604919434 0.0 0.0 0.0 -0.9029989242553711 0.42964285612106323
1638452671331998110 0.8922232389450073 -2.716676950454712 0.0 0.0 0.0 -0.8843389749526978 0.46684530377388
1638452671533998013 0.8740054965019226 -2.7462270259857178 0.0 0.0 0.0 -0.8620586395263672 0.5068085193634033
1638452671700998068 0.8605780005455017 -2.772473096847534 0.0 0.0 0.0 -0.8441501259803772 0.5361068248748779
1638452671871998072 0.8482764363288879 -2.800654411315918 0.0 0.0 0.0 -0.8294047117233276 0.5586481690406799
163845267252562952 0.837558388710022 -2.828773260116577 0.0 0.0 0.0 -0.8181076049804688 0.5750651359558105
1638452672219563007 0.827743411064148 -2.857248067855835 0.0 0.0 0.0 -0.8112442493438721 0.5847074389457703
1638452672388562918 0.8183555006980896 -2.8860268592834473 0.0 0.0 0.0 -0.8077924847602844 0.5894669890403748
1638452672590563059 0.8072933554649353 -2.9204893112182617 0.0 0.0 0.0 -0.8090560436248779 0.5877314805984497
1638452672724562883 0.7997180819511414 -2.9431495666503906 0.0 0.0 0.0 -0.8144343495368958 0.5802556872367859
1638452672883563042 0.789917528629303 -2.97007155418396 0.0 0.0 0.0 -0.8245843648910522 0.5657390356063843
163845267351563025 0.7783751487731934 -2.9979703426361084 0.0 0.0 0.0 -0.8389333486557007 0.5442342162132263
1638452673184562922 0.7681242823600769 -3.0194942951202393 0.0 0.0 0.0 -0.8520739674568176 0.5234214067459106
1638452673320562840 0.7565526962280273 -3.0408568382263184 0.0 0.0 0.0 -0.8665021061897278 0.49917343258857727
1638452673487562895 0.7413840889930725 -3.065007209777832 0.0 0.0 0.0 -0.8842789530754089 0.46695905923843384
1638452673621562958 0.7282707691192627 -3.0829122066497803 0.0 0.0 0.0 -0.899318277835846 0.43729469180107117
1638452673788563013 0.710259735584259 -3.103966474533081 0.0 0.0 0.0 -0.9171130061149597 0.39862731099128723
1638452673923563004 0.6949365735054016 -3.119241714477539 0.0 0.0 0.0 -0.930974006652832 0.3650853931903839
163845267490563059 0.6752231121063232 -3.1358578205108643 0.0 0.0 0.0 -0.9473668932914734 0.32014983892440796
1638452674255563021 0.6545067429542542 -3.1501619815826416 0.0 0.0 0.0 -0.961604118347168 0.27444028854370117
1638452674422562838 0.6332149505615234 -3.1619532108306885 0.0 0.0 0.0 -0.9744740724563599 0.22450010478496552
1638452674576605082 0.6115645170211792 -3.171098232269287 0.0 0.0 0.0 -0.9851862192153931 0.17148779332637787
1638452674783605099 0.5846650004386902 -3.178668975830078 0.0 0.0 0.0 -0.9949665069580078 0.1002083271741867
1638452674983605146 0.5588493943214417 -3.1819381713867188 0.0 0.0 0.0 -0.9996609091758728 0.026040785014629364
1638452675186604977 0.5421460866928101 -3.1809496879577637 0.0 0.0 0.0 0.9986221790313721 0.05247620865702629
1638452675385605097 0.5178854465484619 -3.176431179046631 0.0 0.0 0.0 0.991186261177063 0.13247576355934143
1638452675519605160 0.5020929574966431 -3.17124605178833 0.0 0.0 0.0 0.9829910397529602 0.18365336954593658
1638452675695605040 0.4824603497982025 -3.162003517150879 0.0 0.0 0.0 0.967721700668335 0.25202134251594543
1638452675901605129 0.4611377418041229 -3.1476340293884277 0.0 0.0 0.0 0.9433431029319763 0.33181899785995483
1638452676103605032 0.44292622804641724 -3.1304612159729004 0.0 0.0 0.0 0.9137985706329346 0.4061676263809204
1638452676303605080 0.42778974771499634 -3.110715866088867 0.0 0.0 0.0 0.8779464960098267 0.4787587523460388
1638452676471605062 0.4176742136478424 -3.092494249343872 0.0 0.0 0.0 0.8439314961433411 0.5364509224891663
1638452676639605045 0.4101092219352722 -3.0731828212738037 0.0 0.0 0.0 0.807185709476471 0.5902975797653198
1638452676771605015 0.40594539046287537 -3.0572218894958496 0.0 0.0 0.0 0.775161862373352 0.631762683391571
1638452676938605070 0.4031037390232086 -3.0366761684417725 0.0 0.0 0.0 0.7325789928436279 0.6806820631027222
163845267781852913 0.4027143120765686 -3.0194506645202637 0.0 0.0 0.0 0.6981202960014343 0.7159805297851562
1638452677249853134 0.4046820402145386 -2.9963626861572266 0.0 0.0 0.0 0.6544051766395569 0.7561440467834473
1638452677382853031 0.4082048535346985 -2.978102207183838 0.0 0.0 0.0 0.6189537644386292 0.7854273915290833
1638452677518852949 0.413692831993103 -2.959091901779175 0.0 0.0 0.0 0.5828075408935547 0.8126102089881897
1638452677686852932 0.4228389859199524 -2.936129093170166 0.0 0.0 0.0 0.5396201014518738 0.8419086337089539
1638452677819853067 0.4319045841693878 -2.918255567550659 0.0 0.0 0.0 0.5064093470573425 0.8622932434082031
1638452677986853123 0.44576773047447205 -2.895979166030884 0.0 0.0 0.0 0.46550270915031433 0.8850464820861816
1638452678155853033 0.4626391530036926 -2.8736515045166016 0.0 0.0 0.0 0.4259941279888153 0.9047259092330933
1638452678321852922 0.48144295811653137 -2.852581739425659 0.0 0.0 0.0 0.3917880356311798 0.9200555086135864
1638452678492852926 0.5034289956092834 -2.8313426971435547 0.0 0.0 0.0 0.35865750908851624 0.9334692358970642
1638452678646852970 0.5244134068489075 -2.813476085662842 0.0 0.0 0.0 0.33324646949768066 0.9428397417068481
1638452678778852940 0.5431987047195435 -2.798877716064453 0.0 0.0 0.0 0.3162698745727539 0.9486692547798157
1638452678947853088 0.5676562786102295 -2.781170606613159 0.0 0.0 0.0 0.3017785847187042 0.9533780217170715
163845267979853058 0.5870007276535034 -2.767759323120117 0.0 0.0 0.0 0.2959362864494324 0.9552077054977417
1638452679247853041 0.6118693351745605 -2.750856399536133 0.0 0.0 0.0 0.2933984100818634 0.9559902548789978
1638452679448853016 0.6418198943138123 -2.7303104400634766 0.0 0.0 0.0 0.3001490831375122 0.9538922905921936
1638452679580085993 0.6613903641700745 -2.7163846492767334 0.0 0.0 0.0 0.30942413210868835 0.9509241580963135
1638452679722085953 0.6817706823348999 -2.7009968757629395 0.0 0.0 0.0 0.32680708169937134 0.9450910687446594
1638452679887085915 0.7045570015907288 -2.6821277141571045 0.0 0.0 0.0 0.3518807291984558 0.9360448718070984
163845268053086042 0.7259218692779541 -2.6621811389923096 0.0 0.0 0.0 0.3823027014732361 0.9240371584892273
1638452680223085880 0.7460050582885742 -2.6405651569366455 0.0 0.0 0.0 0.41702088713645935 0.9088969230651855
1638452680391085863 0.7642760872840881 -2.6176881790161133 0.0 0.0 0.0 0.45080170035362244 0.8926241397857666
1638452680526085854 0.7775255441665649 -2.598604679107666 0.0 0.0 0.0 0.4768180251121521 0.879002034664154
1638452680693085909 0.7923374176025391 -2.5738792419433594 0.0 0.0 0.0 0.5085656642913818 0.8610231876373291
1638452680829086065 0.8030058741569519 -2.5530707836151123 0.0 0.0 0.0 0.5338477492332458 0.8455805778503418
163845268135085917 0.8168825507164001 -2.5202035903930664 0.0 0.0 0.0 0.5711211562156677 0.8208657503128052
1638452681237086058 0.8276912569999695 -2.486708641052246 0.0 0.0 0.0 0.6060746908187866 0.7954077124595642
1638452681406085968 0.8344034552574158 -2.4583139419555664 0.0 0.0 0.0 0.6340301036834717 0.7733083963394165
1638452681539085865 0.8382520079612732 -2.435608386993408 0.0 0.0 0.0 0.6560452580451965 0.7547215223312378
1638452681676085949 0.8408317565917969 -2.41218900680542 0.0 0.0 0.0 0.6778318285942078 0.7352169752120972
1638452681844085932 0.8421071767807007 -2.383242607116699 0.0 0.0 0.0 0.7047975063323975 0.7094085216522217
163845268245085907 0.8408542275428772 -2.3485496044158936 0.0 0.0 0.0 0.7345390915870667 0.6785663962364197
1638452682238627911 0.8366184234619141 -2.314399480819702 0.0 0.0 0.0 0.7639808058738708 0.645238995552063
1638452682407627821 0.8307514786720276 -2.285921573638916 0.0 0.0 0.0 0.7867937088012695 0.6172160506248474
1638452682606627941 0.8211455345153809 -2.252824306488037 0.0 0.0 0.0 0.8119460344314575 0.5837324857711792
1638452682804627895 0.808628261089325 -2.219844102859497 0.0 0.0 0.0 0.8329228758811951 0.5533890724182129
1638452682971627951 0.7962870597839355 -2.192371368408203 0.0 0.0 0.0 0.8449214100837708 0.5348904728889465
1638452683152627945 0.781777024269104 -2.1629536151885986 0.0 0.0 0.0 0.8530692458152771 0.5217977166175842
1638452683353627920 0.7650051116943359 -2.1309664249420166 0.0 0.0 0.0 0.8582651019096375 0.5132066011428833
1638452683552628040 0.7480831742286682 -2.099775552749634 0.0 0.0 0.0 0.8600465655326843 0.5102155208587646
1638452683719627857 0.7337676882743835 -2.073476791381836 0.0 0.0 0.0 0.8589358925819397 0.5120831727981567
1638452683887627840 0.7197033762931824 -2.0470433235168457 0.0 0.0 0.0 0.8551913499832153 0.518312394618988
163845268421627903 0.7087436318397522 -2.025669813156128 0.0 0.0 0.0 0.8514736890792847 0.5243973135948181
1638452684188627958 0.6953480243682861 -1.9985237121582031 0.0 0.0 0.0 0.8472664952278137 0.5311680436134338
1638452684353627920 0.6825827360153198 -1.9716068506240845 0.0 0.0 0.0 0.842948853969574 0.5379937291145325
1638452684518627882 0.6703229546546936 -1.9445120096206665 0.0 0.0 0.0 0.8371681571006775 0.5469456315040588
1638452684687074900 0.6586657166481018 -1.916658878326416 0.0 0.0 0.0 0.8270657658576965 0.5621051788330078
1638452684888075113 0.6463897228240967 -1.8827767372131348 0.0 0.0 0.0 0.8104123473167419 0.5858599543571472
163845268522074938 0.6393341422080994 -1.859976887702942 0.0 0.0 0.0 0.7992249131202698 0.6010320782661438
1638452685190074921 0.6316425204277039 -1.8307018280029297 0.0 0.0 0.0 0.7840688824653625 0.6206737756729126
1638452685455075026 0.6220166683197021 -1.7818924188613892 0.0 0.0 0.0 0.7607845067977905 0.6490045785903931
1638452685656075001 0.6170627474784851 -1.7441790103912354 0.0 0.0 0.0 0.7428531646728516 0.6694543957710266
1638452685824074984 0.6144731640815735 -1.7123700380325317 0.0 0.0 0.0 0.7275391817092896 0.6860660910606384
1638452685991075039 0.6133177280426025 -1.6808818578720093 0.0 0.0 0.0 0.7127744555473328 0.7013933062553406
1638452686191075087 0.6133878827095032 -1.6427406072616577 0.0 0.0 0.0 0.7009502649307251 0.7132101655006409
1638452686324074984 0.613987147808075 -1.6178675889968872 0.0 0.0 0.0 0.696140706539154 0.7179053425788879
1638452686521075010 0.6154708862304688 -1.5805388689041138 0.0 0.0 0.0 0.6897760629653931 0.7240228056907654
1638452686690074921 0.6172301173210144 -1.5486456155776978 0.0 0.0 0.0 0.6849068999290466 0.728630542755127
1638452686890074968 0.6198196411132812 -1.51064133644104 0.0 0.0 0.0 0.6815191507339478 0.7318003177642822
163845268792749119 0.6224072575569153 -1.4726368188858032 0.0 0.0 0.0 0.6847245693206787 0.7288019061088562
1638452687292749166 0.6243082880973816 -1.4348714351654053 0.0 0.0 0.0 0.6945282220840454 0.719465434551239
1638452687491749048 0.6249252557754517 -1.3972668647766113 0.0 0.0 0.0 0.7076935172080994 0.706519603729248
1638452687694749117 0.6241381764411926 -1.3591086864471436 0.0 0.0 0.0 0.720893144607544 0.6930462121963501
1638452687828749180 0.6227831244468689 -1.3334294557571411 0.0 0.0 0.0 0.7302869558334351 0.6831405162811279
1638452687994749069 0.6201480031013489 -1.3019788265228271 0.0 0.0 0.0 0.741787850856781 0.6706346273422241
1638452688127748966 0.6173010468482971 -1.27716064453125 0.0 0.0 0.0 0.7507380247116089 0.6606000661849976
1638452688294749022 0.6127350330352783 -1.2457270622253418 0.0 0.0 0.0 0.7618010640144348 0.6478110551834106
1638452688493749142 0.6059817671775818 -1.2087031602859497 0.0 0.0 0.0 0.7739089727401733 0.6332968473434448
1638452688627748966 0.6007582545280457 -1.183937668800354 0.0 0.0 0.0 0.7793014049530029 0.6266493201255798
1638452688793749094 0.5937340259552002 -1.153245210647583 0.0 0.0 0.0 0.7846670746803284 0.6199173927307129
1638452688927749157 0.5876519680023193 -1.1284677982330322 0.0 0.0 0.0 0.7891443371772766 0.6142078042030334
1638452689127748966 0.5779528021812439 -1.0918408632278442 0.0 0.0 0.0 0.7957947254180908 0.6055664420127869
1638452689293749094 0.5693367123603821 -1.0617408752441406 0.0 0.0 0.0 0.801190972328186 0.5984086990356445
1638452689493749142 0.5582866072654724 -1.0256308317184448 0.0 0.0 0.0 0.8068910837173462 0.5907002687454224
1638452689673817158 0.5483900904655457 -0.995261013507843 0.0 0.0 0.0 0.8116613030433655 0.5841283798217773
1638452689839817047 0.5380722284317017 -0.9653260111808777 0.0 0.0 0.0 0.8168977499008179 0.5767825245857239
1638452689971817017 0.529508113861084 -0.9416967630386353 0.0 0.0 0.0 0.8207322359085083 0.5713130235671997
1638452690140816927 0.5182062387466431 -0.9119295477867126 0.0 0.0 0.0 0.8254048228263855 0.5645413398742676
1638452690272817135 0.5089259147644043 -0.8884905576705933 0.0 0.0 0.0 0.8288374543190002 0.5594894289970398
1638452690441817045 0.49685654044151306 -0.8591902852058411 0.0 0.0 0.0 0.8329607248306274 0.5533320903778076
1638452690574816942 0.48699912428855896 -0.8361256718635559 0.0 0.0 0.0 0.8361833691596985 0.5484499335289001
1638452690673817158 0.4794423580169678 -0.8189325928688049 0.0 0.0 0.0 0.8385517001152039 0.5448220372200012
1638452690840816975 0.46629583835601807 -0.7900161743164062 0.0 0.0 0.0 0.8428515791893005 0.5381460785865784
1638452690978816986 0.455059677362442 -0.7662118077278137 0.0 0.0 0.0 0.8465129137039185 0.5323681831359863
1638452691116816998 0.44360437989234924 -0.7427653670310974 0.0 0.0 0.0 0.849884033203125 0.5269697904586792
1638452691285817146 0.42916563153266907 -0.7143017649650574 0.0 0.0 0.0 0.8543501496315002 0.5196977853775024
1638452691453817129 0.4142948091030121 -0.6861185431480408 0.0 0.0 0.0 0.8582400679588318 0.5132484436035156
1638452691654817104 0.3960559070110321 -0.6528787612915039 0.0 0.0 0.0 0.8628421425819397 0.5054734945297241
1638452691787817001 0.38357940316200256 -0.6309443116188049 0.0 0.0 0.0 0.8660054802894592 0.5000344514846802
1638452691919816971 0.37088945508003235 -0.6092498302459717 0.0 0.0 0.0 0.8689585328102112 0.4948849380016327
163845269285817099 0.35450759530067444 -0.5820648670196533 0.0 0.0 0.0 0.8724422454833984 0.48871728777885437
1638452692224756002 0.3409750759601593 -0.5603172183036804 0.0 0.0 0.0 0.8756445050239563 0.4829561710357666
1638452692423755884 0.3206518292427063 -0.5287600755691528 0.0 0.0 0.0 0.8801925182342529 0.47461679577827454
1638452692590755939 0.303129643201828 -0.5025390386581421 0.0 0.0 0.0 0.8836730122566223 0.4681047201156616
1638452692724756002 0.288806289434433 -0.48173269629478455 0.0 0.0 0.0 0.8867366313934326 0.4622749984264374
1638452692891756058 0.27038300037384033 -0.45585665106773376 0.0 0.0 0.0 0.8908013105392456 0.45439302921295166
163845269327755976 0.25506746768951416 -0.435073584318161 0.0 0.0 0.0 0.8942521214485168 0.4475635588169098
1638452693193755865 0.23596638441085815 -0.4100431799888611 0.0 0.0 0.0 0.8982468843460083 0.4394912123680115
1638452693327755928 0.22018380463123322 -0.3899976313114166 0.0 0.0 0.0 0.9007689952850342 0.4342985153198242
1638452693495755911 0.20029225945472717 -0.36516714096069336 0.0 0.0 0.0 0.9016964435577393 0.4323697090148926
1638452693628756046 0.18459634482860565 -0.3456346094608307 0.0 0.0 0.0 0.9017987847328186 0.43215611577033997
1638452693832756042 0.16035562753677368 -0.3154345750808716 0.0 0.0 0.0 0.9015223383903503 0.43273258209228516
1638452693997756004 0.14070509374141693 -0.290929913520813 0.0 0.0 0.0 0.901548445224762 0.4326781928539276
1638452694130755901 0.12481909990310669 -0.2710955739021301 0.0 0.0 0.0 0.901474118232727 0.4328330457210541
1638452694296756029 0.10515878349542618 -0.24653387069702148 0.0 0.0 0.0 0.9011474847793579 0.4335126280784607
1638452694429755926 0.08935816586017609 -0.22666381299495697 0.0 0.0 0.0 0.899763286113739 0.43637827038764954
1638452694597755909 0.06997720897197723 -0.2016570270061493 0.0 0.0 0.0 0.8959519863128662 0.4441509246826172
1638452694729102850 0.05493275821208954 -0.1816185712814331 0.0 0.0 0.0 0.8932816386222839 0.44949737191200256
1638452694896102905 0.03619122505187988 -0.155971959233284 0.0 0.0 0.0 0.8899540901184082 0.4560501277446747
163845269529103041 0.021541336551308632 -0.13536310195922852 0.0 0.0 0.0 0.8873839378356934 0.4610311985015869
1638452695197103024 0.0035339980386197567 -0.10913487523794174 0.0 0.0 0.0 0.8818556070327759 0.4715195596218109
1638452695364102840 -0.013658132404088974 -0.08236657828092575 0.0 0.0 0.0 0.8727667927742004 0.48813745379447937
1638452695533102989 -0.029728278517723083 -0.05476490035653114 0.0 0.0 0.0 0.8602962493896484 0.5097944140434265
1638452695702102900 -0.03821832314133644 -0.0385836623609066 0.0 0.0 0.0 0.8491158485412598 0.5282066464424133
1638452695835103035 -0.03836362436413765 -0.03828844428062439 0.0 0.0 0.0 0.8487818241119385 0.5287432074546814
16384526961102924 -0.03848607465624809 -0.038038402795791626 0.0 0.0 0.0 0.8472285866737366 0.5312285423278809
1638452696201102972 -0.03847598657011986 -0.03806162253022194 0.0 0.0 0.0 0.8398674130439758 0.5427916049957275
1638452696333102942 -0.038456082344055176 -0.03810816630721092 0.0 0.0 0.0 0.8313762545585632 0.5557098984718323
1638452696499102831 -0.03848383203148842 -0.0380374975502491 0.0 0.0 0.0 0.8162438869476318 0.5777074694633484
1638452696634102821 -0.03848481550812721 -0.03803781792521477 0.0 0.0 0.0 0.8001745939254761 0.5997671484947205
1638452696800102949 -0.03849949315190315 -0.03798934444785118 0.0 0.0 0.0 0.7748127579689026 0.6321907639503479
1638452696933102846 -0.03849701210856438 -0.03801458701491356 0.0 0.0 0.0 0.749728262424469 0.6617457866668701
163845269799102974 -0.03848966583609581 -0.03814084082841873 0.0 0.0 0.0 0.7150464057922363 0.6990769505500793
1638452697224967957 -0.03849088400602341 -0.038191456347703934 0.0 0.0 0.0 0.6825382709503174 0.7308498620986938
1638452697390968084 -0.03851355239748955 -0.0383671298623085 0.0 0.0 0.0 0.6396123766899109 0.7686976194381714
1638452697525968075 -0.03851727396249771 -0.03839221969246864 0.0 0.0 0.0 0.6043688654899597 0.7967046499252319
1638452697691967964 -0.038542333990335464 -0.0384637676179409 0.0 0.0 0.0 0.5585770010948181 0.829452633857727
1638452697824968100 -0.038481034338474274 -0.03832484781742096 0.0 0.0 0.0 0.5208437442779541 0.8536520600318909
1638452697995968103 -0.03843102604150772 -0.038236867636442184 0.0 0.0 0.0 0.4708518981933594 0.8822122812271118
1638452698127968073 -0.03837183117866516 -0.03815479576587677 0.0 0.0 0.0 0.4299747347831726 0.9028409123420715
1638452698293967962 -0.03831753879785538 -0.038101594895124435 0.0 0.0 0.0 0.3792705535888672 0.925285816192627
1638452698427968025 -0.03833611682057381 -0.038118742406368256 0.0 0.0 0.0 0.33815231919288635 0.9410914182662964
1638452698642967939 -0.03827429935336113 -0.03807482868432999 0.0 0.0 0.0 0.26809218525886536 0.9633932709693909
1638452698776968002 -0.03823014348745346 -0.038050100207328796 0.0 0.0 0.0 0.22522883117198944 0.9743058681488037
1638452698973968029 -0.03820662572979927 -0.03804084286093712 0.0 0.0 0.0 0.15838782489299774 0.9873769879341125
1638452699140968084 -0.03832918405532837 -0.03807199373841286 0.0 0.0 0.0 0.10228607058525085 0.9947550296783447
1638452699275968075 -0.038404081016778946 -0.03808438032865524 0.0 0.0 0.0 0.05727927386760712 0.9983581900596619
1638452699442968130 -0.038555633276700974 -0.03809308260679245 0.0 0.0 0.0 9.444030001759529e-05 1.0
1638452699597592115 -0.03870735317468643 -0.0380876287817955 0.0 0.0 0.0 -0.03929823264479637 0.9992275238037109
1638452699796591997 -0.03865689039230347 -0.038091618567705154 0.0 0.0 0.0 -0.039724454283714294 0.9992106556892395
1638452700591993 -0.038631659001111984 -0.03809361532330513 0.0 0.0 0.0 -0.039711687713861465 0.9992111921310425
1638452700171591997 -0.03868212178349495 -0.03808959946036339 0.0 0.0 0.0 -0.039770305156707764 0.9992088675498962
1638452700437592030 -0.038631659001111984 -0.03809362277388573 0.0 0.0 0.0 -0.03972110524773598 0.9992108345031738
1638452700636592150 -0.039354868064124256 0.027287264690242022 0.013127141881918675 -0.002018023540749519 0.002498740948408094 -0.05526305727005564 0.9984666340270466
1638452700802592039 -0.03935486794817225 0.02728726841369878 0.013127141867337258 -0.002017971478116877 0.002498783023343413 -0.055242248521340555 0.9984677926163495
16384527016592035 -0.03935486434068956 0.02728726457421638 0.01312714186294405 -0.0020180910722317363 0.0024986864102699343 -0.05529004178223951 0.9984651408244066
1638452701206592083 -0.03935486445664159 0.02728726085075961 0.013127141877525467 -0.0020179575164244244 0.002498794365229321 -0.05523665755453609 0.9984681181234134
1638452701438592196 -0.039304551922672876 0.02728167155770693 0.013126900580604346 -0.002018168531676338 0.0024986240085499794 -0.05532096529741759 0.9984634670617003
1638452701639592171 -0.03935486794817225 0.02728726841369878 0.013127141867337258 -0.002018298793854938 0.002498518742648075 -0.055373028142220004 0.9984605699504238
1638452701837592125 -0.039354868064124256 0.027287264690242022 0.013127141881918675 -0.0020180868561068565 0.002498690024274822 -0.05528831904685842 0.9984652868734372
163845270236592007 -0.039354868180076275 0.027287260966785243 0.013127141896500091 -0.002018095297033957 0.0024986830284242836 -0.05529172447263374 0.9984650550105075
1638452702237822056 -0.039329711739163886 0.02728447190544405 0.013127021226167409 -0.002017609536539765 0.0024990754516312865 -0.05509759950321596 0.9984758273678843
1638452702436821938 -0.03930455529825151 0.02728168284410288 0.01312690055583472 -0.0020180255662918946 0.0024987394414152744 -0.05526384320697392 0.9984666217886793
1638452702640821934 -0.039354868064124256 0.027287264690242022 0.013127141881918675 -0.0020179644396722896 0.0024987887371392434 -0.055239430689021214 0.9984679557178919
1638452702808821917 -0.03935486794817225 0.02728726841369878 0.013127141867337258 -0.002018235266381223 0.002498570063209943 -0.05534764064958147 0.9984619786732047
