1638452624466392040 3.5624645594589666e-12 2.4818380683910846e-09 0.0 0.0 0.0 0.000306861475110054 0.9999999403953552
1638452624631392002 -2.5310679120593704e-05 -1.1252722309507135e-08 0.0 0.0 0.0 0.00018780305981636047 1.0
1638452624765392065 7.840632657019064e-12 -5.4722479880808805e-09 0.0 0.0 0.0 1.987442374229431e-05 1.0
1638452624903392076 4.181834566130416e-12 3.669557546714941e-09 0.0 0.0 0.0 0.00010823458433151245 1.0
16384526252392054 4.181834566130416e-12 3.669557546714941e-09 0.0 0.0 0.0 0.00013433769345283508 1.0
1638452625168391943 -2.5310680939583108e-05 -6.992479928413786e-09 0.0 0.0 0.0 0.000286908820271492 0.9999999403953552
1638452625301392078 -2.5310679120593704e-05 -9.279192525468716e-09 0.0 0.0 0.0 0.0002614334225654602 0.9999999403953552
1638452625467391968 4.495751427385786e-12 3.891563515878715e-09 0.0 0.0 0.0 0.0002778042107820511 0.9999999403953552
1638452625599391937 4.957723467868824e-12 4.617358051461906e-09 0.0 0.0 0.0 0.00027113035321235657 0.9999999403953552
1638452625766391993 -2.53106773016043e-05 -9.232896225341847e-09 0.0 0.0 0.0 0.0002718307077884674 0.9999999403953552
1638452625902391911 -2.53106773016043e-05 -7.403064383737501e-09 0.0 0.0 0.0 0.00028894655406475067 0.9999999403953552
163845262667392111 -2.5310675482614897e-05 -9.12149289433728e-09 0.0 0.0 0.0 0.00020255520939826965 1.0
1638452626201391935 -2.5310675482614897e-05 -9.12149289433728e-09 0.0 0.0 0.0 0.0002824366092681885 0.9999999403953552
1638452626366391897 0.00010124273831024766 5.75675045411117e-08 0.0 0.0 0.0 0.00017328374087810516 1.0
1638452626535392046 0.001518641016446054 -5.235370963418973e-07 0.0 0.0 0.0 -0.0004642940766643733 0.9999998807907104
1638452626702392101 0.0034675628412514925 -2.4729065444262233e-06 0.0 0.0 0.0 -0.0004076957702636719 0.9999999403953552
1638452626872391939 0.006732639856636524 -5.315190264809644e-06 0.0 0.0 0.0 -0.0003368016332387924 0.9999999403953552
163845262777873945 0.01068110391497612 -9.01329349289881e-06 0.0 0.0 0.0 -0.0005158055573701859 0.9999998807907104
1638452627277873993 0.014806743711233139 -1.260380304302089e-05 0.0 0.0 0.0 -0.00034081563353538513 0.9999999403953552
1638452627481873989 0.020526956766843796 -1.824799255700782e-05 0.0 0.0 0.0 -0.00042150169610977173 0.9999999403953552
1638452627615874052 0.024399491026997566 -2.1390933397924528e-05 0.0 0.0 0.0 -0.00044631396303884685 0.9999998807907104
1638452627785873890 0.030043773353099823 -2.6839314159587957e-05 0.0 0.0 0.0 -0.0004976559430360794 0.9999998807907104
1638452627952873945 0.036649856716394424 -3.445106267463416e-05 0.0 0.0 0.0 -0.00041904859244823456 0.9999999403953552
1638452628118874073 0.043255940079689026 -4.1257619159296155e-05 0.0 0.0 0.0 -0.0005964263691566885 0.9999998211860657
1638452628252873898 0.04920394346117973 -4.86425451526884e-05 0.0 0.0 0.0 -0.0005706175579689443 0.9999998211860657
1638452628419873953 0.05753115564584732 -5.824651088914834e-05 0.0 0.0 0.0 -0.0006283446564339101 0.9999998211860657
1638452628555873871 0.06423848122358322 -6.575336010428146e-05 0.0 0.0 0.0 -0.00045662742923013866 0.9999998807907104
1638452628724874020 0.07360342890024185 -7.241289858939126e-05 0.0 0.0 0.0 -0.0003868304193019867 0.9999999403953552
1638452628856873989 0.08129788190126419 -7.903027290012687e-05 0.0 0.0 0.0 -0.0006530936225317419 0.9999997615814209
163845262922873878 0.09208022058010101 -9.498108556726947e-05 0.0 0.0 0.0 -0.0008296741871163249 0.9999996423721313
1638452629155874014 0.10136923938989639 -0.00011220661690458655 0.0 0.0 0.0 -0.0008484030840918422 0.9999996423721313
1638452629324873924 0.11394863575696945 -0.0001347070501651615 0.0 0.0 0.0 -0.0009562315535731614 0.9999995231628418
1638452629455873966 0.12430068850517273 -0.0001555489143356681 0.0 0.0 0.0 -0.0010677294339984655 0.9999994039535522
1638452629623115063 0.1383986920118332 -0.0001895803288789466 0.0 0.0 0.0 -0.0011850816663354635 0.9999992847442627
1638452629756114960 0.15024405717849731 -0.0002206983626820147 0.0 0.0 0.0 -0.0015805431175976992 0.9999987483024597
1638452629922115088 0.16505073010921478 -0.00026733713457360864 0.0 0.0 0.0 -0.001644875155761838 0.9999986290931702
163845263056114912 0.17704792320728302 -0.0003110419202130288 0.0 0.0 0.0 -0.002045959699898958 0.9999979138374329
1638452630223114967 0.19193048775196075 -0.00037002458702772856 0.0 0.0 0.0 -0.0019871951080858707 0.9999980330467224
1638452630357115030 0.2039276510477066 -0.00041824678191915154 0.0 0.0 0.0 -0.0020922741387039423 0.9999977946281433
1638452630525115013 0.2189873605966568 -0.00048449853784404695 0.0 0.0 0.0 -0.002206096425652504 0.9999975562095642
1638452630659115076 0.23098450899124146 -0.0005368879646994174 0.0 0.0 0.0 -0.0021050760988146067 0.9999977946281433
1638452630826115131 0.2465757429599762 -0.0006054192781448364 0.0 0.0 0.0 -0.002133095869794488 0.9999977350234985
163845263126114941 0.2667228579521179 -0.0006972092669457197 0.0 0.0 0.0 -0.00234718038700521 0.9999972581863403
1638452631160115004 0.28006142377853394 -0.0007584728300571442 0.0 0.0 0.0 -0.0023952065967023373 0.9999971389770508
1638452631328114986 0.2967663109302521 -0.0008341537322849035 0.0 0.0 0.0 -0.0021372532937675714 0.9999977350234985
1638452631461115122 0.3100796043872833 -0.0008928822935558856 0.0 0.0 0.0 -0.0020948799792677164 0.9999977946281433
1638452631628114939 0.32648077607154846 -0.0009619451011531055 0.0 0.0 0.0 -0.0020037186332046986 0.9999979734420776
1638452631761115074 0.3396422564983368 -0.0010104516986757517 0.0 0.0 0.0 -0.0018073590472340584 0.9999983906745911
1638452631927114964 0.3573090136051178 -0.001079369685612619 0.0 0.0 0.0 -0.0020513408817350864 0.9999979138374329
1638452632113164186 0.3791266679763794 -0.0011592431692406535 0.0 0.0 0.0 -0.0017111144261434674 0.9999985098838806
1638452632247164011 0.3937307596206665 -0.0012230704305693507 0.0 0.0 0.0 -0.003474696073681116 0.9999939799308777
1638452632414164066 0.41220566630363464 -0.001475884928368032 0.0 0.0 0.0 -0.010717954486608505 0.9999425411224365
1638452632613164186 0.43396151065826416 -0.0021670416463166475 0.0 0.0 0.0 -0.02075609378516674 0.9997845888137817
1638452632780164003 0.452415406703949 -0.0030838127713650465 0.0 0.0 0.0 -0.028909549117088318 0.999582052230835
1638452632984164000 0.4747868776321411 -0.0046278634108603 0.0 0.0 0.0 -0.04156499728560448 0.9991357922554016
1638452633153164148 0.4932955503463745 -0.00649231718853116 0.0 0.0 0.0 -0.060022782534360886 0.9981970191001892
1638452633320164204 0.5113814473152161 -0.009098882786929607 0.0 0.0 0.0 -0.08312622457742691 0.9965389966964722
1638452633519164085 0.5326625108718872 -0.013282963074743748 0.0 0.0 0.0 -0.11095099151134491 0.9938258528709412
1638452633654164076 0.5470365881919861 -0.016832586377859116 0.0 0.0 0.0 -0.1307142972946167 0.9914200901985168
1638452633857164145 0.5682023763656616 -0.023166902363300323 0.0 0.0 0.0 -0.15925154089927673 0.9872380495071411
163845263424164200 0.5853673219680786 -0.029283219948410988 0.0 0.0 0.0 -0.18200883269309998 0.9832968711853027
1638452634156164169 0.5988350510597229 -0.03473031148314476 0.0 0.0 0.0 -0.2006383091211319 0.9796653985977173
1638452634322164059 0.6154744029045105 -0.04228251799941063 0.0 0.0 0.0 -0.22089600563049316 0.9752973914146423
1638452634457054853 0.6286169290542603 -0.048765629529953 0.0 0.0 0.0 -0.23254984617233276 0.9725844860076904
1638452634656054974 0.6479114890098572 -0.058840975165367126 0.0 0.0 0.0 -0.2428017556667328 0.9700759053230286
1638452634823055029 0.6639181971549988 -0.06739240139722824 0.0 0.0 0.0 -0.24090135097503662 0.9705495834350586
1638452634957054853 0.6770526170730591 -0.07422778010368347 0.0 0.0 0.0 -0.2339884489774704 0.9722393751144409
1638452635125054836 0.693628191947937 -0.08238954842090607 0.0 0.0 0.0 -0.21868345141410828 0.9757958650588989
1638452635324054956 0.7137616276741028 -0.09123854339122772 0.0 0.0 0.0 -0.19106826186180115 0.9815767407417297
1638452635456054926 0.7273708581924438 -0.09639245271682739 0.0 0.0 0.0 -0.1679193377494812 0.9858007431030273
1638452635624054909 0.7448031902313232 -0.10177571326494217 0.0 0.0 0.0 -0.129306823015213 0.9916046261787415
1638452635826055050 0.7664111852645874 -0.10621261596679688 0.0 0.0 0.0 -0.07079888880252838 0.9974905848503113
1638452635963054895 0.7812423706054688 -0.1076776385307312 0.0 0.0 0.0 -0.027191318571567535 0.9996302723884583
1638452636131054878 0.7997098565101624 -0.10763785988092422 0.0 0.0 0.0 0.02976624295115471 0.9995568990707397
1638452636298054934 0.8191350698471069 -0.10538759082555771 0.0 0.0 0.0 0.08636297285556793 0.9962637424468994
1638452636463054895 0.8385473489761353 -0.10085533559322357 0.0 0.0 0.0 0.14331986010074615 0.9896764159202576
1638452636663054943 0.8629926443099976 -0.09177905321121216 0.0 0.0 0.0 0.20958387851715088 0.9777906537055969
1638452636831054926 0.8833941221237183 -0.08116889744997025 0.0 0.0 0.0 0.26426321268081665 0.9644505977630615
1638452636966938972 0.8988514542579651 -0.07114731520414352 0.0 0.0 0.0 0.30178871750831604 0.9533748030662537
1638452637148938894 0.9189856648445129 -0.05549134686589241 0.0 0.0 0.0 0.3448222875595093 0.9386679530143738
1638452637315938950 0.9363122582435608 -0.03967743739485741 0.0 0.0 0.0 0.3774620294570923 0.9260250329971313
1638452637481938839 0.9524008631706238 -0.022953009232878685 0.0 0.0 0.0 0.4047086536884308 0.914445698261261
1638452637662938833 0.9689775705337524 -0.0037621536757797003 0.0 0.0 0.0 0.4264545142650604 0.9045090079307556
1638452637864938974 0.9864101409912109 0.018203914165496826 0.0 0.0 0.0 0.4420146644115448 0.8970078229904175
163845263830938864 1.0002696514129639 0.036568090319633484 0.0 0.0 0.0 0.4492186903953552 0.8934218287467957
1638452638232939005 1.0169466733932495 0.0591777004301548 0.0 0.0 0.0 0.4510384202003479 0.8925045132637024
1638452638397938967 1.0307668447494507 0.07772967964410782 0.0 0.0 0.0 0.4449951946735382 0.8955329656600952
1638452638563938856 1.0450758934020996 0.09613144397735596 0.0 0.0 0.0 0.4321117103099823 0.9018200635910034
1638452638696938992 1.0569952726364136 0.11044646054506302 0.0 0.0 0.0 0.4160603880882263 0.9093369841575623
1638452638866938829 1.0729068517684937 0.12789185345172882 0.0 0.0 0.0 0.3902761936187744 0.920697808265686
1638452638999938965 1.0862314701080322 0.140980064868927 0.0 0.0 0.0 0.3669503331184387 0.9302405118942261
1638452639166939020 1.1038216352462769 0.15638655424118042 0.0 0.0 0.0 0.3370870351791382 0.9414734840393066
1638452639299938917 1.1184329986572266 0.16777567565441132 0.0 0.0 0.0 0.3133358359336853 0.9496423602104187
1638452639466461897 1.1377427577972412 0.18114213645458221 0.0 0.0 0.0 0.28315430879592896 0.9590743780136108
1638452639600461960 1.1536808013916016 0.1908799558877945 0.0 0.0 0.0 0.25866857171058655 0.9659661054611206
1638452639766462088 1.1740338802337646 0.20170654356479645 0.0 0.0 0.0 0.2249128818511963 0.9743788838386536
1638452639932461977 1.1952788829803467 0.21103772521018982 0.0 0.0 0.0 0.18576325476169586 0.9825945496559143
163845264066462040 1.212882399559021 0.2172752320766449 0.0 0.0 0.0 0.15244007110595703 0.9883127212524414
1638452640233462095 1.2353663444519043 0.2234063744544983 0.0 0.0 0.0 0.11253093928098679 0.9936482310295105
1638452640400461912 1.2581732273101807 0.22768041491508484 0.0 0.0 0.0 0.07238053530454636 0.9973770976066589
1638452640568461895 1.2814775705337524 0.23011848330497742 0.0 0.0 0.0 0.031745798885822296 0.9994959831237793
1638452640701462030 1.3001190423965454 0.23071691393852234 0.0 0.0 0.0 0.00029051490128040314 0.9999999403953552
1638452640868462086 1.3233033418655396 0.22976383566856384 0.0 0.0 0.0 -0.04080190509557724 0.999167263507843
163845264115461922 1.343886375427246 0.22734035551548004 0.0 0.0 0.0 -0.07689014077186584 0.9970395565032959
1638452641231462002 1.3734859228134155 0.22118474543094635 0.0 0.0 0.0 -0.128045916557312 0.9917682409286499
1638452641429461956 1.400681495666504 0.21261273324489594 0.0 0.0 0.0 -0.1750919371843338 0.9845520853996277
1638452641631462097 1.428378701210022 0.20087283849716187 0.0 0.0 0.0 -0.2231736183166504 0.9747787117958069
1638452641797461987 1.4502729177474976 0.18917527794837952 0.0 0.0 0.0 -0.2624775469303131 0.9649381041526794
1638452641965461969 1.47140371799469 0.17553316056728363 0.0 0.0 0.0 -0.30286499857902527 0.953033447265625
1638452642116126060 1.48737370967865 0.16346441209316254 0.0 0.0 0.0 -0.33316972851753235 0.942866861820221
1638452642251126051 1.5026737451553345 0.1502450555562973 0.0 0.0 0.0 -0.3643399775028229 0.9312660098075867
1638452642351125956 1.5133394002914429 0.1399035006761551 0.0 0.0 0.0 -0.38648372888565063 0.9222962260246277
1638452642515125990 1.529856562614441 0.12171317636966705 0.0 0.0 0.0 -0.4228821396827698 0.9061846733093262
1638452642648125887 1.5419819355010986 0.10626573860645294 0.0 0.0 0.0 -0.45160987973213196 0.8922154903411865
1638452642819125891 1.5562329292297363 0.08505147695541382 0.0 0.0 0.0 -0.48824694752693176 0.8727055191993713
1638452642953125954 1.5661933422088623 0.06768734753131866 0.0 0.0 0.0 -0.5134682655334473 0.8581085801124573
1638452643119125843 1.5772711038589478 0.04532860219478607 0.0 0.0 0.0 -0.539742648601532 0.8418300747871399
1638452643253125906 1.585239291191101 0.027018258348107338 0.0 0.0 0.0 -0.5558266639709473 0.8312982320785522
1638452643353126049 1.5907926559448242 0.013128954917192459 0.0 0.0 0.0 -0.5651345252990723 0.8249987959861755
1638452643520125866 1.599459171295166 -0.010327222757041454 0.0 0.0 0.0 -0.5779547691345215 0.8160687685012817
1638452643652125835 1.6058744192123413 -0.029078219085931778 0.0 0.0 0.0 -0.5846359729766846 0.811295747756958
1638452643820126057 1.613655686378479 -0.05297659710049629 0.0 0.0 0.0 -0.5904032588005066 0.8071084022521973
163845264420125866 1.6224724054336548 -0.08159123361110687 0.0 0.0 0.0 -0.5976346731185913 0.8017685413360596
1638452644151125908 1.6280033588409424 -0.10056919604539871 0.0 0.0 0.0 -0.6026004552841187 0.7980430722236633
1638452644319125891 1.6347848176956177 -0.12500694394111633 0.0 0.0 0.0 -0.6064499020576477 0.7951217293739319
1638452644453125954 1.6403530836105347 -0.14531591534614563 0.0 0.0 0.0 -0.6064214706420898 0.7951433658599854
1638452644614980936 1.647687554359436 -0.17201676964759827 0.0 0.0 0.0 -0.6063674688339233 0.7951845526695251
1638452644760980844 1.654267430305481 -0.19601131975650787 0.0 0.0 0.0 -0.6065185070037842 0.7950693368911743
1638452644925981045 1.6616339683532715 -0.22291330993175507 0.0 0.0 0.0 -0.6065898537635803 0.7950149178504944
163845264558980942 1.667621374130249 -0.24481329321861267 0.0 0.0 0.0 -0.6066048741340637 0.7950034737586975
1638452645226980925 1.6752218008041382 -0.27220210433006287 0.0 0.0 0.0 -0.6031613349914551 0.7976192235946655
1638452645362981081 1.6816436052322388 -0.2944003641605377 0.0 0.0 0.0 -0.5983967185020447 0.8011999726295471
1638452645532980919 1.6899739503860474 -0.3218669593334198 0.0 0.0 0.0 -0.5927411317825317 0.8053930401802063
1638452645666980982 1.696793794631958 -0.34336280822753906 0.0 0.0 0.0 -0.5883135199546814 0.8086329102516174
1638452645831980944 1.705641746520996 -0.36968040466308594 0.0 0.0 0.0 -0.5778824687004089 0.8161200284957886
1638452645998980999 1.7155719995498657 -0.3963388204574585 0.0 0.0 0.0 -0.5634483098983765 0.8261513113975525
1638452646164980888 1.7263953685760498 -0.4226473867893219 0.0 0.0 0.0 -0.5493989586830139 0.8355602025985718
1638452646297981024 1.735628604888916 -0.44327718019485474 0.0 0.0 0.0 -0.538232684135437 0.842796266078949
1638452646464981079 1.747944712638855 -0.4686960279941559 0.0 0.0 0.0 -0.5240575075149536 0.8516828417778015
1638452646600980997 1.7585910558700562 -0.4890912175178528 0.0 0.0 0.0 -0.512427031993866 0.8587307333946228
1638452646765980959 1.772188663482666 -0.5133853554725647 0.0 0.0 0.0 -0.4989143908023834 0.8666512966156006
1638452646932981014 1.786845326423645 -0.5377673506736755 0.0 0.0 0.0 -0.48588478565216064 0.874022901058197
163845264774790001 1.7991137504577637 -0.5569603443145752 0.0 0.0 0.0 -0.47483569383621216 0.8800744414329529
1638452647274790049 1.8184075355529785 -0.585066556930542 0.0 0.0 0.0 -0.4567243754863739 0.8896082639694214
1638452647409790039 1.8318991661071777 -0.6033573150634766 0.0 0.0 0.0 -0.44475850462913513 0.8956505656242371
1638452647576790094 1.8493598699569702 -0.625752866268158 0.0 0.0 0.0 -0.43391814827919006 0.9009522795677185
1638452647776790142 1.8705925941467285 -0.6518094539642334 0.0 0.0 0.0 -0.42459407448768616 0.905383825302124
1638452647911790133 1.8852728605270386 -0.6692607998847961 0.0 0.0 0.0 -0.42011043429374695 0.9074729681015015
163845264877790022 1.9035011529922485 -0.6907060742378235 0.0 0.0 0.0 -0.42012742161750793 0.9074651002883911
1638452648211790085 1.9181641340255737 -0.7081058621406555 0.0 0.0 0.0 -0.4238053560256958 0.9057533144950867
1638452648411790133 1.9397066831588745 -0.7345297932624817 0.0 0.0 0.0 -0.4352969825267792 0.9002869129180908
1638452648577790022 1.956891655921936 -0.7570093870162964 0.0 0.0 0.0 -0.4521554410457611 0.8919391632080078
1638452648710790157 1.9697556495666504 -0.7752836346626282 0.0 0.0 0.0 -0.46980273723602295 0.8827714323997498
1638452648878790140 1.9849743843078613 -0.7993751168251038 0.0 0.0 0.0 -0.4964713752269745 0.8680530786514282
163845264911790037 1.9958292245864868 -0.8191391229629517 0.0 0.0 0.0 -0.5220696330070496 0.852902889251709
1638452649177790165 2.007473945617676 -0.8443658351898193 0.0 0.0 0.0 -0.5554242134094238 0.8315671682357788
1638452649309790134 2.015113353729248 -0.8646365404129028 0.0 0.0 0.0 -0.58248370885849 0.8128423690795898
1638452649474790096 2.0225772857666016 -0.8901879787445068 0.0 0.0 0.0 -0.6165522336959839 0.7873139977455139
1638452649613409996 2.027069091796875 -0.9116633534431458 0.0 0.0 0.0 -0.6438497304916382 0.7651519775390625
1638452649778409958 2.030513048171997 -0.9380589127540588 0.0 0.0 0.0 -0.675616443157196 0.7372532486915588
1638452649911409855 2.0316455364227295 -0.9595138430595398 0.0 0.0 0.0 -0.7004147171974182 0.7137361168861389
163845265077409983 2.0309901237487793 -0.9864283204078674 0.0 0.0 0.0 -0.7306233644485474 0.6827806830406189
1638452650210409880 2.028801202774048 -1.00785231590271 0.0 0.0 0.0 -0.7536419630050659 0.6572851538658142
1638452650375410080 2.024082899093628 -1.0341531038284302 0.0 0.0 0.0 -0.7803137302398682 0.6253882646560669
1638452650576410055 2.015338659286499 -1.0654913187026978 0.0 0.0 0.0 -0.8122212290763855 0.5833495855331421
1638452650752409935 2.0050108432769775 -1.0920982360839844 0.0 0.0 0.0 -0.8381911516189575 0.5453765392303467
1638452650927409887 1.9922459125518799 -1.1176817417144775 0.0 0.0 0.0 -0.8620983362197876 0.5067409873008728
163845265159409857 1.980901837348938 -1.1365803480148315 0.0 0.0 0.0 -0.8780642151832581 0.47854283452033997
1638452651226409912 1.9647016525268555 -1.1596810817718506 0.0 0.0 0.0 -0.8954340815544128 0.4451941251754761
1638452651360409975 1.9505481719970703 -1.1773978471755981 0.0 0.0 0.0 -0.9065109491348267 0.4221823811531067
1638452651527410030 1.9318406581878662 -1.1984220743179321 0.0 0.0 0.0 -0.9174325466156006 0.39789140224456787
1638452651726409912 1.908069133758545 -1.22257399559021 0.0 0.0 0.0 -0.9265023469924927 0.37628892064094543
1638452651860409975 1.8916643857955933 -1.238195538520813 0.0 0.0 0.0 -0.9299632906913757 0.3676523268222809
163845265220747900 1.87032949924469 -1.2581074237823486 0.0 0.0 0.0 -0.9303027987480164 0.3667924404144287
1638452652153747797 1.8538930416107178 -1.2735483646392822 0.0 0.0 0.0 -0.9288503527641296 0.37045520544052124
1638452652319747925 1.833600401878357 -1.293160319328308 0.0 0.0 0.0 -0.9248213768005371 0.38040170073509216
1638452652454747915 1.8175616264343262 -1.3094422817230225 0.0 0.0 0.0 -0.9198258519172668 0.39232689142227173
1638452652621747971 1.7983088493347168 -1.330213189125061 0.0 0.0 0.0 -0.9130359888076782 0.4078790247440338
1638452652755747795 1.7834748029708862 -1.3471988439559937 0.0 0.0 0.0 -0.907795250415802 0.41941362619400024
1638452652921747923 1.765640139579773 -1.368807315826416 0.0 0.0 0.0 -0.9012933969497681 0.43320924043655396
163845265356747913 1.751502513885498 -1.3869258165359497 0.0 0.0 0.0 -0.8959180116653442 0.4442194104194641
1638452653222747803 1.7346322536468506 -1.4099258184432983 0.0 0.0 0.0 -0.8881740570068359 0.45950713753700256
1638452653358747959 1.7215056419372559 -1.4290051460266113 0.0 0.0 0.0 -0.8820513486862183 0.47115325927734375
1638452653525747776 1.7061314582824707 -1.452790379524231 0.0 0.0 0.0 -0.8746292591094971 0.4847923815250397
1638452653659747839 1.6944550275802612 -1.4720242023468018 0.0 0.0 0.0 -0.8682332634925842 0.4961562752723694
1638452653826747894 1.680463194847107 -1.4966191053390503 0.0 0.0 0.0 -0.8604761958122253 0.5094906091690063
1638452653958747864 1.669994831085205 -1.5162785053253174 0.0 0.0 0.0 -0.8541706800460815 0.5199927091598511
1638452654123747826 1.65755033493042 -1.5413525104522705 0.0 0.0 0.0 -0.8455083966255188 0.533962070941925
1638452654256747961 1.6480693817138672 -1.5619255304336548 0.0 0.0 0.0 -0.8383527398109436 0.5451281666755676
1638452654422747850 1.636994481086731 -1.5880192518234253 0.0 0.0 0.0 -0.8293309211730957 0.5587577819824219
1638452654575758934 1.6268383264541626 -1.6143214702606201 0.0 0.0 0.0 -0.8202534914016724 0.5720002055168152
1638452654776758909 1.6156972646713257 -1.6464874744415283 0.0 0.0 0.0 -0.809066653251648 0.5877168774604797
1638452654978758812 1.6057634353637695 -1.6791261434555054 0.0 0.0 0.0 -0.7977066040039062 0.6030457615852356
1638452655146759033 1.598465919494629 -1.7065696716308594 0.0 0.0 0.0 -0.7879519462585449 0.6157367825508118
1638452655313758850 1.5920082330703735 -1.7344048023223877 0.0 0.0 0.0 -0.7779027223587036 0.6283847093582153
1638452655479758978 1.5865238904953003 -1.7620353698730469 0.0 0.0 0.0 -0.767573893070221 0.6409605145454407
1638452655679759026 1.581127405166626 -1.7953892946243286 0.0 0.0 0.0 -0.7550675868988037 0.6556469798088074
1638452655880759001 1.5770127773284912 -1.8292570114135742 0.0 0.0 0.0 -0.7420786619186401 0.6703128218650818
163845265648758984 1.5745714902877808 -1.8574985265731812 0.0 0.0 0.0 -0.731890082359314 0.6814227104187012
1638452656248759031 1.57278573513031 -1.891745924949646 0.0 0.0 0.0 -0.7190208435058594 0.694988489151001
1638452656416759014 1.5722967386245728 -1.920265793800354 0.0 0.0 0.0 -0.7076433300971985 0.7065698504447937
1638452656616758823 1.572904348373413 -1.9540987014770508 0.0 0.0 0.0 -0.6939821839332581 0.7199921607971191
1638452656817759037 1.5748134851455688 -1.9880861043930054 0.0 0.0 0.0 -0.6802528500556946 0.7329775094985962
1638452656982758999 1.577308177947998 -2.01578950881958 0.0 0.0 0.0 -0.6687946915626526 0.7434471249580383
1638452657161978006 1.5806879997253418 -2.0437557697296143 0.0 0.0 0.0 -0.6578184366226196 0.7531765699386597
1638452657328977823 1.584931492805481 -2.0717062950134277 0.0 0.0 0.0 -0.645966649055481 0.763365626335144
1638452657462977886 1.589032769203186 -2.0943446159362793 0.0 0.0 0.0 -0.6357372999191284 0.7719054818153381
1638452657629977942 1.5948985815048218 -2.122103452682495 0.0 0.0 0.0 -0.6236984729766846 0.781665027141571
1638452657761977911 1.6001639366149902 -2.1439273357391357 0.0 0.0 0.0 -0.6138806939125061 0.7893988490104675
1638452657930977821 1.6076101064682007 -2.171410083770752 0.0 0.0 0.0 -0.6014919877052307 0.7988788485527039
163845265862977791 1.6140445470809937 -2.1927597522735596 0.0 0.0 0.0 -0.5916211605072021 0.8062161207199097
1638452658195977926 1.6210250854492188 -2.214043617248535 0.0 0.0 0.0 -0.5818106532096863 0.8133242726325989
1638452658360977888 1.630595326423645 -2.2406721115112305 0.0 0.0 0.0 -0.5685468912124634 0.8226508498191833
1638452658528977871 1.6411328315734863 -2.267232656478882 0.0 0.0 0.0 -0.5548718571662903 0.8319358229637146
1638452658662977934 1.6501703262329102 -2.2881698608398438 0.0 0.0 0.0 -0.5442825555801392 0.8389019966125488
1638452658828977823 1.662003517150879 -2.3135383129119873 0.0 0.0 0.0 -0.5301555395126343 0.847900390625
1638452658961977959 1.6721733808517456 -2.3337512016296387 0.0 0.0 0.0 -0.5192087888717651 0.8546474575996399
163845265995977783 1.6827911138534546 -2.3535890579223633 0.0 0.0 0.0 -0.5083345770835876 0.8611596822738647
1638452659295977831 1.6997395753860474 -2.382965087890625 0.0 0.0 0.0 -0.49157413840293884 0.8708357214927673
1638452659463977814 1.7149871587753296 -2.407310724258423 0.0 0.0 0.0 -0.4765990674495697 0.8791207671165466
1638452659617989063 1.7308863401412964 -2.430840015411377 0.0 0.0 0.0 -0.4617058336734772 0.8870331048965454
1638452659752989054 1.744330883026123 -2.4494786262512207 0.0 0.0 0.0 -0.44967395067214966 0.8931927680969238
1638452659919988871 1.7615370750427246 -2.47194242477417 0.0 0.0 0.0 -0.4360691010951996 0.8999131917953491
163845266053988934 1.7755717039108276 -2.4894001483917236 0.0 0.0 0.0 -0.42868712544441223 0.90345299243927
1638452660219989061 1.793288230895996 -2.5109760761260986 0.0 0.0 0.0 -0.4268830716609955 0.9043068289756775
1638452660355988979 1.8080414533615112 -2.5289266109466553 0.0 0.0 0.0 -0.42771100997924805 0.903915524482727
1638452660522989035 1.8259150981903076 -2.551027297973633 0.0 0.0 0.0 -0.4346793293952942 0.9005852937698364
1638452660723989010 1.8467950820922852 -2.5781047344207764 0.0 0.0 0.0 -0.4497446119785309 0.8931571841239929
1638452660927989006 1.8666361570358276 -2.6064751148223877 0.0 0.0 0.0 -0.47465744614601135 0.8801706433296204
163845266198989010 1.8818391561508179 -2.6310839653015137 0.0 0.0 0.0 -0.5001181364059448 0.8659572005271912
1638452661265989065 1.8950754404067993 -2.6558878421783447 0.0 0.0 0.0 -0.529783308506012 0.8481330275535583
1638452661464988947 1.9084018468856812 -2.686897039413452 0.0 0.0 0.0 -0.5700352787971497 0.8216202259063721
1638452661635988951 1.917316198348999 -2.7141716480255127 0.0 0.0 0.0 -0.6044687628746033 0.7966288328170776
1638452661802989006 1.923786997795105 -2.7415032386779785 0.0 0.0 0.0 -0.6365060806274414 0.7712717056274414
163845266213942957 1.928310751914978 -2.7741305828094482 0.0 0.0 0.0 -0.6768378019332886 0.7361322045326233
1638452662150943041 1.9293845891952515 -2.7961208820343018 0.0 0.0 0.0 -0.7018027901649475 0.7123712301254272
1638452662317943096 1.9286205768585205 -2.8232855796813965 0.0 0.0 0.0 -0.7316436767578125 0.6816872954368591
1638452662451943159 1.9263455867767334 -2.844853162765503 0.0 0.0 0.0 -0.7545778751373291 0.6562105417251587
1638452662620943069 1.9215024709701538 -2.8708465099334717 0.0 0.0 0.0 -0.7838116884231567 0.6209985613822937
1638452662754943132 1.9159797430038452 -2.8908746242523193 0.0 0.0 0.0 -0.8072952628135681 0.5901477336883545
1638452662924942970 1.9071221351623535 -2.914681911468506 0.0 0.0 0.0 -0.8358495831489563 0.5489585399627686
163845266357943106 1.8986016511917114 -2.932400941848755 0.0 0.0 0.0 -0.8571062088012695 0.5151397585868835
1638452663225943089 1.8859211206436157 -2.953559637069702 0.0 0.0 0.0 -0.8823498487472534 0.47059398889541626
1638452663360943079 1.8741575479507446 -2.9695961475372314 0.0 0.0 0.0 -0.9014415144920349 0.43290087580680847
1638452663529942989 1.8575975894927979 -2.988184690475464 0.0 0.0 0.0 -0.9226459860801697 0.38564804196357727
1638452663661942959 1.8433473110198975 -3.001471757888794 0.0 0.0 0.0 -0.9376528263092041 0.34757325053215027
1638452663830943108 1.8237096071243286 -3.016648769378662 0.0 0.0 0.0 -0.9544162154197693 0.29847902059555054
163845266431943083 1.798365592956543 -3.0319297313690186 0.0 0.0 0.0 -0.9713904857635498 0.23748791217803955
1638452664164942980 1.7805966138839722 -3.0402259826660156 0.0 0.0 0.0 -0.9805114269256592 0.1964619755744934
1638452664332942963 1.7574212551116943 -3.048527240753174 0.0 0.0 0.0 -0.9892838597297668 0.14600512385368347
1638452664499943018 1.733420491218567 -3.0544381141662598 0.0 0.0 0.0 -0.9954587817192078 0.09519381821155548
1638452664673443079 1.709038257598877 -3.057828426361084 0.0 0.0 0.0 -0.9990348815917969 0.043923862278461456
1638452664807443142 1.6996173858642578 -3.058377742767334 0.0 0.0 0.0 0.9999942779541016 -0.0033854618668556213
1638452664974442959 1.675048828125 -3.057297706604004 0.0 0.0 0.0 0.9988991618156433 0.046909235417842865
1638452665108443022 1.6556435823440552 -3.0546486377716064 0.0 0.0 0.0 0.9960824251174927 0.08842974156141281
1638452665274443150 1.6315242052078247 -3.049013614654541 0.0 0.0 0.0 0.9900943040847778 0.14040401577949524
1638452665407443047 1.6122618913650513 -3.042623996734619 0.0 0.0 0.0 0.9839281439781189 0.17856501042842865
1638452665609442949 1.5842170715332031 -3.0301108360290527 0.0 0.0 0.0 0.971501886844635 0.2370317578315735
1638452665746443033 1.5655685663223267 -3.019444227218628 0.0 0.0 0.0 0.9613397121429443 0.27536511421203613
1638452665912443161 1.5438053607940674 -3.0044283866882324 0.0 0.0 0.0 0.9478744268417358 0.31864410638809204
163845266678443050 1.5228453874588013 -2.9870517253875732 0.0 0.0 0.0 0.9334223866462708 0.3587793707847595
1638452666211442947 1.5065734386444092 -2.9714057445526123 0.0 0.0 0.0 0.9218934178352356 0.3874436318874359
1638452666382442951 1.4866076707839966 -2.9493391513824463 0.0 0.0 0.0 0.9064593315124512 0.42229312658309937
1638452666517442942 1.471516489982605 -2.9303953647613525 0.0 0.0 0.0 0.8952699303627014 0.4455241560935974
1638452666686443090 1.4538805484771729 -2.905733346939087 0.0 0.0 0.0 0.883499264717102 0.4684325158596039
1638452666819442987 1.4407508373260498 -2.885741710662842 0.0 0.0 0.0 0.8769413828849792 0.48059728741645813
1638452666956443071 1.427968144416809 -2.8651676177978516 0.0 0.0 0.0 0.871525228023529 0.4903506338596344
1638452667149651051 1.409595012664795 -2.8342485427856445 0.0 0.0 0.0 0.8673376441001892 0.4977201819419861
1638452667322651148 1.393973469734192 -2.8074951171875 0.0 0.0 0.0 0.8676378130912781 0.4971967041492462
1638452667457651138 1.3815988302230835 -2.78658390045166 0.0 0.0 0.0 0.8701976537704468 0.49270275235176086
1638452667624651194 1.3657100200653076 -2.7608482837677 0.0 0.0 0.0 0.8770714402198792 0.4803599715232849
1638452667759651184 1.3523061275482178 -2.7406439781188965 0.0 0.0 0.0 0.885557234287262 0.46453022956848145
1638452667895651102 1.337982177734375 -2.72086238861084 0.0 0.0 0.0 0.8958833813667297 0.4442892372608185
163845266862651157 1.3191893100738525 -2.697721481323242 0.0 0.0 0.0 0.9101147651672363 0.4143563210964203
1638452668198651075 1.3031450510025024 -2.6803641319274902 0.0 0.0 0.0 0.9221003651618958 0.3869507908821106
1638452668366651058 1.282537579536438 -2.660982131958008 0.0 0.0 0.0 0.936926007270813 0.3495278060436249
1638452668532651186 1.2613675594329834 -2.6441450119018555 0.0 0.0 0.0 0.9510881900787354 0.3089195787906647
1638452668733651161 1.2350425720214844 -2.627178907394409 0.0 0.0 0.0 0.9669554233551025 0.25494539737701416
1638452668936650991 1.2075450420379639 -2.6136767864227295 0.0 0.0 0.0 0.9804022908210754 0.19700604677200317
1638452669103651047 1.183698058128357 -2.6049976348876953 0.0 0.0 0.0 0.9887229800224304 0.14975595474243164
1638452669269651175 1.1591771841049194 -2.598659038543701 0.0 0.0 0.0 0.9947490096092224 0.10234460234642029
1638452669402651072 1.1392358541488647 -2.5953235626220703 0.0 0.0 0.0 0.998026430606842 0.06279561668634415
1638452669628998041 1.103912591934204 -2.593282699584961 0.0 0.0 0.0 0.99998539686203 -0.005407231394201517
1638452669797998190 1.0882951021194458 -2.5944371223449707 0.0 0.0 0.0 -0.9984506368637085 0.05564432218670845
1638452669963998079 1.0633175373077393 -2.5984697341918945 0.0 0.0 0.0 -0.9945266246795654 0.10448361188173294
1638452670164998055 1.0337680578231812 -2.6065521240234375 0.0 0.0 0.0 -0.9868158102035522 0.16184715926647186
1638452670297998190 1.0148664712905884 -2.613729953765869 0.0 0.0 0.0 -0.9798809885978699 0.19958265125751495
1638452670465998173 0.9918434619903564 -2.6248764991760254 0.0 0.0 0.0 -0.9690995812416077 0.2466699331998825
1638452670666998148 0.9659486413002014 -2.641054391860962 0.0 0.0 0.0 -0.952804684638977 0.3035840392112732
1638452670867998123 0.941253125667572 -2.6606855392456055 0.0 0.0 0.0 -0.9349581003189087 0.3547581434249878
1638452671998020 0.9258875250816345 -2.675337314605713 0.0 0.0 0.0 -0.9215276837348938 0.3883126676082611
1638452671166998148 0.9083170890808105 -2.6950621604919434 0.0 0.0 0.0 -0.9029989242553711 0.42964285612106323
1638452671364998102 0.8891335129737854 -2.7212789058685303 0.0 0.0 0.0 -0.8805325031280518 0.4739857316017151
1638452671567998171 0.8711977005004883 -2.7513554096221924 0.0 0.0 0.0 -0.858527660369873 0.5127671957015991
1638452671769998074 0.8554237484931946 -2.7837812900543213 0.0 0.0 0.0 -0.8377857804298401 0.5459990501403809
1638452671904998064 0.8460479378700256 -2.8062236309051514 0.0 0.0 0.0 -0.8267934322357178 0.5625057220458984
163845267252562952 0.837558388710022 -2.828773260116577 0.0 0.0 0.0 -0.8181076049804688 0.5750651359558105
1638452672219563007 0.827743411064148 -2.857248067855835 0.0 0.0 0.0 -0.8112442493438721 0.5847074389457703
1638452672421562910 0.816541314125061 -2.8916914463043213 0.0 0.0 0.0 -0.8077620267868042 0.5895087122917175
1638452672623563051 0.8054673075675964 -2.926070213317871 0.0 0.0 0.0 -0.8101854920387268 0.5861735939979553
1638452672758563042 0.7977327704429626 -2.9488370418548584 0.0 0.0 0.0 -0.8162515759468079 0.5776966214179993
1638452672916563034 0.7877565622329712 -2.9756131172180176 0.0 0.0 0.0 -0.8266627788543701 0.56269770860672
163845267351563025 0.7783751487731934 -2.9979703426361084 0.0 0.0 0.0 -0.8389333486557007 0.5442342162132263
1638452673219563007 0.7652340531349182 -3.025094747543335 0.0 0.0 0.0 -0.8558929562568665 0.5171530246734619
1638452673353562832 0.7536256313323975 -3.045830249786377 0.0 0.0 0.0 -0.8696998357772827 0.49358102679252625
1638452673520562887 0.7381903529167175 -3.0695993900299072 0.0 0.0 0.0 -0.8882496356964111 0.4593610167503357
1638452673654562950 0.7247644066810608 -3.0873029232025146 0.0 0.0 0.0 -0.9028987884521484 0.4298532009124756
1638452673822562933 0.7063685059547424 -3.1080551147460938 0.0 0.0 0.0 -0.9210232496261597 0.3895076513290405
1638452673956562996 0.6910989880561829 -3.1227338314056396 0.0 0.0 0.0 -0.9342735409736633 0.356557160615921
1638452674123563051 0.6711490154266357 -3.1389048099517822 0.0 0.0 0.0 -0.950404167175293 0.31101757287979126
1638452674255563021 0.6545067429542542 -3.1501619815826416 0.0 0.0 0.0 -0.961604118347168 0.27444028854370117
1638452674422562838 0.6332149505615234 -3.1619532108306885 0.0 0.0 0.0 -0.9744740724563599 0.22450010478496552
1638452674576605082 0.6115645170211792 -3.171098232269287 0.0 0.0 0.0 -0.9851862192153931 0.17148779332637787
1638452674749604940 0.5888707041740417 -3.177760124206543 0.0 0.0 0.0 -0.9936815500259399 0.11223622411489487
1638452674916604996 0.5674291849136353 -3.1812796592712402 0.0 0.0 0.0 -0.998751699924469 0.04995086044073105
163845267550605059 0.5589983463287354 -3.181825637817383 0.0 0.0 0.0 0.9999998807907104 -0.0005383928655646741
1638452675219604969 0.5380240678787231 -3.180460214614868 0.0 0.0 0.0 0.9978435635566711 0.06563705205917358
1638452675418605089 0.5138208270072937 -3.1752712726593018 0.0 0.0 0.0 0.9894856214523315 0.14463108777999878
1638452675628605127 0.48969748616218567 -3.165804624557495 0.0 0.0 0.0 0.9738218188285828 0.227312833070755
1638452675830605030 0.468204140663147 -3.15297532081604 0.0 0.0 0.0 0.9523299336433411 0.30507001280784607
16384526762604961 0.45168718695640564 -3.139413356781006 0.0 0.0 0.0 0.929469883441925 0.36889806389808655
1638452676171605110 0.4374672472476959 -3.1240737438201904 0.0 0.0 0.0 0.9025765061378479 0.43052953481674194
1638452676303605080 0.42778974771499634 -3.110715866088867 0.0 0.0 0.0 0.8779464960098267 0.4787587523460388
1638452676471605062 0.4176742136478424 -3.092494249343872 0.0 0.0 0.0 0.8439314961433411 0.5364509224891663
1638452676605605125 0.41141921281814575 -3.0771217346191406 0.0 0.0 0.0 0.8148705363273621 0.5796430110931396
1638452676771605015 0.40594539046287537 -3.0572218894958496 0.0 0.0 0.0 0.775161862373352 0.631762683391571
1638452676971605062 0.4028484523296356 -3.032482385635376 0.0 0.0 0.0 0.7239353656768799 0.6898677945137024
1638452677181853056 0.40355581045150757 -3.0056846141815186 0.0 0.0 0.0 0.6722175478935242 0.7403536438941956
1638452677349853039 0.4071391522884369 -2.9827656745910645 0.0 0.0 0.0 0.6277986764907837 0.7783758044242859
1638452677518852949 0.413692831993103 -2.959091901779175 0.0 0.0 0.0 0.5828075408935547 0.8126102089881897
1638452677653852940 0.42080187797546387 -2.9406802654266357 0.0 0.0 0.0 0.5479803681373596 0.8364912271499634
1638452677819853067 0.4319045841693878 -2.918255567550659 0.0 0.0 0.0 0.5064093470573425 0.8622932434082031
1638452677952852964 0.44286370277404785 -2.9002790451049805 0.0 0.0 0.0 0.4729069173336029 0.8811123967170715
1638452678119853020 0.4588460922241211 -2.878331422805786 0.0 0.0 0.0 0.4346178472042084 0.9006149768829346
1638452678321852922 0.48144295811653137 -2.852581739425659 0.0 0.0 0.0 0.3917880356311798 0.9200555086135864
1638452678458853006 0.4990004897117615 -2.8353888988494873 0.0 0.0 0.0 0.36486122012138367 0.9310619235038757
1638452678613852978 0.5198440551757812 -2.817204475402832 0.0 0.0 0.0 0.3378530442714691 0.9411988854408264
1638452678778852940 0.5431987047195435 -2.798877716064453 0.0 0.0 0.0 0.3162698745727539 0.9486692547798157
1638452678913852930 0.562675416469574 -2.78469181060791 0.0 0.0 0.0 0.30394574999809265 0.9526893496513367
163845267979853058 0.5870007276535034 -2.767759323120117 0.0 0.0 0.0 0.2959362864494324 0.9552077054977417
1638452679247853041 0.6118693351745605 -2.750856399536133 0.0 0.0 0.0 0.2933984100818634 0.9559902548789978
1638452679415853024 0.6368337273597717 -2.7337801456451416 0.0 0.0 0.0 0.2984743118286133 0.9544176459312439
1638452679548852921 0.6564885973930359 -2.7199294567108154 0.0 0.0 0.0 0.3065190613269806 0.9518645405769348
1638452679755085945 0.6863715052604675 -2.697348117828369 0.0 0.0 0.0 0.3312031328678131 0.943559467792511
1638452679919085979 0.7088180780410767 -2.678349494934082 0.0 0.0 0.0 0.3577294945716858 0.9338252544403076
163845268053086042 0.7259218692779541 -2.6621811389923096 0.0 0.0 0.0 0.3823027014732361 0.9240371584892273
1638452680223085880 0.7460050582885742 -2.6405651569366455 0.0 0.0 0.0 0.41702088713645935 0.9088969230651855
1638452680358085871 0.7607520818710327 -2.622385263442993 0.0 0.0 0.0 0.44347065687179565 0.8962888717651367
1638452680526085854 0.7775255441665649 -2.598604679107666 0.0 0.0 0.0 0.4768180251121521 0.879002034664154
1638452680660085917 0.7895179986953735 -2.5789144039154053 0.0 0.0 0.0 0.5028015375137329 0.8644018769264221
1638452680829086065 0.8030058741569519 -2.5530707836151123 0.0 0.0 0.0 0.5338477492332458 0.8455805778503418
16384526811085997 0.814736545085907 -2.5258593559265137 0.0 0.0 0.0 0.5648705959320068 0.8251795172691345
1638452681170085907 0.8244168162345886 -2.4979865550994873 0.0 0.0 0.0 0.5943304300308228 0.804220974445343
1638452681304085970 0.8305934071540833 -2.4755380153656006 0.0 0.0 0.0 0.6172464489936829 0.7867698669433594
1638452681472085953 0.8364741802215576 -2.4471144676208496 0.0 0.0 0.0 0.6452912092208862 0.7639366984367371
1638452681676085949 0.8408317565917969 -2.41218900680542 0.0 0.0 0.0 0.6778318285942078 0.7352169752120972
1638452681810086012 0.8420190811157227 -2.3892152309417725 0.0 0.0 0.0 0.6989388465881348 0.7151814103126526
163845268211085987 0.8412742018699646 -2.3543813228607178 0.0 0.0 0.0 0.7295790314674377 0.6838964819908142
1638452682173627853 0.838341474533081 -2.3255810737609863 0.0 0.0 0.0 0.7541620135307312 0.656688392162323
1638452682371628046 0.8321542143821716 -2.291857957839966 0.0 0.0 0.0 0.7816037535667419 0.6237753033638
1638452682573627949 0.8229705095291138 -2.2583789825439453 0.0 0.0 0.0 0.8080037832260132 0.5891773104667664
1638452682771627903 0.810863733291626 -2.2252466678619385 0.0 0.0 0.0 0.829806387424469 0.5580514073371887
1638452682905627966 0.8013629913330078 -2.2032976150512695 0.0 0.0 0.0 0.8409866690635681 0.5410557985305786
163845268372628021 0.7883472442626953 -2.1759965419769287 0.0 0.0 0.0 0.8497723340988159 0.5271499156951904
1638452683253628016 0.7733928561210632 -2.146773338317871 0.0 0.0 0.0 0.8556973934173584 0.517476499080658
1638452683420627832 0.7593702673912048 -2.120518207550049 0.0 0.0 0.0 0.8591856956481934 0.5116639137268066
1638452683618628025 0.7423935532569885 -2.0893571376800537 0.0 0.0 0.0 0.8598994612693787 0.5104634165763855
1638452683818627834 0.7253848910331726 -2.0578393936157227 0.0 0.0 0.0 0.8569096922874451 0.515466570854187
163845268454627895 0.7060878276824951 -2.020375967025757 0.0 0.0 0.0 0.8505328297615051 0.5259220004081726
1638452684220628023 0.6927997469902039 -1.9932334423065186 0.0 0.0 0.0 0.8462300896644592 0.5328176021575928
1638452684353627920 0.6825827360153198 -1.9716068506240845 0.0 0.0 0.0 0.842948853969574 0.5379937291145325
1638452684518627882 0.6703229546546936 -1.9445120096206665 0.0 0.0 0.0 0.8371681571006775 0.5469456315040588
1638452684720075130 0.6565052270889282 -1.9111170768737793 0.0 0.0 0.0 0.8241289854049683 0.5664021372795105
1638452684922075033 0.6445367336273193 -1.877071499824524 0.0 0.0 0.0 0.8075453042984009 0.589805543422699
163845268556075096 0.6376878023147583 -1.854182243347168 0.0 0.0 0.0 0.796576201915741 0.6045381426811218
1638452685223074913 0.6302728056907654 -1.8247836828231812 0.0 0.0 0.0 0.7814844250679016 0.623924732208252
1638452685422075033 0.6230297088623047 -1.788061499595642 0.0 0.0 0.0 0.7637073397636414 0.6455625891685486
1638452685622075081 0.6177668571472168 -1.750645637512207 0.0 0.0 0.0 0.7459290027618408 0.6660254597663879
1638452685824074984 0.6144731640815735 -1.7123700380325317 0.0 0.0 0.0 0.7275391817092896 0.6860660910606384
163845268625074959 0.6132351160049438 -1.6743016242980957 0.0 0.0 0.0 0.7102862596511841 0.7039129137992859
1638452686158075094 0.6132926940917969 -1.6490675210952759 0.0 0.0 0.0 0.7025829553604126 0.7116018533706665
1638452686324074984 0.613987147808075 -1.6178675889968872 0.0 0.0 0.0 0.696140706539154 0.7179053425788879
1638452686456074953 0.61490797996521 -1.5929030179977417 0.0 0.0 0.0 0.6918879747390747 0.7220048308372498
1638452686622075081 0.6164646148681641 -1.5615565776824951 0.0 0.0 0.0 0.6868376731872559 0.726810872554779
1638452686824074984 0.6189233660697937 -1.5232902765274048 0.0 0.0 0.0 0.6819014549255371 0.7314440608024597
163845268723075104 0.6215839385986328 -1.4853414297103882 0.0 0.0 0.0 0.6829202771186829 0.730492889881134
1638452687225749016 0.6237961649894714 -1.4473897218704224 0.0 0.0 0.0 0.6905860900878906 0.7232502102851868
1638452687424749136 0.6248730421066284 -1.4098461866378784 0.0 0.0 0.0 0.7036257386207581 0.7105708122253418
1638452687626749039 0.6245670914649963 -1.371984601020813 0.0 0.0 0.0 0.7164045572280884 0.6976851224899292
1638452687828749180 0.6227831244468689 -1.3334294557571411 0.0 0.0 0.0 0.7302869558334351 0.6831405162811279
163845268827749062 0.6195040345191956 -1.2958112955093384 0.0 0.0 0.0 0.7440417408943176 0.6681331396102905
1638452688226749182 0.6147293448448181 -1.2585573196411133 0.0 0.0 0.0 0.7571554780006409 0.6532346606254578
1638452688428749084 0.6083650588989258 -1.2208999395370483 0.0 0.0 0.0 0.7700146436691284 0.638026237487793
1638452688627748966 0.6007582545280457 -1.183937668800354 0.0 0.0 0.0 0.7793014049530029 0.6266493201255798
1638452688826749086 0.5922654271125793 -1.1471163034439087 0.0 0.0 0.0 0.7856964468955994 0.6186122298240662
163845268928748989 0.5828479528427124 -1.109919786453247 0.0 0.0 0.0 0.7924315929412842 0.6099607944488525
1638452689226749182 0.5728572607040405 -1.0737911462783813 0.0 0.0 0.0 0.7991347312927246 0.6011519432067871
1638452689426748991 0.5620774030685425 -1.037731647491455 0.0 0.0 0.0 0.8048645257949829 0.5934585928916931
1638452689594748974 0.5524187088012695 -1.0074180364608765 0.0 0.0 0.0 0.8097452521324158 0.5867815613746643
1638452689805817127 0.540188193321228 -0.9713162779808044 0.0 0.0 0.0 0.8159298300743103 0.5781509876251221
1638452689971817017 0.529508113861084 -0.9416967630386353 0.0 0.0 0.0 0.8207322359085083 0.5713130235671997
1638452690106817007 0.5204818844795227 -0.9178067445755005 0.0 0.0 0.0 0.8244889974594116 0.5658780336380005
1638452690272817135 0.5089259147644043 -0.8884905576705933 0.0 0.0 0.0 0.8288374543190002 0.5594894289970398
1638452690407817125 0.49927225708961487 -0.8649564385414124 0.0 0.0 0.0 0.8322150707244873 0.5544529557228088
1638452690574816942 0.48699912428855896 -0.8361256718635559 0.0 0.0 0.0 0.8361833691596985 0.5484499335289001
1638452690707817078 0.4767973721027374 -0.8130174875259399 0.0 0.0 0.0 0.8396652340888977 0.5431042909622192
1638452690873816967 0.4636034071445465 -0.7842339873313904 0.0 0.0 0.0 0.8436381220817566 0.5369122624397278
163845269116817093 0.45184525847435 -0.7595567107200623 0.0 0.0 0.0 0.8475512266159058 0.5307135581970215
1638452691150817156 0.44064369797706604 -0.7368316054344177 0.0 0.0 0.0 0.850976824760437 0.5252032279968262
1638452691319817066 0.4261304438114166 -0.7084627151489258 0.0 0.0 0.0 0.8551641702651978 0.5183572769165039
1638452691453817129 0.4142948091030121 -0.6861185431480408 0.0 0.0 0.0 0.8582400679588318 0.5132484436035156
1638452691621817112 0.3991531729698181 -0.6584255695343018 0.0 0.0 0.0 0.8619935512542725 0.5069192051887512
1638452691754817009 0.3867088258266449 -0.6363856196403503 0.0 0.0 0.0 0.8652077913284302 0.5014134645462036
1638452691919816971 0.37088945508003235 -0.6092498302459717 0.0 0.0 0.0 0.8689585328102112 0.4948849380016327
163845269252817106 0.3578316867351532 -0.587508499622345 0.0 0.0 0.0 0.8717805743217468 0.4898965358734131
1638452692257755995 0.337591290473938 -0.5549703240394592 0.0 0.0 0.0 0.8763591647148132 0.4816582202911377
1638452692423755884 0.3206518292427063 -0.5287600755691528 0.0 0.0 0.0 0.8801925182342529 0.47461679577827454
1638452692557755947 0.30666300654411316 -0.5077577829360962 0.0 0.0 0.0 0.8830417394638062 0.4692944586277008
1638452692724756002 0.288806289434433 -0.48173269629478455 0.0 0.0 0.0 0.8867366313934326 0.4622749984264374
1638452692858756065 0.2740584909915924 -0.46094509959220886 0.0 0.0 0.0 0.8899520039558411 0.456054151058197
163845269360755968 0.2512962818145752 -0.4300556778907776 0.0 0.0 0.0 0.8950434923171997 0.4459788501262665
1638452693226755857 0.2320903092622757 -0.40507370233535767 0.0 0.0 0.0 0.898983359336853 0.43798282742500305
1638452693429755926 0.20815183222293854 -0.37495657801628113 0.0 0.0 0.0 0.9016174674034119 0.43253427743911743
1638452693562756062 0.1924131214618683 -0.3553609848022461 0.0 0.0 0.0 0.9017618894577026 0.4322330951690674
1638452693695755959 0.17668454349040985 -0.3357897400856018 0.0 0.0 0.0 0.9016261696815491 0.4325162172317505
1638452693865756035 0.15638096630573273 -0.310478538274765 0.0 0.0 0.0 0.9016072154045105 0.4325556755065918
163845269463755989 0.13287267088890076 -0.2811511754989624 0.0 0.0 0.0 0.9014257192611694 0.43293383717536926
1638452694229755878 0.11304625123739243 -0.2563982307910919 0.0 0.0 0.0 0.9013404250144958 0.43311136960983276
1638452694363755941 0.09717156738042831 -0.23652242124080658 0.0 0.0 0.0 0.9007587432861328 0.43431976437568665
1638452694531755924 0.07759929448366165 -0.21160055696964264 0.0 0.0 0.0 0.8975979089736938 0.4408150911331177
1638452694661103010 0.06250065565109253 -0.19176176190376282 0.0 0.0 0.0 0.8945792317390442 0.4469093382358551
1638452694830102921 0.04361409321427345 -0.1662217676639557 0.0 0.0 0.0 0.8912966251373291 0.4534206986427307
1638452694963102818 0.02882956713438034 -0.1456781029701233 0.0 0.0 0.0 0.8886787295341492 0.4585304260253906
1638452695130102873 0.010622430592775345 -0.11961870640516281 0.0 0.0 0.0 0.8843875527381897 0.4667532742023468
1638452695330102921 -0.010309851728379726 -0.08776559680700302 0.0 0.0 0.0 0.8748223781585693 0.4844437837600708
1638452695467103004 -0.023663172498345375 -0.0655537098646164 0.0 0.0 0.0 0.8657234311103821 0.5005226731300354
1638452695602102995 -0.03566419333219528 -0.043616920709609985 0.0 0.0 0.0 0.8544597625732422 0.5195176005363464
1638452695768102884 -0.038352470844984055 -0.03831116482615471 0.0 0.0 0.0 0.8487117290496826 0.5288557410240173
1638452695902102947 -0.038419418036937714 -0.03817485645413399 0.0 0.0 0.0 0.8487549424171448 0.5287864208221436
163845269668102837 -0.03850790113210678 -0.037992727011442184 0.0 0.0 0.0 0.8455341458320618 0.5339213609695435
1638452696268102884 -0.03846567124128342 -0.038084737956523895 0.0 0.0 0.0 0.835856020450592 0.5489487051963806
1638452696400102854 -0.038475003093481064 -0.03806121647357941 0.0 0.0 0.0 0.825971245765686 0.5637122392654419
1638452696567102909 -0.03849209100008011 -0.03801357373595238 0.0 0.0 0.0 0.8086921572685242 0.5882321000099182
1638452696700103045 -0.03851178288459778 -0.037940237671136856 0.0 0.0 0.0 0.7910750508308411 0.6117190718650818
1638452696866102934 -0.03850434347987175 -0.03796450421214104 0.0 0.0 0.0 0.7630026340484619 0.6463953852653503
1638452697102997 -0.03849555552005768 -0.038014430552721024 0.0 0.0 0.0 0.7368302345275879 0.6760778427124023
1638452697157968044 -0.03848966583609581 -0.03814084082841873 0.0 0.0 0.0 0.6983734369277954 0.7157335877418518
1638452697324968100 -0.03850238397717476 -0.03829202428460121 0.0 0.0 0.0 0.6573311686515808 0.7536018490791321
1638452697525968075 -0.03851727396249771 -0.03839221969246864 0.0 0.0 0.0 0.6043688654899597 0.7967046499252319
1638452697724967957 -0.03852277621626854 -0.03841707855463028 0.0 0.0 0.0 0.5492348670959473 0.8356680274009705
1638452697927968025 -0.038444411009550095 -0.038258351385593414 0.0 0.0 0.0 0.49090784788131714 0.8712115287780762
1638452698127968073 -0.03837183117866516 -0.03815479576587677 0.0 0.0 0.0 0.4299747347831726 0.9028409123420715
1638452698261967897 -0.03837098926305771 -0.03815552592277527 0.0 0.0 0.0 0.39020174741744995 0.920729398727417
1638452698427968025 -0.03833611682057381 -0.038118742406368256 0.0 0.0 0.0 0.33815231919288635 0.9410914182662964
1638452698606967926 -0.03831729292869568 -0.03810155391693115 0.0 0.0 0.0 0.28089138865470886 0.9597395658493042
1638452698776968002 -0.03823014348745346 -0.038050100207328796 0.0 0.0 0.0 0.22522883117198944 0.9743058681488037
1638452698973968029 -0.03820662572979927 -0.03804084286093712 0.0 0.0 0.0 0.15838782489299774 0.9873769879341125
1638452699107968092 -0.038255032151937485 -0.03805564343929291 0.0 0.0 0.0 0.11432883143424988 0.993442952632904
1638452699308968067 -0.03842925652861595 -0.038086988031864166 0.0 0.0 0.0 0.04589841887354851 0.9989461302757263
1638452699475968122 -0.038606252521276474 -0.03809252753853798 0.0 0.0 0.0 -0.011081727221608162 0.9999386072158813
1638452699663592100 -0.03865689039230347 -0.03809162974357605 0.0 0.0 0.0 -0.039962612092494965 0.9992011785507202
1638452699863592148 -0.03868212178349495 -0.038089603185653687 0.0 0.0 0.0 -0.039854519069194794 0.999205470085144
163845270065592051 -0.038631659001111984 -0.03809362277388573 0.0 0.0 0.0 -0.03982836753129959 0.99920654296875
1638452700204591990 -0.038631659001111984 -0.03809361904859543 0.0 0.0 0.0 -0.03969574719667435 0.9992117881774902
1638452700370592117 -0.03865689039230347 -0.038091614842414856 0.0 0.0 0.0 -0.039727579802274704 0.99921053647995
1638452700569591999 -0.03868212178349495 -0.038089606910943985 0.0 0.0 0.0 -0.039738696068525314 0.9992101192474365
1638452700768592119 -0.028193964225964617 -0.011791665883091926 -0.003517422917928355 -0.001130416685267414 8.421821131249582e-05 -0.04619969773798663 0.9989315953697587
1638452700973592043 -0.01465172495475505 0.02223390675098401 -0.008068318979575386 -0.002592394315204238 0.00019333854441393617 -0.05439914732807601 0.9985158871016017
1638452701173592091 -0.01465172506421053 0.022233903027351926 -0.008068318960302726 -0.0025923926664989834 0.00019335972232544034 -0.05439098677978893 0.9985163050744612
1638452701372592211 -0.014651725173666023 0.022233899303719842 -0.008068318941030066 -0.0025923860149511925 0.0001934490088884817 -0.05435659652248948 0.9985181814861684
1638452701572592020 -0.014651728678436178 0.02223390686045089 -0.008068318977651796 -0.002592390948869223 0.0001933828613699042 -0.0543820746824262 0.9985167937021402
1638452701772592068 -0.014676890174179183 0.022236655317336367 -0.008068316337135725 -0.002592390357570127 0.00019339073794495736 -0.05437904066042082 0.9985169575085568
1638452701970592022 -0.014676890283634676 0.022236651593704283 -0.008068316317863065 -0.0025923776634262 0.0001935612805569452 -0.054313353765836236 0.9985205456497678
1638452702204822063 -0.014676890283634676 0.022236651593704283 -0.008068316317863065 -0.0025924010726673776 0.00019324833421664462 -0.05443389517342897 0.9985140054351725
1638452702369822025 -0.014676890283634676 0.022236651593704283 -0.008068316317863065 -0.002592386872141946 0.0001934388136066129 -0.05436052823950421 0.9985180044882106
1638452702567821980 -0.014651728568980699 0.022233910584082965 -0.008068318996924454 -0.0025923928650902622 0.00019335799051122118 -0.05439165725738927 0.9985162952218578
1638452702773822069 -0.014651728678436178 0.02223390686045089 -0.008068318977651796 -0.0025924012894320567 0.0001932450838442107 -0.0544351458558293 0.9985139274456373
