1638453900704024939 0.0 0.0 0.0 0.0 0.0 0.0 1.0
1638453900904844696 -0.000640869140625 -0.00058746337890625 0.0 0.0 0.0 1.6554142348468304e-05 1.0
1638453901105330125 -0.00030517578125 -0.00237274169921875 0.0 0.0 0.0 -0.0007545073167420924 0.9999997019767761
1638453901306028318 0.004253387451171875 -0.00469970703125 0.0 0.0 0.0 0.0001817329612094909 1.0
1638453901506722604 0.00086212158203125 -0.001800537109375 0.0 0.0 0.0 -0.0007554609910584986 0.9999997019767761
1638453901707363764 -0.00019073486328125 -0.00417327880859375 0.0 0.0 0.0 -0.0031587150879204273 0.9999949932098389
1638453901908300815 -0.000576019287109375 -0.00150299072265625 0.0 0.0 0.0 -0.0003856738330796361 0.9999999403953552
1638453902108687388 0.000751495361328125 -0.003063201904296875 0.0 0.0 0.0 -0.0005046447040513158 0.9999998807907104
1638453902309293912 0.003063201904296875 -0.004909515380859375 0.0 0.0 0.0 -0.00099840946495533 0.9999995231628418
1638453902509934083 0.002758026123046875 -0.00363922119140625 0.0 0.0 0.0 -0.0005141814472153783 0.9999998807907104
1638453902710635869 -0.001689910888671875 -0.000362396240234375 0.0 0.0 0.0 0.000466882687760517 0.9999998807907104
1638453902911408334 0.004802703857421875 -0.00403594970703125 0.0 0.0 0.0 -0.0015226914547383785 0.9999988675117493
1638453903111776886 0.00437164306640625 -0.00508880615234375 0.0 0.0 0.0 -0.0025466971565037966 0.9999967813491821
1638453903312407733 -0.001544952392578125 -0.00374603271484375 0.0 0.0 0.0 -0.0012795047368854284 0.9999991655349731
1638453903513568330 -0.000713348388671875 -0.005126953125 0.0 0.0 0.0 0.0010717693949118257 0.9999994039535522
1638453903713727555 0.0001220703125 -0.00551605224609375 0.0 0.0 0.0 0.00036883517168462276 0.9999999403953552
1638453903914592365 0.001354217529296875 8.392333984375e-05 0.0 0.0 0.0 0.00014170637587085366 1.0
1638453904115170920 -0.00366973876953125 -0.00449371337890625 0.0 0.0 0.0 0.00027747187414206564 0.9999999403953552
1638453904315830987 0.003131866455078125 -0.0005340576171875 0.0 0.0 0.0 -0.0012084560003131628 0.9999992847442627
1638453904516559597 0.01232147216796875 -0.002429962158203125 0.0 0.0 0.0 -0.00041404564399272203 0.9999999403953552
1638453904717292790 0.02013397216796875 -0.005199432373046875 0.0 0.0 0.0 -0.001066597062163055 0.9999994039535522
1638453904918003899 0.03173065185546875 -0.002719879150390625 0.0 0.0 0.0 -0.0023795661982148886 0.9999971985816956
1638453905118650893 0.04332733154296875 -0.0066680908203125 0.0 0.0 0.0 -0.0016972136218100786 0.9999985694885254
1638453905319305908 0.048919677734375 -0.00539398193359375 0.0 0.0 0.0 -0.0033053418155759573 0.9999945163726807
1638453905520014153 0.058673858642578125 -0.003917694091796875 0.0 0.0 0.0 -0.00021162827033549547 1.0
1638453905720561562 0.072845458984375 -0.0030517578125 0.0 0.0 0.0 -0.004120012279599905 0.9999915361404419
1638453905921307672 0.08021926879882812 -0.0037689208984375 0.0 0.0 0.0 -0.001338632544502616 0.9999991059303284
1638453906121859768 0.09241485595703125 -0.006191253662109375 0.0 0.0 0.0 -0.003463173983618617 0.9999939799308777
1638453906322382385 0.10514068603515625 -0.006000518798828125 0.0 0.0 0.0 -0.004382031969726086 0.9999904036521912
1638453906522956096 0.11155319213867188 -0.0052947998046875 0.0 0.0 0.0 0.008868980221450329 0.9999606609344482
1638453906723442931 0.124237060546875 -0.005275726318359375 0.0 0.0 0.0 0.0254594124853611 0.9996758699417114
1638453906924119873 0.138427734375 -0.010311126708984375 0.0 0.0 0.0 0.049092620611190796 0.9987942576408386
1638453907124803222 0.16115188598632812 -0.011974334716796875 0.0 0.0 0.0 0.07671302556991577 0.9970532059669495
1638453907325425111 0.17530059814453125 -0.0117340087890625 0.0 0.0 0.0 0.10540570318698883 0.9944292902946472
1638453907526108304 0.18752288818359375 -0.011875152587890625 0.0 0.0 0.0 0.13614405691623688 0.9906890392303467
1638453907726945248 0.20218658447265625 -0.01067352294921875 0.0 0.0 0.0 0.1664518564939499 0.9860495924949646
1638453907927769693 0.20897293090820312 -0.00905609130859375 0.0 0.0 0.0 0.19888024032115936 0.9800238013267517
1638453908128459813 0.22471237182617188 -0.00934600830078125 0.0 0.0 0.0 0.22551319003105164 0.9742401242256165
1638453908329453739 0.23854446411132812 -0.004245758056640625 0.0 0.0 0.0 0.255168080329895 0.9668967127799988
1638453908529996356 0.25316619873046875 0.00148773193359375 0.0 0.0 0.0 0.2799411416053772 0.9600171446800232
1638453908730753352 0.26636505126953125 0.00799560546875 0.0 0.0 0.0 0.30028828978538513 0.9538484811782837
1638453908931498316 0.2725944519042969 0.01409912109375 0.0 0.0 0.0 0.3169098496437073 0.9484556913375854
1638453909132181561 0.2896537780761719 0.02111053466796875 0.0 0.0 0.0 0.32496628165245056 0.9457256197929382
1638453909333041891 0.3034782409667969 0.03391265869140625 0.0 0.0 0.0 0.32586249709129333 0.9454171657562256
1638453909533640916 0.316070556640625 0.04814910888671875 0.0 0.0 0.0 0.3229973018169403 0.9463998675346375
1638453909734345463 0.3358039855957031 0.05857086181640625 0.0 0.0 0.0 0.3190435469150543 0.9477400779724121
1638453909935240013 0.34502410888671875 0.07530593872070312 0.0 0.0 0.0 0.31199151277542114 0.9500848650932312
1638453910135869506 0.35659027099609375 0.08417510986328125 0.0 0.0 0.0 0.2952743172645569 0.9554125070571899
1638453910336512750 0.38401031494140625 0.096466064453125 0.0 0.0 0.0 0.27070170640945435 0.9626632928848267
1638453910537404800 0.4007377624511719 0.11077880859375 0.0 0.0 0.0 0.24386757612228394 0.9698085188865662
1638453910738018981 0.4159736633300781 0.13041305541992188 0.0 0.0 0.0 0.20834574103355408 0.9780552387237549
1638453910938635453 0.43032073974609375 0.145172119140625 0.0 0.0 0.0 0.1614089459180832 0.9868876338005066
1638453911139417241 0.45139312744140625 0.15851974487304688 0.0 0.0 0.0 0.11239973455667496 0.9936630725860596
1638453911339939858 0.4784965515136719 0.16459274291992188 0.0 0.0 0.0 0.06171869486570358 0.9980936050415039
1638453911540458412 0.49131011962890625 0.16978836059570312 0.0 0.0 0.0 0.016470633447170258 0.9998643398284912
1638453911741031602 0.5157966613769531 0.17692184448242188 0.0 0.0 0.0 -0.031812697649002075 0.9994938373565674
1638453911941580470 0.5366706848144531 0.17982864379882812 0.0 0.0 0.0 -0.08122941106557846 0.9966954588890076
1638453912142382466 0.5533027648925781 0.18909454345703125 0.0 0.0 0.0 -0.1275629699230194 0.9918304681777954
1638453912342883051 0.5798530578613281 0.18665313720703125 0.0 0.0 0.0 -0.17913158237934113 0.983825147151947
1638453912543499576 0.5905036926269531 0.18627166748046875 0.0 0.0 0.0 -0.22387909889221191 0.9746169447898865
1638453912744071360 0.611114501953125 0.17927932739257812 0.0 0.0 0.0 -0.26515859365463257 0.9642047882080078
1638453912944492256 0.6261367797851562 0.17152023315429688 0.0 0.0 0.0 -0.2984468936920166 0.9544262290000916
1638453913145301076 0.649383544921875 0.15785598754882812 0.0 0.0 0.0 -0.32011207938194275 0.9473797082901001
1638453913345568480 0.668304443359375 0.1478271484375 0.0 0.0 0.0 -0.33197110891342163 0.943289577960968
1638453913546022345 0.6910476684570312 0.14336395263671875 0.0 0.0 0.0 -0.33028945326805115 0.9438796639442444
1638453913746503555 0.7109756469726562 0.1298828125 0.0 0.0 0.0 -0.3191767930984497 0.9476951956748962
1638453913947087006 0.732330322265625 0.10463333129882812 0.0 0.0 0.0 -0.29905325174331665 0.9542364478111267
1638453914147989994 0.7545967102050781 0.06244659423828125 0.0 0.0 0.0 -0.27173373103141785 0.9623724818229675
1638453914348562195 0.7723617553710938 0.045440673828125 0.0 0.0 0.0 -0.2461811900138855 0.9692237973213196
1638453914549306690 0.7873420715332031 0.034343719482421875 0.0 0.0 0.0 -0.21347279846668243 0.9769490361213684
1638453914750134937 0.80218505859375 0.02788543701171875 0.0 0.0 0.0 -0.1856570988893509 0.9826145768165588
1638453914950751253 0.8211555480957031 0.01186370849609375 0.0 0.0 0.0 -0.15651002526283264 0.9876763820648193
1638453915151557729 0.8388557434082031 0.002300262451171875 0.0 0.0 0.0 -0.12412628531455994 0.9922664165496826
1638453915352178785 0.8641166687011719 -0.00623321533203125 0.0 0.0 0.0 -0.09595903754234314 0.9953852891921997
1638453915552790205 0.87322998046875 -0.009387969970703125 0.0 0.0 0.0 -0.06955168396234512 0.9975783228874207
1638453915753498919 0.893951416015625 -0.01689910888671875 0.0 0.0 0.0 -0.03755940869450569 0.9992944002151489
1638453915954155757 0.91876220703125 -0.022655487060546875 0.0 0.0 0.0 -0.007316913455724716 0.9999732375144958
1638453916154973587 0.9400253295898438 -0.0277557373046875 0.0 0.0 0.0 0.022803211584687233 0.999739944934845
1638453916355503026 0.9593925476074219 -0.03258514404296875 0.0 0.0 0.0 0.054324980825185776 0.9985232949256897
1638453916556208459 0.9826736450195312 -0.031177520751953125 0.0 0.0 0.0 0.08303919434547424 0.9965462684631348
1638453916756691231 1.018280029296875 -0.034984588623046875 0.0 0.0 0.0 0.10987821221351624 0.9939450621604919
1638453916957416299 1.0456733703613281 -0.02770233154296875 0.0 0.0 0.0 0.139919251203537 0.9901629090309143
1638453917158271161 1.0679244995117188 -0.023082733154296875 0.0 0.0 0.0 0.17076362669467926 0.9853120446205139
1638453917359215139 1.0867805480957031 -0.020172119140625 0.0 0.0 0.0 0.20290318131446838 0.9791988134384155
1638453917560144325 1.1204147338867188 -0.010883331298828125 0.0 0.0 0.0 0.22890570759773254 0.9734485745429993
1638453917761055386 1.14556884765625 -0.0037078857421875 0.0 0.0 0.0 0.25652238726615906 0.9665383100509644
1638453917961694723 1.181732177734375 0.002056121826171875 0.0 0.0 0.0 0.2779843509197235 0.9605855941772461
1638453918162533543 1.2051010131835938 0.01930999755859375 0.0 0.0 0.0 0.2952139973640442 0.9554311633110046
1638453918363320852 1.2190055847167969 0.031291961669921875 0.0 0.0 0.0 0.3049437701702118 0.9523703455924988
1638453918564102848 1.2572822570800781 0.041271209716796875 0.0 0.0 0.0 0.2913277745246887 0.9566233158111572
1638453918764861145 1.2639656066894531 0.09300994873046875 0.0 0.0 0.0 0.29119983315467834 0.9566622376441956
1638453918965540952 1.2882156372070312 0.110565185546875 0.0 0.0 0.0 0.2641969323158264 0.964468777179718
1638453919165991901 1.3046684265136719 0.12626266479492188 0.0 0.0 0.0 0.23547068238258362 0.9718814492225647
1638453919366643635 1.3320503234863281 0.13660812377929688 0.0 0.0 0.0 0.20746545493602753 0.9782423377037048
1638453919567297035 1.3471870422363281 0.146514892578125 0.0 0.0 0.0 0.18042828142642975 0.9835881590843201
1638453919767987519 1.373321533203125 0.15400314331054688 0.0 0.0 0.0 0.15001006424427032 0.9886844754219055
1638453919968701597 1.3990478515625 0.16648483276367188 0.0 0.0 0.0 0.12200888991355896 0.992529034614563
1638453920169137442 1.42547607421875 0.172760009765625 0.0 0.0 0.0 0.09155102074146271 0.9958003759384155
1638453920369804592 1.4509201049804688 0.173126220703125 0.0 0.0 0.0 0.0649465024471283 0.9978887438774109
1638453920570213822 1.4810295104980469 0.1827392578125 0.0 0.0 0.0 0.031854115426540375 0.9994925260543823
1638453920770783002 1.5055961608886719 0.18693923950195312 0.0 0.0 0.0 0.003248746506869793 0.999994695186615
1638453920971488746 1.5300407409667969 0.19151687622070312 0.0 0.0 0.0 -0.02243703231215477 0.9997482299804688
1638453921172062927 1.55340576171875 0.19490432739257812 0.0 0.0 0.0 -0.05378740280866623 0.9985523819923401
1638453921372779713 1.5776290893554688 0.19321823120117188 0.0 0.0 0.0 -0.08264869451522827 0.9965787529945374
1638453921573173161 1.600616455078125 0.18986892700195312 0.0 0.0 0.0 -0.10944964736700058 0.9939923286437988
1638453921773759269 1.6280708312988281 0.18477249145507812 0.0 0.0 0.0 -0.13906362652778625 0.9902834296226501
1638453921974223134 1.6578598022460938 0.18121337890625 0.0 0.0 0.0 -0.16816172003746033 0.985759437084198
1638453922174851117 1.6812324523925781 0.17811965942382812 0.0 0.0 0.0 -0.19732622802257538 0.9803378582000732
1638453922375701031 1.70758056640625 0.17171096801757812 0.0 0.0 0.0 -0.22513903677463531 0.9743266701698303
1638453922576199064 1.7332267761230469 0.15985107421875 0.0 0.0 0.0 -0.25521716475486755 0.9668837785720825
1638453922776924236 1.7578125 0.14820098876953125 0.0 0.0 0.0 -0.28347277641296387 0.9589802622795105
1638453922977692691 1.7818222045898438 0.13784027099609375 0.0 0.0 0.0 -0.30951470136642456 0.9508946537971497
1638453923178314267 1.8037300109863281 0.12616729736328125 0.0 0.0 0.0 -0.3393489420413971 0.9406605362892151
1638453923378977355 1.8288688659667969 0.115081787109375 0.0 0.0 0.0 -0.36620721220970154 0.9305333495140076
1638453923579634922 1.846832275390625 0.09706878662109375 0.0 0.0 0.0 -0.3925282657146454 0.9197399616241455
1638453923780341448 1.864593505859375 0.0797119140625 0.0 0.0 0.0 -0.41976308822631836 0.9076337218284607
1638453923981011203 1.8895988464355469 0.063720703125 0.0 0.0 0.0 -0.4442492723464966 0.8959032297134399
1638453924181702937 1.9024658203125 0.04491424560546875 0.0 0.0 0.0 -0.4711257815361023 0.882066011428833
1638453924382400869 1.919708251953125 0.02642059326171875 0.0 0.0 0.0 -0.495736688375473 0.8684728741645813
1638453924583023383 1.9356193542480469 0.005847930908203125 0.0 0.0 0.0 -0.5206306576728821 0.8537819981575012
1638453924783695378 1.9485397338867188 -0.0136260986328125 0.0 0.0 0.0 -0.547360360622406 0.8368970155715942
1638453924984428935 1.9592094421386719 -0.03821563720703125 0.0 0.0 0.0 -0.5697194337844849 0.8218392729759216
1638453925185258380 1.9709053039550781 -0.058559417724609375 0.0 0.0 0.0 -0.5926147103309631 0.8054860830307007
1638453925385610317 1.9819107055664062 -0.083465576171875 0.0 0.0 0.0 -0.6166565418243408 0.7872323393821716
1638453925586412001 1.98846435546875 -0.1088104248046875 0.0 0.0 0.0 -0.641210675239563 0.7673649191856384
1638453925786747062 1.9938545227050781 -0.13318634033203125 0.0 0.0 0.0 -0.6638429760932922 0.747871994972229
1638453925987531142 1.9993782043457031 -0.15341949462890625 0.0 0.0 0.0 -0.6839309334754944 0.7295467853546143
1638453926187942194 2.00732421875 -0.18167877197265625 0.0 0.0 0.0 -0.707205057144165 0.7070084810256958
1638453926388674710 2.01202392578125 -0.20783233642578125 0.0 0.0 0.0 -0.7253056764602661 0.6884269714355469
1638453926589316496 2.009654998779297 -0.23474884033203125 0.0 0.0 0.0 -0.7458704710006714 0.6660910248756409
1638453926789912030 2.0111083984375 -0.2601127624511719 0.0 0.0 0.0 -0.7651594281196594 0.6438408493995667
1638453926990688037 2.0082473754882812 -0.2839164733886719 0.0 0.0 0.0 -0.7827502489089966 0.6223359704017639
1638453927191097683 2.003204345703125 -0.309722900390625 0.0 0.0 0.0 -0.802786648273468 0.5962663888931274
1638453927391719208 2.0030288696289062 -0.3361015319824219 0.0 0.0 0.0 -0.8184798955917358 0.5745351910591125
1638453927592461307 1.9928359985351562 -0.36431121826171875 0.0 0.0 0.0 -0.8341259360313416 0.5515740513801575
1638453927793092728 1.9863471984863281 -0.39107513427734375 0.0 0.0 0.0 -0.8515467047691345 0.5242787599563599
1638453927993824723 1.9726333618164062 -0.4107818603515625 0.0 0.0 0.0 -0.8656402826309204 0.5006664395332336
1638453928194239161 1.9651908874511719 -0.4377403259277344 0.0 0.0 0.0 -0.8804921507835388 0.47406068444252014
1638453928394841623 1.9520378112792969 -0.46114349365234375 0.0 0.0 0.0 -0.8939934968948364 0.4480799734592438
1638453928595529763 1.9411544799804688 -0.4814910888671875 0.0 0.0 0.0 -0.9045466184616089 0.42637473344802856
1638453928796120766 1.9277534484863281 -0.4995880126953125 0.0 0.0 0.0 -0.9133214354515076 0.40723946690559387
1638453928996593955 1.9124870300292969 -0.5185775756835938 0.0 0.0 0.0 -0.9177108407020569 0.39724910259246826
1638453929197143604 1.8970451354980469 -0.535125732421875 0.0 0.0 0.0 -0.9178171753883362 0.3970033526420593
1638453929397552260 1.8833541870117188 -0.5522918701171875 0.0 0.0 0.0 -0.9160414934158325 0.40108346939086914
1638453929598401393 1.8683280944824219 -0.5675086975097656 0.0 0.0 0.0 -0.905586302280426 0.4241620600223541
1638453929798945937 1.847686767578125 -0.5845413208007812 0.0 0.0 0.0 -0.8939497470855713 0.4481671452522278
1638453929999602410 1.8291549682617188 -0.6007614135742188 0.0 0.0 0.0 -0.8757984638214111 0.48267701268196106
1638453930200381542 1.8099365234375 -0.6207656860351562 0.0 0.0 0.0 -0.8553324937820435 0.5180794596672058
1638453930401157756 1.7996139526367188 -0.6420249938964844 0.0 0.0 0.0 -0.835853636264801 0.5489524006843567
1638453930601931575 1.7765922546386719 -0.6590232849121094 0.0 0.0 0.0 -0.8131855130195618 0.5820046067237854
1638453930802433358 1.7625350952148438 -0.6809310913085938 0.0 0.0 0.0 -0.7904170155525208 0.6125691533088684
1638453931003082435 1.7472648620605469 -0.707366943359375 0.0 0.0 0.0 -0.7637035250663757 0.6455671191215515
1638453931203773909 1.7360153198242188 -0.7331123352050781 0.0 0.0 0.0 -0.7361825108528137 0.67678302526474
1638453931404460799 1.73223876953125 -0.7553176879882812 0.0 0.0 0.0 -0.7086560726165771 0.7055540680885315
1638453931605407173 1.7240829467773438 -0.7866325378417969 0.0 0.0 0.0 -0.679616391658783 0.7335677146911621
1638453931806008021 1.7211532592773438 -0.8088836669921875 0.0 0.0 0.0 -0.6547958254814148 0.7558058500289917
1638453932006741839 1.72314453125 -0.8348655700683594 0.0 0.0 0.0 -0.6197052597999573 0.784834623336792
1638453932207429562 1.7239875793457031 -0.85980224609375 0.0 0.0 0.0 -0.588606595993042 0.8084195852279663
1638453932408328331 1.7296981811523438 -0.8894233703613281 0.0 0.0 0.0 -0.556952714920044 0.8305441737174988
1638453932609061837 1.7356452941894531 -0.91650390625 0.0 0.0 0.0 -0.5246031284332275 0.8513469099998474
1638453932809772946 1.7490425109863281 -0.9437980651855469 0.0 0.0 0.0 -0.489671915769577 0.8719067573547363
1638453933010511140 1.7565383911132812 -0.9726028442382812 0.0 0.0 0.0 -0.4565160572528839 0.8897151947021484
1638453933211326313 1.7707099914550781 -0.9983444213867188 0.0 0.0 0.0 -0.42667874693870544 0.9044032692909241
1638453933412062892 1.7842178344726562 -1.0124359130859375 0.0 0.0 0.0 -0.40305715799331665 0.9151747822761536
1638453933612875618 1.8011474609375 -1.0434532165527344 0.0 0.0 0.0 -0.38167309761047363 0.9242973923683167
1638453933813485059 1.8157463073730469 -1.0658226013183594 0.0 0.0 0.0 -0.37229835987091064 0.9281131029129028
1638453934014253201 1.827667236328125 -1.0845794677734375 0.0 0.0 0.0 -0.3722071945667267 0.9281496405601501
1638453934215145459 1.8575325012207031 -1.0984306335449219 0.0 0.0 0.0 -0.3843027651309967 0.9232071042060852
1638453934415832245 1.8798599243164062 -1.1245155334472656 0.0 0.0 0.0 -0.4058416187763214 0.9139434099197388
1638453934616689242 1.9037704467773438 -1.1386985778808594 0.0 0.0 0.0 -0.4345322251319885 0.9006562829017639
1638453934817384883 1.9283676147460938 -1.1571197509765625 0.0 0.0 0.0 -0.4745035171508789 0.8802536129951477
1638453935018032450 1.9426689147949219 -1.1830215454101562 0.0 0.0 0.0 -0.514386773109436 0.8575583100318909
1638453935218814967 1.9561767578125 -1.2037620544433594 0.0 0.0 0.0 -0.5553368330001831 0.8316255211830139
1638453935419338885 1.9686393737792969 -1.2241973876953125 0.0 0.0 0.0 -0.5969401597976685 0.8022857904434204
1638453935619918691 1.9788627624511719 -1.2449684143066406 0.0 0.0 0.0 -0.633161187171936 0.7740200161933899
1638453935820543861 1.9915580749511719 -1.2676849365234375 0.0 0.0 0.0 -0.6676241755485535 0.7444984912872314
1638453936021235804 1.9952278137207031 -1.2909202575683594 0.0 0.0 0.0 -0.7010332942008972 0.7131285667419434
1638453936221845193 1.9976005554199219 -1.3103103637695312 0.0 0.0 0.0 -0.7367676496505737 0.6761460304260254
1638453936422516354 1.9998550415039062 -1.334442138671875 0.0 0.0 0.0 -0.7636513113975525 0.6456288695335388
1638453936623302360 1.9963874816894531 -1.3622016906738281 0.0 0.0 0.0 -0.7884186506271362 0.6151390075683594
1638453936823916593 1.9926681518554688 -1.3854904174804688 0.0 0.0 0.0 -0.8035519123077393 0.5952346324920654
1638453937024635203 1.982330322265625 -1.4095077514648438 0.0 0.0 0.0 -0.8138973116874695 0.581008791923523
1638453937225354541 1.9726142883300781 -1.4278488159179688 0.0 0.0 0.0 -0.8174179792404175 0.5760449767112732
1638453937426068515 1.9675407409667969 -1.4544601440429688 0.0 0.0 0.0 -0.8180168867111206 0.5751941800117493
1638453937626572903 1.9523200988769531 -1.4767112731933594 0.0 0.0 0.0 -0.814055860042572 0.5807865858078003
1638453937827239011 1.9406547546386719 -1.5028533935546875 0.0 0.0 0.0 -0.8081599473953247 0.5889630913734436
1638453938027964548 1.9330940246582031 -1.5259933471679688 0.0 0.0 0.0 -0.8021867275238037 0.5970732569694519
1638453938228573573 1.9252090454101562 -1.5529975891113281 0.0 0.0 0.0 -0.7976906299591064 0.6030668616294861
1638453938429053428 1.9220809936523438 -1.5791816711425781 0.0 0.0 0.0 -0.792717456817627 0.6095892190933228
1638453938629761413 1.9128608703613281 -1.6108245849609375 0.0 0.0 0.0 -0.7835131883621216 0.6213751435279846
1638453938830348822 1.9027481079101562 -1.6279754638671875 0.0 0.0 0.0 -0.7676105499267578 0.6409165859222412
1638453939031041338 1.8919868469238281 -1.6474990844726562 0.0 0.0 0.0 -0.7482826113700867 0.6633800864219666
1638453939231786719 1.8864021301269531 -1.6772842407226562 0.0 0.0 0.0 -0.7285098433494568 0.6850352883338928
1638453939432482463 1.8782882690429688 -1.7031364440917969 0.0 0.0 0.0 -0.7066384553909302 0.7075747847557068
1638453939633417326 1.8817863464355469 -1.7351531982421875 0.0 0.0 0.0 -0.6849468946456909 0.7285929918289185
1638453939834029945 1.8767623901367188 -1.7616310119628906 0.0 0.0 0.0 -0.6644887328147888 0.7472983002662659
1638453940034658969 1.8772201538085938 -1.7853736877441406 0.0 0.0 0.0 -0.644149661064148 0.764899492263794
1638453940235291484 1.8799514770507812 -1.8128662109375 0.0 0.0 0.0 -0.620583176612854 0.7841405868530273
1638453940435994937 1.8856315612792969 -1.8414230346679688 0.0 0.0 0.0 -0.5971518754959106 0.8021281957626343
1638453940636720890 1.8920516967773438 -1.8671112060546875 0.0 0.0 0.0 -0.5735147595405579 0.8191952109336853
1638453940837447417 1.8975105285644531 -1.894775390625 0.0 0.0 0.0 -0.5570604205131531 0.830471932888031
1638453941038214986 1.9097518920898438 -1.9157257080078125 0.0 0.0 0.0 -0.5447208285331726 0.8386174440383911
1638453941238892397 1.9181747436523438 -1.9477195739746094 0.0 0.0 0.0 -0.5322151184082031 0.8466091752052307
1638453941439682726 1.9315299987792969 -1.9800834655761719 0.0 0.0 0.0 -0.5313745737075806 0.8471369743347168
1638453941640365293 1.9396896362304688 -1.9937248229980469 0.0 0.0 0.0 -0.5414660573005676 0.8407226204872131
1638453941840946505 1.9500808715820312 -2.0148849487304688 0.0 0.0 0.0 -0.5595774054527283 0.828778088092804
1638453942041507664 1.9718093872070312 -2.0589027404785156 0.0 0.0 0.0 -0.5795964598655701 0.8149036765098572
1638453942242303671 1.9786911010742188 -2.0891761779785156 0.0 0.0 0.0 -0.6082627177238464 0.7937357425689697
1638453942442938893 1.989990234375 -2.1031837463378906 0.0 0.0 0.0 -0.6383651494979858 0.7697336673736572
1638453942643484479 1.9943161010742188 -2.1274948120117188 0.0 0.0 0.0 -0.6690966486930847 0.7431753873825073
1638453942844168870 2.001544952392578 -2.1488418579101562 0.0 0.0 0.0 -0.6949263215065002 0.7190809845924377
1638453943044827530 2.001087188720703 -2.1703338623046875 0.0 0.0 0.0 -0.7228655815124512 0.6909887194633484
1638453943245694424 2.0059432983398438 -2.1993255615234375 0.0 0.0 0.0 -0.7486737370491028 0.6629385948181152
1638453943446078809 2.004730224609375 -2.2174339294433594 0.0 0.0 0.0 -0.7704681158065796 0.6374785304069519
1638453943646710386 1.99957275390625 -2.245159149169922 0.0 0.0 0.0 -0.7836290001869202 0.6212290525436401
1638453943847235503 1.9879684448242188 -2.2763938903808594 0.0 0.0 0.0 -0.795933723449707 0.6053837537765503
1638453944047875830 1.9911079406738281 -2.2970619201660156 0.0 0.0 0.0 -0.7971225380897522 0.6038175821304321
1638453944248600637 1.9841804504394531 -2.3201828002929688 0.0 0.0 0.0 -0.80463707447052 0.5937669277191162
1638453944449294299 1.9733161926269531 -2.348918914794922 0.0 0.0 0.0 -0.8115964531898499 0.584218442440033
1638453944649782175 1.9686813354492188 -2.359966278076172 0.0 0.0 0.0 -0.8177393674850464 0.5755886435508728
1638453944850212186 1.9589729309082031 -2.3866920471191406 0.0 0.0 0.0 -0.8242596983909607 0.5662119388580322
1638453945050952098 1.9497146606445312 -2.4081192016601562 0.0 0.0 0.0 -0.8274200558662415 0.5615835189819336
1638453945251499090 1.939239501953125 -2.4354515075683594 0.0 0.0 0.0 -0.8364735841751099 0.5480072498321533
1638453945452123948 1.9347419738769531 -2.4547882080078125 0.0 0.0 0.0 -0.8409122228622437 0.5411715507507324
1638453945652659430 1.9245491027832031 -2.479572296142578 0.0 0.0 0.0 -0.8454504013061523 0.5340539216995239
1638453945853230954 1.9154586791992188 -2.5011558532714844 0.0 0.0 0.0 -0.8524561524391174 0.5227987170219421
1638453946053870708 1.9091873168945312 -2.5246620178222656 0.0 0.0 0.0 -0.8572999238967896 0.5148173570632935
1638453946254406919 1.8987655639648438 -2.5471878051757812 0.0 0.0 0.0 -0.8639195561408997 0.5036298632621765
1638453946454967765 1.8785171508789062 -2.5724143981933594 0.0 0.0 0.0 -0.8756424784660339 0.48295992612838745
1638453946655505382 1.8707046508789062 -2.5927505493164062 0.0 0.0 0.0 -0.8825638294219971 0.47019267082214355
1638453946855848204 1.856048583984375 -2.6077041625976562 0.0 0.0 0.0 -0.8928820490837097 0.45029062032699585
1638453947056592960 1.8436088562011719 -2.6285781860351562 0.0 0.0 0.0 -0.8971592783927917 0.44170716404914856
1638453947257250683 1.8286361694335938 -2.6444015502929688 0.0 0.0 0.0 -0.9026479721069336 0.4303796589374542
1638453947457837676 1.8101081848144531 -2.6687240600585938 0.0 0.0 0.0 -0.9014444351196289 0.43289485573768616
1638453947658393002 1.7985038757324219 -2.68670654296875 0.0 0.0 0.0 -0.8962083458900452 0.44363337755203247
1638453947858886660 1.7760124206542969 -2.703094482421875 0.0 0.0 0.0 -0.8934711217880249 0.4491206705570221
1638453948059389693 1.7587890625 -2.717334747314453 0.0 0.0 0.0 -0.8886363506317139 0.4586125314235687
1638453948259868819 1.7413749694824219 -2.7471466064453125 0.0 0.0 0.0 -0.8840616941452026 0.4673702120780945
1638453948460742275 1.721343994140625 -2.7624473571777344 0.0 0.0 0.0 -0.8786633610725403 0.47744181752204895
1638453948661444270 1.7078361511230469 -2.7898941040039062 0.0 0.0 0.0 -0.8740229606628418 0.48588457703590393
1638453948862123920 1.68951416015625 -2.821300506591797 0.0 0.0 0.0 -0.8688458800315857 0.49508267641067505
1638453949062929875 1.67254638671875 -2.8516006469726562 0.0 0.0 0.0 -0.8620198369026184 0.5068745017051697
1638453949263519889 1.65826416015625 -2.8695335388183594 0.0 0.0 0.0 -0.8585890531539917 0.5126644372940063
1638453949464148810 1.6419296264648438 -2.886077880859375 0.0 0.0 0.0 -0.8525382876396179 0.5226647853851318
1638453949664804658 1.6317329406738281 -2.915264129638672 0.0 0.0 0.0 -0.8464289307594299 0.5325016975402832
1638453949865470819 1.6148262023925781 -2.9373130798339844 0.0 0.0 0.0 -0.8436406254768372 0.5369083285331726
1638453950066216929 1.605133056640625 -2.9657325744628906 0.0 0.0 0.0 -0.836887538433075 0.5473749041557312
1638453950266793400 1.588592529296875 -2.985942840576172 0.0 0.0 0.0 -0.8321016430854797 0.5546231865882874
1638453950467668940 1.57318115234375 -3.0134124755859375 0.0 0.0 0.0 -0.8271629214286804 0.5619621872901917
1638453950668533854 1.5591545104980469 -3.0375900268554688 0.0 0.0 0.0 -0.8274635672569275 0.5615193843841553
1638453950869470071 1.5534591674804688 -3.0687789916992188 0.0 0.0 0.0 -0.8323981165885925 0.5541781187057495
1638453951070152170 1.5378303527832031 -3.0983428955078125 0.0 0.0 0.0 -0.8448790311813354 0.5349574089050293
1638453951270703537 1.5259819030761719 -3.127410888671875 0.0 0.0 0.0 -0.8620233535766602 0.5068685412406921
1638453951471563711 1.515838623046875 -3.1520614624023438 0.0 0.0 0.0 -0.8803631663322449 0.47430017590522766
1638453951672544148 1.51336669921875 -3.1750259399414062 0.0 0.0 0.0 -0.8981186151504517 0.4397532343864441
1638453951873107912 1.505401611328125 -3.2027969360351562 0.0 0.0 0.0 -0.918402373790741 0.39564764499664307
1638453952073967201 1.4857406616210938 -3.2268447875976562 0.0 0.0 0.0 -0.9400607943534851 0.34100696444511414
1638453952274641903 1.4659957885742188 -3.247222900390625 0.0 0.0 0.0 -0.9590275883674622 0.2833126485347748
1638453952475487286 1.4399032592773438 -3.2625579833984375 0.0 0.0 0.0 -0.9738167524337769 0.22733430564403534
1638453952676185062 1.4237442016601562 -3.2822952270507812 0.0 0.0 0.0 -0.9854129552841187 0.17018014192581177
1638453952877059611 1.3903999328613281 -3.294994354248047 0.0 0.0 0.0 -0.9934585690498352 0.11419301480054855
1638453953077610562 1.3550491333007812 -3.2968673706054688 0.0 0.0 0.0 -0.9986081719398499 0.05274239182472229
1638453953278476414 1.3407173156738281 -3.3083114624023438 0.0 0.0 0.0 0.9999997615814209 0.0006947079673409462
1638453953479254451 1.3151969909667969 -3.3157005310058594 0.0 0.0 0.0 0.9983165860176086 0.057999663054943085
1638453953680038114 1.2803153991699219 -3.3125076293945312 0.0 0.0 0.0 0.9932288527488708 0.1161741092801094
1638453953880682295 1.2499198913574219 -3.3196945190429688 0.0 0.0 0.0 0.9849321842193604 0.17294096946716309
1638453954081314706 1.2257308959960938 -3.313243865966797 0.0 0.0 0.0 0.9737663865089417 0.22755010426044464
1638453954281965658 1.2074203491210938 -3.3084640502929688 0.0 0.0 0.0 0.9591962695121765 0.282740980386734
1638453954482746821 1.1744384765625 -3.2999801635742188 0.0 0.0 0.0 0.9418312311172485 0.3360861837863922
1638453954683455847 1.1527519226074219 -3.2877578735351562 0.0 0.0 0.0 0.9207515716552734 0.39014941453933716
1638453954884086851 1.1245346069335938 -3.2695579528808594 0.0 0.0 0.0 0.8961183428764343 0.4438152015209198
1638453955084594363 1.1134872436523438 -3.254291534423828 0.0 0.0 0.0 0.8694064617156982 0.4940975606441498
1638453955285385838 1.081390380859375 -3.228729248046875 0.0 0.0 0.0 0.8408960700035095 0.5411966443061829
1638453955485920122 1.0758552551269531 -3.204174041748047 0.0 0.0 0.0 0.8162842988967896 0.5776503682136536
1638453955686537845 1.0673103332519531 -3.180400848388672 0.0 0.0 0.0 0.7978123426437378 0.6029058694839478
1638453955887026815 1.05877685546875 -3.162982940673828 0.0 0.0 0.0 0.7858745455741882 0.6183859705924988
1638453956087366929 1.0494308471679688 -3.129974365234375 0.0 0.0 0.0 0.7764788269996643 0.6301433444023132
1638453956287977099 1.0473823547363281 -3.1125221252441406 0.0 0.0 0.0 0.7771875262260437 0.6292691230773926
1638453956488561956 1.0385971069335938 -3.0892562866210938 0.0 0.0 0.0 0.7832357287406921 0.6217248439788818
1638453956691868213 1.0347518920898438 -3.065052032470703 0.0 0.0 0.0 0.7930254340171814 0.6091885566711426
1638453957090163192 1.0200881958007812 -3.0092620849609375 0.0 0.0 0.0 0.8162504434585571 0.5776981711387634
1638453957290909094 1.02166748046875 -2.9874114990234375 0.0 0.0 0.0 0.8416930437088013 0.539956271648407
1638453957491409836 1.0128097534179688 -2.9601211547851562 0.0 0.0 0.0 0.8651196360588074 0.5015655755996704
1638453957692095840 1.005767822265625 -2.9333534240722656 0.0 0.0 0.0 0.8891929984092712 0.4575323164463043
1638453957892778460 0.9889602661132812 -2.9061012268066406 0.0 0.0 0.0 0.9103939533233643 0.4137424826622009
1638453958093434256 0.9671249389648438 -2.879486083984375 0.0 0.0 0.0 0.9272116422653198 0.37453776597976685
1638453958295113246 0.9438247680664062 -2.8519363403320312 0.0 0.0 0.0 0.9378236532211304 0.3471119999885559
1638453958494684649 0.9215888977050781 -2.8277053833007812 0.0 0.0 0.0 0.9544659852981567 0.29831984639167786
1638453958695402529 0.90618896484375 -2.8070640563964844 0.0 0.0 0.0 0.9694876670837402 0.24514007568359375
1638453958896202755 0.88995361328125 -2.7897300720214844 0.0 0.0 0.0 0.9806190133094788 0.19592438638210297
1638453959096940844 0.8653755187988281 -2.7633438110351562 0.0 0.0 0.0 0.9860262274742126 0.16659030318260193
1638453959297762997 0.8467636108398438 -2.7598114013671875 0.0 0.0 0.0 0.9933739304542542 0.11492688953876495
1638453959498511607 0.8209915161132812 -2.7419052124023438 0.0 0.0 0.0 0.9982426166534424 0.05925967916846275
1638453959699202560 0.7937126159667969 -2.7295761108398438 0.0 0.0 0.0 0.999972939491272 0.007358679547905922
1638453959899950545 0.7675399780273438 -2.7229385375976562 0.0 0.0 0.0 -0.9994637370109558 0.03274447098374367
1638453960100632644 0.7375564575195312 -2.7114334106445312 0.0 0.0 0.0 -0.996040940284729 0.08889579027891159
1638453960301386983 0.7145919799804688 -2.7166595458984375 0.0 0.0 0.0 -0.9901161193847656 0.14024986326694489
1638453960502098822 0.6812515258789062 -2.719745635986328 0.0 0.0 0.0 -0.9825786352157593 0.18584737181663513
1638453960702931287 0.6511650085449219 -2.7198867797851562 0.0 0.0 0.0 -0.9727123379707336 0.23201441764831543
1638453960903757034 0.6289749145507812 -2.732685089111328 0.0 0.0 0.0 -0.9579501748085022 0.28693461418151855
1638453961104503144 0.6020011901855469 -2.7382431030273438 0.0 0.0 0.0 -0.9449149966239929 0.32731589674949646
1638453961305260453 0.5605049133300781 -2.7659225463867188 0.0 0.0 0.0 -0.9298102855682373 0.36803919076919556
1638453961505780413 0.5402145385742188 -2.772319793701172 0.0 0.0 0.0 -0.9094542860984802 0.4158039689064026
1638453961706437772 0.5268745422363281 -2.786022186279297 0.0 0.0 0.0 -0.8881287574768066 0.4595946967601776
1638453961907238935 0.5099983215332031 -2.8053550720214844 0.0 0.0 0.0 -0.865414023399353 0.501057505607605
1638453962107677852 0.49082183837890625 -2.818939208984375 0.0 0.0 0.0 -0.8423159718513489 0.5389840602874756
1638453962308484119 0.4750862121582031 -2.8382530212402344 0.0 0.0 0.0 -0.8134567141532898 0.5816255211830139
1638453962509183927 0.45623779296875 -2.868743896484375 0.0 0.0 0.0 -0.7938007116317749 0.608177900314331
1638453962709647532 0.44120025634765625 -2.892169952392578 0.0 0.0 0.0 -0.7784751653671265 0.6276754140853882
1638453962910249681 0.4392509460449219 -2.9269180297851562 0.0 0.0 0.0 -0.7561696171760559 0.6543756127357483
1638453963110738547 0.42708587646484375 -2.9474449157714844 0.0 0.0 0.0 -0.7432087659835815 0.6690595746040344
1638453963311479814 0.42608642578125 -2.983245849609375 0.0 0.0 0.0 -0.7325131893157959 0.6807528734207153
1638453963512116599 0.40918731689453125 -3.0041046142578125 0.0 0.0 0.0 -0.7334000468254089 0.679797351360321
1638453963712642341 0.41217803955078125 -3.036449432373047 0.0 0.0 0.0 -0.7397131323814392 0.6729223728179932
1638453963913374544 0.414337158203125 -3.0683670043945312 0.0 0.0 0.0 -0.7517204284667969 0.659481942653656
1638453964113774659 0.4097404479980469 -3.0971755981445312 0.0 0.0 0.0 -0.7741001844406128 0.6330631375312805
1638453964314316130 0.40700531005859375 -3.1236000061035156 0.0 0.0 0.0 -0.7977678775787354 0.6029646992683411
1638453964515019740 0.40253448486328125 -3.1543197631835938 0.0 0.0 0.0 -0.818213939666748 0.5749138593673706
1638453964715609805 0.3937797546386719 -3.177581787109375 0.0 0.0 0.0 -0.8409762978553772 0.541071891784668
1638453964916078932 0.3861579895019531 -3.1981544494628906 0.0 0.0 0.0 -0.8609877228736877 0.5086257457733154
1638453965116655351 0.3743705749511719 -3.2289199829101562 0.0 0.0 0.0 -0.8787744641304016 0.477237343788147
1638453965317184843 0.3604736328125 -3.247833251953125 0.0 0.0 0.0 -0.8977093696594238 0.4405881464481354
1638453965517970902 0.3523674011230469 -3.2791213989257812 0.0 0.0 0.0 -0.9120538830757141 0.41007035970687866
1638453965718507165 0.3376350402832031 -3.2956275939941406 0.0 0.0 0.0 -0.9280576705932617 0.3724364936351776
1638453965919001864 0.3281364440917969 -3.3193931579589844 0.0 0.0 0.0 -0.9413604736328125 0.33740249276161194
1638453966119348697 0.301971435546875 -3.334381103515625 0.0 0.0 0.0 -0.954047679901123 0.2996547818183899
1638453966319970794 0.30394744873046875 -3.3423500061035156 0.0 0.0 0.0 -0.9578455686569214 0.2872835695743561
1638453966520699873 0.3074531555175781 -3.3395309448242188 0.0 0.0 0.0 -0.9588771462440491 0.2838214933872223
1638453966721361763 0.3002204895019531 -3.342327117919922 0.0 0.0 0.0 -0.9631696343421936 0.2688945531845093
1638453966921970267 0.2978019714355469 -3.3508071899414062 0.0 0.0 0.0 -0.9692268371582031 0.24616922438144684
1638453967122587156 0.3015022277832031 -3.3552932739257812 0.0 0.0 0.0 -0.9775124192237854 0.21087780594825745
1638453967325866433 0.30889892578125 -3.375732421875 0.0 0.0 0.0 -0.9857478737831116 0.16822944581508636
1638453967724476626 0.33617401123046875 -3.400257110595703 0.0 0.0 0.0 -0.9960542917251587 0.08874582499265671
1638453967925170756 0.3006477355957031 -3.376445770263672 0.0 0.0 0.0 -0.999789297580719 0.020527664572000504
1638453968125798166 0.3045768737792969 -3.386627197265625 0.0 0.0 0.0 0.9996812343597412 0.02524830400943756
1638453968326480525 0.3072700500488281 -3.3888092041015625 0.0 0.0 0.0 0.9973419308662415 0.0728636384010315
1638453968527350596 0.2923774719238281 -3.3942031860351562 0.0 0.0 0.0 0.9926459789276123 0.12105334550142288
1638453968727845868 0.28369903564453125 -3.390636444091797 0.0 0.0 0.0 0.9850656986236572 0.17217902839183807
1638453968928514477 0.2815437316894531 -3.4005508422851562 0.0 0.0 0.0 0.9763749837875366 0.21608303487300873
1638453969129359182 0.2856559753417969 -3.405040740966797 0.0 0.0 0.0 0.9655014276504517 0.260397732257843
1638453969329963311 0.27362823486328125 -3.4120140075683594 0.0 0.0 0.0 0.9507923722267151 0.3098287284374237
1638453969531923399 0.27492523193359375 -3.4117393493652344 0.0 0.0 0.0 0.9368280172348022 0.3497902452945709
1638453969733869425 0.2525138854980469 -3.398468017578125 0.0 0.0 0.0 0.9192382097244263 0.39370182156562805
1638453970132465087 0.23143768310546875 -3.379047393798828 0.0 0.0 0.0 0.891841471195221 0.45234808325767517
1638453970332989214 0.22105789184570312 -3.3758316040039062 0.0 0.0 0.0 0.8820734620094299 0.47111183404922485
1638453970533498966 0.21915435791015625 -3.3772621154785156 0.0 0.0 0.0 0.8732255697250366 0.4873162508010864
1638453970734098615 0.21567916870117188 -3.3729934692382812 0.0 0.0 0.0 0.866686224937439 0.4988536834716797
1638453970934859413 0.18433761596679688 -3.3535079956054688 0.0 0.0 0.0 0.8578208088874817 0.513948917388916
1638453971135551876 0.19447708129882812 -3.351818084716797 0.0 0.0 0.0 0.8578515648841858 0.5138975381851196
1638453971336313768 0.17579269409179688 -3.3367042541503906 0.0 0.0 0.0 0.8559982180595398 0.5169788002967834
1638453971537142275 0.18672561645507812 -3.34893798828125 0.0 0.0 0.0 0.8596022725105286 0.5109636783599854
1638453971737879166 0.17424392700195312 -3.3210525512695312 0.0 0.0 0.0 0.8577747344970703 0.5140258073806763
1638453971938560692 0.16400909423828125 -3.3132972717285156 0.0 0.0 0.0 0.8568925261497498 0.5154950618743896
1638453972139410762 0.16202545166015625 -3.312541961669922 0.0 0.0 0.0 0.8582360744476318 0.5132551193237305
1638453972340071298 0.16041946411132812 -3.3003921508789062 0.0 0.0 0.0 0.8572259545326233 0.5149405002593994
1638453972540674333 0.15520477294921875 -3.2909584045410156 0.0 0.0 0.0 0.8569917678833008 0.5153300762176514
1638453972741275701 0.15662384033203125 -3.2783279418945312 0.0 0.0 0.0 0.858625054359436 0.5126041769981384
1638453972942017175 0.1517333984375 -3.2769317626953125 0.0 0.0 0.0 0.8596941828727722 0.510809063911438
1638453973142718024 0.15065383911132812 -3.2598419189453125 0.0 0.0 0.0 0.8610246777534485 0.5085631012916565
1638453973343302413 0.1478271484375 -3.2503433227539062 0.0 0.0 0.0 0.8595621585845947 0.5110312104225159
1638453973544025397 0.14027023315429688 -3.2330780029296875 0.0 0.0 0.0 0.8594275712966919 0.511257529258728
1638453973744762236 0.13591766357421875 -3.2325515747070312 0.0 0.0 0.0 0.8600967526435852 0.5101309418678284
1638453973945471679 0.13928985595703125 -3.2391624450683594 0.0 0.0 0.0 0.8624818921089172 0.5060879588127136
1638453974146026484 0.12722015380859375 -3.2199058532714844 0.0 0.0 0.0 0.8583481907844543 0.5130676627159119
1638453974346489777 0.12462234497070312 -3.2123641967773438 0.0 0.0 0.0 0.8592063188552856 0.5116292834281921
1638453974546992185 0.12314987182617188 -3.2157058715820312 0.0 0.0 0.0 0.8601797223091125 0.5099909901618958
1638453974747695430 0.10842132568359375 -3.1945877075195312 0.0 0.0 0.0 0.8581277132034302 0.5134362578392029
1638453974948446540 0.10750198364257812 -3.182842254638672 0.0 0.0 0.0 0.8591935038566589 0.511650800704956
1638453975148931656 0.096649169921875 -3.176666259765625 0.0 0.0 0.0 0.856706440448761 0.5158043503761292
1638453975349575525 0.09453201293945312 -3.1620750427246094 0.0 0.0 0.0 0.8571236729621887 0.5151107311248779
1638453975550053245 0.09123992919921875 -3.1631507873535156 0.0 0.0 0.0 0.85713791847229 0.5150870084762573
1638453975750795969 0.078155517578125 -3.1486778259277344 0.0 0.0 0.0 0.8551437258720398 0.5183910131454468
1638453975951338743 0.08437347412109375 -3.1490402221679688 0.0 0.0 0.0 0.8575320243835449 0.514430582523346
1638453976152099957 0.07782745361328125 -3.1378746032714844 0.0 0.0 0.0 0.8577547073364258 0.5140592455863953
1638453976352799712 0.06981277465820312 -3.1256179809570312 0.0 0.0 0.0 0.8563362956047058 0.5164185762405396
1638453976553585511 0.064361572265625 -3.1165695190429688 0.0 0.0 0.0 0.8564203381538391 0.5162791609764099
1638453976754334642 0.06266403198242188 -3.10968017578125 0.0 0.0 0.0 0.8560337424278259 0.5169199109077454
1638453976954871529 0.06034088134765625 -3.1075973510742188 0.0 0.0 0.0 0.8565542697906494 0.5160569548606873
1638453977155490085 0.057281494140625 -3.0876541137695312 0.0 0.0 0.0 0.8567683696746826 0.5157013535499573
1638453977356248383 0.05530548095703125 -3.0848159790039062 0.0 0.0 0.0 0.8581318259239197 0.5134294033050537
1638453977556907044 0.05025482177734375 -3.0824851989746094 0.0 0.0 0.0 0.8582348823547363 0.5132571458816528
1638453977757640497 0.03980255126953125 -3.0641212463378906 0.0 0.0 0.0 0.8562408089637756 0.5165769457817078
1638453977958259574 0.0411376953125 -3.052337646484375 0.0 0.0 0.0 0.8577661514282227 0.5140401124954224
1638453978158936152 0.039836883544921875 -3.0539016723632812 0.0 0.0 0.0 0.8580442070960999 0.5135757923126221
1638453978359640021 0.03037261962890625 -3.0445823669433594 0.0 0.0 0.0 0.8570853471755981 0.5151744484901428
1638453978560355975 0.03224945068359375 -3.0409469604492188 0.0 0.0 0.0 0.8594948649406433 0.5111443400382996
1638453978761089689 0.02623748779296875 -3.0285606384277344 0.0 0.0 0.0 0.8565653562545776 0.5160385966300964
1638453978961857466 0.016254425048828125 -3.0134010314941406 0.0 0.0 0.0 0.8510448932647705 0.5250929594039917
1638453979162558054 0.01613616943359375 -3.005779266357422 0.0 0.0 0.0 0.8476117253303528 0.5306169390678406
1638453979363305571 0.015960693359375 -3.00384521484375 0.0 0.0 0.0 0.8435834646224976 0.5369980931282043
1638453979564004076 0.00795745849609375 -2.993640899658203 0.0 0.0 0.0 0.8358330130577087 0.5489836931228638
1638453979764646694 0.005657196044921875 -2.9784088134765625 0.0 0.0 0.0 0.827129602432251 0.5620112419128418
1638453979965362179 -0.003742218017578125 -2.9675254821777344 0.0 0.0 0.0 0.8150768876075745 0.579352855682373
1638453980166056309 -0.01152801513671875 -2.9567413330078125 0.0 0.0 0.0 0.8027058839797974 0.596375048160553
1638453980366812732 -0.020111083984375 -2.9469337463378906 0.0 0.0 0.0 0.7908956408500671 0.6119510531425476
1638453980567238107 -0.01128387451171875 -2.9453773498535156 0.0 0.0 0.0 0.781633734703064 0.6237376928329468
1638453980767780776 -0.02678680419921875 -2.9195289611816406 0.0 0.0 0.0 0.7663055062294006 0.6424763798713684
1638453980971157868 -0.02942657470703125 -2.91741943359375 0.0 0.0 0.0 0.7571210265159607 0.6532745957374573
1638453981369564672 -0.03357696533203125 -2.8864974975585938 0.0 0.0 0.0 0.7442951202392578 0.667850911617279
1638453981570093122 -0.03739166259765625 -2.8641510009765625 0.0 0.0 0.0 0.738631546497345 0.6741093993186951
1638453981770761991 -0.038516998291015625 -2.8494644165039062 0.0 0.0 0.0 0.7375826835632324 0.6752568483352661
1638453981971419298 -0.04193878173828125 -2.8453445434570312 0.0 0.0 0.0 0.7377914190292358 0.6750288009643555
1638453982172163012 -0.04615020751953125 -2.8214569091796875 0.0 0.0 0.0 0.7372033596038818 0.6756709218025208
1638453982372830840 -0.0439300537109375 -2.817638397216797 0.0 0.0 0.0 0.7368950247764587 0.6760071516036987
1638453982573495334 -0.046703338623046875 -2.7918472290039062 0.0 0.0 0.0 0.7358143925666809 0.6771833300590515
1638453982774039982 -0.0429840087890625 -2.7716140747070312 0.0 0.0 0.0 0.7377467155456543 0.6750776171684265
1638453982974848697 -0.05120086669921875 -2.7482528686523438 0.0 0.0 0.0 0.737599790096283 0.6752381324768066
1638453983175528400 -0.047954559326171875 -2.734607696533203 0.0 0.0 0.0 0.737910807132721 0.6748982667922974
1638453983376255760 -0.053623199462890625 -2.700592041015625 0.0 0.0 0.0 0.7328869104385376 0.6803504824638367
1638453983577049787 -0.0590057373046875 -2.6725540161132812 0.0 0.0 0.0 0.7268229126930237 0.6868249177932739
1638453983777759022 -0.055446624755859375 -2.661041259765625 0.0 0.0 0.0 0.7207826375961304 0.693161129951477
1638453983978508830 -0.058872222900390625 -2.6362876892089844 0.0 0.0 0.0 0.7144519686698914 0.6996845006942749
1638453984179234314 -0.0600433349609375 -2.6052932739257812 0.0 0.0 0.0 0.707413375377655 0.7068000435829163
1638453984380025425 -0.0585174560546875 -2.6005935668945312 0.0 0.0 0.0 0.6997225880622864 0.714414656162262
1638453984580609606 -0.0641021728515625 -2.5740890502929688 0.0 0.0 0.0 0.6919078230857849 0.7219858765602112
1638453984781319830 -0.0646209716796875 -2.5538864135742188 0.0 0.0 0.0 0.6843381524085999 0.7291647791862488
1638453984982106461 -0.06567001342773438 -2.5302505493164062 0.0 0.0 0.0 0.676791787147522 0.7361745238304138
1638453985182697308 -0.05931854248046875 -2.513965606689453 0.0 0.0 0.0 0.6707751750946045 0.7416607141494751
1638453985383263884 -0.06596755981445312 -2.485973358154297 0.0 0.0 0.0 0.6619479656219482 0.7495498061180115
1638453985584039995 -0.062282562255859375 -2.4702835083007812 0.0 0.0 0.0 0.6583446860313416 0.752716600894928
1638453985784730635 -0.06366729736328125 -2.4389572143554688 0.0 0.0 0.0 0.6473487019538879 0.7621939778327942
1638453985985420130 -0.05748748779296875 -2.4252357482910156 0.0 0.0 0.0 0.6411920189857483 0.7673804759979248
1638453986186067280 -0.05458831787109375 -2.4076690673828125 0.0 0.0 0.0 0.6382722854614258 0.769810676574707
1638453986386651408 -0.04943084716796875 -2.3822555541992188 0.0 0.0 0.0 0.6358492374420166 0.7718132734298706
1638453986587330225 -0.0445556640625 -2.3785476684570312 0.0 0.0 0.0 0.6416226029396057 0.7670205235481262
1638453986787781330 -0.03907012939453125 -2.3495712280273438 0.0 0.0 0.0 0.6474236845970154 0.7621303200721741
1638453986988544263 -0.038150787353515625 -2.3348655700683594 0.0 0.0 0.0 0.6556273102760315 0.7550846338272095
1638453987189060109 -0.03556060791015625 -2.3109703063964844 0.0 0.0 0.0 0.6631541848182678 0.7484828233718872
1638453987389719968 -0.03076171875 -2.296070098876953 0.0 0.0 0.0 0.673369288444519 0.7393062710762024
1638453987590400660 -0.02587890625 -2.267559051513672 0.0 0.0 0.0 0.6798763275146484 0.73332679271698
1638453987791019476 -0.02387237548828125 -2.246318817138672 0.0 0.0 0.0 0.6888319849967957 0.7249209880828857
1638453987991944339 -0.0191497802734375 -2.2321853637695312 0.0 0.0 0.0 0.6964215040206909 0.7176330089569092
1638453988192746336 -0.01807403564453125 -2.208221435546875 0.0 0.0 0.0 0.7026250958442688 0.7115602493286133
1638453988393511665 -0.015377044677734375 -2.1897201538085938 0.0 0.0 0.0 0.7097727656364441 0.7044306993484497
1638453988594266942 -0.01715850830078125 -2.1767501831054688 0.0 0.0 0.0 0.7167363166809082 0.6973443031311035
1638453988794915654 -0.01497650146484375 -2.1487655639648438 0.0 0.0 0.0 0.7224655747413635 0.6914069056510925
1638453988995542179 -0.0127105712890625 -2.1250343322753906 0.0 0.0 0.0 0.7299639582633972 0.6834856867790222
1638453989196182923 -0.014678955078125 -2.1049346923828125 0.0 0.0 0.0 0.7370873093605042 0.6757975220680237
1638453989396841584 -0.013462066650390625 -2.0815811157226562 0.0 0.0 0.0 0.7444096207618713 0.6677232384681702
1638453989597444202 -0.017169952392578125 -2.058368682861328 0.0 0.0 0.0 0.7487399578094482 0.6628638505935669
1638453989798073435 -0.01570892333984375 -2.0366897583007812 0.0 0.0 0.0 0.7572914361953735 0.6530771255493164
1638453989998958193 -0.020717620849609375 -2.014545440673828 0.0 0.0 0.0 0.7635318636894226 0.6457701921463013
1638453990199633364 -0.020145416259765625 -1.9906845092773438 0.0 0.0 0.0 0.7692223787307739 0.6389811635017395
1638453990400334109 -0.02646636962890625 -1.9676399230957031 0.0 0.0 0.0 0.7736622095108032 0.633598268032074
1638453990601098084 -0.028011322021484375 -1.9484138488769531 0.0 0.0 0.0 0.7826026678085327 0.6225215196609497
1638453990801735026 -0.030826568603515625 -1.9249763488769531 0.0 0.0 0.0 0.7878285646438599 0.615894615650177
1638453991002643951 -0.0341796875 -1.9050064086914062 0.0 0.0 0.0 0.7966499328613281 0.6044409871101379
1638453991203260944 -0.037021636962890625 -1.8785514831542969 0.0 0.0 0.0 0.7990623712539673 0.6012480854988098
1638453991403918303 -0.04296112060546875 -1.8572616577148438 0.0 0.0 0.0 0.8059693574905396 0.5919572710990906
1638453991604609881 -0.05034637451171875 -1.8266563415527344 0.0 0.0 0.0 0.8046674728393555 0.5937257409095764
1638453991805238333 -0.055706024169921875 -1.8013343811035156 0.0 0.0 0.0 0.7986225485801697 0.6018322706222534
1638453992005932931 -0.06418609619140625 -1.7692947387695312 0.0 0.0 0.0 0.7848142385482788 0.619731068611145
1638453992206508622 -0.07022857666015625 -1.7419357299804688 0.0 0.0 0.0 0.7635883688926697 0.6457033157348633
1638453992407146501 -0.07775115966796875 -1.7183074951171875 0.0 0.0 0.0 0.7425602674484253 0.6697792410850525
1638453992607596044 -0.08251953125 -1.704620361328125 0.0 0.0 0.0 0.7198701500892639 0.694108784198761
1638453992808289184 -0.08409881591796875 -1.6898727416992188 0.0 0.0 0.0 0.7043640613555908 0.7098389267921448
1638453993009651398 -0.09046173095703125 -1.6776657104492188 0.0 0.0 0.0 0.6982159614562988 0.715887188911438
1638453993209305302 -0.09063339233398438 -1.6634521484375 0.0 0.0 0.0 0.7008616924285889 0.7132971882820129
1638453993409792867 -0.09371185302734375 -1.6441497802734375 0.0 0.0 0.0 0.7029892802238464 0.7112004160881042
1638453993610403037 -0.09218597412109375 -1.626800537109375 0.0 0.0 0.0 0.7173840999603271 0.6966778635978699
1638453993811037010 -0.09125518798828125 -1.6117744445800781 0.0 0.0 0.0 0.7374132871627808 0.6754418015480042
1638453994011782807 -0.0904541015625 -1.58489990234375 0.0 0.0 0.0 0.7564098834991455 0.6540979743003845
1638453994212419905 -0.08082962036132812 -1.5390357971191406 0.0 0.0 0.0 0.7679896354675293 0.6404622793197632
1638453994413040284 -0.08392333984375 -1.5262069702148438 0.0 0.0 0.0 0.7833189964294434 0.6216199398040771
1638453994613695663 -0.08719635009765625 -1.5076828002929688 0.0 0.0 0.0 0.7867256999015808 0.6173027753829956
1638453994814480107 -0.092132568359375 -1.4814567565917969 0.0 0.0 0.0 0.7826633453369141 0.6224452257156372
1638453995015420752 -0.09636688232421875 -1.4462127685546875 0.0 0.0 0.0 0.7708779573440552 0.6369828581809998
1638453995215945660 -0.10132598876953125 -1.4194412231445312 0.0 0.0 0.0 0.7519913911819458 0.6591728925704956
1638453995416339056 -0.110107421875 -1.3883285522460938 0.0 0.0 0.0 0.7345783710479736 0.6785238981246948
1638453995616928757 -0.118865966796875 -1.3595504760742188 0.0 0.0 0.0 0.711042046546936 0.7031494975090027
1638453995817629606 -0.12012481689453125 -1.3436660766601562 0.0 0.0 0.0 0.6833069920539856 0.730131208896637
1638453996018317278 -0.1221923828125 -1.3156318664550781 0.0 0.0 0.0 0.655422568321228 0.7552623748779297
1638453996218898593 -0.12471771240234375 -1.3191413879394531 0.0 0.0 0.0 0.6281073093414307 0.7781267166137695
1638453996419577931 -0.1230316162109375 -1.30242919921875 0.0 0.0 0.0 0.6078423261642456 0.7940577864646912
1638453996620230342 -0.11932373046875 -1.2842483520507812 0.0 0.0 0.0 0.5951005816459656 0.8036512136459351
1638453996820956660 -0.1131439208984375 -1.2563133239746094 0.0 0.0 0.0 0.5939346551895142 0.8045132756233215
1638453997021591414 -0.10882186889648438 -1.2388916015625 0.0 0.0 0.0 0.5945477485656738 0.8040602803230286
1638453997222401067 -0.1002655029296875 -1.2185096740722656 0.0 0.0 0.0 0.6096222400665283 0.7926920652389526
1638453997423153427 -0.09669113159179688 -1.2006416320800781 0.0 0.0 0.0 0.6310642957687378 0.775730550289154
1638453997623739066 -0.08948516845703125 -1.19525146484375 0.0 0.0 0.0 0.6576710343360901 0.7533052563667297
1638453997824540854 -0.08348846435546875 -1.1756095886230469 0.0 0.0 0.0 0.6882513165473938 0.7254723310470581
1638453998025051075 -0.07486724853515625 -1.1465568542480469 0.0 0.0 0.0 0.7155317068099976 0.698580265045166
1638453998225640047 -0.07477188110351562 -1.1237258911132812 0.0 0.0 0.0 0.7402547001838684 0.6723265647888184
1638453998429042555 -0.06760406494140625 -1.0924339294433594 0.0 0.0 0.0 0.7591946125030518 0.6508637070655823
1638453998827569934 -0.06830596923828125 -1.0376510620117188 0.0 0.0 0.0 0.7764299511909485 0.6302035450935364
1638453999027994320 -0.07033920288085938 -1.0064315795898438 0.0 0.0 0.0 0.773569643497467 0.6337113380432129
1638453999231321098 -0.07476806640625 -0.987396240234375 0.0 0.0 0.0 0.7655942440032959 0.6433237791061401
1638453999629862957 -0.0834503173828125 -0.9431724548339844 0.0 0.0 0.0 0.7320016026496887 0.6813029050827026
1638453999830351666 -0.0898590087890625 -0.9215927124023438 0.0 0.0 0.0 0.7112544178962708 0.7029346823692322
1638454000033667455 -0.0912017822265625 -0.8872032165527344 0.0 0.0 0.0 0.6906588673591614 0.7231807112693787
1638454000432312805 -0.09983444213867188 -0.8527030944824219 0.0 0.0 0.0 0.6508980989456177 0.7591651082038879
1638454000633058081 -0.0964202880859375 -0.8269691467285156 0.0 0.0 0.0 0.626495897769928 0.7794247269630432
1638454000833696585 -0.09856033325195312 -0.8159255981445312 0.0 0.0 0.0 0.6047805547714233 0.7963921427726746
1638454001034370871 -0.09395980834960938 -0.7904472351074219 0.0 0.0 0.0 0.5813062191009521 0.81368488073349
1638454001235040574 -0.09084320068359375 -0.7637405395507812 0.0 0.0 0.0 0.5512653589248657 0.8343299627304077
1638454001435815122 -0.0917205810546875 -0.7496910095214844 0.0 0.0 0.0 0.519469678401947 0.8544889092445374
1638454001636531440 -0.08214187622070312 -0.7350120544433594 0.0 0.0 0.0 0.4847846031188965 0.8746335506439209
1638454001837243383 -0.07514190673828125 -0.7118492126464844 0.0 0.0 0.0 0.4499295651912689 0.893064022064209
1638454002038010326 -0.06512451171875 -0.6983757019042969 0.0 0.0 0.0 0.41690751910209656 0.9089488983154297
1638454002238633257 -0.057071685791015625 -0.6780471801757812 0.0 0.0 0.0 0.37988701462745667 0.925032913684845
1638454002439424837 -0.04030609130859375 -0.6665267944335938 0.0 0.0 0.0 0.3498498201370239 0.936805784702301
1638454002640084695 -0.02768707275390625 -0.6487960815429688 0.0 0.0 0.0 0.32571542263031006 0.9454678297042847
1638454002840911536 -0.005481719970703125 -0.6300582885742188 0.0 0.0 0.0 0.30540046095848083 0.9522240161895752
1638454003041551707 0.00656890869140625 -0.6196670532226562 0.0 0.0 0.0 0.2761596739292145 0.9611117839813232
1638454003242170106 0.02259063720703125 -0.5993690490722656 0.0 0.0 0.0 0.23859724402427673 0.9711186289787292
1638454003442929550 0.036273956298828125 -0.5820198059082031 0.0 0.0 0.0 0.19255904853343964 0.9812853932380676
1638454003643342425 0.052143096923828125 -0.5670089721679688 0.0 0.0 0.0 0.13279181718826294 0.9911439418792725
1638454003843920355 0.08119964599609375 -0.56719970703125 0.0 0.0 0.0 0.07429475337266922 0.9972363114356995
1638454004044342658 0.10679244995117188 -0.5487022399902344 0.0 0.0 0.0 0.029240384697914124 0.9995723962783813
1638454004245106008 0.10153961181640625 -0.5596656799316406 0.0 0.0 0.0 0.01774742640554905 0.9998425245285034
1638454004445818420 0.102203369140625 -0.5606002807617188 0.0 0.0 0.0 0.016390612348914146 0.9998656511306763
1638454004646266712 0.096588134765625 -0.5568428039550781 0.0 0.0 0.0 0.030700651928782463 0.9995286464691162
1638454004846641566 0.09899139404296875 -0.5578536987304688 0.0 0.0 0.0 0.052565935999155045 0.9986174702644348
1638454005047316425 0.10296630859375 -0.5599822998046875 0.0 0.0 0.0 0.09023571014404297 0.9959204196929932
1638454005248100244 0.10066604614257812 -0.5666160583496094 0.0 0.0 0.0 0.13009484112262726 0.9915015697479248
1638454005449018961 0.10958099365234375 -0.5698051452636719 0.0 0.0 0.0 0.178922638297081 0.9838631749153137
1638454005649664809 0.11188507080078125 -0.5713577270507812 0.0 0.0 0.0 0.22575125098228455 0.9741849899291992
1638454005849890285 0.12148284912109375 -0.5776901245117188 0.0 0.0 0.0 0.272020161151886 0.9622915387153625
1638454006050522644 0.12287139892578125 -0.5819168090820312 0.0 0.0 0.0 0.32409927248954773 0.9460231065750122
1638454006251280004 0.12926101684570312 -0.5805740356445312 0.0 0.0 0.0 0.36568543314933777 0.9307385087013245
1638454006451893976 0.13607025146484375 -0.5815353393554688 0.0 0.0 0.0 0.40731072425842285 0.9132896661758423
1638454006652498417 0.142547607421875 -0.5908355712890625 0.0 0.0 0.0 0.4527795612812042 0.8916224837303162
1638454006853501875 0.15027999877929688 -0.5916328430175781 0.0 0.0 0.0 0.49790793657302856 0.8672298789024353
1638454007054079076 0.15984344482421875 -0.603485107421875 0.0 0.0 0.0 0.5377559065818787 0.8431005477905273
1638454007254912427 0.16395950317382812 -0.5991783142089844 0.0 0.0 0.0 0.5817764401435852 0.8133487701416016
1638454007455515671 0.16767501831054688 -0.6020622253417969 0.0 0.0 0.0 0.6193181872367859 0.7851400971412659
1638454007656465794 0.17484283447265625 -0.6010665893554688 0.0 0.0 0.0 0.6590464115142822 0.752102255821228
1638454007857166487 0.18824005126953125 -0.5956916809082031 0.0 0.0 0.0 0.6959061622619629 0.718132734298706
1638454008058031766 0.18611907958984375 -0.591766357421875 0.0 0.0 0.0 0.7309525012969971 0.6824283599853516
1638454008258586206 0.19875335693359375 -0.5793190002441406 0.0 0.0 0.0 0.7604158520698547 0.6494364738464355
1638454008459267523 0.1995849609375 -0.5611991882324219 0.0 0.0 0.0 0.7924172878265381 0.6099793910980225
1638454008659932382 0.205230712890625 -0.5597610473632812 0.0 0.0 0.0 0.814624011516571 0.5799893736839294
1638454008860589793 0.20843505859375 -0.5446624755859375 0.0 0.0 0.0 0.8373854160308838 0.5466129183769226
1638454009061487728 0.216522216796875 -0.5387954711914062 0.0 0.0 0.0 0.8546155691146851 0.5192611813545227
1638454009261898312 0.21022415161132812 -0.5334854125976562 0.0 0.0 0.0 0.8639495372772217 0.5035783648490906
1638454009462497440 0.20711517333984375 -0.5219535827636719 0.0 0.0 0.0 0.8746929168701172 0.4846774637699127
1638454009663205529 0.20606231689453125 -0.5133132934570312 0.0 0.0 0.0 0.8805670142173767 0.4739217162132263
1638454009863869398 0.201416015625 -0.5050010681152344 0.0 0.0 0.0 0.8839299082756042 0.4676194489002228
1638454010064650456 0.1905517578125 -0.4921607971191406 0.0 0.0 0.0 0.8900541663169861 0.4558548033237457
1638454010265079374 0.18548583984375 -0.4821815490722656 0.0 0.0 0.0 0.8930485248565674 0.449960321187973
1638454010465529281 0.18309402465820312 -0.4653053283691406 0.0 0.0 0.0 0.8988356590270996 0.438285768032074
1638454010666224140 0.17493820190429688 -0.45821380615234375 0.0 0.0 0.0 0.9029560685157776 0.4297328591346741
1638454010866846759 0.16745758056640625 -0.43495941162109375 0.0 0.0 0.0 0.9066622257232666 0.4218572676181793
1638454011067466773 0.15631866455078125 -0.42876434326171875 0.0 0.0 0.0 0.9097102284431458 0.41524359583854675
1638454011268255436 0.147308349609375 -0.4162406921386719 0.0 0.0 0.0 0.9147927165031433 0.40392357110977173
1638454011468608310 0.13631057739257812 -0.4044990539550781 0.0 0.0 0.0 0.917835533618927 0.3969607949256897
1638454011669178688 0.12358856201171875 -0.39354705810546875 0.0 0.0 0.0 0.9216826558113098 0.3879447281360626
1638454011869840213 0.11353683471679688 -0.37738037109375 0.0 0.0 0.0 0.9261131882667542 0.3772457540035248
1638454012070555177 0.100830078125 -0.36566162109375 0.0 0.0 0.0 0.9285253286361694 0.3712691068649292
1638454012271353996 0.08530426025390625 -0.35364532470703125 0.0 0.0 0.0 0.9284061193466187 0.3715670704841614
1638454012472104377 0.077239990234375 -0.33599853515625 0.0 0.0 0.0 0.9276081919670105 0.37355461716651917
1638454012672613348 0.060810089111328125 -0.32262420654296875 0.0 0.0 0.0 0.922289252281189 0.38650038838386536
1638454012873481022 0.04864501953125 -0.30937957763671875 0.0 0.0 0.0 0.9151672124862671 0.4030744433403015
1638454013074098172 0.030731201171875 -0.2954216003417969 0.0 0.0 0.0 0.9023440480232239 0.4310164749622345
1638454013274877043 0.01390838623046875 -0.2863883972167969 0.0 0.0 0.0 0.8857361078262329 0.4641891121864319
1638454013475617424 0.000896453857421875 -0.27619171142578125 0.0 0.0 0.0 0.8670911192893982 0.4981495141983032
1638454013676524110 -0.008846282958984375 -0.25836944580078125 0.0 0.0 0.0 0.8459832072257996 0.5332095623016357
1638454013877117873 -0.019161224365234375 -0.24187088012695312 0.0 0.0 0.0 0.8231774568557739 0.5677841305732727
1638454014077782419 -0.029033660888671875 -0.22787094116210938 0.0 0.0 0.0 0.8016420602798462 0.5978043079376221
1638454014278407069 -0.039058685302734375 -0.20970916748046875 0.0 0.0 0.0 0.7774235606193542 0.6289774179458618
1638454014479195159 -0.04601287841796875 -0.20001983642578125 0.0 0.0 0.0 0.7541671991348267 0.6566824316978455
1638454014679950436 -0.047992706298828125 -0.17900848388671875 0.0 0.0 0.0 0.7263543009757996 0.6873204708099365
1638454014880566440 -0.0540313720703125 -0.16204833984375 0.0 0.0 0.0 0.6988857984542847 0.7152332663536072
1638454015081179058 -0.0578765869140625 -0.14152908325195312 0.0 0.0 0.0 0.6692572832107544 0.7430307865142822
1638454015281932304 -0.057758331298828125 -0.12395095825195312 0.0 0.0 0.0 0.6397249102592468 0.7686039209365845
1638454015482682320 -0.06288909912109375 -0.09728622436523438 0.0 0.0 0.0 0.5976865887641907 0.8017298579216003
1638454015683480045 -0.070892333984375 -0.07805633544921875 0.0 0.0 0.0 0.5500016212463379 0.8351635932922363
1638454015884239749 -0.07035446166992188 -0.05631256103515625 0.0 0.0 0.0 0.4869324266910553 0.8734396696090698
1638454016085137112 -0.07714462280273438 -0.03218841552734375 0.0 0.0 0.0 0.4128167927265167 0.910814106464386
1638454016285883430 -0.07318496704101562 -0.0162200927734375 0.0 0.0 0.0 0.3276830017566681 0.9447877407073975
1638454016486635634 -0.055194854736328125 0.006237030029296875 0.0 0.0 0.0 0.263286828994751 0.9647176265716553
1638454016687318566 -0.0182952880859375 0.01844024658203125 0.0 0.0 0.0 0.21298019587993622 0.9770565032958984
1638454016887650190 -0.02544403076171875 0.03668212890625 0.0 0.0 0.0 0.15106354653835297 0.9885240793228149
1638454017088237964 -0.041210174560546875 0.09116363525390625 0.0 0.0 0.0 0.13558927178382874 0.9907651543617249
1638454017288878812 -0.08404159545898438 0.07057571411132812 0.0 0.0 0.0 0.10781943053007126 0.9941704869270325
1638454017489403304 -0.054012298583984375 0.02667236328125 0.0 0.0 0.0 0.05361352860927582 0.9985617399215698
1638454017689989307 -0.024082183837890625 0.02555084228515625 0.0 0.0 0.0 0.023087304085493088 0.9997334480285645
1638454017890402078 -0.013031005859375 0.025360107421875 0.0 0.0 0.0 0.019865669310092926 0.9998026490211487
1638454018090936206 -0.0175018310546875 0.01961517333984375 0.0 0.0 0.0 0.023854181170463562 0.9997154474258423
1638454018291509657 -0.01696014404296875 0.02678680419921875 0.0 0.0 0.0 0.01929757371544838 0.9998137950897217
1638454018492231652 -0.01639556884765625 0.02355194091796875 0.0 0.0 0.0 0.023345740512013435 0.9997274279594421
1638454018692787446 -0.01663970947265625 0.022747039794921875 0.0 0.0 0.0 0.021836653351783752 0.9997615814208984
1638454018893354126 -0.01529693603515625 0.019683837890625 0.0 0.0 0.0 0.02288687974214554 0.9997380375862122
1638454019094141226 -0.020526885986328125 0.02610015869140625 0.0 0.0 0.0 0.023407872766256332 0.9997259974479675
1638454019294704156 -0.021152496337890625 0.024608612060546875 0.0 0.0 0.0 0.021300239488482475 0.9997731447219849
1638454019495297503 -0.020954132080078125 0.023113250732421875 0.0 0.0 0.0 0.022952990606427193 0.9997365474700928
1638454019695973612 -0.01970672607421875 0.026630401611328125 0.0 0.0 0.0 0.023348206654191017 0.9997273683547974
1638454019896497479 -0.01679229736328125 0.026500701904296875 0.0 0.0 0.0 0.02074112929403782 0.9997848868370056
1638454020097278538 -0.014278411865234375 0.027729034423828125 0.0 0.0 0.0 0.02133835293352604 0.999772310256958
1638454020297864593 -0.021488189697265625 0.02245330810546875 0.0 0.0 0.0 0.023613901808857918 0.9997211694717407
1638454020498470076 -0.016490936279296875 0.02508544921875 0.0 0.0 0.0 0.02189643494784832 0.9997602701187134
1638454020699106965 -0.02204132080078125 0.02404022216796875 0.0 0.0 0.0 0.021246053278446198 0.9997742772102356
1638454020899741094 -0.0228729248046875 0.02640533447265625 0.0 0.0 0.0 0.022811559960246086 0.9997397661209106
1638454021100523090 -0.019378662109375 0.026134490966796875 0.0 0.0 0.0 0.022549331188201904 0.9997457265853882
1638454021301363889 -0.021167755126953125 0.02547454833984375 0.0 0.0 0.0 0.024355944246053696 0.9997033476829529
1638454021501861297 -0.016574859619140625 0.02325439453125 0.0 0.0 0.0 0.02237052470445633 0.9997497200965881
1638454021702515583 -0.01781463623046875 0.026012420654296875 0.0 0.0 0.0 0.02156922034919262 0.9997673630714417
1638454021903237630 -0.0240020751953125 0.022594451904296875 0.0 0.0 0.0 0.024607539176940918 0.999697208404541
1638454022103936448 -0.03076934814453125 0.02227020263671875 0.0 0.0 0.0 0.025240791961550713 0.9996814131736755
1638454022304803237 -0.02016448974609375 0.02796173095703125 0.0 0.0 0.0 0.022795142605900764 0.9997401833534241
1638454022505374396 -0.01744842529296875 0.02515411376953125 0.0 0.0 0.0 0.021554159000515938 0.9997676610946655
1638454022705874304 -0.01619720458984375 0.022480010986328125 0.0 0.0 0.0 0.022165587171912193 0.9997543096542358
1638454022906652394 -0.0231475830078125 0.02045440673828125 0.0 0.0 0.0 0.02665071375668049 0.9996448159217834
1638454023107404806 -0.02355194091796875 0.02478790283203125 0.0 0.0 0.0 0.024348657578229904 0.9997035264968872
1638454023308095134 -0.02204132080078125 0.022869110107421875 0.0 0.0 0.0 0.024786537513136864 0.9996927380561829
1638454023508860411 -0.021869659423828125 0.022296905517578125 0.0 0.0 0.0 0.023877589032053947 0.9997149109840393
1638454023709625376 -0.023097991943359375 0.024127960205078125 0.0 0.0 0.0 0.024056600406765938 0.9997106194496155
1638454023910201118 -0.017749786376953125 0.02629852294921875 0.0 0.0 0.0 0.020888254046440125 0.9997817873954773
1638454024110846445 -0.02121734619140625 0.026294708251953125 0.0 0.0 0.0 0.02357133850455284 0.9997221827507019
1638454024311436043 -0.017940521240234375 0.02285003662109375 0.0 0.0 0.0 0.0235222727060318 0.9997233152389526
1638454024512181944 -0.02487945556640625 0.02451324462890625 0.0 0.0 0.0 0.024732772260904312 0.9996941089630127
1638454024712703623 -0.0255279541015625 0.022350311279296875 0.0 0.0 0.0 0.021384332329034805 0.9997713565826416
1638454024913431764 -0.019832611083984375 0.025005340576171875 0.0 0.0 0.0 0.0228013563901186 0.9997400045394897
