1638453901127390146 -1.0602857567626467e-12 8.269952722628204e-09 0.0 0.0 0.0 0.00010516494512557983 1.0
1638453901297390223 -1.0602857567626467e-12 8.269952722628204e-09 0.0 0.0 0.0 0.00016139447689056396 1.0
1638453901436390162 -1.0602857567626467e-12 8.269952722628204e-09 0.0 0.0 0.0 0.0001674070954322815 1.0
1638453901604390144 -1.0602857567626467e-12 8.269952722628204e-09 0.0 0.0 0.0 0.00023158639669418335 1.0
1638453901737390041 -1.0602857567626467e-12 8.269952722628204e-09 0.0 0.0 0.0 7.818639278411865e-05 1.0
1638453901872390032 -1.0602857567626467e-12 8.269952722628204e-09 0.0 0.0 0.0 0.0002065598964691162 1.0
163845390239390087 -1.3064229602635646e-13 5.948352033158244e-09 0.0 0.0 0.0 0.00020523369312286377 1.0
1638453902204390049 2.5310684577561915e-05 1.5666032027183974e-08 0.0 0.0 0.0 0.00022536516189575195 1.0
1638453902372390032 -9.936304166610621e-13 7.435864812777027e-09 0.0 0.0 0.0 0.00011990964412689209 1.0
1638453902540390015 2.5310684577561915e-05 1.6557445192688647e-08 0.0 0.0 0.0 0.0002691224217414856 0.9999999403953552
1638453902674516201 -9.453531436397905e-14 7.820188940854678e-09 0.0 0.0 0.0 0.00011104345321655273 1.0
1638453902840516090 -9.453531436397905e-14 7.820188940854678e-09 0.0 0.0 0.0 0.0001967698335647583 1.0
1638453902975516081 2.703265996467641e-12 2.1399919614140117e-09 0.0 0.0 0.0 0.0003189295530319214 0.9999999403953552
1638453903140516043 3.3589563422364854e-12 5.700694916122018e-10 0.0 0.0 0.0 0.00011664628982543945 1.0
1638453903279516220 3.3589563422364854e-12 5.700694916122018e-10 0.0 0.0 0.0 0.000303708016872406 0.9999999403953552
1638453903445516109 6.533567632228954e-13 7.034945070927279e-09 0.0 0.0 0.0 0.00012736767530441284 1.0
1638453903582516193 6.533567632228954e-13 7.034945070927279e-09 0.0 0.0 0.0 0.00015387684106826782 1.0
1638453903752516031 2.578921234550058e-12 4.235674033736814e-09 0.0 0.0 0.0 0.0001482740044593811 1.0
1638453903884516001 2.578921234550058e-12 4.235674033736814e-09 0.0 0.0 0.0 0.00013729184865951538 1.0
163845390419516230 0.00010124274558620527 1.4626394317929226e-08 0.0 0.0 0.0 -1.1175870895385742e-06 1.0
1638453904192516088 0.002024854766204953 -4.3522049963939935e-07 0.0 0.0 0.0 -7.026642560958862e-05 1.0
1638453904324516058 0.004707787185907364 -4.4720056280311837e-07 0.0 0.0 0.0 1.068413257598877e-05 1.0
1638453904495516062 0.010655797086656094 -3.5938151086156722e-06 0.0 0.0 0.0 -0.00038192421197891235 0.9999999403953552
1638453904629516125 0.01688222587108612 -6.6947632149094716e-06 0.0 0.0 0.0 -0.00019905716180801392 1.0
1638453904797516108 0.025184130296111107 -1.0575473424978554e-05 0.0 0.0 0.0 -0.00035916268825531006 0.9999999403953552
1638453904931516171 0.031764909625053406 -1.4257794646255206e-05 0.0 0.0 0.0 -0.0002741888165473938 0.9999999403953552
1638453905102516174 0.04037053510546684 -2.570012838987168e-05 0.0 0.0 0.0 -0.0009596569580025971 0.9999995231628418
1638453905225767136 0.047077856957912445 -3.732316690729931e-05 0.0 0.0 0.0 -0.00090302515309304 0.9999995827674866
1638453905390767097 0.055405061691999435 -5.117140244692564e-05 0.0 0.0 0.0 -0.000801190675701946 0.9999997019767761
1638453905592767000 0.06532683223485947 -6.678827048745006e-05 0.0 0.0 0.0 -0.0009228511480614543 0.9999995827674866
1638453905726767063 0.07205945998430252 -7.700934656895697e-05 0.0 0.0 0.0 -0.0008736624149605632 0.9999996423721313
1638453905895766973 0.08208248019218445 -9.477190906181931e-05 0.0 0.0 0.0 -0.0007952004089020193 0.9999997019767761
163845390628767109 0.09091588109731674 -0.00011136566899949685 0.0 0.0 0.0 -0.0011861918028444052 0.9999992847442627
1638453906195767164 0.10248283296823502 -0.00013626221334561706 0.0 0.0 0.0 -0.0011282858904451132 0.9999993443489075
1638453906330767155 0.1118224635720253 -0.0001371818798361346 0.0 0.0 0.0 0.0017482629045844078 0.9999984502792358
1638453906496767044 0.12348964810371399 5.3304402172216214e-06 0.0 0.0 0.0 0.011372157372534275 0.9999353289604187
1638453906698767185 0.13754801452159882 0.0006185502861626446 0.0 0.0 0.0 0.03262367099523544 0.9994677305221558
1638453906900767088 0.15168415009975433 0.0019358752761036158 0.0 0.0 0.0 0.06088411062955856 0.9981448650360107
1638453907100767136 0.1655198633670807 0.004041097592562437 0.0 0.0 0.0 0.08954804390668869 0.9959825277328491
1638453907300767183 0.17928719520568848 0.006948036607354879 0.0 0.0 0.0 0.11794300377368927 0.9930203557014465
1638453907467767000 0.19033899903297424 0.00990027654916048 0.0 0.0 0.0 0.14217454195022583 0.9898415803909302
1638453907650444031 0.20149780809879303 0.01347598060965538 0.0 0.0 0.0 0.1665731817483902 0.9860290884971619
1638453907783443928 0.21011660993099213 0.016657469794154167 0.0 0.0 0.0 0.18530693650245667 0.9826806783676147
1638453907950443983 0.2207845151424408 0.02112579718232155 0.0 0.0 0.0 0.2090776562690735 0.9778990149497986
163845390883443880 0.22914300858974457 0.025059552863240242 0.0 0.0 0.0 0.2272505909204483 0.9738363027572632
1638453908251444101 0.2393864244222641 0.030430037528276443 0.0 0.0 0.0 0.25053495168685913 0.9681075811386108
1638453908384443998 0.24731041491031647 0.035029053688049316 0.0 0.0 0.0 0.2691802680492401 0.9630898237228394
1638453908555444002 0.25741130113601685 0.041454020887613297 0.0 0.0 0.0 0.28862857818603516 0.9574411511421204
1638453908724443913 0.2671773135662079 0.048156749457120895 0.0 0.0 0.0 0.3038179576396942 0.952730119228363
1638453908891443968 0.2766328454017639 0.055036190897226334 0.0 0.0 0.0 0.3136127293109894 0.949550986289978
163845390926443958 0.28416115045547485 0.06069095432758331 0.0 0.0 0.0 0.3194079101085663 0.9476173520088196
1638453909125443935 0.2899951934814453 0.06514526158571243 0.0 0.0 0.0 0.32094302773475647 0.9470984935760498
1638453909293443918 0.3006446063518524 0.07330264151096344 0.0 0.0 0.0 0.32096490263938904 0.9470911026000977
1638453909428443909 0.3099290132522583 0.08041170984506607 0.0 0.0 0.0 0.3208962678909302 0.9471143484115601
1638453909594444036 0.32266128063201904 0.09013712406158447 0.0 0.0 0.0 0.31908825039863586 0.9477249979972839
1638453909726444006 0.3331431746482849 0.09801266342401505 0.0 0.0 0.0 0.3140600025653839 0.9494031071662903
1638453909892443895 0.34645533561706543 0.10772236436605453 0.0 0.0 0.0 0.30521783232688904 0.9522825479507446
163845391024443865 0.35714659094810486 0.11517898738384247 0.0 0.0 0.0 0.29420599341392517 0.9557420611381531
1638453910204059839 0.37143266201019287 0.12454753369092941 0.0 0.0 0.0 0.27806755900382996 0.9605615139007568
1638453910337059975 0.3828151226043701 0.1315007507801056 0.0 0.0 0.0 0.26304370164871216 0.9647839069366455
1638453910508059978 0.39754801988601685 0.13968828320503235 0.0 0.0 0.0 0.23785026371479034 0.9713018536567688
1638453910640059948 0.40927407145500183 0.14543603360652924 0.0 0.0 0.0 0.21283452212810516 0.9770882725715637
1638453910774060011 0.42156562209129333 0.15061157941818237 0.0 0.0 0.0 0.18280301988124847 0.9831495881080627
1638453910943059921 0.4381575882434845 0.1562068611383438 0.0 0.0 0.0 0.14164724946022034 0.9899172186851501
163845391177059984 0.45230329036712646 0.15982744097709656 0.0 0.0 0.0 0.10848788172006607 0.9940977692604065
1638453911244060040 0.4703156650066376 0.16302961111068726 0.0 0.0 0.0 0.06743291765451431 0.9977238178253174
1638453911378059864 0.48476433753967285 0.16452528536319733 0.0 0.0 0.0 0.03538133576512337 0.9993739128112793
1638453911477059841 0.495711088180542 0.165034219622612 0.0 0.0 0.0 0.011054305359721184 0.9999389052391052
1638453911644059896 0.513901948928833 0.16471046209335327 0.0 0.0 0.0 -0.029023267328739166 0.9995787143707275
1638453911778059959 0.5285440683364868 0.16337274014949799 0.0 0.0 0.0 -0.0612742081284523 0.9981209635734558
1638453911944059849 0.5465220212936401 0.16041851043701172 0.0 0.0 0.0 -0.10131818056106567 0.9948540925979614
1638453912109060049 0.564277708530426 0.15600979328155518 0.0 0.0 0.0 -0.14132459461688995 0.9899632930755615
1638453912243059874 0.5782273411750793 0.1514441967010498 0.0 0.0 0.0 -0.17377711832523346 0.9847850203514099
1638453912376060009 0.5917320251464844 0.14602559804916382 0.0 0.0 0.0 -0.20576448738574982 0.9786015152931213
1638453912478060007 0.6017648577690125 0.14131170511245728 0.0 0.0 0.0 -0.22999675571918488 0.9731913805007935
1638453912601059914 0.6137220859527588 0.13490597903728485 0.0 0.0 0.0 -0.25643226504325867 0.9665622115135193
1638453912779630899 0.6305032968521118 0.1245136559009552 0.0 0.0 0.0 -0.2892197072505951 0.9572627544403076
1638453912946630955 0.6454274654388428 0.11405832320451736 0.0 0.0 0.0 -0.31166326999664307 0.9501926302909851
163845391379630852 0.6570644974708557 0.10527674108743668 0.0 0.0 0.0 -0.32273852825164795 0.9464881420135498
1638453913248631001 0.6716907620429993 0.09378110617399216 0.0 0.0 0.0 -0.3305572271347046 0.9437859654426575
1638453913382631063 0.6831037402153015 0.08462857455015182 0.0 0.0 0.0 -0.33178621530532837 0.943354606628418
1638453913548630953 0.6973882913589478 0.07323116064071655 0.0 0.0 0.0 -0.3273378014564514 0.9449073672294617
1638453913682631016 0.7089484333992004 0.06430704146623611 0.0 0.0 0.0 -0.31728506088256836 0.9483302235603333
1638453913850630999 0.7237619757652283 0.053564853966236115 0.0 0.0 0.0 -0.2986467778682709 0.9543637037277222
1638453913984631062 0.7359627485275269 0.04544805735349655 0.0 0.0 0.0 -0.28007373213768005 0.9599785208702087
1638453914117630959 0.7482542991638184 0.03794444724917412 0.0 0.0 0.0 -0.261233925819397 0.9652755260467529
1638453914284631014 0.7643035650253296 0.029103679582476616 0.0 0.0 0.0 -0.23714087903499603 0.9714753031730652
1638453914453630924 0.7810914516448975 0.02091747149825096 0.0 0.0 0.0 -0.21285288035869598 0.9770842790603638
1638453914586631060 0.794556200504303 0.015070874243974686 0.0 0.0 0.0 -0.19381512701511383 0.9810380935668945
1638453914751631021 0.8115068078041077 0.008593698963522911 0.0 0.0 0.0 -0.1696183681488037 0.9855098128318787
1638453914884630919 0.8252434730529785 0.004023822955787182 0.0 0.0 0.0 -0.15046772360801697 0.9886149168014526
163845391551630974 0.8427192568778992 -0.000955447496380657 0.0 0.0 0.0 -0.12602633237838745 0.9920269250869751
1638453915202009916 0.8604682683944702 -0.005080107133835554 0.0 0.0 0.0 -0.1018289104104042 0.994801938533783
1638453915335010052 0.874773383140564 -0.007753884419798851 0.0 0.0 0.0 -0.08286083489656448 0.9965611100196838
1638453915536010027 0.8965360522270203 -0.010740885511040688 0.0 0.0 0.0 -0.05364254117012024 0.9985601902008057
1638453915671010017 0.9113612174987793 -0.01203840784728527 0.0 0.0 0.0 -0.033874448388814926 0.9994260668754578
1638453915837009907 0.9296427369117737 -0.012810532003641129 0.0 0.0 0.0 -0.008744332939386368 0.999961793422699
1638453915970010042 0.9450559616088867 -0.012772883288562298 0.0 0.0 0.0 0.01109753455966711 0.999938428401947
1638453916136009932 0.9649769067764282 -0.01184018049389124 0.0 0.0 0.0 0.03575630113482475 0.9993605613708496
1638453916302010059 0.985080897808075 -0.009914159774780273 0.0 0.0 0.0 0.05958215519785881 0.9982234239578247
1638453916502010107 1.0102109909057617 -0.0061636874452233315 0.0 0.0 0.0 0.08805231004953384 0.9961158633232117
1638453916702009916 1.0354877710342407 -0.0009278673096559942 0.0 0.0 0.0 0.11589408665895462 0.9932615756988525
1638453916901010036 1.0603511333465576 0.005723313428461552 0.0 0.0 0.0 0.14498065412044525 0.9894344806671143
163845391733010006 1.0767430067062378 0.010967778041958809 0.0 0.0 0.0 0.16390419006347656 0.9864762425422668
1638453917201009989 1.0971369743347168 0.01849772036075592 0.0 0.0 0.0 0.18806812167167664 0.982155978679657
1638453917403010130 1.1210988759994507 0.02882281504571438 0.0 0.0 0.0 0.21631041169166565 0.9763246178627014
1638453917603009939 1.144271731376648 0.040423862636089325 0.0 0.0 0.0 0.2438632994890213 0.9698095917701721
1638453917736025095 1.159271478652954 0.04886198788881302 0.0 0.0 0.0 0.26244059205055237 0.9649481773376465
1638453917870025158 1.1739997863769531 0.057863228023052216 0.0 0.0 0.0 0.27878910303115845 0.96035236120224
163845391838025141 1.1921333074569702 0.0697648674249649 0.0 0.0 0.0 0.2930636703968048 0.9560929536819458
1638453918205025196 1.2100554704666138 0.08216242492198944 0.0 0.0 0.0 0.3020768463611603 0.9532836079597473
1638453918405025005 1.2314014434814453 0.09726061671972275 0.0 0.0 0.0 0.30157777667045593 0.9534415602684021
1638453918538025141 1.245723009109497 0.10721108317375183 0.0 0.0 0.0 0.2958667278289795 0.9552292227745056
1638453918707025051 1.2638726234436035 0.1193183958530426 0.0 0.0 0.0 0.28302791714668274 0.9591116905212402
1638453918872025013 1.2819525003433228 0.13050268590450287 0.0 0.0 0.0 0.26301056146621704 0.9647929668426514
163845391941025162 1.301007866859436 0.1411246806383133 0.0 0.0 0.0 0.24021156132221222 0.9707205891609192
1638453919176025152 1.3165624141693115 0.1489514261484146 0.0 0.0 0.0 0.22137188911437988 0.9751894474029541
1638453919341025114 1.3359206914901733 0.15767629444599152 0.0 0.0 0.0 0.1985073834657669 0.9800993800163269
1638453919479025126 1.3523989915847778 0.16425158083438873 0.0 0.0 0.0 0.179019495844841 0.9838455319404602
1638453919647025108 1.3729519844055176 0.17141346633434296 0.0 0.0 0.0 0.15420760214328766 0.9880384802818298
1638453919779025078 1.3893159627914429 0.17632009088993073 0.0 0.0 0.0 0.13562309741973877 0.9907605051994324
1638453919946025133 1.41019868850708 0.1815897524356842 0.0 0.0 0.0 0.11082302778959274 0.9938401579856873
1638453920141434193 1.4355262517929077 0.18657547235488892 0.0 0.0 0.0 0.08308462798595428 0.9965425133705139
1638453920276434183 1.452776312828064 0.1891288310289383 0.0 0.0 0.0 0.06366698443889618 0.9979711771011353
1638453920443434000 1.4744013547897339 0.1913587898015976 0.0 0.0 0.0 0.03926656022667885 0.9992287755012512
1638453920576434135 1.491530418395996 0.19238455593585968 0.0 0.0 0.0 0.020392509177327156 0.9997920393943787
1638453920743434191 1.5132672786712646 0.19274301826953888 0.0 0.0 0.0 -0.0033884206786751747 0.9999942779541016
1638453920877434015 1.5306485891342163 0.19228224456310272 0.0 0.0 0.0 -0.023143721744418144 0.9997321367263794
163845392131434059 1.5505709648132324 0.1909250169992447 0.0 0.0 0.0 -0.04500626400113106 0.9989867210388184
1638453921198434114 1.5719918012619019 0.18845735490322113 0.0 0.0 0.0 -0.06898657977581024 0.9976176023483276
1638453921330434084 1.5887892246246338 0.18579016625881195 0.0 0.0 0.0 -0.08798767626285553 0.9961215853691101
1638453921538434029 1.615020990371704 0.18029925227165222 0.0 0.0 0.0 -0.11802707612514496 0.993010401725769
1638453921703433990 1.6355690956115723 0.1748466193675995 0.0 0.0 0.0 -0.14085905253887177 0.9900296330451965
1638453921868434191 1.6558395624160767 0.16843891143798828 0.0 0.0 0.0 -0.16423439979553223 0.9864213466644287
163845392234434080 1.6759443283081055 0.16100220382213593 0.0 0.0 0.0 -0.1882370114326477 0.982123613357544
1638453922200433969 1.6957743167877197 0.1525338590145111 0.0 0.0 0.0 -0.21264412999153137 0.9771296977996826
1638453922403434038 1.7191956043243408 0.14097855985164642 0.0 0.0 0.0 -0.24162305891513824 0.9703701734542847
1638453922602434158 1.7416318655014038 0.12821337580680847 0.0 0.0 0.0 -0.26959383487701416 0.9629741311073303
1638453922746029139 1.756356954574585 0.11887215077877045 0.0 0.0 0.0 -0.28805893659591675 0.9576126933097839
1638453922948029041 1.7777411937713623 0.10383394360542297 0.0 0.0 0.0 -0.31508535146713257 0.9490633606910706
163845392383029032 1.7914836406707764 0.09314066916704178 0.0 0.0 0.0 -0.33390572667121887 0.9426064491271973
1638453923217029095 1.8048138618469238 0.08189821988344193 0.0 0.0 0.0 -0.35237613320350647 0.9358584880828857
1638453923384029150 1.8207305669784546 0.0672391802072525 0.0 0.0 0.0 -0.3751494884490967 0.9269643425941467
1638453923552029133 1.8359609842300415 0.051726289093494415 0.0 0.0 0.0 -0.3982487618923187 0.917277455329895
1638453923687029123 1.8476084470748901 0.03878260776400566 0.0 0.0 0.0 -0.4156974256038666 0.9095029830932617
1638453923822029114 1.8587369918823242 0.025423016399145126 0.0 0.0 0.0 -0.4328523576259613 0.9014648199081421
1638453923994029045 1.872245192527771 0.007715834770351648 0.0 0.0 0.0 -0.4545454978942871 0.8907235264778137
1638453924209029198 1.8867522478103638 -0.013543752022087574 0.0 0.0 0.0 -0.47960129380226135 0.877486526966095
1638453924328029156 1.8957327604293823 -0.02816568873822689 0.0 0.0 0.0 -0.4965461492538452 0.8680103421211243
1638453924495029211 1.906281590461731 -0.04717453941702843 0.0 0.0 0.0 -0.518211841583252 0.8552523255348206
1638453924696029186 1.917641282081604 -0.07063513994216919 0.0 0.0 0.0 -0.5438604950904846 0.8391756415367126
1638453924830029011 1.9243232011795044 -0.08638540655374527 0.0 0.0 0.0 -0.5597530007362366 0.8286594748497009
1638453924996029139 1.9318667650222778 -0.10650455206632614 0.0 0.0 0.0 -0.5792176127433777 0.8151729702949524
1638453925203055143 1.9398061037063599 -0.1316511482000351 0.0 0.0 0.0 -0.602745532989502 0.7979334592819214
1638453925336055040 1.944192886352539 -0.14829294383525848 0.0 0.0 0.0 -0.6180599927902222 0.7861309051513672
1638453925505054951 1.9488327503204346 -0.1696615070104599 0.0 0.0 0.0 -0.6367009282112122 0.7711108326911926
1638453925639055014 1.951783299446106 -0.18682235479354858 0.0 0.0 0.0 -0.6521257758140564 0.758110761642456
1638453925840054989 1.9549341201782227 -0.2128250151872635 0.0 0.0 0.0 -0.6740244030952454 0.7387090921401978
1638453925973055124 1.9561678171157837 -0.22986410558223724 0.0 0.0 0.0 -0.6882855892181396 0.7254397869110107
1638453926140054941 1.9567774534225464 -0.2513927221298218 0.0 0.0 0.0 -0.7057730555534363 0.7084380388259888
1638453926345055103 1.9560723304748535 -0.2778797149658203 0.0 0.0 0.0 -0.7267963886260986 0.6868529915809631
1638453926477055073 1.954793930053711 -0.29476332664489746 0.0 0.0 0.0 -0.7396293878555298 0.6730144023895264
1638453926647055149 1.9521747827529907 -0.31659960746765137 0.0 0.0 0.0 -0.756321907043457 0.6541996598243713
1638453926847054958 1.9477348327636719 -0.34202829003334045 0.0 0.0 0.0 -0.7746670842170715 0.6323692798614502
1638453926981055021 1.943921685218811 -0.3589664101600647 0.0 0.0 0.0 -0.7870362997055054 0.6169067025184631
1638453927182054996 1.937007188796997 -0.3839153051376343 0.0 0.0 0.0 -0.8046407699584961 0.5937619209289551
1638453927326055050 1.9311505556106567 -0.4015713334083557 0.0 0.0 0.0 -0.8170101642608643 0.576623260974884
1638453927493055105 1.9233980178833008 -0.42185479402542114 0.0 0.0 0.0 -0.830723226070404 0.5566856265068054
1638453927658055067 1.9147965908050537 -0.4415174424648285 0.0 0.0 0.0 -0.8430767059326172 0.5377933382987976
1638453927823723078 1.9052280187606812 -0.46089738607406616 0.0 0.0 0.0 -0.8556690216064453 0.5175234079360962
1638453927992722988 1.8946139812469482 -0.48001500964164734 0.0 0.0 0.0 -0.8679777979850769 0.49660301208496094
1638453928125723124 1.8855324983596802 -0.49481257796287537 0.0 0.0 0.0 -0.8772238492965698 0.48008161783218384
1638453928294723034 1.8732781410217285 -0.5129529237747192 0.0 0.0 0.0 -0.8889189958572388 0.458064466714859
1638453928428723097 1.8629807233810425 -0.5268373489379883 0.0 0.0 0.0 -0.8973199725151062 0.4413806200027466
1638453928595723152 1.849531650543213 -0.5435629487037659 0.0 0.0 0.0 -0.9056928157806396 0.42393460869789124
1638453928728723049 1.838273525238037 -0.5567144155502319 0.0 0.0 0.0 -0.9108037948608398 0.41283944249153137
1638453928895723104 1.8239551782608032 -0.5727035999298096 0.0 0.0 0.0 -0.9146022200584412 0.4043547213077545
163845392930723095 1.8121281862258911 -0.5856223702430725 0.0 0.0 0.0 -0.9155350923538208 0.40223804116249084
1638453929183722973 1.798836350440979 -0.6000828742980957 0.0 0.0 0.0 -0.9156290888786316 0.40202412009239197
1638453929337723017 1.7853858470916748 -0.6149122714996338 0.0 0.0 0.0 -0.9125533103942871 0.4089577794075012
1638453929493723154 1.7719260454177856 -0.6303760409355164 0.0 0.0 0.0 -0.9069929718971252 0.4211457669734955
1638453929628723145 1.7608742713928223 -0.6439302563667297 0.0 0.0 0.0 -0.8992401957511902 0.4374551475048065
1638453929796723127 1.7478444576263428 -0.6614581942558289 0.0 0.0 0.0 -0.8866467475891113 0.4624474048614502
1638453929929723024 1.7383346557617188 -0.6758015751838684 0.0 0.0 0.0 -0.8748629689216614 0.48437047004699707
163845393097723007 1.7273480892181396 -0.6947056651115417 0.0 0.0 0.0 -0.858676016330719 0.5125188231468201
1638453930321722984 1.7150102853775024 -0.7201905846595764 0.0 0.0 0.0 -0.8355878591537476 0.5493568778038025
1638453930500723124 1.706566572189331 -0.7416425943374634 0.0 0.0 0.0 -0.8165827989578247 0.577228307723999
1638453930633723021 1.7011348009109497 -0.7582921385765076 0.0 0.0 0.0 -0.8019537329673767 0.5973861217498779
1638453930772722960 1.6964362859725952 -0.7757927775382996 0.0 0.0 0.0 -0.7854677438735962 0.6189026236534119
1638453930939723015 1.6920957565307617 -0.7968606352806091 0.0 0.0 0.0 -0.7646791338920593 0.6444112062454224
1638453931106723070 1.6891424655914307 -0.8182184100151062 0.0 0.0 0.0 -0.7432380318641663 0.6690270900726318
1638453931273723125 1.6875873804092407 -0.8396725058555603 0.0 0.0 0.0 -0.7206611037254333 0.6932874917984009
1638453931439723015 1.6874303817749023 -0.861005425453186 0.0 0.0 0.0 -0.6983817219734192 0.7157254815101624
1638453931573723078 1.6882919073104858 -0.8782185912132263 0.0 0.0 0.0 -0.679760217666626 0.7334343791007996
1638453931739722967 1.6906384229660034 -0.8997534513473511 0.0 0.0 0.0 -0.6555718183517456 0.7551328539848328
1638453931875723124 1.69358491897583 -0.9171196222305298 0.0 0.0 0.0 -0.6351349353790283 0.7724012136459351
163845393241723013 1.6984431743621826 -0.9381262063980103 0.0 0.0 0.0 -0.6097498536109924 0.7925938963890076
1638453932174723148 1.7032850980758667 -0.9546141028404236 0.0 0.0 0.0 -0.5885037779808044 0.8084944486618042
1638453932342723131 1.710580825805664 -0.9750378727912903 0.0 0.0 0.0 -0.5624988675117493 0.8267980217933655
1638453932475723028 1.7172813415527344 -0.9908619523048401 0.0 0.0 0.0 -0.5416068434715271 0.840631902217865
1638453932641723156 1.7266758680343628 -1.0099875926971436 0.0 0.0 0.0 -0.5155909061431885 0.856834888458252
1638453932849710941 1.7399258613586426 -1.03275465965271 0.0 0.0 0.0 -0.4809739589691162 0.8767349123954773
1638453932982710838 1.7496166229248047 -1.0471597909927368 0.0 0.0 0.0 -0.45888495445251465 0.888495683670044
1638453933148710966 1.7626086473464966 -1.064400315284729 0.0 0.0 0.0 -0.4347706437110901 0.9005412459373474
1638453933347710848 1.7790844440460205 -1.0839418172836304 0.0 0.0 0.0 -0.408463716506958 0.9127745628356934
1638453933549710989 1.7969399690628052 -1.1029688119888306 0.0 0.0 0.0 -0.38755398988723755 0.9218469858169556
1638453933684710979 1.8092671632766724 -1.1152679920196533 0.0 0.0 0.0 -0.37801167368888855 0.9258008599281311
1638453933817710876 1.821580171585083 -1.127184510231018 0.0 0.0 0.0 -0.373169869184494 0.927763044834137
1638453933989711046 1.8376802206039429 -1.1426124572753906 0.0 0.0 0.0 -0.37408655881881714 0.9273937940597534
1638453934123710871 1.8500628471374512 -1.1547116041183472 0.0 0.0 0.0 -0.38115036487579346 0.924513041973114
1638453934289710999 1.8651479482650757 -1.1701561212539673 0.0 0.0 0.0 -0.3962534964084625 0.9181411266326904
1638453934458710909 1.8799591064453125 -1.186618685722351 0.0 0.0 0.0 -0.4188756048679352 0.908043622970581
1638453934592710972 1.8908950090408325 -1.2000703811645508 0.0 0.0 0.0 -0.4411137104034424 0.8974512219429016
1638453934761710882 1.9035831689834595 -1.21781325340271 0.0 0.0 0.0 -0.4748145639896393 0.8800858855247498
1638453934928710938 1.9147599935531616 -1.2363672256469727 0.0 0.0 0.0 -0.5094888806343079 0.8604772686958313
163845393594711065 1.9243570566177368 -1.2555879354476929 0.0 0.0 0.0 -0.5423223376274109 0.8401705026626587
1638453935231395006 1.9311410188674927 -1.272006630897522 0.0 0.0 0.0 -0.5694222450256348 0.8220452070236206
1638453935370394945 1.9368932247161865 -1.289028286933899 0.0 0.0 0.0 -0.5969488024711609 0.8022793531417847
1638453935536394835 1.9422763586044312 -1.3098523616790771 0.0 0.0 0.0 -0.627610981464386 0.7785271406173706
1638453935702394962 1.945984125137329 -1.3308595418930054 0.0 0.0 0.0 -0.6574230194091797 0.753521740436554
1638453935836394787 1.9477964639663696 -1.348099708557129 0.0 0.0 0.0 -0.6808985471725464 0.7323777079582214
16384539362394915 1.9485348463058472 -1.369646430015564 0.0 0.0 0.0 -0.7085602283477783 0.7056503295898438
1638453936170394897 1.9475922584533691 -1.3911089897155762 0.0 0.0 0.0 -0.736359179019928 0.6765908598899841
1638453936339394808 1.9448806047439575 -1.4127013683319092 0.0 0.0 0.0 -0.762279748916626 0.6472477316856384
1638453936538394928 1.9396941661834717 -1.4380115270614624 0.0 0.0 0.0 -0.7862164974212646 0.6179511547088623
1638453936673394918 1.9352070093154907 -1.4549407958984375 0.0 0.0 0.0 -0.7983798384666443 0.6021541357040405
1638453936841394901 1.9288749694824219 -1.4755802154541016 0.0 0.0 0.0 -0.8093023300170898 0.5873923301696777
1638453936976394892 1.9233109951019287 -1.4921343326568604 0.0 0.0 0.0 -0.8142484426498413 0.5805165767669678
1638453937145394802 1.9159789085388184 -1.5129247903823853 0.0 0.0 0.0 -0.8177844882011414 0.5755245685577393
1638453937278394938 1.9101229906082153 -1.5292705297470093 0.0 0.0 0.0 -0.8174867033958435 0.5759474635124207
1638453937449394941 1.9026426076889038 -1.5503040552139282 0.0 0.0 0.0 -0.8158941864967346 0.578201174736023
1638453937583395004 1.8969956636428833 -1.566696286201477 0.0 0.0 0.0 -0.8123645186424255 0.5831499695777893
1638453937742531776 1.890332579612732 -1.5870192050933838 0.0 0.0 0.0 -0.8073331117630005 0.5900959968566895
1638453937875531912 1.8851889371871948 -1.6035232543945312 0.0 0.0 0.0 -0.8035752177238464 0.5952032208442688
163845393843531895 1.8789907693862915 -1.6244947910308838 0.0 0.0 0.0 -0.7985782623291016 0.6018909811973572
1638453938176531792 1.8743735551834106 -1.64096999168396 0.0 0.0 0.0 -0.7949981689453125 0.6066118478775024
1638453938332531929 1.8691960573196411 -1.6604143381118774 0.0 0.0 0.0 -0.7907704710960388 0.6121127605438232
1638453938498531818 1.8639490604400635 -1.6814351081848145 0.0 0.0 0.0 -0.7852011322975159 0.6192408204078674
1638453938700531960 1.8582780361175537 -1.7071123123168945 0.0 0.0 0.0 -0.7724810838699341 0.6350377202033997
1638453938903531790 1.853948950767517 -1.7330219745635986 0.0 0.0 0.0 -0.7534055113792419 0.6575561761856079
163845393936531925 1.8519562482833862 -1.7501674890518188 0.0 0.0 0.0 -0.7400022149085999 0.6726044416427612
1638453939202531815 1.850422739982605 -1.7715486288070679 0.0 0.0 0.0 -0.723612368106842 0.6902065873146057
1638453939402531862 1.849961757659912 -1.7972313165664673 0.0 0.0 0.0 -0.7030760049819946 0.711114764213562
1638453939569531918 1.850687026977539 -1.8185540437698364 0.0 0.0 0.0 -0.686590850353241 0.7270439863204956
1638453939737531900 1.8524706363677979 -1.8403476476669312 0.0 0.0 0.0 -0.6688522100448608 0.7433953881263733
1638453939904531956 1.8552932739257812 -1.8619288206100464 0.0 0.0 0.0 -0.6505196690559387 0.7594894170761108
163845394039531946 1.8583228588104248 -1.879204511642456 0.0 0.0 0.0 -0.6357203722000122 0.7719194293022156
1638453940205820084 1.862941861152649 -1.900111198425293 0.0 0.0 0.0 -0.6164566874504089 0.787388801574707
1638453940341820002 1.8675085306167603 -1.9171502590179443 0.0 0.0 0.0 -0.6009182929992676 0.7993104457855225
1638453940478820086 1.8727010488510132 -1.933876633644104 0.0 0.0 0.0 -0.5851192474365234 0.8109472990036011
1638453940644819975 1.8799251317977905 -1.9541130065917969 0.0 0.0 0.0 -0.5681031346321106 0.8229573965072632
1638453940845819950 1.8895758390426636 -1.9781659841537476 0.0 0.0 0.0 -0.5522658228874207 0.833668053150177
163845394148820019 1.9002258777618408 -2.002264976501465 0.0 0.0 0.0 -0.5405970215797424 0.8412816524505615
1638453941247819901 1.9112311601638794 -2.0257861614227295 0.0 0.0 0.0 -0.5337252616882324 0.8456579446792603
1638453941382819891 1.9188508987426758 -2.0417256355285645 0.0 0.0 0.0 -0.5333050489425659 0.8459230065345764
1638453941517819881 1.926324486732483 -2.0575101375579834 0.0 0.0 0.0 -0.536792516708374 0.8437142968177795
1638453941684819937 1.93527352809906 -2.077157735824585 0.0 0.0 0.0 -0.546627402305603 0.8373759388923645
1638453941820820093 1.9421272277832031 -2.0933852195739746 0.0 0.0 0.0 -0.5597835183143616 0.8286388516426086
1638453941986819983 1.9496837854385376 -2.1135799884796143 0.0 0.0 0.0 -0.5808989405632019 0.8139756917953491
1638453942122819901 1.9549602270126343 -2.130279541015625 0.0 0.0 0.0 -0.6012999415397644 0.7990233898162842
1638453942288820028 1.9602112770080566 -2.150956869125366 0.0 0.0 0.0 -0.626314103603363 0.7795707583427429
1638453942454819918 1.964168667793274 -2.172074556350708 0.0 0.0 0.0 -0.6506722569465637 0.7593587040901184
1638453942656820059 1.9671423435211182 -2.1979169845581055 0.0 0.0 0.0 -0.680022120475769 0.7331916093826294
1638453942860661983 1.9680578708648682 -2.2238378524780273 0.0 0.0 0.0 -0.7086056470870972 0.7056047320365906
163845394328662205 1.967237114906311 -2.245661973953247 0.0 0.0 0.0 -0.7314869165420532 0.6818554997444153
1638453943194662094 1.9649827480316162 -2.2672061920166016 0.0 0.0 0.0 -0.7540106773376465 0.6568621397018433
1638453943327661991 1.9622259140014648 -2.284193992614746 0.0 0.0 0.0 -0.7686142325401306 0.6397125720977783
1638453943497662067 1.9577276706695557 -2.3056962490081787 0.0 0.0 0.0 -0.7827209830284119 0.6223728060722351
1638453943630662203 1.9536081552505493 -2.3224849700927734 0.0 0.0 0.0 -0.7905589938163757 0.6123858690261841
1638453943795662165 1.9480319023132324 -2.343132257461548 0.0 0.0 0.0 -0.7968140244483948 0.604224681854248
1638453943928662062 1.943286657333374 -2.3597028255462646 0.0 0.0 0.0 -0.8002886176109314 0.5996149778366089
163845394493662024 1.9371204376220703 -2.3802084922790527 0.0 0.0 0.0 -0.8048009276390076 0.5935448408126831
1638453944293662071 1.929219365119934 -2.404892683029175 0.0 0.0 0.0 -0.810702383518219 0.585458517074585
1638453944428662062 1.9235670566558838 -2.4215240478515625 0.0 0.0 0.0 -0.8150368928909302 0.5794090628623962
1638453944596662045 1.9162702560424805 -2.4419240951538086 0.0 0.0 0.0 -0.8200255036354065 0.5723269581794739
1638453944730662107 1.9101852178573608 -2.458131790161133 0.0 0.0 0.0 -0.824036180973053 0.5665371417999268
1638453944895662069 1.902435541152954 -2.4778754711151123 0.0 0.0 0.0 -0.8284910917282104 0.5600022673606873
163845394527662039 1.8959238529205322 -2.493807315826416 0.0 0.0 0.0 -0.8318730592727661 0.5549659132957458
1638453945196287870 1.8874735832214355 -2.51367449760437 0.0 0.0 0.0 -0.8362079858779907 0.5484124422073364
1638453945332287788 1.8803085088729858 -2.5298783779144287 0.0 0.0 0.0 -0.8397434949874878 0.54298335313797
1638453945531287909 1.8695207834243774 -2.5532772541046143 0.0 0.0 0.0 -0.84492027759552 0.5348922610282898
1638453945700287819 1.8599492311477661 -2.573108196258545 0.0 0.0 0.0 -0.8491234183311462 0.5281944870948792
1638453945832287788 1.8522380590438843 -2.5884952545166016 0.0 0.0 0.0 -0.8526783585548401 0.5224362015724182
1638453946288010 1.8421425819396973 -2.60786509513855 0.0 0.0 0.0 -0.8572207689285278 0.5149490833282471
1638453946133287907 1.8340167999267578 -2.6228935718536377 0.0 0.0 0.0 -0.8609234094619751 0.5087346434593201
1638453946299287796 1.823426604270935 -2.64150333404541 0.0 0.0 0.0 -0.8682419061660767 0.4961411654949188
1638453946434287786 1.8143476247787476 -2.656451463699341 0.0 0.0 0.0 -0.8748592734336853 0.4843771457672119
1638453946588287830 1.8034937381744385 -2.6732137203216553 0.0 0.0 0.0 -0.8822193741798401 0.47083863615989685
1638453946756287813 1.791124939918518 -2.6910624504089355 0.0 0.0 0.0 -0.8896774053573608 0.45658960938453674
1638453946923287868 1.7782704830169678 -2.7084076404571533 0.0 0.0 0.0 -0.8960930705070496 0.44386616349220276
163845394793287945 1.7646089792251587 -2.7259347438812256 0.0 0.0 0.0 -0.9005048871040344 0.43484583497047424
1638453947227288008 1.753644585609436 -2.7396583557128906 0.0 0.0 0.0 -0.9015823006629944 0.43260759115219116
1638453947394287825 1.7400476932525635 -2.7566566467285156 0.0 0.0 0.0 -0.9004772305488586 0.43490317463874817
1638453947527287960 1.7293891906738281 -2.7702345848083496 0.0 0.0 0.0 -0.8979457020759583 0.4401063024997711
1638453947670287848 1.7181458473205566 -2.7849602699279785 0.0 0.0 0.0 -0.8947287201881409 0.44661006331443787
1638453947840924025 1.7052806615829468 -2.8023927211761475 0.0 0.0 0.0 -0.8907502889633179 0.45449307560920715
1638453947975924015 1.6951481103897095 -2.8165547847747803 0.0 0.0 0.0 -0.8879149556159973 0.4600076377391815
1638453948144923925 1.6822320222854614 -2.8351645469665527 0.0 0.0 0.0 -0.8842428922653198 0.46702736616134644
1638453948278923988 1.6718746423721313 -2.8505568504333496 0.0 0.0 0.0 -0.8811817765235901 0.4727776348590851
1638453948445924044 1.6590795516967773 -2.8701934814453125 0.0 0.0 0.0 -0.8771777153015137 0.48016589879989624
1638453948579923868 1.649100661277771 -2.886013984680176 0.0 0.0 0.0 -0.874009907245636 0.4859081208705902
1638453948748924017 1.6367775201797485 -2.906247138977051 0.0 0.0 0.0 -0.8696402311325073 0.4936859607696533
1638453948880923986 1.627288818359375 -2.9223952293395996 0.0 0.0 0.0 -0.8663337826728821 0.4994655251502991
163845394951923990 1.615591287612915 -2.943025588989258 0.0 0.0 0.0 -0.8619234561920166 0.507038414478302
1638453949251924038 1.6022554636001587 -2.967580556869507 0.0 0.0 0.0 -0.8570435047149658 0.5152440667152405
1638453949418923855 1.5915948152542114 -2.9880545139312744 0.0 0.0 0.0 -0.8529007434844971 0.5220730900764465
1638453949586923838 1.5810809135437012 -3.0090012550354004 0.0 0.0 0.0 -0.8491690158843994 0.5281212329864502
1638453949720923901 1.5729717016220093 -3.0257158279418945 0.0 0.0 0.0 -0.845781683921814 0.5335291028022766
1638453949888923883 1.5629668235778809 -3.0471341609954834 0.0 0.0 0.0 -0.8413527607917786 0.5404863357543945
163845395054924011 1.5534453392028809 -3.068439245223999 0.0 0.0 0.0 -0.8368531465530396 0.5474274158477783
1638453950173282146 1.5461506843566895 -3.0854148864746094 0.0 0.0 0.0 -0.8333145380020142 0.5527991056442261
1638453950341282129 1.537204384803772 -3.1070775985717773 0.0 0.0 0.0 -0.8290243148803711 0.5592125654220581
1638453950507282019 1.5286256074905396 -3.128589391708374 0.0 0.0 0.0 -0.8272855281829834 0.561781644821167
1638453950707282066 1.5182430744171143 -3.154531717300415 0.0 0.0 0.0 -0.8298107981681824 0.5580447912216187
1638453950943282127 1.5054482221603394 -3.1845412254333496 0.0 0.0 0.0 -0.8403247594833374 0.5420832633972168
163845395176282024 1.4974850416183472 -3.201380968093872 0.0 0.0 0.0 -0.8499348163604736 0.5268878936767578
1638453951245282173 1.4864559173583984 -3.22214412689209 0.0 0.0 0.0 -0.8645769953727722 0.5025003552436829
1638453951379281998 1.4767481088638306 -3.238189220428467 0.0 0.0 0.0 -0.8774829506874084 0.47960785031318665
1638453951545282125 1.4635422229766846 -3.2573323249816895 0.0 0.0 0.0 -0.8932761549949646 0.44950833916664124
1638453951746282101 1.4456478357315063 -3.2792394161224365 0.0 0.0 0.0 -0.9140281677246094 0.40565067529678345
1638453951946282148 1.425785779953003 -3.2988369464874268 0.0 0.0 0.0 -0.9357255101203918 0.35272902250289917
1638453952149282217 1.4034769535064697 -3.3162193298339844 0.0 0.0 0.0 -0.9547795057296753 0.29731476306915283
1638453952281282187 1.3878769874572754 -3.326112747192383 0.0 0.0 0.0 -0.9654647707939148 0.26053354144096375
1638453952447282076 1.3673616647720337 -3.3367855548858643 0.0 0.0 0.0 -0.976820707321167 0.21405918896198273
1638453952650282145 1.340885043144226 -3.347149610519409 0.0 0.0 0.0 -0.9877694249153137 0.1559218168258667
1638453952829093933 1.31819486618042 -3.3532843589782715 0.0 0.0 0.0 -0.9941897392272949 0.1076417863368988
1638453952995093822 1.2954109907150269 -3.35709285736084 0.0 0.0 0.0 -0.9983020424842834 0.05824945867061615
1638453953129093885 1.2767431735992432 -3.358560085296631 0.0 0.0 0.0 -0.9998077154159546 0.019608985632658005
1638453953294093847 1.253745436668396 -3.3583505153656006 0.0 0.0 0.0 -0.9995635747909546 -0.02954009920358658
1638453953428093910 1.2352330684661865 -3.356555938720703 0.0 0.0 0.0 -0.9977973103523254 -0.06633608788251877
1638453953595093966 1.2213704586029053 -3.354168176651001 0.0 0.0 0.0 0.9933481216430664 0.11514987051486969
1638453953729094028 1.2033216953277588 -3.34917950630188 0.0 0.0 0.0 0.9881599545478821 0.15342722833156586
1638453953894093990 1.1818329095840454 -3.341198444366455 0.0 0.0 0.0 0.9797852039337158 0.2000524401664734
1638453954100093842 1.156186819076538 -3.328458309173584 0.0 0.0 0.0 0.966552197933197 0.25646987557411194
1638453954233093977 1.1403639316558838 -3.318586826324463 0.0 0.0 0.0 0.955715000629425 0.2942937910556793
1638453954401093960 1.1216895580291748 -3.3045222759246826 0.0 0.0 0.0 0.9404155015945435 0.3400275409221649
1638453954602093935 1.1012259721755981 -3.285332441329956 0.0 0.0 0.0 0.9185653328895569 0.3952692449092865
1638453954769093990 1.0861085653305054 -3.267732620239258 0.0 0.0 0.0 0.8983132243156433 0.4393555521965027
1638453954930094004 1.0730843544006348 -3.2492382526397705 0.0 0.0 0.0 0.8765076994895935 0.48138782382011414
1638453955110093832 1.0607117414474487 -3.2274882793426514 0.0 0.0 0.0 0.8521077036857605 0.5233664512634277
1638453955281303167 1.0513359308242798 -3.2071497440338135 0.0 0.0 0.0 0.8323073983192444 0.5543143153190613
1638453955449303150 1.0429675579071045 -3.185098648071289 0.0 0.0 0.0 0.8137533068656921 0.5812104344367981
1638453955583303213 1.0372203588485718 -3.167114019393921 0.0 0.0 0.0 0.8014959692955017 0.598000168800354
1638453955719303131 1.0321351289749146 -3.1488780975341797 0.0 0.0 0.0 0.7916901111602783 0.6109228730201721
1638453955819303036 1.028732419013977 -3.1353795528411865 0.0 0.0 0.0 0.7860426306724548 0.6181723475456238
1638453955985303164 1.0235127210617065 -3.112816572189331 0.0 0.0 0.0 0.7798253893852234 0.6259971261024475
1638453956152302980 1.0186189413070679 -3.0901026725769043 0.0 0.0 0.0 0.7767565250396729 0.6298009753227234
1638453956353303194 1.012796401977539 -3.0627989768981934 0.0 0.0 0.0 0.7794297337532043 0.6264896392822266
1638453956491303205 1.0085432529449463 -3.044116973876953 0.0 0.0 0.0 0.7842077612876892 0.6204982995986938
1638453956625303030 1.0040894746780396 -3.0261330604553223 0.0 0.0 0.0 0.7913514971733093 0.6113614439964294
1638453956791303158 0.9978025555610657 -3.003607988357544 0.0 0.0 0.0 0.8016383051872253 0.597809374332428
1638453956957303047 0.9907898902893066 -2.9813249111175537 0.0 0.0 0.0 0.8110781311988831 0.5849378108978271
163845395795303059 0.9843358993530273 -2.963070869445801 0.0 0.0 0.0 0.8218744397163391 0.5696686506271362
1638453957229303122 0.9773642420768738 -2.9456615447998047 0.0 0.0 0.0 0.8344188928604126 0.5511307120323181
1638453957396303177 0.9673989415168762 -2.924537420272827 0.0 0.0 0.0 0.8543344736099243 0.5197235345840454
1638453957532303095 0.9583064913749695 -2.908311128616333 0.0 0.0 0.0 0.8709473609924316 0.4913763403892517
1638453957676867008 0.9455661177635193 -2.8889782428741455 0.0 0.0 0.0 0.889875590801239 0.45620331168174744
1638453957841866970 0.9313841462135315 -2.8707728385925293 0.0 0.0 0.0 0.907029390335083 0.42106735706329346
16384539587866859 0.9156197905540466 -2.853574275970459 0.0 0.0 0.0 0.923246443271637 0.3842082917690277
1638453958173866987 0.8984140157699585 -2.8375937938690186 0.0 0.0 0.0 0.937989354133606 0.3466639816761017
1638453958342866898 0.8799692988395691 -2.8230607509613037 0.0 0.0 0.0 0.9511165618896484 0.30883216857910156
1638453958541867018 0.8568903207778931 -2.8079636096954346 0.0 0.0 0.0 0.9647298455238342 0.2632419168949127
1638453958675867081 0.8406363725662231 -2.799077033996582 0.0 0.0 0.0 0.9725481271743774 0.2327018678188324
1638453958843867064 0.8193067312240601 -2.789316415786743 0.0 0.0 0.0 0.9811335802078247 0.19333100318908691
1638453958976866961 0.8016611337661743 -2.782749891281128 0.0 0.0 0.0 0.9869769215583801 0.16086198389530182
1638453959178866863 0.7745516300201416 -2.775129795074463 0.0 0.0 0.0 0.9936778545379639 0.11226891726255417
1638453959350867033 0.7600435018539429 -2.7726035118103027 0.0 0.0 0.0 -0.9975375533103943 -0.07013463973999023
1638453959525866985 0.7357718348503113 -2.7701761722564697 0.0 0.0 0.0 -0.9995880722999573 -0.02870086394250393
1638453959726866961 0.707840621471405 -2.7698585987091064 0.0 0.0 0.0 -0.9998388290405273 0.01795167289674282
1638453959895866871 0.6840983033180237 -2.7716715335845947 0.0 0.0 0.0 -0.9983170628547668 0.05799181014299393
163845396029866934 0.6654782891273499 -2.774463176727295 0.0 0.0 0.0 -0.9959341287612915 0.09008453041315079
1638453960230908155 0.641639232635498 -2.779862880706787 0.0 0.0 0.0 -0.9911670088768005 0.1326194405555725
1638453960397908211 0.6196280121803284 -2.786797046661377 0.0 0.0 0.0 -0.9851920008659363 0.17145466804504395
1638453960598908186 0.593765139579773 -2.7974815368652344 0.0 0.0 0.0 -0.9757645130157471 0.21882334351539612
1638453960732908010 0.5772708654403687 -2.805913209915161 0.0 0.0 0.0 -0.9681838750839233 0.25023984909057617
1638453960899908066 0.557223379611969 -2.8180434703826904 0.0 0.0 0.0 -0.9575328826904297 0.2883240878582001
163845396134908056 0.5416964292526245 -2.8290903568267822 0.0 0.0 0.0 -0.9473774433135986 0.32011878490448
1638453961202908039 0.5236908793449402 -2.8440449237823486 0.0 0.0 0.0 -0.933514416217804 0.3585399091243744
1638453961337908030 0.5100952982902527 -2.8571431636810303 0.0 0.0 0.0 -0.92109215259552 0.38934460282325745
1638453961521908045 0.4930993318557739 -2.876227855682373 0.0 0.0 0.0 -0.9029768705368042 0.4296891391277313
1638453961654908180 0.48192211985588074 -2.8908417224884033 0.0 0.0 0.0 -0.889397144317627 0.45713528990745544
1638453961822908163 0.4690236449241638 -2.910494565963745 0.0 0.0 0.0 -0.8702037930488586 0.4926919639110565
1638453961989907980 0.45772233605384827 -2.9311647415161133 0.0 0.0 0.0 -0.8497735857963562 0.5271478891372681
1638453962122908115 0.45002102851867676 -2.948068141937256 0.0 0.0 0.0 -0.8323150873184204 0.5543027520179749
1638453962290908098 0.4418795108795166 -2.9697976112365723 0.0 0.0 0.0 -0.8117050528526306 0.5840675830841064
1638453962424908161 0.4363858699798584 -2.987675189971924 0.0 0.0 0.0 -0.796777606010437 0.6042726039886475
1638453962592908144 0.4306412935256958 -3.010369300842285 0.0 0.0 0.0 -0.7817099094390869 0.6236422061920166
1638453962746469021 0.4259815216064453 -3.033388614654541 0.0 0.0 0.0 -0.7666956782341003 0.6420106887817383
1638453962880469084 0.4230494201183319 -3.051912307739258 0.0 0.0 0.0 -0.7541812062263489 0.6566663980484009
163845396345469046 0.4202931225299835 -3.075007915496826 0.0 0.0 0.0 -0.7420002818107605 0.67039954662323
1638453963246469021 0.4178650379180908 -3.102869987487793 0.0 0.0 0.0 -0.7332027554512024 0.6800100803375244
1638453963379469156 0.41656163334846497 -3.12130069732666 0.0 0.0 0.0 -0.7307343482971191 0.6826619505882263
1638453963546468973 0.4149636924266815 -3.1445064544677734 0.0 0.0 0.0 -0.7320963144302368 0.681201159954071
1638453963681469202 0.41347697377204895 -3.163126230239868 0.0 0.0 0.0 -0.7378724217414856 0.6749402284622192
1638453963847469091 0.41105133295059204 -3.1862080097198486 0.0 0.0 0.0 -0.7493956089019775 0.6621225476264954
163845396447469139 0.40687233209609985 -3.2135767936706543 0.0 0.0 0.0 -0.7687610387802124 0.6395361423492432
1638453964178469181 0.4030746519565582 -3.231631278991699 0.0 0.0 0.0 -0.7845336198806763 0.6200862526893616
1638453964346469164 0.3969518840312958 -3.254251003265381 0.0 0.0 0.0 -0.8039357662200928 0.5947161316871643
1638453964480468988 0.39105817675590515 -3.271974563598633 0.0 0.0 0.0 -0.8181764483451843 0.5749672651290894
1638453964649469137 0.3823390305042267 -3.2939164638519287 0.0 0.0 0.0 -0.8362579345703125 0.5483362674713135
1638453964781469107 0.3744949996471405 -3.3107833862304688 0.0 0.0 0.0 -0.8497355580329895 0.5272091627120972
1638453964948469162 0.36354053020477295 -3.331212282180786 0.0 0.0 0.0 -0.8663530349731445 0.4994320571422577
163845396582468987 0.3537488281726837 -3.3471767902374268 0.0 0.0 0.0 -0.8789600133895874 0.4768954813480377
1638453965283913136 0.3374325633049011 -3.3702878952026367 0.0 0.0 0.0 -0.8966741561889648 0.4426911771297455
1638453965450913191 0.32269132137298584 -3.3883087635040283 0.0 0.0 0.0 -0.9103347063064575 0.4138728082180023
1638453965653913021 0.3032535910606384 -3.4088990688323975 0.0 0.0 0.0 -0.9256442189216614 0.3783949613571167
1638453965885913134 0.2791711091995239 -3.430478572845459 0.0 0.0 0.0 -0.9419481158256531 0.3357585370540619
163845396620913124 0.2644130289554596 -3.4419260025024414 0.0 0.0 0.0 -0.9502146244049072 0.3115961253643036
1638453966185913086 0.2533251941204071 -3.449742078781128 0.0 0.0 0.0 -0.9565306305885315 0.291631817817688
1638453966318913221 0.2530519664287567 -3.449925422668457 0.0 0.0 0.0 -0.9567579627037048 0.29088518023490906
1638453966485913038 0.25282031297683716 -3.450079917907715 0.0 0.0 0.0 -0.9577302932739258 0.2876676619052887
1638453966618913174 0.25279906392097473 -3.4500937461853027 0.0 0.0 0.0 -0.960388720035553 0.27866387367248535
1638453966783913136 0.25284191966056824 -3.4500668048858643 0.0 0.0 0.0 -0.9650886058807373 0.2619237005710602
1638453966951913118 0.25270840525627136 -3.450139045715332 0.0 0.0 0.0 -0.971910834312439 0.23534934222698212
163845396783913088 0.25273069739341736 -3.450126886367798 0.0 0.0 0.0 -0.9779403209686279 0.2088846117258072
1638453967248913050 0.2526845335960388 -3.4501476287841797 0.0 0.0 0.0 -0.985255777835846 0.17108787596225739
1638453967385913134 0.25266033411026 -3.450155258178711 0.0 0.0 0.0 -0.9904180765151978 0.1381014883518219
1638453967520913124 0.2526105046272278 -3.450164794921875 0.0 0.0 0.0 -0.994321882724762 0.10641410946846008
1638453967686913013 0.2526598572731018 -3.45015287399292 0.0 0.0 0.0 -0.9978741407394409 0.065170519053936
1638453967827161074 0.2525084316730499 -3.450164556503296 0.0 0.0 0.0 -0.9994358420372009 0.03358538821339607
1638453967992161036 0.2505604028701782 -3.4502055644989014 0.0 0.0 0.0 -0.9999788403511047 -0.006501434370875359
1638453968125160933 0.24805773794651031 -3.450089454650879 0.0 0.0 0.0 -0.9992449283599854 -0.038853444159030914
1638453968291161060 0.24479062855243683 -3.4497063159942627 0.0 0.0 0.0 -0.996895432472229 -0.07873702049255371
1638453968423161030 0.24332284927368164 -3.4494333267211914 0.0 0.0 0.0 0.9939375519752502 0.10994604974985123
1638453968590161085 0.24024316668510437 -3.448607921600342 0.0 0.0 0.0 0.9886556267738342 0.15019993484020233
1638453968789160967 0.23665283620357513 -3.4473018646240234 0.0 0.0 0.0 0.9803789258003235 0.19712209701538086
1638453968988161087 0.23268480598926544 -3.4453952312469482 0.0 0.0 0.0 0.9695992469787598 0.2446984499692917
1638453969121160984 0.22916309535503387 -3.4433462619781494 0.0 0.0 0.0 0.9614346623420715 0.2750333249568939
1638453969287161112 0.22362446784973145 -3.4395663738250732 0.0 0.0 0.0 0.9495919942855835 0.3134884238243103
1638453969464161158 0.2169857621192932 -3.4341742992401123 0.0 0.0 0.0 0.9350046515464783 0.35463541746139526
1638453969631160975 0.21092355251312256 -3.428394079208374 0.0 0.0 0.0 0.9216384291648865 0.38804975152015686
1638453969800161123 0.20528727769851685 -3.4222660064697266 0.0 0.0 0.0 0.9096845388412476 0.4152998924255371
1638453969933161020 0.20120733976364136 -3.4173636436462402 0.0 0.0 0.0 0.9013425707817078 0.43310683965682983
1638453970134160995 0.1952027678489685 -3.4094979763031006 0.0 0.0 0.0 0.8917250037193298 0.4525775909423828
1638453970294039011 0.19039270281791687 -3.402700662612915 0.0 0.0 0.0 0.8844207525253296 0.46669042110443115
1638453970446039200 0.1862124502658844 -3.396392345428467 0.0 0.0 0.0 0.8773154616355896 0.4799140989780426
1638453970579039097 0.18275390565395355 -3.3908534049987793 0.0 0.0 0.0 0.8718385100364685 0.48979344964027405
1638453970780039072 0.17765697836875916 -3.3822524547576904 0.0 0.0 0.0 0.8662953972816467 0.499532014131546
1638453970980039120 0.17272381484508514 -3.3735861778259277 0.0 0.0 0.0 0.8632034063339233 0.5048563480377197
1638453971181039095 0.16774606704711914 -3.364741086959839 0.0 0.0 0.0 0.8633567690849304 0.5045940279960632
1638453971384039164 0.1627417951822281 -3.3558528423309326 0.0 0.0 0.0 0.86344975233078 0.5044348835945129
1638453971550039053 0.1586909145116806 -3.3486645221710205 0.0 0.0 0.0 0.8633755445480347 0.5045619010925293
1638453971684039116 0.1554075926542282 -3.3428447246551514 0.0 0.0 0.0 0.8636254072189331 0.5041341185569763
1638453971851039171 0.15131555497646332 -3.335592269897461 0.0 0.0 0.0 0.8635697364807129 0.5042294263839722
1638453971984039068 0.14805486798286438 -3.329817771911621 0.0 0.0 0.0 0.8636171817779541 0.5041481852531433
1638453972119039059 0.14468133449554443 -3.323845624923706 0.0 0.0 0.0 0.8637215495109558 0.5039693713188171
1638453972288039207 0.14057467877864838 -3.316572427749634 0.0 0.0 0.0 0.8634769916534424 0.5043882727622986
1638453972425039053 0.13714319467544556 -3.3104875087738037 0.0 0.0 0.0 0.8635537624359131 0.5042568445205688
1638453972591039181 0.13312456011772156 -3.303368091583252 0.0 0.0 0.0 0.8634719848632812 0.5043967962265015
1638453972732673883 0.1298142671585083 -3.2975053787231445 0.0 0.0 0.0 0.8637129068374634 0.5039840936660767
1638453972931674004 0.12492352724075317 -3.2888436317443848 0.0 0.0 0.0 0.8636733889579773 0.5040518641471863
163845397399673986 0.12085171788930893 -3.2816379070281982 0.0 0.0 0.0 0.8635036945343018 0.5043424367904663
1638453973232673883 0.11755326390266418 -3.2757976055145264 0.0 0.0 0.0 0.8637350797653198 0.5039461255073547
1638453973380673885 0.11400686204433441 -3.2695162296295166 0.0 0.0 0.0 0.8634836673736572 0.5043768286705017
1638453973546674013 0.10994096100330353 -3.2623069286346436 0.0 0.0 0.0 0.863559365272522 0.5042471289634705
1638453973746674061 0.1050649955868721 -3.253666400909424 0.0 0.0 0.0 0.8636056780815125 0.5041678547859192
1638453973879673958 0.10186928510665894 -3.2480006217956543 0.0 0.0 0.0 0.8634135723114014 0.5044967532157898
163845397446674013 0.09779290109872818 -3.2407684326171875 0.0 0.0 0.0 0.8634214401245117 0.5044832825660706
1638453974179673910 0.09455157071352005 -3.2350120544433594 0.0 0.0 0.0 0.8632460236549377 0.5047833919525146
1638453974345674038 0.09050438553094864 -3.2278213500976562 0.0 0.0 0.0 0.8632391095161438 0.5047951936721802
1638453974545674086 0.08561396598815918 -3.219130516052246 0.0 0.0 0.0 0.8633032441139221 0.5046855211257935
1638453974744673967 0.08074916899204254 -3.2104833126068115 0.0 0.0 0.0 0.8632932901382446 0.5047025680541992
1638453974879673958 0.07748397439718246 -3.2046825885772705 0.0 0.0 0.0 0.8631933331489563 0.504873514175415
163845397547673941 0.07332810759544373 -3.197291612625122 0.0 0.0 0.0 0.8632781505584717 0.5047284364700317
1638453975249785900 0.06782110035419464 -3.187495708465576 0.0 0.0 0.0 0.8629924654960632 0.5052167773246765
1638453975382785797 0.06460905075073242 -3.18178129196167 0.0 0.0 0.0 0.8631297945976257 0.5049821734428406
1638453975547785997 0.06052805110812187 -3.1745223999023438 0.0 0.0 0.0 0.8632171154022217 0.5048328638076782
1638453975748785973 0.05559280887246132 -3.165740489959717 0.0 0.0 0.0 0.8631994724273682 0.5048630237579346
1638453975947785854 0.05076739937067032 -3.157158136367798 0.0 0.0 0.0 0.8631255626678467 0.5049893856048584
1638453976149785995 0.04579300433397293 -3.148311138153076 0.0 0.0 0.0 0.8631570339202881 0.5049355626106262
1638453976381785870 0.04006223753094673 -3.138118028640747 0.0 0.0 0.0 0.8631490468978882 0.5049492716789246
1638453976548785925 0.0359475277364254 -3.130790948867798 0.0 0.0 0.0 0.8629055023193359 0.5053653120994568
1638453976749785900 0.03109334036707878 -3.1221377849578857 0.0 0.0 0.0 0.8627782464027405 0.5055825710296631
1638453976948786020 0.026229003444314003 -3.1134612560272217 0.0 0.0 0.0 0.8628143072128296 0.5055210590362549
1638453977148785830 0.02135227806866169 -3.104762554168701 0.0 0.0 0.0 0.8628450036048889 0.5054686069488525
1638453977348785877 0.016465993598103523 -3.0960402488708496 0.0 0.0 0.0 0.8626919388771057 0.5057297945022583
1638453977550786018 0.01161567959934473 -3.0873847007751465 0.0 0.0 0.0 0.8628131747245789 0.5055229067802429
1638453977749729156 0.0068146646954119205 -3.078817844390869 0.0 0.0 0.0 0.8627616167068481 0.5056109428405762
1638453977950729132 0.0019405920756980777 -3.070117473602295 0.0 0.0 0.0 0.8627992272377014 0.5055467486381531
1638453978152729034 -0.002970533212646842 -3.0613510608673096 0.0 0.0 0.0 0.8629208207130432 0.5053392052650452
1638453978351729155 -0.0078089069575071335 -3.052717924118042 0.0 0.0 0.0 0.8629127144813538 0.5053529739379883
1638453978552729130 -0.012673589400947094 -3.044041633605957 0.0 0.0 0.0 0.8625194430351257 0.5060239434242249
1638453978785729170 -0.01830756850540638 -3.033795118331909 0.0 0.0 0.0 0.8581203818321228 0.5134485363960266
1638453978954729080 -0.022162793204188347 -3.0264713764190674 0.0 0.0 0.0 0.8540874719619751 0.5201293230056763
1638453979155729055 -0.026715166866779327 -3.0174567699432373 0.0 0.0 0.0 0.8490627408027649 0.5282920002937317
1638453979322729111 -0.030311409384012222 -3.010002374649048 0.0 0.0 0.0 0.8448127508163452 0.5350620746612549
1638453979488729000 -0.033809516578912735 -3.002445697784424 0.0 0.0 0.0 0.8398765921592712 0.542777419090271
1638453979695729017 -0.037799201905727386 -2.9931416511535645 0.0 0.0 0.0 0.8296473026275635 0.5582878589630127
1638453979828729153 -0.040233202278614044 -2.9869186878204346 0.0 0.0 0.0 0.8221741318702698 0.5692360401153564
1638453979994729042 -0.043544791638851166 -2.977646827697754 0.0 0.0 0.0 0.8129597306251526 0.5823199152946472
1638453980275321007 -0.04911469295620918 -2.9596869945526123 0.0 0.0 0.0 0.7973247170448303 0.6035506129264832
1638453980442321062 -0.052387785166502 -2.947305679321289 0.0 0.0 0.0 0.7874266505241394 0.6164084076881409
1638453980580321074 -0.054888393729925156 -2.9365835189819336 0.0 0.0 0.0 0.7790775895118713 0.6269274950027466
1638453980779320955 -0.05795593187212944 -2.9211947917938232 0.0 0.0 0.0 0.7670779824256897 0.6415538787841797
1638453980984321117 -0.060610853135585785 -2.9051129817962646 0.0 0.0 0.0 0.758714497089386 0.6514232754707336
1638453981185321093 -0.06288564950227737 -2.889253854751587 0.0 0.0 0.0 0.7525105476379395 0.6585801839828491
1638453981351320982 -0.06453466415405273 -2.876145601272583 0.0 0.0 0.0 0.7471988201141357 0.6646005511283875
1638453981553321123 -0.06626113504171371 -2.8602428436279297 0.0 0.0 0.0 0.7416605353355408 0.6707754135131836
1638453981720321178 -0.06756952404975891 -2.846994161605835 0.0 0.0 0.0 0.7408432960510254 0.6716778874397278
1638453981886321068 -0.06885626167058945 -2.8338701725006104 0.0 0.0 0.0 0.7409209609031677 0.6715922355651855
163845398286321115 -0.07040639221668243 -2.81797456741333 0.0 0.0 0.0 0.7405346035957336 0.6720182299613953
1638453982286321163 -0.07198365777730942 -2.8015732765197754 0.0 0.0 0.0 0.7399289011955261 0.6726850867271423
1638453982485321045 -0.07368063181638718 -2.783708333969116 0.0 0.0 0.0 0.7396613359451294 0.6729792952537537
1638453982650321007 -0.07525814324617386 -2.7669763565063477 0.0 0.0 0.0 0.7395703196525574 0.673079252243042
1638453982792675018 -0.07674134522676468 -2.7512524127960205 0.0 0.0 0.0 0.7395786643028259 0.6730701327323914
1638453982993674994 -0.07880964130163193 -2.729456663131714 0.0 0.0 0.0 0.7400646805763245 0.6725357174873352
1638453983193675041 -0.08090509474277496 -2.707587242126465 0.0 0.0 0.0 0.7395837306976318 0.6730645895004272
1638453983396675110 -0.08283932507038116 -2.6852710247039795 0.0 0.0 0.0 0.7338806986808777 0.6792783737182617
1638453983602674961 -0.08434305340051651 -2.6628713607788086 0.0 0.0 0.0 0.7269949316978455 0.6866428256034851
1638453983768675089 -0.08523805439472198 -2.6447713375091553 0.0 0.0 0.0 0.7215503454208374 0.6923619508743286
163845398433674955 -0.08606596291065216 -2.615752696990967 0.0 0.0 0.0 0.7126263976097107 0.7015437483787537
1638453984234674931 -0.08618456870317459 -2.593733310699463 0.0 0.0 0.0 0.7056087255477905 0.7086016535758972
1638453984368674994 -0.08601977676153183 -2.5790793895721436 0.0 0.0 0.0 0.7007986903190613 0.7133591175079346
1638453984535675049 -0.08553574979305267 -2.560912847518921 0.0 0.0 0.0 0.6946219205856323 0.7193750143051147
1638453984700675011 -0.08476656675338745 -2.5430095195770264 0.0 0.0 0.0 0.6888644695281982 0.7248901724815369
1638453984833674908 -0.08392833173274994 -2.5283279418945312 0.0 0.0 0.0 0.6843152046203613 0.7291862964630127
1638453985674963 -0.0826169103384018 -2.5099995136260986 0.0 0.0 0.0 0.6785423159599304 0.7345612645149231
1638453985133675098 -0.08136224746704102 -2.495373249053955 0.0 0.0 0.0 0.6738697290420532 0.7388501763343811
1638453985367930889 -0.07870502769947052 -2.4696176052093506 0.0 0.0 0.0 0.6657531261444092 0.7461720705032349
1638453985567930937 -0.07599429041147232 -2.4477906227111816 0.0 0.0 0.0 0.6584413647651672 0.7526320219039917
1638453985736931086 -0.07337937504053116 -2.4294233322143555 0.0 0.0 0.0 0.6520688533782959 0.7581597566604614
1638453985902930975 -0.07050171494483948 -2.411377191543579 0.0 0.0 0.0 0.6460216045379639 0.7633191347122192
163845398674930906 -0.067255899310112 -2.3928792476654053 0.0 0.0 0.0 0.6407302021980286 0.7677661180496216
1638453986241930962 -0.06399495154619217 -2.3750009536743164 0.0 0.0 0.0 0.6406661868095398 0.7678195834159851
1638453986375931025 -0.06140517070889473 -2.3607568740844727 0.0 0.0 0.0 0.6409988403320312 0.7675418853759766
1638453986575931072 -0.05761262774467468 -2.339297294616699 0.0 0.0 0.0 0.6451078653335571 0.7640915513038635
1638453986775930882 -0.05415035039186478 -2.3176281452178955 0.0 0.0 0.0 0.6528481245040894 0.7574888467788696
1638453986943931103 -0.05159232020378113 -2.2993550300598145 0.0 0.0 0.0 0.6594862937927246 0.7517166137695312
163845398776931000 -0.049786828458309174 -2.284837245941162 0.0 0.0 0.0 0.6646201014518738 0.7471814155578613
1638453987275930882 -0.04744870588183403 -2.2630181312561035 0.0 0.0 0.0 0.672179102897644 0.7403885722160339
1638453987441931009 -0.04585178196430206 -2.244940996170044 0.0 0.0 0.0 0.6784440875053406 0.734652042388916
1638453987640930891 -0.04432877153158188 -2.223126173019409 0.0 0.0 0.0 0.685592532157898 0.7279855012893677
1638453987804483891 -0.043386589735746384 -2.205003023147583 0.0 0.0 0.0 0.6912420392036438 0.7226232886314392
16384539882483845 -0.04262968525290489 -2.1833505630493164 0.0 0.0 0.0 0.6981224417686462 0.7159783840179443
1638453988169483900 -0.0423085056245327 -2.1651296615600586 0.0 0.0 0.0 0.7035877108573914 0.7106084227561951
1638453988400483847 -0.042334262281656265 -2.1399712562561035 0.0 0.0 0.0 0.7112833261489868 0.7029054164886475
1638453988634483814 -0.042941123247146606 -2.1143646240234375 0.0 0.0 0.0 0.7195764780044556 0.6944132447242737
1638453988844483852 -0.044016577303409576 -2.091231107711792 0.0 0.0 0.0 0.7268446087837219 0.6868019104003906
163845398947483921 -0.04550529271364212 -2.06880521774292 0.0 0.0 0.0 0.7335309982299805 0.6796560287475586
1638453989281483889 -0.04773833602666855 -2.043466567993164 0.0 0.0 0.0 0.7413589954376221 0.6711086630821228
1638453989517483950 -0.05060027167201042 -2.017733097076416 0.0 0.0 0.0 0.7489178776741028 0.6626628041267395
1638453989719483852 -0.053472474217414856 -1.9960286617279053 0.0 0.0 0.0 0.7551316022872925 0.6555732488632202
1638453989988483906 -0.057968102395534515 -1.96688711643219 0.0 0.0 0.0 0.7630027532577515 0.646395206451416
1638453990123483896 -0.06049078702926636 -1.9523226022720337 0.0 0.0 0.0 0.7670166492462158 0.6416271924972534
1638453990267091036 -0.06319218873977661 -1.9377902746200562 0.0 0.0 0.0 0.7709640860557556 0.6368786692619324
1638453990434091091 -0.06679919362068176 -1.9197723865509033 0.0 0.0 0.0 0.7761226892471313 0.6305819153785706
1638453990634091139 -0.07153476774692535 -1.8982676267623901 0.0 0.0 0.0 0.7825725078582764 0.6225594282150269
1638453990800091028 -0.07576586306095123 -1.8805941343307495 0.0 0.0 0.0 0.7875329256057739 0.6162725687026978
16384539911091003 -0.08127079904079437 -1.8592995405197144 0.0 0.0 0.0 0.7937512993812561 0.608242392539978
1638453991201091051 -0.0871795117855072 -1.8382185697555542 0.0 0.0 0.0 0.7998098134994507 0.6002534627914429
1638453991400091171 -0.09345430135726929 -1.8174021244049072 0.0 0.0 0.0 0.8049912452697754 0.5932866930961609
1638453991601091146 -0.09992474317550659 -1.7965924739837646 0.0 0.0 0.0 0.8047633767127991 0.5935957431793213
1638453991800091028 -0.10615480691194534 -1.775815486907959 0.0 0.0 0.0 0.7987933158874512 0.6016055345535278
163845399291076 -0.11180607229471207 -1.7545605897903442 0.0 0.0 0.0 0.7855883836746216 0.6187494397163391
1638453992199090958 -0.116287000477314 -1.733005166053772 0.0 0.0 0.0 0.7642149925231934 0.6449615955352783
1638453992430091143 -0.119422547519207 -1.7079229354858398 0.0 0.0 0.0 0.7355144619941711 0.6775090098381042
1638453992603091002 -0.12049645185470581 -1.688971996307373 0.0 0.0 0.0 0.718856930732727 0.6951580047607422
1638453992735090971 -0.1207868903875351 -1.674522876739502 0.0 0.0 0.0 0.7100719213485718 0.704129159450531
1638453992870190859 -0.12076730281114578 -1.6594632863998413 0.0 0.0 0.0 0.7038286328315735 0.7103697657585144
163845399340190935 -0.12050988525152206 -1.640886902809143 0.0 0.0 0.0 0.7013510465621948 0.712816059589386
1638453993242190838 -0.12015397101640701 -1.6188695430755615 0.0 0.0 0.0 0.7021639943122864 0.7120152115821838
1638453993374190807 -0.12001319229602814 -1.604392647743225 0.0 0.0 0.0 0.7055277824401855 0.7086822390556335
1638453993541190863 -0.12013218551874161 -1.586169958114624 0.0 0.0 0.0 0.7143946886062622 0.6997429728507996
1638453993706190825 -0.12085367739200592 -1.5681389570236206 0.0 0.0 0.0 0.7286754846572876 0.6848591566085815
1638453993941190958 -0.12327955663204193 -1.5426443815231323 0.0 0.0 0.0 0.7510920763015747 0.6601974368095398
1638453994141191006 -0.1267188936471939 -1.5208203792572021 0.0 0.0 0.0 0.768786609172821 0.6395054459571838
1638453994442190886 -0.1337386518716812 -1.4884189367294312 0.0 0.0 0.0 0.785204291343689 0.6192367672920227
1638453994643190861 -0.13891732692718506 -1.4671205282211304 0.0 0.0 0.0 0.786442756652832 0.6176632046699524
1638453994876190901 -0.1447373926639557 -1.4422285556793213 0.0 0.0 0.0 0.7790513634681702 0.6269601583480835
1638453995148190975 -0.15017728507518768 -1.4130219221115112 0.0 0.0 0.0 0.757502555847168 0.6528321504592896
1638453995371855974 -0.1530599594116211 -1.38762629032135 0.0 0.0 0.0 0.734062135219574 0.6790822744369507
1638453995570856094 -0.1539408564567566 -1.3657808303833008 0.0 0.0 0.0 0.7078297734260559 0.7063830494880676
1638453995835855961 -0.15247857570648193 -1.3368498086929321 0.0 0.0 0.0 0.6704660654067993 0.7419402003288269
163845399634856081 -0.14947748184204102 -1.3154489994049072 0.0 0.0 0.0 0.6415897607803345 0.7670480012893677
1638453996234855890 -0.14489330351352692 -1.2939926385879517 0.0 0.0 0.0 0.6171507239341736 0.7868449687957764
1638453996501856089 -0.13714046776294708 -1.2659138441085815 0.0 0.0 0.0 0.5968385934829712 0.8023613095283508
1638453996700855970 -0.13068504631519318 -1.2449936866760254 0.0 0.0 0.0 0.5923615097999573 0.805672287940979
1638453996873856068 -0.12498869001865387 -1.226752758026123 0.0 0.0 0.0 0.5929611921310425 0.8052310347557068
163845399739855957 -0.11966846883296967 -1.2092437744140625 0.0 0.0 0.0 0.5991096496582031 0.8006669878959656
1638453997270855904 -0.11301824450492859 -1.1847985982894897 0.0 0.0 0.0 0.6176899075508118 0.7864217758178711
1638453997438855886 -0.10912125557661057 -1.166817307472229 0.0 0.0 0.0 0.6384980082511902 0.7696234583854675
1638453997674855947 -0.10550681501626968 -1.141417145729065 0.0 0.0 0.0 0.6725767254829407 0.7400274276733398
1638453997884050846 -0.10423289984464645 -1.119033694267273 0.0 0.0 0.0 0.7011951804161072 0.7129693627357483
163845399884050894 -0.10471884161233902 -1.0969483852386475 0.0 0.0 0.0 0.7283629179000854 0.6851915121078491
1638453998286050797 -0.10684648156166077 -1.0748062133789062 0.0 0.0 0.0 0.7511122226715088 0.660174548625946
1638453998451050997 -0.10955432802438736 -1.056760549545288 0.0 0.0 0.0 0.7637548446655273 0.6455064415931702
1638453998686050892 -0.11429072171449661 -1.0316147804260254 0.0 0.0 0.0 0.7743968367576599 0.6327002048492432
1638453998886050940 -0.11876536905765533 -1.010209083557129 0.0 0.0 0.0 0.7767285108566284 0.6298354864120483
1638453999121050835 -0.12386477738618851 -0.9851338267326355 0.0 0.0 0.0 0.7696349620819092 0.6384841203689575
1638453999326050997 -0.1275518834590912 -0.9630153775215149 0.0 0.0 0.0 0.7560030221939087 0.6545681357383728
1638453999529050827 -0.13013207912445068 -0.940920352935791 0.0 0.0 0.0 0.7371985912322998 0.675676167011261
1638453999697050810 -0.13126404583454132 -0.9225561618804932 0.0 0.0 0.0 0.7199641466140747 0.6940112709999084
1638453999996050835 -0.13102680444717407 -0.8898657560348511 0.0 0.0 0.0 0.689216673374176 0.7245553135871887
1638454000198050976 -0.12925280630588531 -0.8676915764808655 0.0 0.0 0.0 0.6672584414482117 0.7448263168334961
1638454000395348072 -0.12616467475891113 -0.8456618785858154 0.0 0.0 0.0 0.6452116370201111 0.7640038728713989
1638454000596348047 -0.12182886153459549 -0.8240242004394531 0.0 0.0 0.0 0.6225265860557556 0.7825986742973328
1638454000796348095 -0.11623792350292206 -0.8027026057243347 0.0 0.0 0.0 0.598979651927948 0.800764262676239
163845400131347990 -0.10807492583990097 -0.7781891226768494 0.0 0.0 0.0 0.5698043704032898 0.8217803835868835
1638454001231348038 -0.09966466575860977 -0.7581177949905396 0.0 0.0 0.0 0.5377657413482666 0.8430942893028259
1638454001429347992 -0.08969612419605255 -0.738831102848053 0.0 0.0 0.0 0.5025254487991333 0.8645623922348022
1638454001665348053 -0.07594361156225204 -0.717052161693573 0.0 0.0 0.0 0.4626104533672333 0.8865616321563721
1638454001833348036 -0.06498159468173981 -0.7023714780807495 0.0 0.0 0.0 0.43314966559410095 0.9013220071792603
163845400297347975 -0.04572560638189316 -0.6806618571281433 0.0 0.0 0.0 0.38661566376686096 0.9222409129142761
1638454002298348188 -0.029750032350420952 -0.6655870676040649 0.0 0.0 0.0 0.35347437858581543 0.9354442358016968
1638454002498347998 -0.013038530014455318 -0.6516427993774414 0.0 0.0 0.0 0.329460084438324 0.9441695213317871
1638454002699347973 0.00438546109944582 -0.6383466720581055 0.0 0.0 0.0 0.3099835216999054 0.9507419466972351
1638454002943163157 0.025481903925538063 -0.6239168643951416 0.0 0.0 0.0 0.2791663110256195 0.960242748260498
1638454003143163204 0.04427524283528328 -0.6129447817802429 0.0 0.0 0.0 0.24123406410217285 0.9704669713973999
1638454003378163099 0.0678633600473404 -0.6021199822425842 0.0 0.0 0.0 0.18266594409942627 0.9831750392913818
1638454003545163155 0.08521142601966858 -0.596397876739502 0.0 0.0 0.0 0.13524265587329865 0.9908124804496765
1638454003748162985 0.1068953350186348 -0.5917017459869385 0.0 0.0 0.0 0.07980449497699738 0.9968105554580688
1638454003967163086 0.1307654231786728 -0.5891093611717224 0.0 0.0 0.0 0.030476916581392288 0.9995354413986206
1638454004201163054 0.1380968987941742 -0.5887581706047058 0.0 0.0 0.0 0.015522743575274944 0.9998795390129089
1638454004434163094 0.1381474882364273 -0.5887566208839417 0.0 0.0 0.0 0.017213620245456696 0.9998518228530884
1638454004699163198 0.13812223076820374 -0.5887579321861267 0.0 0.0 0.0 0.040678463876247406 0.9991722702980042
1638454004883162975 0.13827310502529144 -0.588740885257721 0.0 0.0 0.0 0.06765419989824295 0.9977088570594788
163845400583163023 0.13842128217220306 -0.588706910610199 0.0 0.0 0.0 0.10548344999551773 0.9944210648536682
1638454005380775928 0.14180545508861542 -0.5876649618148804 0.0 0.0 0.0 0.17670080065727234 0.984264612197876
1638454005649775982 0.14658452570438385 -0.5855261087417603 0.0 0.0 0.0 0.24047379195690155 0.970655620098114
1638454005852775812 0.15004439651966095 -0.5834737420082092 0.0 0.0 0.0 0.28820905089378357 0.9575675129890442
163845400618775940 0.15269224345684052 -0.5815647840499878 0.0 0.0 0.0 0.32653769850730896 0.9451841711997986
1638454006186775923 0.1551951915025711 -0.5794302821159363 0.0 0.0 0.0 0.36511972546577454 0.9309605956077576
1638454006494776011 0.15928222239017487 -0.5750467777252197 0.0 0.0 0.0 0.43242090940475464 0.9016718864440918
1638454006694775820 0.1615723818540573 -0.5718945264816284 0.0 0.0 0.0 0.475382924079895 0.8797789812088013
1638454006927775860 0.1638827621936798 -0.5678828954696655 0.0 0.0 0.0 0.5249487161636353 0.8511338829994202
163845400793775988 0.16527393460273743 -0.5648183822631836 0.0 0.0 0.0 0.5583131313323975 0.8296303153038025
1638454007293775797 0.16658586263656616 -0.5610690116882324 0.0 0.0 0.0 0.5980454087257385 0.8014622330665588
1638454007529775858 0.16765795648097992 -0.5565136075019836 0.0 0.0 0.0 0.6428347826004028 0.7660048604011536
1638454007728775978 0.1682337373495102 -0.551842987537384 0.0 0.0 0.0 0.6790872812271118 0.7340575456619263
1638454007951596022 0.16838181018829346 -0.5445336699485779 0.0 0.0 0.0 0.719781219959259 0.6942009925842285
1638454008118596077 0.16788780689239502 -0.5380492210388184 0.0 0.0 0.0 0.7466116547584534 0.6652601361274719
1638454008285596132 0.16686536371707916 -0.5315245389938354 0.0 0.0 0.0 0.7730671167373657 0.6343242526054382
1638454008587595940 0.1637837439775467 -0.5199371576309204 0.0 0.0 0.0 0.8102260828018188 0.5861174464225769
1638454008789596081 0.16093169152736664 -0.5123045444488525 0.0 0.0 0.0 0.8325930833816528 0.5538851022720337
1638454008989596128 0.15758979320526123 -0.5050395727157593 0.0 0.0 0.0 0.8505464792251587 0.5258998870849609
1638454009189595938 0.15383605659008026 -0.4979778528213501 0.0 0.0 0.0 0.8627228736877441 0.5056770443916321
1638454009456596136 0.1482091248035431 -0.48851537704467773 0.0 0.0 0.0 0.8741120100021362 0.48572441935539246
1638454009657596111 0.14283137023448944 -0.48005735874176025 0.0 0.0 0.0 0.8787978887557983 0.4771941602230072
1638454009891596079 0.13509811460971832 -0.46845200657844543 0.0 0.0 0.0 0.8841554522514343 0.4671928584575653
1638454010125596046 0.12585528194904327 -0.4552419185638428 0.0 0.0 0.0 0.8895844221115112 0.45677074790000916
1638454010338012934 0.11758670955896378 -0.44394877552986145 0.0 0.0 0.0 0.8942071199417114 0.4476534426212311
1638454010606013060 0.10619890689849854 -0.42911088466644287 0.0 0.0 0.0 0.8996367454528809 0.43663910031318665
1638454010841012955 0.09597133100032806 -0.4164191782474518 0.0 0.0 0.0 0.9044288396835327 0.4266245663166046
1638454011176012993 0.07895169407129288 -0.3964393436908722 0.0 0.0 0.0 0.910918116569519 0.4125871956348419
1638454011377012968 0.0670943483710289 -0.38317281007766724 0.0 0.0 0.0 0.9147111177444458 0.4041084051132202
1638454011594012976 0.05387905612587929 -0.3689524233341217 0.0 0.0 0.0 0.9186695218086243 0.3950270116329193
1638454011827013016 0.03925469517707825 -0.3538713753223419 0.0 0.0 0.0 0.9231941103935242 0.3843339681625366
163845401295013142 0.02212674170732498 -0.3369956910610199 0.0 0.0 0.0 0.9263957738876343 0.37655124068260193
1638454012427012920 0.0008484056452289224 -0.3162182569503784 0.0 0.0 0.0 0.9252240061759949 0.37942126393318176
1638454012592013121 -0.009496866725385189 -0.3058387339115143 0.0 0.0 0.0 0.9216232895851135 0.3880856931209564
1638454012792012930 -0.0217079296708107 -0.2928982079029083 0.0 0.0 0.0 0.9140793681144714 0.4055352807044983
163845401395690966 -0.03906349092721939 -0.27192360162734985 0.0 0.0 0.0 0.8937429189682007 0.4485795199871063
1638454013230690956 -0.04602723941206932 -0.2620318830013275 0.0 0.0 0.0 0.8811101317405701 0.47291114926338196
1638454013530691147 -0.059534694999456406 -0.2388393133878708 0.0 0.0 0.0 0.8518311977386475 0.5238164067268372
1638454013701691151 -0.06597796082496643 -0.22497867047786713 0.0 0.0 0.0 0.8343347311019897 0.5512581467628479
1638454013901690960 -0.07237616181373596 -0.20819033682346344 0.0 0.0 0.0 0.8120116591453552 0.5836412310600281
1638454014104691029 -0.07745259255170822 -0.19085094332695007 0.0 0.0 0.0 0.7884519696235657 0.6150962710380554
1638454014337691069 -0.08160897344350815 -0.17036890983581543 0.0 0.0 0.0 0.7594677805900574 0.6505449414253235
1638454014602690935 -0.08404269814491272 -0.14661073684692383 0.0 0.0 0.0 0.7245760560035706 0.6891948580741882
1638454014769690990 -0.08430743217468262 -0.1316569596529007 0.0 0.0 0.0 0.7018596529960632 0.7123152613639832
1638454014999691010 -0.08309166133403778 -0.11119789630174637 0.0 0.0 0.0 0.670112669467926 0.7422593832015991
1638454015199691057 -0.08054259419441223 -0.09338875114917755 0.0 0.0 0.0 0.6379421949386597 0.7700842618942261
1638454015486402988 -0.07353653758764267 -0.06759975850582123 0.0 0.0 0.0 0.5725072026252747 0.8198996782302856
1638454015651402950 -0.06763021647930145 -0.05380946770310402 0.0 0.0 0.0 0.5272020101547241 0.8497399687767029
1638454015854403019 -0.058191198855638504 -0.03797660768032074 0.0 0.0 0.0 0.458527147769928 0.8886803984642029
163845401688402987 -0.044405341148376465 -0.022377513349056244 0.0 0.0 0.0 0.3612422049045563 0.9324720501899719
1638454016424402952 -0.019074341282248497 -0.005956931039690971 0.0 0.0 0.0 0.20412500202655792 0.9789448380470276
1638454016792402983 0.012340161949396133 0.0016111802542582154 0.0 0.0 0.0 0.027754615992307663 0.9996147751808167
1638454016994402885 0.013376758433878422 0.0016596469795331359 0.0 0.0 0.0 0.01989191770553589 0.9998021125793457
1638454017183403015 0.013376757502555847 0.0016596481436863542 0.0 0.0 0.0 0.020010588690638542 0.9997997879981995
1638454017383402824 0.013402046635746956 0.0016606645658612251 0.0 0.0 0.0 0.020122012123465538 0.999797523021698
1638454017683403015 0.013376756571233273 0.001659640809521079 0.0 0.0 0.0 0.020043468102812767 0.9997991323471069
163845401844148207 0.013376755639910698 0.0016596467467024922 0.0 0.0 0.0 0.020092252641916275 0.9997981190681458
1638454018275148153 0.013376754708588123 0.0016596450004726648 0.0 0.0 0.0 0.020016130059957504 0.9997996687889099
1638454018440148115 -0.01710605223526898 0.006177142154189507 -0.00023543362485114552 -0.00017971411586939888 0.0002854358543335575 0.02192427311939553 0.9997595536310199
1638454018673148155 -0.017080767006317138 0.006178247421750183 -0.0002354482677558595 -0.0001797332310783182 0.0002854238296467906 0.021857337883165885 0.9997610478314839
1638454018875148058 -0.017106053137850588 0.0061771343509856155 -0.00023543362144144082 -0.00017972316174394974 0.000285430166686177 0.02189260196448305 0.9997602676198845
163845401941148186 -0.017106053109116087 0.0061771265512125155 -0.00023543361855720723 -0.0001797572877662891 0.0002854086736933917 0.02177306199994383 0.9997628719962725
1638454019206148148 -0.017080766965574194 0.006178236362370414 -0.00023544826366627463 -0.00017971255130373796 0.0002854368597849439 0.021929786429582106 0.9997594838710334
1638454019440148115 -0.01713134021356633 0.006176024769225974 -0.00023541897589299883 -0.00017971439353736067 0.00028543569568876767 0.021923327007107318 0.9997596149784543
1638454019708148003 -0.01713134024358745 0.006176032918242646 -0.00023541897890637717 -0.0001797604379505583 0.0002854066970708254 0.02176203932443166 0.9997631307184642
1638454019840148211 -0.01710605408632162 0.00617713900413578 -0.00023543362263790018 -0.00017971263737683038 0.00028543680314698227 0.02192948095631321 0.9997594844337
163845402040148020 -0.017106053141710452 0.00617713539871633 -0.00023543362182887518 -0.00017972021155192476 0.00028543203577626033 0.02190295419870576 0.9997600697373548
1638454020240148067 -0.017106052198385888 0.006177132142540453 -0.00023543362114899496 -0.00017972316594263717 0.00028543016392334965 0.02189258706334798 0.9997602676473316
1638454020541372061 -0.017080766070712308 0.006178246261035735 -0.00023544826785084805 -0.0001796956252747459 0.0002854475161440927 0.02198907026232012 0.9997581825783027
1638454020676372051 -0.01713133834407214 0.006176022913455173 -0.00023541897625516887 -0.00017972575347303485 0.0002854285334724825 0.02188352191466677 0.9997604631591135
1638454020844372034 -0.01710605122890007 0.006177121785078617 -0.00023543361784317073 -0.00017981739773364276 0.0002853708047037767 0.02156248498172263 0.9997674322006747
1638454020977372169 -0.01710605219238167 0.006177130512737118 -0.00023543362054631928 -0.00017971693908088398 0.00028543409286617454 0.021914410869776788 0.9997598102157647
1638454021246372223 -0.017080767002457288 0.006178246374019467 -0.00023544826736842517 -0.0001797282743492695 0.0002854269468815003 0.021874693321504764 0.999760658235172
1638454021488372087 -0.017106053142568196 0.006177135631545378 -0.0002354336219149717 -0.0001797165690417986 0.00028543431229316707 0.021915684807036498 0.999759748264493
1638454021621372223 -0.017080766987017847 0.006178242183096608 -0.00023544826581868773 -0.00017971525429804014 0.0002854351533563234 0.021920311499686523 0.999759680137612
1638454021824372053 -0.017106053130559743 0.006177132371938709 -0.00023543362070962035 -0.0001797130551462303 0.0002854365282456565 0.021927998293373937 0.9997594871646917
1638454021992372036 -0.017106053122411154 0.006177130160062756 -0.00023543361989170335 -0.00017971984571152683 0.0002854322524404254 0.021904213234830404 0.9997600078135301
1638454022296372175 -0.017080767002457288 0.006178246374019467 -0.00023544826736842517 -0.0001797160903914309 0.00028543462725549005 0.021917383536434257 0.9997597451355177
1638454022528372049 -0.01713133930926923 0.00617603210677177 -0.0002354189791305105 -0.00017972483183138757 0.000285429115865924 0.02188675348854605 0.9997603976019722
1638454022725372076 -0.01708076702861855 0.006178253475305425 -0.00023544826999436917 -0.00017972345565207026 0.00028542997328825936 0.021891558885028285 0.9997602695411851
1638454022926867008 -0.017131339342292468 0.0061760410706901085 -0.00023541898244522667 -0.0001797217105130945 0.00028543107349405204 0.021897673718754625 0.9997601390684796
1638454023125866890 -0.017106053194890718 0.006177149834117291 -0.00023543362716685969 -0.00017971417884971044 0.0002854358128911466 0.02192404960236951 0.9997595540427271
1638454023327867031 -0.01708076703590939 0.006178255454352331 -0.00023544827072618965 -0.00017977954420751174 0.0002853946542078951 0.02169509652784588 0.9997645653281116
1638454023595866919 -0.017080767995531126 0.006178263134280116 -0.00023544827304190384 -0.00017975461206345527 0.00028541036216363414 0.021782440072461464 0.9997626759081003
1638454023794867039 -0.017080767977089583 0.006178258128455589 -0.00023544827119082855 -0.00017969474454054601 0.00028544804755279546 0.02199211732486432 0.9997580577562796
163845402430866861 -0.017080768925560617 0.006178262781605754 -0.00023544827238728788 -0.0001796906958371655 0.00028545061542042434 0.022006328843281055 0.9997577931603973
1638454024198867083 -0.0170807689354247 0.006178265459139803 -0.00023544827337739795 -0.00017965544818093464 0.0002854727983391341 0.02212977082298901 0.9997550623872059
1638454024431866884 -0.0170807689465754 0.006178268485917424 -0.00023544827449665276 -0.00017971276963548463 0.00028543671611791933 0.021929011570558564 0.9997594852982853
1638454024730866909 -0.017106055037794766 0.006177144472187612 -0.00023543362413569737 -0.00017971170943715194 0.0002854373896846649 0.021932734881895087 0.9997594188353879
1638454024997866869 -0.017106055973399606 0.00617714563290206 -0.00023543362404070887 -0.00017972419727499373 0.00028542950935104243 0.021888966197315046 0.9997603339215299
