1638453901704390049 -1.0602857567626467e-12 8.269952722628204e-09 0.0 0.0 0.0 -0.00016026198863983154 1.0
1638453901872390032 -1.0602857567626467e-12 8.269952722628204e-09 0.0 0.0 0.0 0.0002065598964691162 1.0
16384539026390095 2.5310684577561915e-05 1.5472172876229706e-08 0.0 0.0 0.0 0.00017104297876358032 1.0
1638453902171390057 -1.3064229602635646e-13 5.948352033158244e-09 0.0 0.0 0.0 0.00015857070684432983 1.0
1638453902304390192 2.5310684577561915e-05 1.4292797168025118e-08 0.0 0.0 0.0 8.381903171539307e-05 1.0
1638453902439390182 -9.936304166610621e-13 7.435864812777027e-09 0.0 0.0 0.0 -6.659328937530518e-05 1.0
1638453902606389999 -1.3291223590478074e-13 7.039659077889837e-09 0.0 0.0 0.0 0.00014188140630722046 1.0
1638453902741516113 -9.453531436397905e-14 7.820188940854678e-09 0.0 0.0 0.0 0.00015719234943389893 1.0
1638453902907516003 -9.453531436397905e-14 7.820188940854678e-09 0.0 0.0 0.0 9.451061487197876e-05 1.0
163845390374516058 2.531068639655132e-05 1.3809090759764331e-08 0.0 0.0 0.0 0.00036475062370300293 0.9999999403953552
1638453903208516121 3.3589563422364854e-12 5.700694916122018e-10 0.0 0.0 0.0 0.0002514868974685669 0.9999999403953552
1638453903345516205 3.3589563422364854e-12 5.700694916122018e-10 0.0 0.0 0.0 0.000106029212474823 1.0
1638453903513516188 6.533567632228954e-13 7.034945070927279e-09 0.0 0.0 0.0 0.0001547485589981079 1.0
1638453903649516106 6.533567632228954e-13 7.034945070927279e-09 0.0 0.0 0.0 0.00020463764667510986 1.0
1638453903818516016 2.578921234550058e-12 4.235674033736814e-09 0.0 0.0 0.0 0.00043635815382003784 0.9999998807907104
1638453903952516079 2.578921234550058e-12 4.235674033736814e-09 0.0 0.0 0.0 0.00016219913959503174 1.0
163845390486516142 0.0005821457598358393 -1.6215086873216933e-07 0.0 0.0 0.0 -0.00023122131824493408 1.0
1638453904258516073 0.003315699752420187 -5.053901190876786e-07 0.0 0.0 0.0 4.296749830245972e-05 1.0
1638453904429516077 0.007972865365445614 -1.366349010822887e-06 0.0 0.0 0.0 -0.0003871843218803406 0.9999999403953552
1638453904595516205 0.015237030573189259 -6.099690835981164e-06 0.0 0.0 0.0 -0.00016264617443084717 1.0
1638453904764516115 0.02348831482231617 -9.60918805503752e-06 0.0 0.0 0.0 -0.00021064281463623047 1.0
1638453904968516111 0.03358727693557739 -1.572444489283953e-05 0.0 0.0 0.0 -0.0005306154489517212 0.9999998807907104
1638453905122766972 0.04201572760939598 -2.8651267712120898e-05 0.0 0.0 0.0 -0.0008341370848938823 0.9999996423721313
1638453905291767120 0.05039355158805847 -4.313942190492526e-05 0.0 0.0 0.0 -0.0008413492469117045 0.9999996423721313
1638453905491767168 0.0602647066116333 -5.786302426713519e-05 0.0 0.0 0.0 -0.0007426216616295278 0.9999997019767761
1638453905660767078 0.068693146109581 -7.183211710071191e-05 0.0 0.0 0.0 -0.0005890577449463308 0.9999998211860657
1638453905793766975 0.07588136941194534 -8.375495235668495e-05 0.0 0.0 0.0 -0.0008875502971932292 0.9999995827674866
1638453905961767197 0.08628404140472412 -0.00010225788719253615 0.0 0.0 0.0 -0.0009398310212418437 0.9999995827674866
163845390694767094 0.09557303041219711 -0.00012145693472120911 0.0 0.0 0.0 -0.0010209751781076193 0.999999463558197
1638453906263767004 0.10729185491800308 -0.00014365778770297766 0.0 0.0 0.0 -0.0002435445785522461 1.0
1638453906396767139 0.11653014272451401 -0.00010586773714749143 0.0 0.0 0.0 0.005019315984100103 0.9999874234199524
1638453906564767122 0.1281447559595108 0.00014314278087113053 0.0 0.0 0.0 0.01814212277531624 0.9998354315757751
1638453906733767033 0.1400223970413208 0.0007918101036921144 0.0 0.0 0.0 0.03726906701922417 0.999305248260498
1638453906900767088 0.15168415009975433 0.0019358752761036158 0.0 0.0 0.0 0.06088411062955856 0.9981448650360107
163845390766766977 0.16317683458328247 0.003627751488238573 0.0 0.0 0.0 0.08484875410795212 0.9963938593864441
1638453907201766968 0.1724986433982849 0.005411756224930286 0.0 0.0 0.0 0.10380765795707703 0.9945973753929138
1638453907368767023 0.1838279664516449 0.008091028779745102 0.0 0.0 0.0 0.12775176763534546 0.991806149482727
1638453907568767071 0.19706013798713684 0.011981955729424953 0.0 0.0 0.0 0.1568523794412613 0.987622082233429
1638453907716444016 0.2058345377445221 0.015029248781502247 0.0 0.0 0.0 0.17565274238586426 0.9844521880149841
1638453907916444063 0.21865470707416534 0.020184410735964775 0.0 0.0 0.0 0.20410959422588348 0.9789480566978455
163845390850443888 0.22702723741531372 0.024027900770306587 0.0 0.0 0.0 0.2225458025932312 0.974922239780426
1638453908218443871 0.2373896837234497 0.029333608224987984 0.0 0.0 0.0 0.24636489152908325 0.9691771268844604
1638453908351444006 0.24537910521030426 0.03386953845620155 0.0 0.0 0.0 0.2649531066417694 0.9642612934112549
1638453908522444010 0.2555091381072998 0.040200669318437576 0.0 0.0 0.0 0.2857780456542969 0.9582958221435547
1638453908689444065 0.2651917636394501 0.04675616696476936 0.0 0.0 0.0 0.3008980453014374 0.9536563158035278
1638453908858443975 0.2747807502746582 0.05366697162389755 0.0 0.0 0.0 0.31229445338249207 0.9499853253364563
163845390926443958 0.28416115045547485 0.06069095432758331 0.0 0.0 0.0 0.3194079101085663 0.9476173520088196
1638453909158443928 0.2920245826244354 0.06669982522726059 0.0 0.0 0.0 0.32115867733955383 0.9470254182815552
1638453909293443918 0.3006446063518524 0.07330264151096344 0.0 0.0 0.0 0.32096490263938904 0.9470911026000977
1638453909461443901 0.3123403787612915 0.082258440554142 0.0 0.0 0.0 0.32109975814819336 0.9470453858375549
1638453909594444036 0.32266128063201904 0.09013712406158447 0.0 0.0 0.0 0.31908825039863586 0.9477249979972839
1638453909726444006 0.3331431746482849 0.09801266342401505 0.0 0.0 0.0 0.3140600025653839 0.9494031071662903
1638453909892443895 0.34645533561706543 0.10772236436605453 0.0 0.0 0.0 0.30521783232688904 0.9522825479507446
163845391061444044 0.3602309823036194 0.11725983768701553 0.0 0.0 0.0 0.29062309861183167 0.9568375945091248
1638453910204059839 0.37143266201019287 0.12454753369092941 0.0 0.0 0.0 0.27806755900382996 0.9605615139007568
1638453910371059895 0.38572365045547485 0.13319560885429382 0.0 0.0 0.0 0.25847116112709045 0.9660189747810364
1638453910541059971 0.40047478675842285 0.14119186997413635 0.0 0.0 0.0 0.23228485882282257 0.9726477861404419
1638453910707059860 0.41527462005615234 0.1480751931667328 0.0 0.0 0.0 0.19852332770824432 0.980096161365509
1638453910841059923 0.42795872688293457 0.1529529094696045 0.0 0.0 0.0 0.16650280356407166 0.9860410094261169
163845391110060072 0.44523677229881287 0.158145472407341 0.0 0.0 0.0 0.12474831938743591 0.9921883940696716
1638453911143059969 0.45937207341194153 0.16126413643360138 0.0 0.0 0.0 0.09236853569746017 0.9957249164581299
1638453911345059872 0.481206476688385 0.16424617171287537 0.0 0.0 0.0 0.04288722574710846 0.9990799427032471
1638453911444059849 0.49206802248954773 0.16492420434951782 0.0 0.0 0.0 0.019133539870381355 0.9998169541358948
1638453911610059977 0.5103123188018799 0.16489025950431824 0.0 0.0 0.0 -0.021017180755734444 0.9997791051864624
1638453911745059967 0.5249487161636353 0.1637893170118332 0.0 0.0 0.0 -0.05401137098670006 0.9985403418540955
1638453911911059856 0.5429462790489197 0.16112445294857025 0.0 0.0 0.0 -0.0932900607585907 0.9956389665603638
163845391244059992 0.5572726130485535 0.15793165564537048 0.0 0.0 0.0 -0.12559384107589722 0.9920817613601685
1638453912209059954 0.5747445225715637 0.15267932415008545 0.0 0.0 0.0 -0.16536712646484375 0.9862321019172668
1638453912343060017 0.588383674621582 0.14746524393558502 0.0 0.0 0.0 -0.19750800728797913 0.9803012609481812
1638453912511059999 0.6050344109535217 0.13964462280273438 0.0 0.0 0.0 -0.2371642142534256 0.9714695811271667
1638453912667059898 0.6199382543563843 0.13124647736549377 0.0 0.0 0.0 -0.26992592215538025 0.9628810882568359
1638453912812630892 0.633486270904541 0.12250873446464539 0.0 0.0 0.0 -0.29395514726638794 0.9558191895484924
1638453912946630955 0.6454274654388428 0.11405832320451736 0.0 0.0 0.0 -0.31166326999664307 0.9501926302909851
1638453913112631083 0.6599456071853638 0.10304440557956696 0.0 0.0 0.0 -0.32458752393722534 0.9458556771278381
1638453913248631001 0.6716907620429993 0.09378110617399216 0.0 0.0 0.0 -0.3305572271347046 0.9437859654426575
1638453913415631056 0.6859862208366394 0.08231618255376816 0.0 0.0 0.0 -0.33150941133499146 0.9434518814086914
1638453913548630953 0.6973882913589478 0.07323116064071655 0.0 0.0 0.0 -0.3273378014564514 0.9449073672294617
1638453913715631008 0.7118867039680481 0.062107961624860764 0.0 0.0 0.0 -0.31421732902526855 0.9493510723114014
1638453913917630911 0.7297918796539307 0.04946902394294739 0.0 0.0 0.0 -0.2895638346672058 0.9571586847305298
163845391450631046 0.742060124874115 0.04164129123091698 0.0 0.0 0.0 -0.2707756459712982 0.9626424908638
1638453914217630863 0.757867157459259 0.032525401562452316 0.0 0.0 0.0 -0.24655933678150177 0.9691277146339417
1638453914351630926 0.770942747592926 0.025743113830685616 0.0 0.0 0.0 -0.22754605114459991 0.9737673401832581
1638453914553631067 0.7911921739578247 0.016473496332764626 0.0 0.0 0.0 -0.19864894449710846 0.9800707101821899
1638453914718631029 0.8080777525901794 0.009828823618590832 0.0 0.0 0.0 -0.17438627779483795 0.9846773147583008
1638453914852630854 0.8218652009963989 0.005093324929475784 0.0 0.0 0.0 -0.15493422746658325 0.9879248142242432
163845391517631054 0.839219331741333 -3.3073138183681294e-05 0.0 0.0 0.0 -0.13094259798526764 0.9913899302482605
1638453915169009924 0.8569767475128174 -0.004341282416135073 0.0 0.0 0.0 -0.10632392764091492 0.9943315386772156
1638453915301010132 0.871106743812561 -0.00712217390537262 0.0 0.0 0.0 -0.08754231780767441 0.9961608052253723
1638453915470010042 0.8892462253570557 -0.009883766993880272 0.0 0.0 0.0 -0.06313417851924896 0.9980050325393677
1638453915603009939 0.9038917422294617 -0.011459141038358212 0.0 0.0 0.0 -0.04375411942601204 0.9990423321723938
1638453915771009922 0.9223053455352783 -0.012613009661436081 0.0 0.0 0.0 -0.018193988129496574 0.9998344779014587
1638453915903010130 0.9372356534004211 -0.012867231853306293 0.0 0.0 0.0 0.001158963656052947 0.9999993443489075
163845391669010019 0.9569435715675354 -0.0123364282771945 0.0 0.0 0.0 0.025421686470508575 0.9996768236160278
1638453916202009916 0.9728730320930481 -0.011199137195944786 0.0 0.0 0.0 0.04526744410395622 0.9989749193191528
1638453916369009972 0.9934141635894775 -0.008833503350615501 0.0 0.0 0.0 0.06923505663871765 0.9976003766059875
1638453916567009926 1.0185449123382568 -0.004601961933076382 0.0 0.0 0.0 0.09696798771619797 0.9952874779701233
1638453916768010139 1.0437440872192383 0.001110753626562655 0.0 0.0 0.0 0.125502809882164 0.9920932650566101
1638453916901010036 1.0603511333465576 0.005723313428461552 0.0 0.0 0.0 0.14498065412044525 0.9894344806671143
163845391767009926 1.0807838439941406 0.012370777316391468 0.0 0.0 0.0 0.16872210800647736 0.985663652420044
1638453917271009922 1.1054773330688477 0.021907558664679527 0.0 0.0 0.0 0.1977473348379135 0.9802530407905579
1638453917403010130 1.1210988759994507 0.02882281504571438 0.0 0.0 0.0 0.21631041169166565 0.9763246178627014
1638453917603009939 1.144271731376648 0.040423862636089325 0.0 0.0 0.0 0.2438632994890213 0.9698095917701721
1638453917769025087 1.1629284620285034 0.051031775772571564 0.0 0.0 0.0 0.2666866183280945 0.963783323764801
1638453917903025150 1.1776477098464966 0.06019251048564911 0.0 0.0 0.0 0.28186312317848206 0.9594545960426331
163845391871025133 1.1957746744155884 0.07224203646183014 0.0 0.0 0.0 0.2954683005809784 0.9553525447845459
1638453918240025043 1.213818907737732 0.08481881022453308 0.0 0.0 0.0 0.30292218923568726 0.9530152678489685
1638453918405025005 1.2314014434814453 0.09726061671972275 0.0 0.0 0.0 0.30157777667045593 0.9534415602684021
1638453918538025141 1.245723009109497 0.10721108317375183 0.0 0.0 0.0 0.2958667278289795 0.9552292227745056
1638453918707025051 1.2638726234436035 0.1193183958530426 0.0 0.0 0.0 0.28302791714668274 0.9591116905212402
1638453918905025005 1.2856264114379883 0.13264353573322296 0.0 0.0 0.0 0.25849777460098267 0.9660118818283081
1638453919141025066 1.3125545978546143 0.14700688421726227 0.0 0.0 0.0 0.2265205830335617 0.9740063548088074
1638453919308025122 1.3319882154464722 0.1559932976961136 0.0 0.0 0.0 0.20312748849391937 0.9791523218154907
1638453919445025206 1.3484028577804565 0.1627258062362671 0.0 0.0 0.0 0.18369117379188538 0.9829840064048767
1638453919613025188 1.3686686754226685 0.1700166016817093 0.0 0.0 0.0 0.1597312092781067 0.9871605634689331
1638453919745025158 1.3851771354675293 0.17514367401599884 0.0 0.0 0.0 0.14042432606220245 0.9900914430618286
1638453919913025141 1.4060806035995483 0.1806366741657257 0.0 0.0 0.0 0.11612279713153839 0.9932348728179932
163845392047025204 1.4229761362075806 0.1842910796403885 0.0 0.0 0.0 0.09649424999952316 0.9953335523605347
1638453920209434032 1.4442267417907715 0.187947615981102 0.0 0.0 0.0 0.07337875664234161 0.9973041415214539
1638453920343434095 1.4614986181259155 0.19015714526176453 0.0 0.0 0.0 0.05378835275769234 0.9985523819923401
1638453920543434143 1.4872320890426636 0.19218818843364716 0.0 0.0 0.0 0.025256168097257614 0.9996809959411621
1638453920709434032 1.5087872743606567 0.19275276362895966 0.0 0.0 0.0 0.0012123804772272706 0.9999992847442627
1638453920910434008 1.5349711179733276 0.19206295907497406 0.0 0.0 0.0 -0.02753796987235546 0.9996207356452942
163845392198433971 1.5591835975646973 0.1900591403245926 0.0 0.0 0.0 -0.05490551143884659 0.9984915256500244
1638453921265434027 1.580403208732605 0.18720372021198273 0.0 0.0 0.0 -0.07875639945268631 0.9968938827514648
1638453921469434023 1.6063135862350464 0.18230122327804565 0.0 0.0 0.0 -0.10813482105731964 0.9941362142562866
1638453921637434006 1.6274043321609497 0.17713358998298645 0.0 0.0 0.0 -0.1318388283252716 0.9912711381912231
1638453921802433968 1.6477681398391724 0.17111749947071075 0.0 0.0 0.0 -0.1546345055103302 0.9879717230796814
16384539221434088 1.671868085861206 0.16260142624378204 0.0 0.0 0.0 -0.18346266448497772 0.9830266833305359
1638453922167433977 1.6918747425079346 0.1542917937040329 0.0 0.0 0.0 -0.20771807432174683 0.9781887531280518
1638453922336434126 1.7116022109985352 0.1449187844991684 0.0 0.0 0.0 -0.2323378473520279 0.9726351499557495
1638453922503434181 1.7305275201797485 0.13474467396736145 0.0 0.0 0.0 -0.25584542751312256 0.9667177200317383
1638453922713029146 1.7527567148208618 0.12122859805822372 0.0 0.0 0.0 -0.2834188938140869 0.9589961767196655
1638453922849029064 1.7673312425613403 0.11138027161359787 0.0 0.0 0.0 -0.3020537793636322 0.9532908797264099
163845392316029119 1.784745454788208 0.09849339723587036 0.0 0.0 0.0 -0.3243861794471741 0.9459247589111328
1638453923149029016 1.798116683959961 0.08765815198421478 0.0 0.0 0.0 -0.34333404898643494 0.9392133355140686
1638453923317028999 1.8145248889923096 0.0731278583407402 0.0 0.0 0.0 -0.36599937081336975 0.9306151270866394
1638453923451029062 1.8269239664077759 0.06111956387758255 0.0 0.0 0.0 -0.38459551334381104 0.9230852127075195
1638453923620029211 1.8418970108032227 0.04525338113307953 0.0 0.0 0.0 -0.40679264068603516 0.9135205149650574
1638453923787029028 1.8559023141860962 0.028924787417054176 0.0 0.0 0.0 -0.4283240735530853 0.9036251902580261
1638453923994029045 1.872245192527771 0.007715834770351648 0.0 0.0 0.0 -0.4545454978942871 0.8907235264778137
1638453924161029100 1.8844391107559204 -0.009975726716220379 0.0 0.0 0.0 -0.4754098951816559 0.8797644376754761
1638453924295029163 1.8935871124267578 -0.024553317576646805 0.0 0.0 0.0 -0.4927057921886444 0.8701959252357483
1638453924461029053 1.9041986465454102 -0.04323682188987732 0.0 0.0 0.0 -0.5136952996253967 0.8579726815223694
1638453924663029194 1.9158527851104736 -0.06669381260871887 0.0 0.0 0.0 -0.5394440293312073 0.8420214653015137
1638453924796029091 1.9226891994476318 -0.082377590239048 0.0 0.0 0.0 -0.5560038089752197 0.8311797380447388
1638453924963029146 1.9304320812225342 -0.10244795680046082 0.0 0.0 0.0 -0.5753992795944214 0.8178726434707642
1638453925169054985 1.9385963678359985 -0.12746915221214294 0.0 0.0 0.0 -0.5990221500396729 0.8007324934005737
1638453925373054981 1.9453004598617554 -0.15297271311283112 0.0 0.0 0.0 -0.6226603388786316 0.7824922204017639
1638453925505054951 1.9488327503204346 -0.1696615070104599 0.0 0.0 0.0 -0.6367009282112122 0.7711108326911926
1638453925672055006 1.952412486076355 -0.19113008677959442 0.0 0.0 0.0 -0.6559042930603027 0.754844069480896
1638453925873054981 1.955307126045227 -0.21711163222789764 0.0 0.0 0.0 -0.6774929165840149 0.7355293035507202
163845392640055037 1.95654296875 -0.23856279253959656 0.0 0.0 0.0 -0.695146381855011 0.7188681960105896
1638453926211055040 1.9567124843597412 -0.2606307864189148 0.0 0.0 0.0 -0.7131140828132629 0.7010480165481567
1638453926345055103 1.9560723304748535 -0.2778797149658203 0.0 0.0 0.0 -0.7267963886260986 0.6868529915809631
1638453926509055138 1.954370379447937 -0.29901981353759766 0.0 0.0 0.0 -0.7429393529891968 0.6693587899208069
1638453926647055149 1.9521747827529907 -0.31659960746765137 0.0 0.0 0.0 -0.756321907043457 0.6541996598243713
1638453926814054966 1.948582649230957 -0.3377840220928192 0.0 0.0 0.0 -0.7718670964241028 0.6357839703559875
1638453926948055029 1.9449045658111572 -0.3548814356327057 0.0 0.0 0.0 -0.7839072942733765 0.6208779215812683
1638453927115055084 1.939436674118042 -0.3757654130458832 0.0 0.0 0.0 -0.7989020943641663 0.6014611124992371
1638453927248054981 1.9343986511230469 -0.3920893669128418 0.0 0.0 0.0 -0.810396671295166 0.5858816504478455
1638453927392055035 1.928178310394287 -0.40970122814178467 0.0 0.0 0.0 -0.8221715688705444 0.5692397356033325
1638453927559055090 1.9200470447540283 -0.4298085868358612 0.0 0.0 0.0 -0.8356726765632629 0.5492278337478638
1638453927689723015 1.9129326343536377 -0.4454796314239502 0.0 0.0 0.0 -0.8455223441123962 0.5339400172233582
1638453927789723158 1.9072647094726562 -0.45696401596069336 0.0 0.0 0.0 -0.8530104756355286 0.5218937993049622
1638453927957723141 1.8969011306762695 -0.47607478499412537 0.0 0.0 0.0 -0.8652339577674866 0.5013682842254639
163845392892723131 1.8878633975982666 -0.49113574624061584 0.0 0.0 0.0 -0.8751550316810608 0.48384255170822144
1638453928258723021 1.8759888410568237 -0.5091038346290588 0.0 0.0 0.0 -0.8863398432731628 0.4630352854728699
1638453928395723104 1.8656232357025146 -0.5233775973320007 0.0 0.0 0.0 -0.8954327702522278 0.44519680738449097
1638453928562723160 1.8522933721542358 -0.5402304530143738 0.0 0.0 0.0 -0.9043225049972534 0.4268498718738556
1638453928695723057 1.8411506414413452 -0.5534135699272156 0.0 0.0 0.0 -0.9096742868423462 0.4153224527835846
1638453928862723112 1.8268134593963623 -0.5695553421974182 0.0 0.0 0.0 -0.9141611456871033 0.40535101294517517
163845392930723095 1.8121281862258911 -0.5856223702430725 0.0 0.0 0.0 -0.9155350923538208 0.40223804116249084
1638453929199723005 1.7974495887756348 -0.6015928983688354 0.0 0.0 0.0 -0.9154306054115295 0.40247583389282227
1638453929370723009 1.782529354095459 -0.6181301474571228 0.0 0.0 0.0 -0.9116479754447937 0.4109719395637512
1638453929561722994 1.7662689685821533 -0.6371931433677673 0.0 0.0 0.0 -0.9034860730171204 0.4286174774169922
1638453929695723057 1.7555217742919922 -0.6508934497833252 0.0 0.0 0.0 -0.8946624398231506 0.4467427432537079
1638453929862723112 1.7429574728012085 -0.6686334609985352 0.0 0.0 0.0 -0.8812026381492615 0.47273877263069153
1638453929996722937 1.7338407039642334 -0.6831996440887451 0.0 0.0 0.0 -0.8682569265365601 0.4961148500442505
1638453930165723085 1.723428726196289 -0.7022241950035095 0.0 0.0 0.0 -0.8513654470443726 0.524573028087616
1638453930321722984 1.7150102853775024 -0.7201905846595764 0.0 0.0 0.0 -0.8355878591537476 0.5493568778038025
1638453930466722965 1.7080047130584717 -0.7376678586006165 0.0 0.0 0.0 -0.8206204175949097 0.5714735984802246
1638453930671723127 1.6997888088226318 -0.7629353404045105 0.0 0.0 0.0 -0.7970438003540039 0.6039214730262756
1638453930839723110 1.69454026222229 -0.7841607928276062 0.0 0.0 0.0 -0.7772160172462463 0.6292338371276855
16384539316723166 1.6907356977462769 -0.8054604530334473 0.0 0.0 0.0 -0.7561578750610352 0.6543892025947571
1638453931172723055 1.688356876373291 -0.8267117142677307 0.0 0.0 0.0 -0.7345715761184692 0.6785311698913574
1638453931340723038 1.6873605251312256 -0.8483509421348572 0.0 0.0 0.0 -0.7116518020629883 0.7025323510169983
1638453931506723166 1.6877491474151611 -0.8696049451828003 0.0 0.0 0.0 -0.689177393913269 0.7245926856994629
1638453931673722982 1.6895339488983154 -0.8911681175231934 0.0 0.0 0.0 -0.6650946140289307 0.7467591166496277
1638453931808722973 1.6920228004455566 -0.9086056351661682 0.0 0.0 0.0 -0.6452414393424988 0.7639787197113037
16384539328723021 1.6973538398742676 -0.9339112639427185 0.0 0.0 0.0 -0.6147985458374023 0.7886841893196106
1638453932207723141 1.7046301364898682 -0.9587012529373169 0.0 0.0 0.0 -0.5840079188346863 0.8117479681968689
1638453932342723131 1.710580825805664 -0.9750378727912903 0.0 0.0 0.0 -0.5624988675117493 0.8267980217933655
1638453932509723186 1.7190734148025513 -0.9947459697723389 0.0 0.0 0.0 -0.5364022850990295 0.8439624309539795
1638453932641723156 1.7266758680343628 -1.0099875926971436 0.0 0.0 0.0 -0.5155909061431885 0.856834888458252
1638453932814710855 1.7375341653823853 -1.0289366245269775 0.0 0.0 0.0 -0.4876665771007538 0.8730299472808838
1638453932949710846 1.7471473217010498 -1.0436360836029053 0.0 0.0 0.0 -0.46427688002586365 0.8856900930404663
1638453933116710901 1.7599952220916748 -1.0610781908035278 0.0 0.0 0.0 -0.4389565885066986 0.8985082507133484
1638453933248710871 1.7706875801086426 -1.0742719173431396 0.0 0.0 0.0 -0.4215245842933655 0.9068169593811035
1638453933416710854 1.7850100994110107 -1.090458631515503 0.0 0.0 0.0 -0.4005306661128998 0.916283369064331
1638453933549710989 1.7969399690628052 -1.1029688119888306 0.0 0.0 0.0 -0.38755398988723755 0.9218469858169556
1638453933717710972 1.8123459815979004 -1.1182737350463867 0.0 0.0 0.0 -0.3762455880641937 0.9265199899673462
1638453933851711035 1.8247594833374023 -1.1302320957183838 0.0 0.0 0.0 -0.3726252019405365 0.9279819130897522
1638453933989711046 1.8376802206039429 -1.1426124572753906 0.0 0.0 0.0 -0.37408655881881714 0.9273937940597534
1638453934155710936 1.8530536890029907 -1.1576985120773315 0.0 0.0 0.0 -0.38360801339149475 0.9234960079193115
1638453934322710991 1.8681213855743408 -1.1733359098434448 0.0 0.0 0.0 -0.3999654948711395 0.916530191898346
1638453934492711067 1.882750391960144 -1.1899265050888062 0.0 0.0 0.0 -0.4238317310810089 0.9057409763336182
1638453934660711050 1.8961753845214844 -1.2071199417114258 0.0 0.0 0.0 -0.45390743017196655 0.8910488486289978
1638453934794710875 1.9059195518493652 -1.2214264869689941 0.0 0.0 0.0 -0.48123258352279663 0.8765929341316223
1638453934961710930 1.9168250560760498 -1.2401996850967407 0.0 0.0 0.0 -0.5158312320709229 0.8566902279853821
163845393594711065 1.9243570566177368 -1.2555879354476929 0.0 0.0 0.0 -0.5423223376274109 0.8401705026626587
1638453935264394999 1.9325872659683228 -1.2759513854980469 0.0 0.0 0.0 -0.5757951736450195 0.8175939917564392
1638453935403394938 1.9381064176559448 -1.2931828498840332 0.0 0.0 0.0 -0.6027807593345642 0.7979068756103516
1638453935569394827 1.9431489706039429 -1.314039945602417 0.0 0.0 0.0 -0.634122371673584 0.7732326984405518
1638453935702394962 1.945984125137329 -1.3308595418930054 0.0 0.0 0.0 -0.6574230194091797 0.753521740436554
1638453935869395018 1.9480763673782349 -1.3523679971694946 0.0 0.0 0.0 -0.6862541437149048 0.7273618578910828
16384539362394915 1.9485348463058472 -1.369646430015564 0.0 0.0 0.0 -0.7085602283477783 0.7056503295898438
1638453936170394897 1.9475922584533691 -1.3911089897155762 0.0 0.0 0.0 -0.736359179019928 0.6765908598899841
1638453936306394815 1.9455351829528809 -1.4085254669189453 0.0 0.0 0.0 -0.7574883103370667 0.6528487205505371
1638453936438395023 1.9425277709960938 -1.4253926277160645 0.0 0.0 0.0 -0.7749632596969604 0.6320062875747681
1638453936605394840 1.9375474452972412 -1.4464493989944458 0.0 0.0 0.0 -0.7926323413848877 0.6096999049186707
1638453936841394901 1.9288749694824219 -1.4755802154541016 0.0 0.0 0.0 -0.8093023300170898 0.5873923301696777
163845393744394970 1.9203875064849854 -1.500523567199707 0.0 0.0 0.0 -0.8161674737930298 0.5778154134750366
1638453937211394787 1.913022756576538 -1.5211682319641113 0.0 0.0 0.0 -0.8177220821380615 0.5756132006645203
1638453937343394995 1.9072356224060059 -1.5373504161834717 0.0 0.0 0.0 -0.817530632019043 0.5758851170539856
1638453937517395020 1.8997735977172852 -1.5585514307022095 0.0 0.0 0.0 -0.8141622543334961 0.5806374549865723
1638453937649394989 1.8943134546279907 -1.574739933013916 0.0 0.0 0.0 -0.8102817535400391 0.5860404968261719
1638453937809531927 1.8877222537994385 -1.5952990055084229 0.0 0.0 0.0 -0.8054753541946411 0.5926293134689331
1638453937941531897 1.882715106010437 -1.6117392778396606 0.0 0.0 0.0 -0.8015686273574829 0.597902774810791
1638453938109531879 1.8766578435897827 -1.6327255964279175 0.0 0.0 0.0 -0.7968416213989258 0.6041882634162903
1638453938264531851 1.8714027404785156 -1.6519917249679565 0.0 0.0 0.0 -0.792572557926178 0.6097776293754578
1638453938398531914 1.867061734199524 -1.6687772274017334 0.0 0.0 0.0 -0.7885646224021912 0.6149518489837646
1638453938565531969 1.8619599342346191 -1.6899117231369019 0.0 0.0 0.0 -0.7821975350379944 0.6230305433273315
1638453938700531960 1.8582780361175537 -1.7071123123168945 0.0 0.0 0.0 -0.7724810838699341 0.6350377202033997
1638453938836531878 1.8551989793777466 -1.7245076894760132 0.0 0.0 0.0 -0.7599719762802124 0.6499558687210083
16384539392531767 1.8523988723754883 -1.7457857131958008 0.0 0.0 0.0 -0.7435763478279114 0.6686510443687439
1638453939169531822 1.850644588470459 -1.7673022747039795 0.0 0.0 0.0 -0.7270141243934631 0.6866225004196167
1638453939402531862 1.849961757659912 -1.7972313165664673 0.0 0.0 0.0 -0.7030760049819946 0.711114764213562
1638453939569531918 1.850687026977539 -1.8185540437698364 0.0 0.0 0.0 -0.686590850353241 0.7270439863204956
1638453939772531986 1.8529671430587769 -1.8448255062103271 0.0 0.0 0.0 -0.6651493906974792 0.7467103004455566
1638453939973531961 1.8567434549331665 -1.8706936836242676 0.0 0.0 0.0 -0.6429086327552795 0.7659428715705872
1638453940105531931 1.8600575923919678 -1.8876334428787231 0.0 0.0 0.0 -0.6281421184539795 0.7780986428260803
1638453940275820017 1.8651957511901855 -1.9088613986968994 0.0 0.0 0.0 -0.6082353591918945 0.7937567234039307
1638453940410820007 1.870044231414795 -1.9256117343902588 0.0 0.0 0.0 -0.5930927991867065 0.805134117603302
1638453940544820070 1.8755077123641968 -1.9420651197433472 0.0 0.0 0.0 -0.5776796340942383 0.8162635564804077
1638453940710819960 1.8829922676086426 -1.9620450735092163 0.0 0.0 0.0 -0.5629181265830994 0.8265126943588257
1638453940845819950 1.8895758390426636 -1.9781659841537476 0.0 0.0 0.0 -0.5522658228874207 0.833668053150177
163845394113819933 1.898371934890747 -1.998186707496643 0.0 0.0 0.0 -0.5421519875526428 0.8402804732322693
1638453941147819996 1.9056586027145386 -2.0140023231506348 0.0 0.0 0.0 -0.536574125289917 0.8438531756401062
1638453941313819885 1.9149519205093384 -2.033574104309082 0.0 0.0 0.0 -0.5331093668937683 0.8460463285446167
1638453941450819969 1.9226369857788086 -2.0496785640716553 0.0 0.0 0.0 -0.5347611904144287 0.8450032472610474
1638453941618819952 1.9317846298217773 -2.0693464279174805 0.0 0.0 0.0 -0.5419265031814575 0.8404258489608765
1638453941752820015 1.9387348890304565 -2.085174560546875 0.0 0.0 0.0 -0.5524163842201233 0.833568274974823
1638453941920819998 1.9468045234680176 -2.105497360229492 0.0 0.0 0.0 -0.572109043598175 0.8201775550842285
163845394253819895 1.952402949333191 -2.1218245029449463 0.0 0.0 0.0 -0.5907739400863647 0.8068371415138245
1638453942255820036 1.9592690467834473 -2.146810293197632 0.0 0.0 0.0 -0.6214010715484619 0.7834926247596741
1638453942388819933 1.962740182876587 -2.163562774658203 0.0 0.0 0.0 -0.6410238146781921 0.7675209641456604
1638453942555819988 1.9659024477005005 -2.1848909854888916 0.0 0.0 0.0 -0.6654250025749207 0.7464646697044373
1638453942692662001 1.9674378633499146 -2.2022604942321777 0.0 0.0 0.0 -0.6853424310684204 0.7282209992408752
1638453942860661983 1.9680578708648682 -2.2238378524780273 0.0 0.0 0.0 -0.7086056470870972 0.7056047320365906
163845394361662197 1.9669069051742554 -2.2499520778656006 0.0 0.0 0.0 -0.7359749674797058 0.6770087480545044
1638453943194662094 1.9649827480316162 -2.2672061920166016 0.0 0.0 0.0 -0.7540106773376465 0.6568621397018433
1638453943363662004 1.9613503217697144 -2.2887938022613525 0.0 0.0 0.0 -0.7721602320671082 0.6354278326034546
1638453943497662067 1.9577276706695557 -2.3056962490081787 0.0 0.0 0.0 -0.7827209830284119 0.6223728060722351
1638453943663662195 1.9525158405303955 -2.3266730308532715 0.0 0.0 0.0 -0.7920822501182556 0.6104143857955933
1638453943795662165 1.9480319023132324 -2.343132257461548 0.0 0.0 0.0 -0.7968140244483948 0.604224681854248
1638453943961662054 1.9420795440673828 -2.3638064861297607 0.0 0.0 0.0 -0.8010938167572021 0.5985388159751892
163845394493662024 1.9371204376220703 -2.3802084922790527 0.0 0.0 0.0 -0.8048009276390076 0.5935448408126831
1638453944260662079 1.930590033531189 -2.4007339477539062 0.0 0.0 0.0 -0.8098118901252747 0.5866895914077759
1638453944395662069 1.9249823093414307 -2.417433738708496 0.0 0.0 0.0 -0.8140678405761719 0.5807697772979736
1638453944563662052 1.9177296161651611 -2.437930107116699 0.0 0.0 0.0 -0.8189961910247803 0.5737988948822021
1638453944697662115 1.9117190837860107 -2.4541115760803223 0.0 0.0 0.0 -0.8230758905410767 0.5679313540458679
1638453944862662077 1.904004454612732 -2.4739506244659424 0.0 0.0 0.0 -0.8275116086006165 0.5614485740661621
1638453944994662046 1.897560954093933 -2.4898555278778076 0.0 0.0 0.0 -0.8310956358909607 0.556129515171051
1638453945159662008 1.8891924619674683 -2.509702444076538 0.0 0.0 0.0 -0.8354101181030273 0.5496271252632141
1638453945365287781 1.8785791397094727 -2.533707618713379 0.0 0.0 0.0 -0.8404864072799683 0.541832685470581
1638453945498287916 1.871333122253418 -2.5494306087493896 0.0 0.0 0.0 -0.8439865112304688 0.5363644361495972
1638453945664287806 1.8620214462280273 -2.568881034851074 0.0 0.0 0.0 -0.8480293154716492 0.5299493074417114
1638453945799287796 1.8541855812072754 -2.58465838432312 0.0 0.0 0.0 -0.8517900109291077 0.5238833427429199
1638453945967287779 1.8441811800003052 -2.604018449783325 0.0 0.0 0.0 -0.8564155697822571 0.516287088394165
1638453946100287914 1.8360235691070557 -2.6192309856414795 0.0 0.0 0.0 -0.8598412871360779 0.5105614066123962
1638453946266287804 1.8255736827850342 -2.6378331184387207 0.0 0.0 0.0 -0.8666540384292603 0.498909592628479
1638453946400287867 1.816645860671997 -2.652754068374634 0.0 0.0 0.0 -0.8732293844223022 0.48730936646461487
1638453946555287838 1.8058762550354004 -2.669630765914917 0.0 0.0 0.0 -0.8805633187294006 0.4739285409450531
1638453946723287821 1.7936365604400635 -2.687537670135498 0.0 0.0 0.0 -0.888130784034729 0.45959076285362244
1638453946923287868 1.7782704830169678 -2.7084076404571533 0.0 0.0 0.0 -0.8960930705070496 0.44386616349220276
163845394793287945 1.7646089792251587 -2.7259347438812256 0.0 0.0 0.0 -0.9005048871040344 0.43484583497047424
1638453947260288000 1.7509678602218628 -2.742994785308838 0.0 0.0 0.0 -0.9016265869140625 0.43251535296440125
1638453947394287825 1.7400476932525635 -2.7566566467285156 0.0 0.0 0.0 -0.9004772305488586 0.43490317463874817
1638453947560287952 1.7268050909042358 -2.7735795974731445 0.0 0.0 0.0 -0.8972339034080505 0.44155561923980713
1638453947707923889 1.7155057191848755 -2.788485288619995 0.0 0.0 0.0 -0.8938337564468384 0.44839850068092346
1638453947874923944 1.7027758359909058 -2.8058600425720215 0.0 0.0 0.0 -0.8900185823440552 0.45592430233955383
163845394842923927 1.6900038719177246 -2.8238906860351562 0.0 0.0 0.0 -0.8864976167678833 0.4627331793308258
1638453948211923838 1.6769658327102661 -2.8429391384124756 0.0 0.0 0.0 -0.8826640844345093 0.47000443935394287
1638453948346923828 1.6666522026062012 -2.8584823608398438 0.0 0.0 0.0 -0.8796324729919434 0.4756539762020111
1638453948546923876 1.6515789031982422 -2.8820409774780273 0.0 0.0 0.0 -0.8748502135276794 0.48439350724220276
1638453948712924004 1.6392889022827148 -2.90205717086792 0.0 0.0 0.0 -0.8705320954322815 0.4921116530895233
1638453948847923994 1.629653811454773 -2.9183247089385986 0.0 0.0 0.0 -0.8670769929885864 0.49817413091659546
163845394918923998 1.617835521697998 -2.939002752304077 0.0 0.0 0.0 -0.8627090454101562 0.5057005882263184
1638453949151923895 1.608853816986084 -2.955294132232666 0.0 0.0 0.0 -0.8594110608100891 0.5112853050231934
1638453949319923878 1.5978667736053467 -2.9759106636047363 0.0 0.0 0.0 -0.8552295565605164 0.5182493925094604
1638453949485924006 1.587357521057129 -2.996406078338623 0.0 0.0 0.0 -0.8515130281448364 0.5243334770202637
1638453949619923830 1.57906174659729 -3.013113498687744 0.0 0.0 0.0 -0.8483276963233948 0.5294715762138367
1638453949787924051 1.5689127445220947 -3.0342955589294434 0.0 0.0 0.0 -0.8440607190132141 0.5362476110458374
1638453949954923868 1.559124231338501 -3.0556187629699707 0.0 0.0 0.0 -0.839451253414154 0.5434350371360779
1638453950121923923 1.5497708320617676 -3.0769155025482178 0.0 0.0 0.0 -0.835144579410553 0.5500304698944092
1638453950272282124 1.5408345460891724 -3.0981709957122803 0.0 0.0 0.0 -0.8307739496231079 0.5566099286079407
1638453950440282106 1.5320429801940918 -3.119978904724121 0.0 0.0 0.0 -0.8273617625236511 0.5616693496704102
1638453950640282154 1.5217434167861938 -3.1458728313446045 0.0 0.0 0.0 -0.8283365368843079 0.5602307915687561
1638453950808282137 1.5129005908966064 -3.1674411296844482 0.0 0.0 0.0 -0.8331131935119629 0.5531025528907776
1638453950943282127 1.5054482221603394 -3.1845412254333496 0.0 0.0 0.0 -0.8403247594833374 0.5420832633972168
1638453951109282017 1.4954043626785278 -3.205519199371338 0.0 0.0 0.0 -0.8525416851043701 0.522659182548523
1638453951346282005 1.4792240858078003 -3.2342746257781982 0.0 0.0 0.0 -0.8743941783905029 0.48521625995635986
1638453951512282133 1.4663207530975342 -3.2535319328308105 0.0 0.0 0.0 -0.8900792002677917 0.45580586791038513
1638453951713282108 1.448758602142334 -3.2757396697998047 0.0 0.0 0.0 -0.9104260802268982 0.4136718213558197
1638453951845282078 1.4360623359680176 -3.289262294769287 0.0 0.0 0.0 -0.925037682056427 0.3798753321170807
163845395246282053 1.4150885343551636 -3.3077027797698975 0.0 0.0 0.0 -0.9455745220184326 0.3254055976867676
1638453952215282202 1.395814061164856 -3.3212876319885254 0.0 0.0 0.0 -0.9603174924850464 0.27890920639038086
1638453952413282156 1.3717092275619507 -3.3347299098968506 0.0 0.0 0.0 -0.9745830297470093 0.22402657568454742
1638453952617282152 1.3452296257019043 -3.345696210861206 0.0 0.0 0.0 -0.9862059950828552 0.16552256047725677
1638453952796093941 1.3226115703582764 -3.3522746562957764 0.0 0.0 0.0 -0.9931758046150208 0.11662686616182327
1638453952962093830 1.3000307083129883 -3.356503486633301 0.0 0.0 0.0 -0.9976482391357422 0.06854146718978882
163845395396093893 1.2813189029693604 -3.3583362102508545 0.0 0.0 0.0 -0.9995710849761963 0.029284656047821045
1638453953294093847 1.253745436668396 -3.3583505153656006 0.0 0.0 0.0 -0.9995635747909546 -0.02954009920358658
1638453953461093903 1.2306489944458008 -3.3558921813964844 0.0 0.0 0.0 -0.997006893157959 -0.0773128867149353
1638453953661093950 1.2123956680297852 -3.351874589920044 0.0 0.0 0.0 0.9909458756446838 0.1342620998620987
1638453953795094013 1.1946924924850464 -3.346254825592041 0.0 0.0 0.0 0.9850673675537109 0.17216938734054565
1638453953961093903 1.1733121871948242 -3.3373749256134033 0.0 0.0 0.0 0.9757291674613953 0.21898072957992554
1638453954100093842 1.156186819076538 -3.328458309173584 0.0 0.0 0.0 0.966552197933197 0.25646987557411194
1638453954302093983 1.132681965827942 -3.313143253326416 0.0 0.0 0.0 0.9498444199562073 0.3127228617668152
1638453954502094030 1.1111270189285278 -3.295187473297119 0.0 0.0 0.0 0.9298297166824341 0.367990106344223
1638453954668093920 1.0950214862823486 -3.278522491455078 0.0 0.0 0.0 0.9107685089111328 0.41291728615760803
1638453954802093983 1.0833464860916138 -3.2641093730926514 0.0 0.0 0.0 0.894020140171051 0.4480268061161041
1638453954963093996 1.0706610679626465 -3.2453503608703613 0.0 0.0 0.0 0.8721625208854675 0.4892162084579468
1638453955110093832 1.0607117414474487 -3.2274882793426514 0.0 0.0 0.0 0.8521077036857605 0.5233664512634277
1638453955248303175 1.0531537532806396 -3.2114100456237793 0.0 0.0 0.0 0.8364875912666321 0.547985851764679
1638453955449303150 1.0429675579071045 -3.185098648071289 0.0 0.0 0.0 0.8137533068656921 0.5812104344367981
1638453955618303061 1.0358848571777344 -3.1625468730926514 0.0 0.0 0.0 0.7989168763160706 0.6014414429664612
1638453955752303123 1.030968427658081 -3.14436936378479 0.0 0.0 0.0 0.7897712588310242 0.6134014129638672
1638453955919303179 1.025542140007019 -3.1218292713165283 0.0 0.0 0.0 0.7819333076477051 0.623362123966217
163845395651303148 1.0215345621109009 -3.103766679763794 0.0 0.0 0.0 0.7782662510871887 0.6279343962669373
1638453956218303204 1.0167241096496582 -3.0811123847961426 0.0 0.0 0.0 0.776551365852356 0.6300539374351501
1638453956353303194 1.012796401977539 -3.0627989768981934 0.0 0.0 0.0 0.7794297337532043 0.6264896392822266
1638453956491303205 1.0085432529449463 -3.044116973876953 0.0 0.0 0.0 0.7842077612876892 0.6204982995986938
1638453956658303022 1.0028985738754272 -3.0216307640075684 0.0 0.0 0.0 0.7933916449546814 0.6087115406990051
1638453956858303070 0.995084285736084 -2.9946727752685547 0.0 0.0 0.0 0.8053753972053528 0.5927650928497314
1638453956993303061 0.9891448616981506 -2.976457357406616 0.0 0.0 0.0 0.8138281106948853 0.581105649471283
1638453957161303043 0.9810201525688171 -2.954502582550049 0.0 0.0 0.0 0.8281236290931702 0.5605454444885254
1638453957295303106 0.9736749529838562 -2.9373579025268555 0.0 0.0 0.0 0.8424077033996582 0.538840651512146
1638453957465303183 0.9629291296005249 -2.9162509441375732 0.0 0.0 0.0 0.8629045486450195 0.5053669810295105
1638453957598303080 0.9533409476280212 -2.9003713130950928 0.0 0.0 0.0 0.8784522414207458 0.4778301417827606
1638453957808866978 0.9342978596687317 -2.8742752075195312 0.0 0.0 0.0 0.9037802815437317 0.42799678444862366
1638453957940866947 0.922023355960846 -2.8602328300476074 0.0 0.0 0.0 0.9171532988548279 0.3985345959663391
1638453958106867075 0.9055229425430298 -2.8438823223114014 0.0 0.0 0.0 0.9320724606513977 0.36227181553840637
1638453958239866972 0.8914576768875122 -2.831827402114868 0.0 0.0 0.0 0.9432656764984131 0.332038938999176
1638453958408866882 0.872552216053009 -2.8178563117980957 0.0 0.0 0.0 0.9559704065322876 0.2934631407260895
1638453958607867002 0.8490538001060486 -2.8035168647766113 0.0 0.0 0.0 0.9689269065856934 0.24734732508659363
1638453958742866993 0.8321731686592102 -2.7949512004852295 0.0 0.0 0.0 0.9762981534004211 0.21642997860908508
1638453958909867048 0.8105387687683105 -2.785885810852051 0.0 0.0 0.0 0.9841104745864868 0.17755714058876038
1638453959110867023 0.7837179899215698 -2.77738881111145 0.0 0.0 0.0 0.9917411208152771 0.1282559484243393
1638453959311866999 0.7653486132621765 -2.773408889770508 0.0 0.0 0.0 -0.9967658519744873 -0.08036073297262192
1638453959525866985 0.7357718348503113 -2.7701761722564697 0.0 0.0 0.0 -0.9995880722999573 -0.02870086394250393
1638453959726866961 0.707840621471405 -2.7698585987091064 0.0 0.0 0.0 -0.9998388290405273 0.01795167289674282
1638453959895866871 0.6840983033180237 -2.7716715335845947 0.0 0.0 0.0 -0.9983170628547668 0.05799181014299393
163845396063867092 0.6607542634010315 -2.7753632068634033 0.0 0.0 0.0 -0.9951947927474976 0.09791499376296997
1638453960264908075 0.6371064186096191 -2.781134605407715 0.0 0.0 0.0 -0.9901467561721802 0.14003363251686096
1638453960397908211 0.6196280121803284 -2.786797046661377 0.0 0.0 0.0 -0.9851920008659363 0.17145466804504395
1638453960563908100 0.5982474088668823 -2.7954154014587402 0.0 0.0 0.0 -0.9777502417564392 0.2097722738981247
1638453960766908169 0.5731909275054932 -2.808210849761963 0.0 0.0 0.0 -0.9663958549499512 0.2570585012435913
1638453960899908066 0.557223379611969 -2.8180434703826904 0.0 0.0 0.0 -0.9575328826904297 0.2883240878582001
163845396167908049 0.5380566716194153 -2.831913948059082 0.0 0.0 0.0 -0.9447636008262634 0.32775259017944336
1638453961202908039 0.5236908793449402 -2.8440449237823486 0.0 0.0 0.0 -0.933514416217804 0.3585399091243744
1638453961370908022 0.5068919062614441 -2.8604886531829834 0.0 0.0 0.0 -0.9182440638542175 0.396014928817749
1638453961521908045 0.4930993318557739 -2.876227855682373 0.0 0.0 0.0 -0.9029768705368042 0.4296891391277313
1638453961654908180 0.48192211985588074 -2.8908417224884033 0.0 0.0 0.0 -0.889397144317627 0.45713528990745544
1638453961822908163 0.4690236449241638 -2.910494565963745 0.0 0.0 0.0 -0.8702037930488586 0.4926919639110565
1638453961956907988 0.45984378457069397 -2.92696213722229 0.0 0.0 0.0 -0.853522539138794 0.5210559964179993
1638453962157908201 0.4482294023036957 -2.952449083328247 0.0 0.0 0.0 -0.8281148076057434 0.560558557510376
1638453962358908176 0.4389689266681671 -2.978858232498169 0.0 0.0 0.0 -0.8040196299552917 0.5946027636528015
1638453962492908001 0.43392226099967957 -2.9968411922454834 0.0 0.0 0.0 -0.7904950380325317 0.6124684810638428
1638453962659908056 0.4286516606807709 -3.0195205211639404 0.0 0.0 0.0 -0.7755630612373352 0.6312701106071472
1638453962814469099 0.42441049218177795 -3.0427491664886475 0.0 0.0 0.0 -0.7602449655532837 0.6496365070343018
1638453962945469141 0.42185840010643005 -3.0610480308532715 0.0 0.0 0.0 -0.7487361431121826 0.6628681421279907
1638453963112469196 0.4193941354751587 -3.084329605102539 0.0 0.0 0.0 -0.7384679913520813 0.6742885112762451
1638453963313469172 0.41719162464141846 -3.1121346950531006 0.0 0.0 0.0 -0.7314882874488831 0.6818540096282959
1638453963446469069 0.41593003273010254 -3.1306190490722656 0.0 0.0 0.0 -0.7304446697235107 0.6829718351364136
1638453963612469196 0.41426923871040344 -3.1537187099456787 0.0 0.0 0.0 -0.7343748807907104 0.6787440776824951
1638453963748469114 0.4125989079475403 -3.1723735332489014 0.0 0.0 0.0 -0.7417821884155273 0.6706408858299255
1638453963914469004 0.40984541177749634 -3.1952908039093018 0.0 0.0 0.0 -0.7552588582038879 0.6554266214370728
1638453964113469124 0.405058890581131 -3.222764253616333 0.0 0.0 0.0 -0.7765336632728577 0.6300757527351379
1638453964245469093 0.40082165598869324 -3.240642786026001 0.0 0.0 0.0 -0.7922682166099548 0.6101729869842529
1638453964413469076 0.3941287696361542 -3.2631006240844727 0.0 0.0 0.0 -0.8109869956970215 0.585064172744751
1638453964547469139 0.3877541124820709 -3.2807912826538086 0.0 0.0 0.0 -0.8257473111152649 0.5640402436256409
1638453964715469122 0.3785264492034912 -3.30238676071167 0.0 0.0 0.0 -0.8430215120315552 0.5378798842430115
1638453964914469004 0.36587250232696533 -3.327122688293457 0.0 0.0 0.0 -0.862995982170105 0.505210816860199
1638453965116469145 0.35101690888404846 -3.3513176441192627 0.0 0.0 0.0 -0.8821057081222534 0.47105148434638977
1638453965250913143 0.34021010994911194 -3.3666129112243652 0.0 0.0 0.0 -0.8938238024711609 0.4484183192253113
1638453965417913198 0.32573097944259644 -3.3847804069519043 0.0 0.0 0.0 -0.9077228903770447 0.4195702075958252
1638453965619913101 0.3066995143890381 -3.40547251701355 0.0 0.0 0.0 -0.9231786727905273 0.3843710422515869
1638453965820913076 0.2861310541629791 -3.4246373176574707 0.0 0.0 0.0 -0.9374369382858276 0.34815508127212524
1638453965987913132 0.26808658242225647 -3.4391887187957764 0.0 0.0 0.0 -0.9481256604194641 0.317895770072937
1638453966219913006 0.2531571090221405 -3.449855089187622 0.0 0.0 0.0 -0.9566529989242554 0.29123029112815857
1638453966419913054 0.2529046833515167 -3.450023889541626 0.0 0.0 0.0 -0.9570996761322021 0.2897588014602661
1638453966618913174 0.25279906392097473 -3.4500937461853027 0.0 0.0 0.0 -0.960388720035553 0.27866387367248535
1638453966817913055 0.25284191966056824 -3.4500668048858643 0.0 0.0 0.0 -0.9663789868354797 0.2571219801902771
1638453966951913118 0.25270840525627136 -3.450139045715332 0.0 0.0 0.0 -0.971910834312439 0.23534934222698212
1638453967116913080 0.25266116857528687 -3.450157403945923 0.0 0.0 0.0 -0.9794481992721558 0.2016957551240921
1638453967315913200 0.2526363134384155 -3.4501631259918213 0.0 0.0 0.0 -0.9879876375198364 0.1545330286026001
1638453967453913212 0.25268450379371643 -3.4501476287841797 0.0 0.0 0.0 -0.9925791025161743 0.12160085141658783
1638453967620913029 0.2527349889278412 -3.4501421451568604 0.0 0.0 0.0 -0.9966603517532349 0.08165884763002396
1638453967794161081 0.2526346445083618 -3.450155019760132 0.0 0.0 0.0 -0.9991562366485596 0.04107018932700157
1638453967959161043 0.2511172294616699 -3.4502086639404297 0.0 0.0 0.0 -0.9999994039535522 0.0010666408343240619
1638453968159161091 0.24732638895511627 -3.4500269889831543 0.0 0.0 0.0 -0.9989303350448608 -0.046241044998168945
1638453968291161060 0.24479062855243683 -3.4497063159942627 0.0 0.0 0.0 -0.996895432472229 -0.07873702049255371
1638453968456161022 0.24275588989257812 -3.449301242828369 0.0 0.0 0.0 0.9929516315460205 0.11852016299962997
1638453968623161077 0.23956811428070068 -3.448392152786255 0.0 0.0 0.0 0.9874452948570251 0.15796151757240295
1638453968755161047 0.23721493780612946 -3.4475321769714355 0.0 0.0 0.0 0.9819148778915405 0.1893230527639389
1638453968922161102 0.23410043120384216 -3.4461288452148438 0.0 0.0 0.0 0.9735041856765747 0.22866922616958618
163845396988160992 0.2301563024520874 -3.4439537525177 0.0 0.0 0.0 0.9636746644973755 0.2670789062976837
1638453969254161119 0.22483131289482117 -3.440445899963379 0.0 0.0 0.0 0.9520521759986877 0.3059356212615967
1638453969419161081 0.21870869398117065 -3.435664415359497 0.0 0.0 0.0 0.9391815662384033 0.3434210419654846
1638453969563161135 0.213363379240036 -3.4308223724365234 0.0 0.0 0.0 0.9269604086875916 0.37515920400619507
1638453969698161125 0.208635613322258 -3.425994396209717 0.0 0.0 0.0 0.9168111085891724 0.39932119846343994
1638453969867161036 0.2032228410243988 -3.419835329055786 0.0 0.0 0.0 0.905350387096405 0.4246653914451599
1638453970160933 0.19915781915187836 -3.414757490158081 0.0 0.0 0.0 0.897604763507843 0.440801203250885
1638453970168161154 0.19423548877239227 -3.4081671237945557 0.0 0.0 0.0 0.8903719186782837 0.4552338719367981
1638453970362039089 0.18849602341651917 -3.3998889923095703 0.0 0.0 0.0 0.8814002871513367 0.47237011790275574
1638453970513039112 0.18444038927555084 -3.393589973449707 0.0 0.0 0.0 0.8744691014289856 0.4850812554359436
1638453970646039009 0.1810433715581894 -3.3880131244659424 0.0 0.0 0.0 0.8695676326751709 0.4938138723373413
1638453970813039064 0.176822230219841 -3.380805492401123 0.0 0.0 0.0 0.8655821084976196 0.5007670521736145
163845397113039112 0.17191754281520844 -3.372152090072632 0.0 0.0 0.0 0.8631095886230469 0.5050166249275208
1638453971214039087 0.1669512540102005 -3.3633296489715576 0.0 0.0 0.0 0.8632950186729431 0.5046995878219604
1638453971419039011 0.16188427805900574 -3.3543314933776855 0.0 0.0 0.0 0.8634004592895508 0.5045192241668701
1638453971550039053 0.1586909145116806 -3.3486645221710205 0.0 0.0 0.0 0.8633755445480347 0.5045619010925293
1638453971717039108 0.15458644926548004 -3.3413898944854736 0.0 0.0 0.0 0.863542377948761 0.5042762756347656
1638453971917039156 0.14964817464351654 -3.332638740539551 0.0 0.0 0.0 0.8636617660522461 0.504071831703186
1638453972119039059 0.14468133449554443 -3.323845624923706 0.0 0.0 0.0 0.8637215495109558 0.5039693713188171
1638453972288039207 0.14057467877864838 -3.316572427749634 0.0 0.0 0.0 0.8634769916534424 0.5043882727622986
1638453972458039045 0.13633441925048828 -3.3090548515319824 0.0 0.0 0.0 0.8636382222175598 0.5041120648384094
1638453972657039165 0.13147030770778656 -3.30043625831604 0.0 0.0 0.0 0.8635988235473633 0.5041795969009399
1638453972799674034 0.12820878624916077 -3.2946622371673584 0.0 0.0 0.0 0.8635320663452148 0.5042939782142639
1638453972965673923 0.12411389499902725 -3.2874114513397217 0.0 0.0 0.0 0.8638217449188232 0.5037975907325745
1638453973199673891 0.11836268752813339 -3.2772300243377686 0.0 0.0 0.0 0.8636852502822876 0.5040315389633179
1638453973346673965 0.11483987420797348 -3.270993232727051 0.0 0.0 0.0 0.8634880781173706 0.5043691992759705
1638453973513674021 0.11073705554008484 -3.2637176513671875 0.0 0.0 0.0 0.8635486960411072 0.5042654871940613
1638453973713674068 0.10588622093200684 -3.2551209926605225 0.0 0.0 0.0 0.8635907769203186 0.5041934251785278
1638453973846673965 0.1026647761464119 -3.2494118213653564 0.0 0.0 0.0 0.8634802103042603 0.5043827295303345
163845397413674021 0.0985882580280304 -3.2421796321868896 0.0 0.0 0.0 0.8634223341941833 0.504481852054596
1638453974146673918 0.09538323432207108 -3.23649001121521 0.0 0.0 0.0 0.8632664084434509 0.5047485828399658
1638453974312674046 0.09129901230335236 -3.2292330265045166 0.0 0.0 0.0 0.8633449673652649 0.5046141743659973
1638453974512674093 0.08642097562551498 -3.220564126968384 0.0 0.0 0.0 0.8632690906524658 0.5047439932823181
1638453974744673967 0.08074916899204254 -3.2104833126068115 0.0 0.0 0.0 0.8632932901382446 0.5047025680541992
1638453974912673950 0.07667762786149979 -3.2032485008239746 0.0 0.0 0.0 0.8631459474563599 0.5049545168876648
163845397547673941 0.07332810759544373 -3.197291612625122 0.0 0.0 0.0 0.8632781505584717 0.5047284364700317
1638453975196785927 0.06917209923267365 -3.189901113510132 0.0 0.0 0.0 0.8630984425544739 0.5050356984138489
1638453975348785877 0.06541536003351212 -3.183215379714966 0.0 0.0 0.0 0.8631962537765503 0.5048685073852539
1638453975514786005 0.0613345168530941 -3.1759564876556396 0.0 0.0 0.0 0.8631632328033447 0.5049249529838562
1638453975715785980 0.05644860863685608 -3.1672627925872803 0.0 0.0 0.0 0.863082766532898 0.5050625205039978
1638453975947785854 0.05076739937067032 -3.157158136367798 0.0 0.0 0.0 0.8631255626678467 0.5049893856048584
1638453976149785995 0.04579300433397293 -3.148311138153076 0.0 0.0 0.0 0.8631570339202881 0.5049355626106262
1638453976515785933 0.03676491975784302 -3.1322479248046875 0.0 0.0 0.0 0.8629611134529114 0.5052703619003296
1638453976749785900 0.03109334036707878 -3.1221377849578857 0.0 0.0 0.0 0.8627782464027405 0.5055825710296631
1638453976948786020 0.026229003444314003 -3.1134612560272217 0.0 0.0 0.0 0.8628143072128296 0.5055210590362549
1638453977214785814 0.01975606568157673 -3.101914405822754 0.0 0.0 0.0 0.8627713918685913 0.5055942535400391
1638453977516785860 0.01244459580630064 -3.0888640880584717 0.0 0.0 0.0 0.862759530544281 0.5056143999099731
1638453977716729164 0.007618812844157219 -3.0802531242370605 0.0 0.0 0.0 0.8628025650978088 0.5055409669876099
1638453977917729139 0.0027327085845172405 -3.07153058052063 0.0 0.0 0.0 0.8628866672515869 0.5053974986076355
1638453978118729115 -0.0021533353719860315 -3.062808036804199 0.0 0.0 0.0 0.8628787398338318 0.5054109692573547
1638453978351729155 -0.0078089069575071335 -3.052717924118042 0.0 0.0 0.0 0.8629127144813538 0.5053529739379883
1638453978652729034 -0.015134038403630257 -3.0396177768707275 0.0 0.0 0.0 0.8613327145576477 0.5080413222312927
1638453978854729176 -0.019877484068274498 -3.030845880508423 0.0 0.0 0.0 0.8564420938491821 0.5162431001663208
163845397956729078 -0.024510856717824936 -3.0218727588653564 0.0 0.0 0.0 0.8517404198646545 0.5239639282226562
1638453979189728975 -0.02742847055196762 -3.0160024166107178 0.0 0.0 0.0 0.8481946587562561 0.5296846032142639
1638453979455729008 -0.03314034640789032 -3.003920793533325 0.0 0.0 0.0 0.8412507772445679 0.5406451225280762
1638453979662729025 -0.03718458116054535 -2.994640350341797 0.0 0.0 0.0 0.8313284516334534 0.5557814240455627
1638453979861729145 -0.04086049273610115 -2.9852347373962402 0.0 0.0 0.0 0.8204230666160583 0.5717569589614868
163845398061728954 -0.04496609792113304 -2.9733715057373047 0.0 0.0 0.0 0.8091052174568176 0.5876638293266296
1638453980241321087 -0.04841892793774605 -2.962120532989502 0.0 0.0 0.0 0.7994756698608398 0.6006984114646912
1638453980409321070 -0.05175372585654259 -2.9498343467712402 0.0 0.0 0.0 0.789412796497345 0.6138627529144287
1638453980547321081 -0.054299961775541306 -2.9392271041870117 0.0 0.0 0.0 0.7812238931655884 0.6242508888244629
1638453980815320969 -0.05846649780869484 -2.9183034896850586 0.0 0.0 0.0 0.7651711702346802 0.6438269019126892
163845398117321110 -0.06101703643798828 -2.902435302734375 0.0 0.0 0.0 0.7578475475311279 0.6524316668510437
1638453981151321173 -0.06252968311309814 -2.8918874263763428 0.0 0.0 0.0 0.753437876701355 0.6575191020965576
1638453981351320982 -0.06453466415405273 -2.876145601272583 0.0 0.0 0.0 0.7471988201141357 0.6646005511283875
1638453981553321123 -0.06626113504171371 -2.8602428436279297 0.0 0.0 0.0 0.7416605353355408 0.6707754135131836
1638453981753321171 -0.06782633811235428 -2.844374418258667 0.0 0.0 0.0 0.7407519221305847 0.671778678894043
1638453981919321060 -0.06911581754684448 -2.8312251567840576 0.0 0.0 0.0 0.7407436370849609 0.6717878580093384
1638453982120321035 -0.07066310942173004 -2.8153293132781982 0.0 0.0 0.0 0.7404080033302307 0.6721577048301697
1638453982286321163 -0.07198365777730942 -2.8015732765197754 0.0 0.0 0.0 0.7399289011955261 0.6726850867271423
1638453982551321030 -0.07430079579353333 -2.7771315574645996 0.0 0.0 0.0 0.7394841909408569 0.6731739640235901
1638453982746675014 -0.07626590132713318 -2.7562921047210693 0.0 0.0 0.0 0.7395573854446411 0.6730934977531433
1638453982925674915 -0.07810995727777481 -2.736788749694824 0.0 0.0 0.0 0.7397235631942749 0.6729109287261963
1638453983160675049 -0.0805654376745224 -2.711165189743042 0.0 0.0 0.0 0.7399452328681946 0.6726670861244202
1638453983363675117 -0.08255108445882797 -2.688929796218872 0.0 0.0 0.0 0.7348182797431946 0.6782640218734741
1638453983567675114 -0.08412288874387741 -2.6666109561920166 0.0 0.0 0.0 0.7281835675239563 0.6853821277618408
1638453983768675089 -0.08523805439472198 -2.6447713375091553 0.0 0.0 0.0 0.7215503454208374 0.6923619508743286
1638453983966675043 -0.08592696487903595 -2.6231167316436768 0.0 0.0 0.0 0.7150496244430542 0.6990736722946167
1638453984201674938 -0.08619576692581177 -2.5974032878875732 0.0 0.0 0.0 0.7064451575279236 0.7077677845954895
1638453984468675137 -0.08576641231775284 -2.568173408508301 0.0 0.0 0.0 0.6969832181930542 0.71708744764328
1638453984667675018 -0.08493965864181519 -2.546523332595825 0.0 0.0 0.0 0.6901200413703918 0.723694920539856
1638453984868674994 -0.0836811512708664 -2.5245394706726074 0.0 0.0 0.0 0.6830864548683167 0.7303375005722046
1638453985674963 -0.0826169103384018 -2.5099995136260986 0.0 0.0 0.0 0.6785423159599304 0.7345612645149231
1638453985168674946 -0.08101063221693039 -2.4916183948516846 0.0 0.0 0.0 0.6728032827377319 0.7398214340209961
1638453985400930882 -0.07828018069267273 -2.465946674346924 0.0 0.0 0.0 0.664684534072876 0.7471241354942322
1638453985600930929 -0.0754944309592247 -2.444103717803955 0.0 0.0 0.0 0.6573497653007507 0.7535856366157532
1638453985802931070 -0.07227291911840439 -2.422269582748413 0.0 0.0 0.0 0.6496525406837463 0.7602312564849854
1638453985968930960 -0.06927274912595749 -2.4041919708251953 0.0 0.0 0.0 0.6434309482574463 0.7655041813850403
1638453986142930984 -0.06592043489217758 -2.385558605194092 0.0 0.0 0.0 0.6405152082443237 0.7679454684257507
1638453986375931025 -0.06140517070889473 -2.3607568740844727 0.0 0.0 0.0 0.6409988403320312 0.7675418853759766
1638453986643930912 -0.056397445499897 -2.3320071697235107 0.0 0.0 0.0 0.647793710231781 0.7618158459663391
1638453986843930960 -0.05307634547352791 -2.31023907661438 0.0 0.0 0.0 0.6557155251502991 0.7550080418586731
163845398710931015 -0.050655413419008255 -2.2920238971710205 0.0 0.0 0.0 0.6620318293571472 0.7494757175445557
1638453987209930897 -0.04817413538694382 -2.2702460289001465 0.0 0.0 0.0 0.669694185256958 0.7426369786262512
1638453987407931089 -0.04615030065178871 -2.24859881401062 0.0 0.0 0.0 0.6770338416099548 0.7359519004821777
1638453987607930899 -0.04455268010497093 -2.226763963699341 0.0 0.0 0.0 0.6844919919967651 0.7290204167366028
1638453987870483875 -0.04308757558465004 -2.1977450847625732 0.0 0.0 0.0 0.6935586929321289 0.7204001545906067
1638453988103483915 -0.04240087419748306 -2.172368049621582 0.0 0.0 0.0 0.7014061808586121 0.7127617597579956
1638453988367483854 -0.042298104614019394 -2.143514633178711 0.0 0.0 0.0 0.7101268172264099 0.7040737867355347
1638453988601483822 -0.0428185760974884 -2.1179819107055664 0.0 0.0 0.0 0.7183784246444702 0.6956525444984436
1638453988914483786 -0.04448256269097328 -2.083449363708496 0.0 0.0 0.0 0.7290309071540833 0.6844807863235474
1638453989147483826 -0.0463862381875515 -2.0580079555511475 0.0 0.0 0.0 0.7368965744972229 0.676005482673645
1638453989314483881 -0.048107802867889404 -2.0398151874542236 0.0 0.0 0.0 0.7423327565193176 0.6700314283370972
1638453989517483950 -0.05060027167201042 -2.017733097076416 0.0 0.0 0.0 0.7489178776741028 0.6626628041267395
1638453989683483839 -0.05292753502726555 -1.9999138116836548 0.0 0.0 0.0 0.7541083693504333 0.656749963760376
1638453989889483929 -0.056221332401037216 -1.977655291557312 0.0 0.0 0.0 0.7601593136787415 0.6497367024421692
1638453990156483889 -0.06115379184484482 -1.94866144657135 0.0 0.0 0.0 0.7680363655090332 0.6404062509536743
1638453990300091028 -0.06388912349939346 -1.9341870546340942 0.0 0.0 0.0 0.7716944217681885 0.635993480682373
1638453990467091084 -0.06756240129470825 -1.9161566495895386 0.0 0.0 0.0 0.7772804498672485 0.6291543245315552
1638453990767091036 -0.07489445805549622 -1.884133219718933 0.0 0.0 0.0 0.7866873741149902 0.6173515915870667
1638453991135091066 -0.08518516272306442 -1.8451509475708008 0.0 0.0 0.0 0.7977790832519531 0.6029497981071472
1638453991301090956 -0.09028931707143784 -1.8277360200881958 0.0 0.0 0.0 0.8029468059539795 0.5960507392883301
1638453991501091003 -0.09668806195259094 -1.8070100545883179 0.0 0.0 0.0 0.8054112195968628 0.59271639585495
1638453991700091124 -0.10306576639413834 -1.786304235458374 0.0 0.0 0.0 0.8024274110794067 0.5967497229576111
1638453991899091005 -0.10904373973608017 -1.7654012441635132 0.0 0.0 0.0 0.7931010723114014 0.6090900897979736
163845399266091061 -0.11345554143190384 -1.7474342584609985 0.0 0.0 0.0 0.779632031917572 0.6262378692626953
1638453992265091181 -0.1174093633890152 -1.7258796691894531 0.0 0.0 0.0 0.7557586431503296 0.6548503041267395
1638453992569091082 -0.12035145610570908 -1.6927658319473267 0.0 0.0 0.0 0.7221042513847351 0.6917842626571655
1638453992766191006 -0.12080823630094528 -1.6708528995513916 0.0 0.0 0.0 0.7082474827766418 0.7059642672538757
163845399373190928 -0.12045120447874069 -1.6372932195663452 0.0 0.0 0.0 0.7012701034545898 0.7128956317901611
1638453993308190823 -0.12006662040948868 -1.6116312742233276 0.0 0.0 0.0 0.7036105394363403 0.7105857729911804
1638453993574190855 -0.12022089213132858 -1.5825515985488892 0.0 0.0 0.0 0.7170417308807373 0.697030246257782
1638453993772190809 -0.12136835604906082 -1.5609184503555298 0.0 0.0 0.0 0.7349401116371155 0.6781320571899414
16384539948190870 -0.12430863082408905 -1.5352234840393066 0.0 0.0 0.0 0.757110059261322 0.6532873511314392
1638453994176190853 -0.12743666768074036 -1.517040729522705 0.0 0.0 0.0 0.7717087268829346 0.6359760761260986
1638453994343190908 -0.13126815855503082 -1.4989663362503052 0.0 0.0 0.0 0.7814810872077942 0.6239289045333862
1638453994542190790 -0.13629813492298126 -1.477840542793274 0.0 0.0 0.0 0.7865308523178101 0.6175509691238403
1638453994843190908 -0.14394401013851166 -1.4458118677139282 0.0 0.0 0.0 0.7805473208427429 0.6250966787338257
163845399513190985 -0.14772184193134308 -1.42762291431427 0.0 0.0 0.0 0.7694228887557983 0.6387397050857544
1638453995217190981 -0.15120290219783783 -1.4056261777877808 0.0 0.0 0.0 0.7505401372909546 0.6608248353004456
1638453995338855982 -0.15275752544403076 -1.3912584781646729 0.0 0.0 0.0 0.7376512885093689 0.6751818656921387
1638453995570856094 -0.1539408564567566 -1.3657808303833008 0.0 0.0 0.0 0.7078297734260559 0.7063830494880676
1638453995802855968 -0.1528279036283493 -1.340503215789795 0.0 0.0 0.0 0.6747538447380066 0.7380428910255432
1638453996135855913 -0.1473427712917328 -1.3046225309371948 0.0 0.0 0.0 0.6285061836242676 0.7778045535087585
1638453996300855875 -0.1431359052658081 -1.2870748043060303 0.0 0.0 0.0 0.6105380058288574 0.7919869422912598
1638453996468856096 -0.13816680014133453 -1.2693582773208618 0.0 0.0 0.0 0.5985175967216492 0.8011096715927124
1638453996666856050 -0.1317938268184662 -1.2485452890396118 0.0 0.0 0.0 0.5925381183624268 0.8055424094200134
1638453996906856060 -0.12391719222068787 -1.2232955694198608 0.0 0.0 0.0 0.593595564365387 0.8047634959220886
1638453997204855919 -0.11476163566112518 -1.1916937828063965 0.0 0.0 0.0 0.610905110836029 0.7917038202285767
1638453997505856037 -0.10783292353153229 -1.159488558769226 0.0 0.0 0.0 0.6479874849319458 0.7616509795188904
1638453997818050861 -0.10444477945566177 -1.1261173486709595 0.0 0.0 0.0 0.6917724609375 0.7221155166625977
1638453998150050879 -0.10525040328502655 -1.089678406715393 0.0 0.0 0.0 0.736473023891449 0.6764668822288513
1638453998418051004 -0.10895510017871857 -1.060381293296814 0.0 0.0 0.0 0.7615457773208618 0.64811110496521
1638453998620050907 -0.11288007348775864 -1.0386632680892944 0.0 0.0 0.0 0.7723055481910706 0.6352512836456299
1638453998853050947 -0.1180281788110733 -1.0137009620666504 0.0 0.0 0.0 0.776696503162384 0.6298750638961792
163845399955050850 -0.12249607592821121 -0.9921905398368835 0.0 0.0 0.0 0.773077130317688 0.6343120336532593
1638453999227050781 -0.12585994601249695 -0.9738689661026001 0.0 0.0 0.0 0.7627514600753784 0.6466917395591736
1638453999496050835 -0.12980082631111145 -0.9445245862007141 0.0 0.0 0.0 0.7403099536895752 0.6722657084465027
1638453999664050817 -0.1311146765947342 -0.9261724948883057 0.0 0.0 0.0 0.7231308817863464 0.6907110214233398
1638453999863050938 -0.13148245215415955 -0.9044873714447021 0.0 0.0 0.0 0.7031257748603821 0.7110654711723328
163845400066051006 -0.13056406378746033 -0.8822106719017029 0.0 0.0 0.0 0.6813844442367554 0.7319257259368896
1638454000263348103 -0.12832269072532654 -0.8600026369094849 0.0 0.0 0.0 0.6595093607902527 0.7516963481903076
1638454000496348143 -0.124163918197155 -0.834861159324646 0.0 0.0 0.0 0.6337710022926331 0.7735207080841064
1638454000696348190 -0.11920678615570068 -0.8133833408355713 0.0 0.0 0.0 0.6107086539268494 0.7918553352355957
1638454000898348093 -0.11291664838790894 -0.7920200228691101 0.0 0.0 0.0 0.5870946049690247 0.8095183372497559
163845400199348068 -0.10540051758289337 -0.7713265419006348 0.0 0.0 0.0 0.5590911507606506 0.8291062116622925
1638454001363348007 -0.09320737421512604 -0.7451901435852051 0.0 0.0 0.0 0.513762354850769 0.8579325675964355
1638454001598348141 -0.08002236485481262 -0.7230629920959473 0.0 0.0 0.0 0.4739994704723358 0.8805251121520996
1638454001798348188 -0.0673019289970398 -0.7053123116493225 0.0 0.0 0.0 0.4392906427383423 0.8983449935913086
1638454001998347998 -0.053185731172561646 -0.6885508894920349 0.0 0.0 0.0 0.4044483006000519 0.914560854434967
1638454002265348196 -0.032396163791418076 -0.6679438352584839 0.0 0.0 0.0 0.3582015037536621 0.9336442947387695
1638454002465348005 -0.015823956578969955 -0.6538739204406738 0.0 0.0 0.0 0.333120733499527 0.9428842067718506
1638454002664348125 0.0013488829135894775 -0.6405831575393677 0.0 0.0 0.0 0.3142226040363312 0.9493493437767029
1638454002943163157 0.025481903925538063 -0.6239168643951416 0.0 0.0 0.0 0.2791663110256195 0.960242748260498
1638454003210163116 0.05087919533252716 -0.6095710396766663 0.0 0.0 0.0 0.22700200974941254 0.9738942980766296
1638454003445163012 0.07471544295549393 -0.5996338725090027 0.0 0.0 0.0 0.1636509895324707 0.9865183234214783
1638454003615163088 0.09266738593578339 -0.5944987535476685 0.0 0.0 0.0 0.11450622230768204 0.9934225082397461
1638454003967163086 0.1307654231786728 -0.5891093611717224 0.0 0.0 0.0 0.030476916581392288 0.9995354413986206
1638454004168163061 0.1380968987941742 -0.5887581706047058 0.0 0.0 0.0 0.015405552461743355 0.9998813271522522
1638454004399163008 0.13817279040813446 -0.5887557864189148 0.0 0.0 0.0 0.016320129856467247 0.9998668432235718
1638454004665163040 0.13809698820114136 -0.5887598991394043 0.0 0.0 0.0 0.03655541315674782 0.9993316531181335
1638454004850162983 0.138248011469841 -0.5887441635131836 0.0 0.0 0.0 0.06221514567732811 0.998062789440155
163845400550163031 0.13827255368232727 -0.5887376070022583 0.0 0.0 0.0 0.09774959832429886 0.9952110648155212
1638454005347775936 0.14123418927192688 -0.5878714919090271 0.0 0.0 0.0 0.16851724684238434 0.9856986999511719
1638454005513775826 0.14419424533843994 -0.5866868495941162 0.0 0.0 0.0 0.20852826535701752 0.9780163168907166
1638454005649775982 0.14658452570438385 -0.5855261087417603 0.0 0.0 0.0 0.24047379195690155 0.970655620098114
1638454005815775871 0.14947116374969482 -0.5838457942008972 0.0 0.0 0.0 0.2795824706554413 0.9601216912269592
163845400651775932 0.1531868577003479 -0.5811701416969299 0.0 0.0 0.0 0.33425021171569824 0.9424843788146973
1638454006254776001 0.156182199716568 -0.5784848928451538 0.0 0.0 0.0 0.3801412880420685 0.9249284267425537
1638454006494776011 0.15928222239017487 -0.5750467777252197 0.0 0.0 0.0 0.43242090940475464 0.9016718864440918
1638454006661775827 0.16120757162570953 -0.5724422335624695 0.0 0.0 0.0 0.468691885471344 0.8833616971969604
1638454006961775780 0.1641845405101776 -0.5672697424888611 0.0 0.0 0.0 0.5318470597267151 0.8468404412269592
163845400793775988 0.16527393460273743 -0.5648183822631836 0.0 0.0 0.0 0.5583131313323975 0.8296303153038025
1638454007293775797 0.16658586263656616 -0.5610690116882324 0.0 0.0 0.0 0.5980454087257385 0.8014622330665588
1638454007595775843 0.16787371039390564 -0.5551639795303345 0.0 0.0 0.0 0.6554307341575623 0.7552552819252014
1638454007761775970 0.16830605268478394 -0.550807774066925 0.0 0.0 0.0 0.6849489212036133 0.7285910844802856
1638454007951596022 0.16838181018829346 -0.5445336699485779 0.0 0.0 0.0 0.719781219959259 0.6942009925842285
1638454008252596140 0.16710329055786133 -0.5327675342559814 0.0 0.0 0.0 0.7683519124984741 0.6400275826454163
1638454008554595947 0.16418783366680145 -0.5211897492408752 0.0 0.0 0.0 0.8065651059150696 0.5911452770233154
1638454008855596066 0.1599067747592926 -0.5099350810050964 0.0 0.0 0.0 0.8389624953269958 0.5441892743110657
1638454009156595945 0.15448802709579468 -0.49915021657943726 0.0 0.0 0.0 0.8612351417541504 0.5082067251205444
1638454009356595993 0.1505116969347 -0.49226951599121094 0.0 0.0 0.0 0.8708634376525879 0.4915250241756439
1638454009591596127 0.1447375863790512 -0.48301437497138977 0.0 0.0 0.0 0.8772105574607849 0.4801058769226074
1638454009958595991 0.13253234326839447 -0.46471795439720154 0.0 0.0 0.0 0.8857828974723816 0.46409979462623596
1638454010158596039 0.12449540197849274 -0.4533516764640808 0.0 0.0 0.0 0.8902987241744995 0.4553769528865814
1638454010371012926 0.11617346107959747 -0.44206634163856506 0.0 0.0 0.0 0.8948630690574646 0.44634073972702026
1638454010675013065 0.1032266840338707 -0.42536255717277527 0.0 0.0 0.0 0.9010621309280396 0.43368998169898987
1638454010908013105 0.09286857396364212 -0.412678986787796 0.0 0.0 0.0 0.9057503342628479 0.4238116145133972
1638454011110013008 0.08259446918964386 -0.4006173014640808 0.0 0.0 0.0 0.9097088575363159 0.4152466356754303
1638454011243013144 0.07498027384281158 -0.39194363355636597 0.0 0.0 0.0 0.9122018814086914 0.4097411036491394
1638454011411013126 0.06506256759166718 -0.38094934821128845 0.0 0.0 0.0 0.9153532981872559 0.4026516377925873
1638454011594012976 0.05387905612587929 -0.3689524233341217 0.0 0.0 0.0 0.9186695218086243 0.3950270116329193
1638454011794013023 0.04137301817536354 -0.3560125529766083 0.0 0.0 0.0 0.9225032329559326 0.3859894275665283
1638454011961013079 0.030708665028214455 -0.3453792929649353 0.0 0.0 0.0 0.9255185723304749 0.3787021338939667
1638454012262012959 0.011413410305976868 -0.32655611634254456 0.0 0.0 0.0 0.9262896776199341 0.3768121600151062
1638454012394012928 0.00295932125300169 -0.3182951807975769 0.0 0.0 0.0 0.9256252646446228 0.3784414231777191
1638454012692013025 -0.015690648928284645 -0.2993994951248169 0.0 0.0 0.0 0.9184736013412476 0.3954823315143585
1638454012895691156 -0.02774835005402565 -0.28604283928871155 0.0 0.0 0.0 0.9084860682487488 0.41791510581970215
163845401395690966 -0.03906349092721939 -0.27192360162734985 0.0 0.0 0.0 0.8937429189682007 0.4485795199871063
1638454013365690947 -0.052412617951631546 -0.25184667110443115 0.0 0.0 0.0 0.8685023784637451 0.49568504095077515
1638454013598690987 -0.06218136101961136 -0.23342807590961456 0.0 0.0 0.0 0.8448579907417297 0.534990668296814
1638454013801691055 -0.06933024525642395 -0.216669961810112 0.0 0.0 0.0 0.8236370086669922 0.5671173334121704
1638454013969691038 -0.07424342632293701 -0.20238342881202698 0.0 0.0 0.0 0.8043556213378906 0.5941481590270996
1638454014236690998 -0.08003095537424088 -0.17931681871414185 0.0 0.0 0.0 0.7722354531288147 0.6353363990783691
1638454014502691031 -0.08341832458972931 -0.15559916198253632 0.0 0.0 0.0 0.7379971742630005 0.6748037934303284
1638454014769690990 -0.08430743217468262 -0.1316569596529007 0.0 0.0 0.0 0.7018596529960632 0.7123152613639832
1638454014999691010 -0.08309166133403778 -0.11119789630174637 0.0 0.0 0.0 0.670112669467926 0.7422593832015991
1638454015265691042 -0.07935161143541336 -0.08758721500635147 0.0 0.0 0.0 0.6258521676063538 0.779941737651825
1638454015453402996 -0.07453493028879166 -0.07041460275650024 0.0 0.0 0.0 0.5813537240028381 0.813650906085968
1638454015854403019 -0.058191198855638504 -0.03797660768032074 0.0 0.0 0.0 0.458527147769928 0.8886803984642029
163845401621402836 -0.04867200553417206 -0.026520654559135437 0.0 0.0 0.0 0.3904569447040558 0.9206212162971497
1638454016256402969 -0.0323939248919487 -0.013111643493175507 0.0 0.0 0.0 0.28315550088882446 0.9590740203857422
1638454016457402945 -0.016339633613824844 -0.004820721689611673 0.0 0.0 0.0 0.18709856271743774 0.9823411703109741
1638454016759402990 0.010345452465116978 0.0014722199412062764 0.0 0.0 0.0 0.0417817160487175 0.9991267919540405
1638454016994402885 0.013376758433878422 0.0016596469795331359 0.0 0.0 0.0 0.01989191770553589 0.9998021125793457
1638454017350402832 0.013376756571233273 0.0016596466302871704 0.0 0.0 0.0 0.02010522224009037 0.9997978806495667
1638454017650403023 0.01335146650671959 0.0016586199635639787 0.0 0.0 0.0 0.020295120775699615 0.9997940063476562
1638454017943148136 0.013351465575397015 0.001658635213971138 0.0 0.0 0.0 0.019918115809559822 0.9998016357421875
1638454018209148169 0.013376754708588123 0.001659646281041205 0.0 0.0 0.0 0.02006530947983265 0.9997986555099487
1638454018640148163 0.011625279798583021 0.0020862925781768254 -6.343125151507665e-05 -4.939550775697185e-05 4.043122329568808e-06 0.020068583926190153 0.9997986216657873
1638454018942148209 -0.013299311642266512 0.00815049059142572 -0.0009652005165829716 -0.0007515980322276672 6.167319534543361e-05 0.021436483906853543 0.9997699041166566
1638454019173148155 -0.0132487367405704 0.008152648687736155 -0.0009652083727030547 -0.0007515949366975897 6.171092077392331e-05 0.021486665975099312 0.9997688282359105
1638454019473148108 -0.013274025138132499 0.00815157580724325 -0.0009652044538421638 -0.0007516066905901048 6.156800351742325e-05 0.021296556407762682 0.999772939698216
1638454019741147995 -0.013248736753931553 0.008152654042818223 -0.0009652083807638926 -0.0007516072711946782 6.156079015686535e-05 0.021286962155859863 0.9997731304809061
16384540207148027 -0.01324873675770753 0.008152655556210982 -0.0009652083830419555 -0.0007516074899265496 6.15579777229858e-05 0.021283222042729713 0.9997731947513085
1638454020173148155 -0.013299311671022034 0.008150502116493652 -0.0009652005339312968 -0.0007516133320155659 6.148671889552437e-05 0.021188434511178474 0.9997752203467316
1638454020371372223 -0.013274023273459938 0.008151574996986556 -0.0009652044527921876 -0.0007515978516809606 6.167538949979816e-05 0.02143940259434561 0.9997698408709689
1638454020608372211 -0.013274023273169476 0.008151574880571728 -0.000965204452616952 -0.0007516075068977339 6.155770293209024e-05 0.021282856964668345 0.9997731952067372
1638454020944372177 -0.013274023268231658 0.008151572901519659 -0.0009652044496379467 -0.0007516014820973191 6.163119096377534e-05 0.021380609749790905 0.999771106307536
1638454021345372200 -0.013274024220173977 0.008151581164648867 -0.0009652044619913382 -0.0007516065034627349 6.157030422335954e-05 0.021299616656135695 0.9997728762759335
1638454021755372047 -0.01327402420565099 0.008151575343907489 -0.000965204453229558 -0.0007516058329687505 6.15782438501817e-05 0.021310179408131333 0.9997726246803815
163845402292372179 -0.013248736762645348 0.008152657535263052 -0.0009652083860209608 -0.0007516034140803823 6.160793011024931e-05 0.021349666476716378 0.9997718005601641
1638454022396372080 -0.013274024207684207 0.00815157615881128 -0.0009652044544562071 -0.0007515965569422145 6.169124909233823e-05 0.021460498370401877 0.9997693973216243
1638454022659372091 -0.013274024235277892 0.008151587218219902 -0.0009652044711035898 -0.0007515952259232325 6.17076961205173e-05 0.021482374593946477 0.9997689527986846
1638454022992866993 -0.013248736793434088 0.008152669875234775 -0.0009652084045959353 -0.000751609903966008 6.152836997460264e-05 0.021243839282162204 0.9997740187414035
1638454023292866945 -0.013248736788205817 0.00815266777976788 -0.0009652084014416943 -0.0007516040265492203 6.160020081576504e-05 0.021339386772126906 0.999771992197945
1638454023595866919 -0.013248737738695837 0.00815267546082295 -0.0009652084129189078 -0.0007516133472549967 6.148647214451611e-05 0.02118810668598051 0.999775220755688
1638454023861866951 -0.01327402517240676 0.008151589544192905 -0.0009652044745199653 -0.0007516006755740973 6.16413331237451e-05 0.02139409871420701 0.9997708510615834
1638454024363867044 -0.013274026124058622 0.00815159769090729 -0.0009652044866981215 -0.0007516085368399656 6.154540163443196e-05 0.0212664922279088 0.9997735732495159
1638454024796866894 -0.013274026104597814 0.008151589891113841 -0.0009652044749573357 -0.0007516113671291862 6.151051250690914e-05 0.021220085588657702 0.9997745252111294
