163845390127390003 -1.0602857567626467e-12 8.269952722628204e-09 0.0 0.0 0.0 0.00014539062976837158 1.0
1638453901196390152 -1.0602857567626467e-12 8.269952722628204e-09 0.0 0.0 0.0 0.00011602789163589478 1.0
1638453901403390169 -1.0602857567626467e-12 8.269952722628204e-09 0.0 0.0 0.0 0.00034296512603759766 0.9999999403953552
1638453901536390066 -1.0602857567626467e-12 8.269952722628204e-09 0.0 0.0 0.0 0.00015404075384140015 1.0
1638453901704390049 -1.0602857567626467e-12 8.269952722628204e-09 0.0 0.0 0.0 -0.00016026198863983154 1.0
1638453901836390018 -1.0602857567626467e-12 8.269952722628204e-09 0.0 0.0 0.0 0.00014819204807281494 1.0
16384539026390095 2.5310684577561915e-05 1.5472172876229706e-08 0.0 0.0 0.0 0.00017104297876358032 1.0
1638453902138390064 -1.3064229602635646e-13 5.948352033158244e-09 0.0 0.0 0.0 0.00024743378162384033 0.9999999403953552
1638453902304390192 2.5310684577561915e-05 1.4292797168025118e-08 0.0 0.0 0.0 8.381903171539307e-05 1.0
1638453902505390167 -9.936304166610621e-13 7.435864812777027e-09 0.0 0.0 0.0 9.126216173171997e-05 1.0
1638453902641516209 2.531068639655132e-05 8.491908509711266e-09 0.0 0.0 0.0 -8.450448513031006e-05 1.0
1638453902807516098 -9.453531436397905e-14 7.820188940854678e-09 0.0 0.0 0.0 0.00010886788368225098 1.0
1638453902940515995 2.531068639655132e-05 1.4059712505343214e-08 0.0 0.0 0.0 0.00015200674533843994 1.0
1638453903140516043 3.3589563422364854e-12 5.700694916122018e-10 0.0 0.0 0.0 0.00011664628982543945 1.0
1638453903312516212 3.3589563422364854e-12 5.700694916122018e-10 0.0 0.0 0.0 0.00017347931861877441 1.0
1638453903445516109 6.533567632228954e-13 7.034945070927279e-09 0.0 0.0 0.0 0.00012736767530441284 1.0
1638453903615516186 6.533567632228954e-13 7.034945070927279e-09 0.0 0.0 0.0 0.00011335313320159912 1.0
1638453903785516024 2.578921234550058e-12 4.235674033736814e-09 0.0 0.0 0.0 0.0001710355281829834 1.0
1638453903952516079 2.578921234550058e-12 4.235674033736814e-09 0.0 0.0 0.0 0.00016219913959503174 1.0
163845390486516142 0.0005821457598358393 -1.6215086873216933e-07 0.0 0.0 0.0 -0.00023122131824493408 1.0
1638453904258516073 0.003315699752420187 -5.053901190876786e-07 0.0 0.0 0.0 4.296749830245972e-05 1.0
1638453904390516043 0.006580777931958437 -5.532054956347565e-07 0.0 0.0 0.0 -0.00019693374633789062 1.0
1638453904562516212 0.01369307842105627 -5.337238235370023e-06 0.0 0.0 0.0 -0.0003311857581138611 0.9999999403953552
1638453904697516203 0.020121993497014046 -7.817859113856684e-06 0.0 0.0 0.0 -0.0002683699131011963 0.9999999403953552
1638453904865516186 0.02857576310634613 -1.2635288840101566e-05 0.0 0.0 0.0 -0.00028777122497558594 0.9999999403953552
1638453905102516174 0.04037053510546684 -2.570012838987168e-05 0.0 0.0 0.0 -0.0009596569580025971 0.9999995231628418
1638453905258767128 0.048672426491975784 -4.0171347791329026e-05 0.0 0.0 0.0 -0.0008831470040604472 0.9999995827674866
1638453905390767097 0.055405061691999435 -5.117140244692564e-05 0.0 0.0 0.0 -0.000801190675701946 0.9999997019767761
1638453905559767008 0.06363102048635483 -6.369985931087285e-05 0.0 0.0 0.0 -0.0008983461884781718 0.9999995827674866
1638453905693767071 0.07036364823579788 -7.416176231345162e-05 0.0 0.0 0.0 -0.0008055194630287588 0.9999997019767761
1638453905860767126 0.07985514402389526 -9.111681720241904e-05 0.0 0.0 0.0 -0.0008458121446892619 0.9999996423721313
163845390661767101 0.09324445575475693 -0.00011660365998977795 0.0 0.0 0.0 -0.0010632423218339682 0.999999463558197
1638453906263767004 0.10729185491800308 -0.00014365778770297766 0.0 0.0 0.0 -0.0002435445785522461 1.0
1638453906463767052 0.12121215462684631 -4.0840117435436696e-05 0.0 0.0 0.0 0.00889723189175129 0.9999604225158691
1638453906598767042 0.13052207231521606 0.00023795619199518114 0.0 0.0 0.0 0.021716615185141563 0.9997641444206238
1638453906733767033 0.1400223970413208 0.0007918101036921144 0.0 0.0 0.0 0.03726906701922417 0.999305248260498
1638453906900767088 0.15168415009975433 0.0019358752761036158 0.0 0.0 0.0 0.06088411062955856 0.9981448650360107
163845390766766977 0.16317683458328247 0.003627751488238573 0.0 0.0 0.0 0.08484875410795212 0.9963938593864441
1638453907267767191 0.1770457625389099 0.006417897529900074 0.0 0.0 0.0 0.11378487944602966 0.9935054183006287
1638453907467767000 0.19033899903297424 0.00990027654916048 0.0 0.0 0.0 0.14217454195022583 0.9898415803909302
1638453907650444031 0.20149780809879303 0.01347598060965538 0.0 0.0 0.0 0.1665731817483902 0.9860290884971619
1638453907850444078 0.21448425948619843 0.01841428503394127 0.0 0.0 0.0 0.19469943642616272 0.9808629751205444
1638453907983443975 0.2229050099849701 0.02208797261118889 0.0 0.0 0.0 0.213675856590271 0.9769046306610107
1638453908150444031 0.2331637144088745 0.02709205448627472 0.0 0.0 0.0 0.2368767112493515 0.9715397357940674
1638453908284444094 0.24141719937324524 0.03156944364309311 0.0 0.0 0.0 0.25521448254585266 0.9668844938278198
1638453908452444077 0.2513783276081085 0.03754611313343048 0.0 0.0 0.0 0.2776317000389099 0.9606875777244568
1638453908589443922 0.2594110667705536 0.04278916120529175 0.0 0.0 0.0 0.2915867269039154 0.9565443992614746
1638453908757443905 0.2690315246582031 0.04948001727461815 0.0 0.0 0.0 0.3061410188674927 0.9519861936569214
1638453908891443968 0.2766328454017639 0.055036190897226334 0.0 0.0 0.0 0.3136127293109894 0.949550986289978
163845390959443951 0.2860738933086395 0.062148042023181915 0.0 0.0 0.0 0.3201539218425751 0.9473655223846436
1638453909192444086 0.2941139042377472 0.0683010146021843 0.0 0.0 0.0 0.3211483955383301 0.9470288753509521
1638453909329443932 0.30301567912101746 0.07511873543262482 0.0 0.0 0.0 0.3210880756378174 0.9470493197441101
1638453909494443893 0.3147519528865814 0.08410491049289703 0.0 0.0 0.0 0.3207941949367523 0.9471489191055298
1638453909660444021 0.32787084579467773 0.09407452493906021 0.0 0.0 0.0 0.3166029155254364 0.9485581517219543
1638453909792443991 0.3384183645248413 0.1019044816493988 0.0 0.0 0.0 0.31094831228256226 0.9504268169403076
1638453909958443880 0.35183054208755493 0.11151886731386185 0.0 0.0 0.0 0.2998906970024109 0.9539735913276672
1638453910171059847 0.3686777949333191 0.122794970870018 0.0 0.0 0.0 0.2809765040874481 0.9597146511077881
1638453910304059982 0.3799867630004883 0.1298193782567978 0.0 0.0 0.0 0.26689305901527405 0.9637261629104614
1638453910440059900 0.39159080386161804 0.13649769127368927 0.0 0.0 0.0 0.24849417805671692 0.9686334133148193
1638453910541059971 0.40047478675842285 0.14119186997413635 0.0 0.0 0.0 0.23228485882282257 0.9726477861404419
1638453910707059860 0.41527462005615234 0.1480751931667328 0.0 0.0 0.0 0.19852332770824432 0.980096161365509
1638453910841059923 0.42795872688293457 0.1529529094696045 0.0 0.0 0.0 0.16650280356407166 0.9860410094261169
163845391110060072 0.44523677229881287 0.158145472407341 0.0 0.0 0.0 0.12474831938743591 0.9921883940696716
1638453911143059969 0.45937207341194153 0.16126413643360138 0.0 0.0 0.0 0.09236853569746017 0.9957249164581299
1638453911345059872 0.481206476688385 0.16424617171287537 0.0 0.0 0.0 0.04288722574710846 0.9990799427032471
1638453911511059999 0.4993048310279846 0.16508515179157257 0.0 0.0 0.0 0.003115000668913126 0.9999951720237732
1638453911644059896 0.513901948928833 0.16471046209335327 0.0 0.0 0.0 -0.029023267328739166 0.9995787143707275
1638453911811059952 0.5321325659751892 0.16290073096752167 0.0 0.0 0.0 -0.0694119855761528 0.9975880980491638
1638453911944059849 0.5465220212936401 0.16041851043701172 0.0 0.0 0.0 -0.10131818056106567 0.9948540925979614
1638453912109060049 0.564277708530426 0.15600979328155518 0.0 0.0 0.0 -0.14132459461688995 0.9899632930755615
1638453912243059874 0.5782273411750793 0.1514441967010498 0.0 0.0 0.0 -0.17377711832523346 0.9847850203514099
1638453912409060001 0.5950331687927246 0.1445414423942566 0.0 0.0 0.0 -0.21360871195793152 0.9769192934036255
1638453912568059921 0.6105445623397827 0.13669128715991974 0.0 0.0 0.0 -0.24989072978496552 0.9682740569114685
1638453912698631048 0.6230189800262451 0.12934668362140656 0.0 0.0 0.0 -0.27565333247184753 0.9612571001052856
1638453912845630884 0.6364489197731018 0.1204739660024643 0.0 0.0 0.0 -0.29881471395492554 0.9543111324310303
163845391312630939 0.651231586933136 0.10973243415355682 0.0 0.0 0.0 -0.3178672194480896 0.948135256767273
1638453913145631075 0.6628186106681824 0.10080164670944214 0.0 0.0 0.0 -0.3261640965938568 0.9453131556510925
1638453913315630913 0.6774401664733887 0.08917742222547531 0.0 0.0 0.0 -0.3317464292049408 0.9433686137199402
1638453913448631048 0.6888108253479004 0.08005301654338837 0.0 0.0 0.0 -0.33121541142463684 0.9435551762580872
1638453913582630873 0.7002770304679871 0.07096746563911438 0.0 0.0 0.0 -0.32516685128211975 0.9456566572189331
1638453913682631016 0.7089484333992004 0.06430704146623611 0.0 0.0 0.0 -0.31728506088256836 0.9483302235603333
1638453913850630999 0.7237619757652283 0.053564853966236115 0.0 0.0 0.0 -0.2986467778682709 0.9543637037277222
1638453913984631062 0.7359627485275269 0.04544805735349655 0.0 0.0 0.0 -0.28007373213768005 0.9599785208702087
1638453914151630878 0.7514773607254028 0.036085568368434906 0.0 0.0 0.0 -0.25596562027931213 0.9666858911514282
1638453914318630934 0.7676374316215515 0.027395593002438545 0.0 0.0 0.0 -0.23191846907138824 0.9727352261543274
1638453914453630924 0.7810914516448975 0.02091747149825096 0.0 0.0 0.0 -0.21285288035869598 0.9770842790603638
1638453914586631060 0.794556200504303 0.015070874243974686 0.0 0.0 0.0 -0.19381512701511383 0.9810380935668945
1638453914751631021 0.8115068078041077 0.008593698963522911 0.0 0.0 0.0 -0.1696183681488037 0.9855098128318787
1638453914884630919 0.8252434730529785 0.004023822955787182 0.0 0.0 0.0 -0.15046772360801697 0.9886149168014526
1638453914984631062 0.8357775211334229 0.0009104625205509365 0.0 0.0 0.0 -0.13582438230514526 0.9907329082489014
163845391585630894 0.8463265299797058 -0.001867023529484868 0.0 0.0 0.0 -0.1208643689751625 0.9926690459251404
1638453915202009916 0.8604682683944702 -0.005080107133835554 0.0 0.0 0.0 -0.1018289104104042 0.994801938533783
1638453915368010044 0.8782960772514343 -0.00832577608525753 0.0 0.0 0.0 -0.07790622115135193 0.9969606995582581
1638453915536010027 0.8965360522270203 -0.010740885511040688 0.0 0.0 0.0 -0.05364254117012024 0.9985601902008057
1638453915704010010 0.9149735569953918 -0.012265176512300968 0.0 0.0 0.0 -0.028809446841478348 0.9995849132537842
1638453915903010130 0.9372356534004211 -0.012867231853306293 0.0 0.0 0.0 0.001158963656052947 0.9999993443489075
163845391636010027 0.9529487490653992 -0.012520630843937397 0.0 0.0 0.0 0.020651455968618393 0.9997867345809937
1638453916202009916 0.9728730320930481 -0.011199137195944786 0.0 0.0 0.0 0.04526744410395622 0.9989749193191528
1638453916403010130 0.9976729154586792 -0.008219479583203793 0.0 0.0 0.0 0.07383373379707336 0.9972705841064453
1638453916534009933 1.0143440961837769 -0.005408471915870905 0.0 0.0 0.0 0.09242945909500122 0.9957192540168762
1638453916702009916 1.0354877710342407 -0.0009278673096559942 0.0 0.0 0.0 0.11589408665895462 0.9932615756988525
1638453916835010052 1.0520572662353516 0.0033351511228829622 0.0 0.0 0.0 0.13508141040802002 0.9908344745635986
163845391710014 1.0727362632751465 0.009621291421353817 0.0 0.0 0.0 0.1588793396949768 0.9872980117797852
1638453917168009996 1.0931774377822876 0.0169474259018898 0.0 0.0 0.0 0.18295800685882568 0.9831207394599915
1638453917337009907 1.1133570671081543 0.025303341448307037 0.0 0.0 0.0 0.20689651370048523 0.9783628582954407
1638453917504009962 1.132770299911499 0.03445374220609665 0.0 0.0 0.0 0.2300342619419098 0.9731825590133667
1638453917635025024 1.1479191780090332 0.042405325919389725 0.0 0.0 0.0 0.24865396320819855 0.9685924053192139
1638453917802025080 1.1665877103805542 0.053246982395648956 0.0 0.0 0.0 0.270979106426239 0.9625852108001709
1638453917937025070 1.1811951398849487 0.06249077245593071 0.0 0.0 0.0 0.2851214110851288 0.9584913849830627
1638453918104025126 1.19927978515625 0.0746493935585022 0.0 0.0 0.0 0.297311007976532 0.9547806978225708
1638453918305025101 1.2207571268081665 0.08973662555217743 0.0 0.0 0.0 0.3035816252231598 0.9528054594993591
1638453918438024998 1.2350072860717773 0.09978925436735153 0.0 0.0 0.0 0.3005144000053406 0.9537772536277771
1638453918606025219 1.2529903650283813 0.11214298754930496 0.0 0.0 0.0 0.29151999950408936 0.956564724445343
1638453918740025043 1.2674309015274048 0.12159993499517441 0.0 0.0 0.0 0.27944231033325195 0.9601624608039856
1638453918939025164 1.2894084453582764 0.13479965925216675 0.0 0.0 0.0 0.25386881828308105 0.9672386646270752
1638453919108025074 1.3088154792785645 0.1451467126607895 0.0 0.0 0.0 0.231027290225029 0.9729472994804382
1638453919308025122 1.3319882154464722 0.1559932976961136 0.0 0.0 0.0 0.20312748849391937 0.9791523218154907
1638453919445025206 1.3484028577804565 0.1627258062362671 0.0 0.0 0.0 0.18369117379188538 0.9829840064048767
1638453919613025188 1.3686686754226685 0.1700166016817093 0.0 0.0 0.0 0.1597312092781067 0.9871605634689331
1638453919779025078 1.3893159627914429 0.17632009088993073 0.0 0.0 0.0 0.13562309741973877 0.9907605051994324
1638453919946025133 1.41019868850708 0.1815897524356842 0.0 0.0 0.0 0.11082302778959274 0.9938401579856873
1638453920112025023 1.431286096572876 0.18584370613098145 0.0 0.0 0.0 0.08760493993759155 0.996155321598053
1638453920242434025 1.448486089706421 0.18855729699134827 0.0 0.0 0.0 0.06867271661758423 0.9976392388343811
1638453920410434008 1.4701385498046875 0.19100481271743774 0.0 0.0 0.0 0.043557241559028625 0.9990509152412415
1638453920610434055 1.4960075616836548 0.192543625831604 0.0 0.0 0.0 0.015119132585823536 0.9998856782913208
1638453920743434191 1.5132672786712646 0.19274301826953888 0.0 0.0 0.0 -0.0033884206786751747 0.9999942779541016
1638453920910434008 1.5349711179733276 0.19206295907497406 0.0 0.0 0.0 -0.02753796987235546 0.9996207356452942
163845392198433971 1.5591835975646973 0.1900591403245926 0.0 0.0 0.0 -0.05490551143884659 0.9984915256500244
1638453921265434027 1.580403208732605 0.18720372021198273 0.0 0.0 0.0 -0.07875639945268631 0.9968938827514648
1638453921435434103 1.6020572185516357 0.18321558833122253 0.0 0.0 0.0 -0.10307756066322327 0.9946733117103577
1638453921604434013 1.623294711112976 0.17822563648223877 0.0 0.0 0.0 -0.1271606832742691 0.9918821454048157
1638453921802433968 1.6477681398391724 0.17111749947071075 0.0 0.0 0.0 -0.1546345055103302 0.9879717230796814
1638453921935434103 1.6639056205749512 0.16558857262134552 0.0 0.0 0.0 -0.17378084361553192 0.9847843647003174
1638453922100434065 1.6839076280593872 0.15774023532867432 0.0 0.0 0.0 -0.19795209169387817 0.9802116751670837
1638453922238434076 1.7002060413360596 0.1504790335893631 0.0 0.0 0.0 -0.21810775995254517 0.9759246706962585
1638453922403434038 1.7191956043243408 0.14097855985164642 0.0 0.0 0.0 -0.24162305891513824 0.9703701734542847
1638453922536434174 1.7342345714569092 0.13261054456233978 0.0 0.0 0.0 -0.26058536767959595 0.9654508233070374
1638453922713029146 1.7527567148208618 0.12122859805822372 0.0 0.0 0.0 -0.2834188938140869 0.9589961767196655
1638453922915029049 1.7742811441421509 0.10639175772666931 0.0 0.0 0.0 -0.3108006417751312 0.9504750967025757
1638453923116029024 1.7948334217071533 0.09039989858865738 0.0 0.0 0.0 -0.3384745717048645 0.940975546836853
1638453923317028999 1.8145248889923096 0.0731278583407402 0.0 0.0 0.0 -0.36599937081336975 0.9306151270866394
1638453923486029148 1.8301494121551514 0.05783068388700485 0.0 0.0 0.0 -0.3897544741630554 0.9209188222885132
1638453923653029203 1.844709873199463 0.042098354548215866 0.0 0.0 0.0 -0.41115784645080566 0.9115641713142395
1638453923822029114 1.8587369918823242 0.025423016399145126 0.0 0.0 0.0 -0.4328523576259613 0.9014648199081421
1638453923994029045 1.872245192527771 0.007715834770351648 0.0 0.0 0.0 -0.4545454978942871 0.8907235264778137
1638453924161029100 1.8844391107559204 -0.009975726716220379 0.0 0.0 0.0 -0.4754098951816559 0.8797644376754761
1638453924295029163 1.8935871124267578 -0.024553317576646805 0.0 0.0 0.0 -0.4927057921886444 0.8701959252357483
1638453924461029053 1.9041986465454102 -0.04323682188987732 0.0 0.0 0.0 -0.5136952996253967 0.8579726815223694
1638453924663029194 1.9158527851104736 -0.06669381260871887 0.0 0.0 0.0 -0.5394440293312073 0.8420214653015137
1638453924796029091 1.9226891994476318 -0.082377590239048 0.0 0.0 0.0 -0.5560038089752197 0.8311797380447388
1638453924963029146 1.9304320812225342 -0.10244795680046082 0.0 0.0 0.0 -0.5753992795944214 0.8178726434707642
163845392597029209 1.9360255002975464 -0.1190446987748146 0.0 0.0 0.0 -0.5911047458648682 0.8065947890281677
1638453925236055136 1.940962314605713 -0.1357957124710083 0.0 0.0 0.0 -0.6066257357597351 0.7949875593185425
1638453925406054974 1.946254014968872 -0.15719449520111084 0.0 0.0 0.0 -0.6260914206504822 0.7797496318817139
1638453925605055094 1.9511111974716187 -0.18252110481262207 0.0 0.0 0.0 -0.6483498811721802 0.7613425254821777
1638453925740055084 1.953567385673523 -0.19993863999843597 0.0 0.0 0.0 -0.6631770133972168 0.7484625577926636
1638453925906054974 1.9556368589401245 -0.22137640416622162 0.0 0.0 0.0 -0.6811085343360901 0.7321824431419373
1638453926107054949 1.9567421674728394 -0.2471153736114502 0.0 0.0 0.0 -0.7025841474533081 0.711600661277771
1638453926244055033 1.9566186666488647 -0.2648819386959076 0.0 0.0 0.0 -0.7166122198104858 0.6974718570709229
1638453926411055088 1.9555052518844604 -0.28641581535339355 0.0 0.0 0.0 -0.7333007454872131 0.6799044013023376
1638453926613054991 1.9527863264083862 -0.3122382164001465 0.0 0.0 0.0 -0.7528750896453857 0.6581634283065796
1638453926814054966 1.948582649230957 -0.3377840220928192 0.0 0.0 0.0 -0.7718670964241028 0.6357839703559875
1638453926981055021 1.943921685218811 -0.3589664101600647 0.0 0.0 0.0 -0.7870362997055054 0.6169067025184631
1638453927149055004 1.9382487535476685 -0.37982192635536194 0.0 0.0 0.0 -0.8017453551292419 0.5976657867431641
1638453927281054974 1.9330633878707886 -0.3960731029510498 0.0 0.0 0.0 -0.8130580186843872 0.5821827054023743
1638453927458055019 1.9250686168670654 -0.41772523522377014 0.0 0.0 0.0 -0.827591598033905 0.5613306760787964
1638453927592055082 1.9183624982833862 -0.433657705783844 0.0 0.0 0.0 -0.8381959199905396 0.5453692674636841
1638453927756723166 1.9091713428497314 -0.4531915485858917 0.0 0.0 0.0 -0.8505462408065796 0.5259003043174744
1638453927889723063 1.9012110233306885 -0.4683931767940521 0.0 0.0 0.0 -0.860384464263916 0.5096455216407776
163845392892723131 1.8878633975982666 -0.49113574624061584 0.0 0.0 0.0 -0.8751550316810608 0.48384255170822144
1638453928258723021 1.8759888410568237 -0.5091038346290588 0.0 0.0 0.0 -0.8863398432731628 0.4630352854728699
1638453928395723104 1.8656232357025146 -0.5233775973320007 0.0 0.0 0.0 -0.8954327702522278 0.44519680738449097
1638453928529723167 1.8550009727478027 -0.5369189381599426 0.0 0.0 0.0 -0.9028729796409607 0.4299074411392212
1638453928695723057 1.8411506414413452 -0.5534135699272156 0.0 0.0 0.0 -0.9096742868423462 0.4153224527835846
1638453928862723112 1.8268134593963623 -0.5695553421974182 0.0 0.0 0.0 -0.9141611456871033 0.40535101294517517
163845392963723087 1.8092855215072632 -0.5887163877487183 0.0 0.0 0.0 -0.9156168103218079 0.40205204486846924
1638453929183722973 1.798836350440979 -0.6000828742980957 0.0 0.0 0.0 -0.9156290888786316 0.40202412009239197
1638453929337723017 1.7853858470916748 -0.6149122714996338 0.0 0.0 0.0 -0.9125533103942871 0.4089577794075012
1638453929493723154 1.7719260454177856 -0.6303760409355164 0.0 0.0 0.0 -0.9069929718971252 0.4211457669734955
1638453929695723057 1.7555217742919922 -0.6508934497833252 0.0 0.0 0.0 -0.8946624398231506 0.4467427432537079
1638453929829723120 1.7453871965408325 -0.6650211215019226 0.0 0.0 0.0 -0.8840749859809875 0.4673450291156769
1638453929996722937 1.7338407039642334 -0.6831996440887451 0.0 0.0 0.0 -0.8682569265365601 0.4961148500442505
1638453930165723085 1.723428726196289 -0.7022241950035095 0.0 0.0 0.0 -0.8513654470443726 0.524573028087616
1638453930321722984 1.7150102853775024 -0.7201905846595764 0.0 0.0 0.0 -0.8355878591537476 0.5493568778038025
1638453930500723124 1.706566572189331 -0.7416425943374634 0.0 0.0 0.0 -0.8165827989578247 0.577228307723999
1638453930633723021 1.7011348009109497 -0.7582921385765076 0.0 0.0 0.0 -0.8019537329673767 0.5973861217498779
1638453930806723118 1.6954634189605713 -0.779958188533783 0.0 0.0 0.0 -0.7813324332237244 0.6241150498390198
1638453930939723015 1.6920957565307617 -0.7968606352806091 0.0 0.0 0.0 -0.7646791338920593 0.6444112062454224
1638453931106723070 1.6891424655914307 -0.8182184100151062 0.0 0.0 0.0 -0.7432380318641663 0.6690270900726318
1638453931239722967 1.6877878904342651 -0.8352983593940735 0.0 0.0 0.0 -0.7255679368972778 0.6881505250930786
1638453931406723022 1.6873551607131958 -0.8568551540374756 0.0 0.0 0.0 -0.7029427289962769 0.7112464308738708
1638453931539723158 1.6879935264587402 -0.8739261627197266 0.0 0.0 0.0 -0.6845207214355469 0.7289934158325195
1638453931706722975 1.690058946609497 -0.895464301109314 0.0 0.0 0.0 -0.6605720520019531 0.7507626414299011
1638453931908723116 1.6944342851638794 -0.9212861061096191 0.0 0.0 0.0 -0.6299775242805481 0.7766133546829224
163845393241723013 1.6984431743621826 -0.9381262063980103 0.0 0.0 0.0 -0.6097498536109924 0.7925938963890076
1638453932207723141 1.7046301364898682 -0.9587012529373169 0.0 0.0 0.0 -0.5840079188346863 0.8117479681968689
1638453932410722971 1.7139062881469727 -0.9831665754318237 0.0 0.0 0.0 -0.5518136620521545 0.8339674472808838
1638453932542723179 1.720902681350708 -0.9985845685005188 0.0 0.0 0.0 -0.5311126112937927 0.8473012447357178
1638453932714710951 1.7308599948883057 -1.0176230669021606 0.0 0.0 0.0 -0.5041815042495728 0.8635976910591125
1638453932849710941 1.7399258613586426 -1.03275465965271 0.0 0.0 0.0 -0.4809739589691162 0.8767349123954773
1638453932982710838 1.7496166229248047 -1.0471597909927368 0.0 0.0 0.0 -0.45888495445251465 0.888495683670044
1638453933148710966 1.7626086473464966 -1.064400315284729 0.0 0.0 0.0 -0.4347706437110901 0.9005412459373474
1638453933314710855 1.7762998342514038 -1.0807955265045166 0.0 0.0 0.0 -0.41279518604278564 0.9108238816261292
1638453933516710997 1.7939213514328003 -1.0998671054840088 0.0 0.0 0.0 -0.3903321921825409 0.9206740856170654
1638453933717710972 1.8123459815979004 -1.1182737350463867 0.0 0.0 0.0 -0.3762455880641937 0.9265199899673462
1638453933851711035 1.8247594833374023 -1.1302320957183838 0.0 0.0 0.0 -0.3726252019405365 0.9279819130897522
1638453933989711046 1.8376802206039429 -1.1426124572753906 0.0 0.0 0.0 -0.37408655881881714 0.9273937940597534
1638453934155710936 1.8530536890029907 -1.1576985120773315 0.0 0.0 0.0 -0.38360801339149475 0.9234960079193115
1638453934357710838 1.8712713718414307 -1.1767661571502686 0.0 0.0 0.0 -0.40455588698387146 0.9145132899284363
1638453934492711067 1.882750391960144 -1.1899265050888062 0.0 0.0 0.0 -0.4238317310810089 0.9057409763336182
1638453934660711050 1.8961753845214844 -1.2071199417114258 0.0 0.0 0.0 -0.45390743017196655 0.8910488486289978
1638453934794710875 1.9059195518493652 -1.2214264869689941 0.0 0.0 0.0 -0.48123258352279663 0.8765929341316223
1638453934961710930 1.9168250560760498 -1.2401996850967407 0.0 0.0 0.0 -0.5158312320709229 0.8566902279853821
163845393594711065 1.9243570566177368 -1.2555879354476929 0.0 0.0 0.0 -0.5423223376274109 0.8401705026626587
1638453935300395012 1.9340858459472656 -1.2802537679672241 0.0 0.0 0.0 -0.5827022194862366 0.8126857280731201
1638453935436394930 1.9392290115356445 -1.297257900238037 0.0 0.0 0.0 -0.6091634035110474 0.7930447459220886
1638453935602394819 1.9439607858657837 -1.318265438079834 0.0 0.0 0.0 -0.6397132873535156 0.7686136364936829
1638453935736394882 1.9465513229370117 -1.3352779150009155 0.0 0.0 0.0 -0.6636903882026672 0.7480073571205139
1638453935902395010 1.9482898712158203 -1.3566148281097412 0.0 0.0 0.0 -0.691996157169342 0.7219011783599854
1638453936103394985 1.9481786489486694 -1.3825236558914185 0.0 0.0 0.0 -0.7251129746437073 0.6886299252510071
1638453936239394903 1.9466708898544312 -1.4000719785690308 0.0 0.0 0.0 -0.7477289438247681 0.6640040874481201
1638453936405394793 1.9433733224868774 -1.4211479425430298 0.0 0.0 0.0 -0.7712295651435852 0.6365571618080139
1638453936538394928 1.9396941661834717 -1.4380115270614624 0.0 0.0 0.0 -0.7862164974212646 0.6179511547088623
1638453936707394838 1.9340214729309082 -1.459024429321289 0.0 0.0 0.0 -0.8008739948272705 0.598832905292511
1638453936841394901 1.9288749694824219 -1.4755802154541016 0.0 0.0 0.0 -0.8093023300170898 0.5873923301696777
163845393711394978 1.921818733215332 -1.496438980102539 0.0 0.0 0.0 -0.8151983618736267 0.5791818499565125
1638453937145394802 1.9159789085388184 -1.5129247903823853 0.0 0.0 0.0 -0.8177844882011414 0.5755245685577393
1638453937311394930 1.908666729927063 -1.5333462953567505 0.0 0.0 0.0 -0.8174274563789368 0.5760315656661987
1638453937482394934 1.901231050491333 -1.5543419122695923 0.0 0.0 0.0 -0.8150511384010315 0.5793889760971069
1638453937649394989 1.8943134546279907 -1.574739933013916 0.0 0.0 0.0 -0.8102817535400391 0.5860404968261719
1638453937809531927 1.8877222537994385 -1.5952990055084229 0.0 0.0 0.0 -0.8054753541946411 0.5926293134689331
16384539389531975 1.880232334136963 -1.6201902627944946 0.0 0.0 0.0 -0.7996240258216858 0.6005009412765503
1638453938143531799 1.8755161762237549 -1.6368216276168823 0.0 0.0 0.0 -0.795948326587677 0.6053645610809326
1638453938297531843 1.8702995777130127 -1.6561769247055054 0.0 0.0 0.0 -0.7916472554206848 0.6109784245491028
1638453938465531826 1.8649734258651733 -1.677203893661499 0.0 0.0 0.0 -0.7866058349609375 0.6174554824829102
1638453938634531975 1.8600114583969116 -1.6986831426620483 0.0 0.0 0.0 -0.7774630784988403 0.628928542137146
1638453938803531885 1.8558896780014038 -1.720234990119934 0.0 0.0 0.0 -0.7628968358039856 0.6465202569961548
1638453938936531782 1.8533883094787598 -1.7372881174087524 0.0 0.0 0.0 -0.7501149773597717 0.6613073945045471
1638453939102531910 1.8512195348739624 -1.758690595626831 0.0 0.0 0.0 -0.7337127327919006 0.679459810256958
1638453939303531885 1.8500059843063354 -1.7844499349594116 0.0 0.0 0.0 -0.7134043574333191 0.7007526159286499
1638453939435531855 1.8500275611877441 -1.8014830350875854 0.0 0.0 0.0 -0.7001412510871887 0.7140043377876282
1638453939602531910 1.850963830947876 -1.8229748010635376 0.0 0.0 0.0 -0.682716429233551 0.7306833863258362
1638453939805531979 1.8534867763519287 -1.8491222858428955 0.0 0.0 0.0 -0.6614553928375244 0.7499845027923584
1638453939973531961 1.8567434549331665 -1.8706936836242676 0.0 0.0 0.0 -0.6429086327552795 0.7659428715705872
1638453940138531923 1.860974907875061 -1.8917855024337769 0.0 0.0 0.0 -0.6242750287055969 0.7812046408653259
1638453940308820009 1.866339921951294 -1.91303551197052 0.0 0.0 0.0 -0.6047346591949463 0.7964270114898682
1638453940511820078 1.8740774393081665 -1.9379533529281616 0.0 0.0 0.0 -0.5811598300933838 0.813789427280426
1638453940710819960 1.8829922676086426 -1.9620450735092163 0.0 0.0 0.0 -0.5629181265830994 0.8265126943588257
1638453940913820028 1.8930580615997314 -1.98625648021698 0.0 0.0 0.0 -0.5474929809570312 0.836810290813446
163845394148820019 1.9002258777618408 -2.002264976501465 0.0 0.0 0.0 -0.5405970215797424 0.8412816524505615
1638453941213819981 1.9093290567398071 -2.0217859745025635 0.0 0.0 0.0 -0.5345169901847839 0.8451576828956604
1638453941349819899 1.9169946908950806 -2.037843704223633 0.0 0.0 0.0 -0.5330958366394043 0.8460548520088196
1638453941483819962 1.924485445022583 -2.0535922050476074 0.0 0.0 0.0 -0.5356792211532593 0.8444215655326843
1638453941651819944 1.9335709810256958 -2.0733165740966797 0.0 0.0 0.0 -0.5440378785133362 0.8390606641769409
1638453941785820007 1.9403960704803467 -2.089143753051758 0.0 0.0 0.0 -0.5556622743606567 0.8314080834388733
1638453941953819990 1.9482616186141968 -2.1095190048217773 0.0 0.0 0.0 -0.5762338042259216 0.817284882068634
163845394289819908 1.9537495374679565 -2.1261768341064453 0.0 0.0 0.0 -0.5961641073226929 0.8028626441955566
1638453942255820036 1.9592690467834473 -2.146810293197632 0.0 0.0 0.0 -0.6214010715484619 0.7834926247596741
1638453942388819933 1.962740182876587 -2.163562774658203 0.0 0.0 0.0 -0.6410238146781921 0.7675209641456604
1638453942555819988 1.9659024477005005 -2.1848909854888916 0.0 0.0 0.0 -0.6654250025749207 0.7464646697044373
1638453942692662001 1.9674378633499146 -2.2022604942321777 0.0 0.0 0.0 -0.6853424310684204 0.7282209992408752
1638453942860661983 1.9680578708648682 -2.2238378524780273 0.0 0.0 0.0 -0.7086056470870972 0.7056047320365906
1638453942995662212 1.967512607574463 -2.241342544555664 0.0 0.0 0.0 -0.7270255088806152 0.6866104602813721
1638453943161662102 1.9655473232269287 -2.2629406452178955 0.0 0.0 0.0 -0.7501085996627808 0.6613146662712097
1638453943294661999 1.9629807472229004 -2.2799835205078125 0.0 0.0 0.0 -0.7653020620346069 0.6436712741851807
1638453943431662083 1.9596130847930908 -2.297248125076294 0.0 0.0 0.0 -0.7777777314186096 0.6285393834114075
1638453943630662203 1.9536081552505493 -2.3224849700927734 0.0 0.0 0.0 -0.7905589938163757 0.6123858690261841
1638453943795662165 1.9480319023132324 -2.343132257461548 0.0 0.0 0.0 -0.7968140244483948 0.604224681854248
1638453943961662054 1.9420795440673828 -2.3638064861297607 0.0 0.0 0.0 -0.8010938167572021 0.5985388159751892
163845394493662024 1.9371204376220703 -2.3802084922790527 0.0 0.0 0.0 -0.8048009276390076 0.5935448408126831
1638453944293662071 1.929219365119934 -2.404892683029175 0.0 0.0 0.0 -0.810702383518219 0.585458517074585
1638453944461662054 1.9221372604370117 -2.4256091117858887 0.0 0.0 0.0 -0.8161266446113586 0.5778731107711792
1638453944664662123 1.9132121801376343 -2.4501571655273438 0.0 0.0 0.0 -0.8220589756965637 0.5694023370742798
1638453944796662092 1.9071329832077026 -2.466015338897705 0.0 0.0 0.0 -0.8258621096611023 0.5638721585273743
1638453944961662054 1.8992146253585815 -2.485828399658203 0.0 0.0 0.0 -0.8301324844360352 0.557566225528717
163845394593662024 1.8925729990005493 -2.50178861618042 0.0 0.0 0.0 -0.8337648510932922 0.5521197319030762
1638453945266287804 1.883824348449707 -2.521996021270752 0.0 0.0 0.0 -0.8381238579750061 0.5454800128936768
1638453945432287931 1.8749395608901978 -2.541672945022583 0.0 0.0 0.0 -0.8422571420669556 0.5390759110450745
1638453945597287893 1.8658167123794556 -2.561044931411743 0.0 0.0 0.0 -0.8465586304664612 0.5322954654693604
1638453945766287804 1.856120228767395 -2.580815076828003 0.0 0.0 0.0 -0.8509251475334167 0.5252869129180908
1638453945899287939 1.8482778072357178 -2.5961923599243164 0.0 0.0 0.0 -0.8546386361122131 0.5192233324050903
163845394633288002 1.8401638269424438 -2.6115715503692627 0.0 0.0 0.0 -0.8579772114753723 0.5136877298355103
1638453946199287891 1.8298263549804688 -2.6304099559783936 0.0 0.0 0.0 -0.8636472821235657 0.5040966272354126
1638453946334287882 1.8210737705230713 -2.645463705062866 0.0 0.0 0.0 -0.8700029253959656 0.4930466115474701
1638453946522287846 1.8082069158554077 -2.666074275970459 0.0 0.0 0.0 -0.8790450692176819 0.47673872113227844
1638453946690287828 1.7960951328277588 -2.684037446975708 0.0 0.0 0.0 -0.886565089225769 0.46260392665863037
1638453946857287884 1.7833915948867798 -2.701618194580078 0.0 0.0 0.0 -0.8940081596374512 0.44805067777633667
1638453946991287947 1.7728517055511475 -2.7154476642608643 0.0 0.0 0.0 -0.8982124328613281 0.4395616948604584
1638453947159287930 1.7592302560806274 -2.732684850692749 0.0 0.0 0.0 -0.9012460708618164 0.4333076477050781
1638453947293287992 1.7482439279556274 -2.7463908195495605 0.0 0.0 0.0 -0.9015344381332397 0.4327073097229004
1638453947460287809 1.7347294092178345 -2.763389825820923 0.0 0.0 0.0 -0.8993210196495056 0.4372889995574951
1638453947637287855 1.7207226753234863 -2.781546115875244 0.0 0.0 0.0 -0.895474374294281 0.4451131224632263
1638453947807924032 1.7078264951705933 -2.7988924980163574 0.0 0.0 0.0 -0.8914968967437744 0.45302677154541016
1638453947942924023 1.6976062059402466 -2.8130850791931152 0.0 0.0 0.0 -0.8886483907699585 0.45858922600746155
1638453948111923933 1.6847916841506958 -2.8314263820648193 0.0 0.0 0.0 -0.8849269151687622 0.46572989225387573
1638453948244923830 1.6744283437728882 -2.8467228412628174 0.0 0.0 0.0 -0.8819754123687744 0.47129541635513306
1638453948379924059 1.6641095876693726 -2.862384080886841 0.0 0.0 0.0 -0.8787567019462585 0.4772700071334839
1638453948546923876 1.6515789031982422 -2.8820409774780273 0.0 0.0 0.0 -0.8748502135276794 0.48439350724220276
1638453948712924004 1.6392889022827148 -2.90205717086792 0.0 0.0 0.0 -0.8705320954322815 0.4921116530895233
1638453948847923994 1.629653811454773 -2.9183247089385986 0.0 0.0 0.0 -0.8670769929885864 0.49817413091659546
1638453948983923912 1.6201683282852173 -2.9348554611206055 0.0 0.0 0.0 -0.8636977076530457 0.5040101408958435
1638453949151923895 1.608853816986084 -2.955294132232666 0.0 0.0 0.0 -0.8594110608100891 0.5112853050231934
1638453949284924030 1.600112795829773 -2.9716298580169678 0.0 0.0 0.0 -0.8562599420547485 0.5165451765060425
1638453949452924013 1.5894477367401123 -2.9922726154327393 0.0 0.0 0.0 -0.8521744608879089 0.5232577919960022
1638453949586923838 1.5810809135437012 -3.0090012550354004 0.0 0.0 0.0 -0.8491690158843994 0.5281212329864502
1638453949754924059 1.5708866119384766 -3.0301053524017334 0.0 0.0 0.0 -0.844814658164978 0.5350590348243713
1638453949888923883 1.5629668235778809 -3.0471341609954834 0.0 0.0 0.0 -0.8413527607917786 0.5404863357543945
163845395054924011 1.5534453392028809 -3.068439245223999 0.0 0.0 0.0 -0.8368531465530396 0.5474274158477783
1638453950206282139 1.544355869293213 -3.0896849632263184 0.0 0.0 0.0 -0.8325135707855225 0.5540046095848083
1638453950341282129 1.537204384803772 -3.1070775985717773 0.0 0.0 0.0 -0.8290243148803711 0.5592125654220581
1638453950507282019 1.5286256074905396 -3.128589391708374 0.0 0.0 0.0 -0.8272855281829834 0.561781644821167
1638453950640282154 1.5217434167861938 -3.1458728313446045 0.0 0.0 0.0 -0.8283365368843079 0.5602307915687561
1638453950843282223 1.5110304355621338 -3.171844244003296 0.0 0.0 0.0 -0.8347810506820679 0.5505820512771606
16384539519282112 1.50155508518219 -3.1929750442504883 0.0 0.0 0.0 -0.8446626663208008 0.5352989435195923
1638453951210282087 1.4888594150543213 -3.217862367630005 0.0 0.0 0.0 -0.8613794445991516 0.5079620480537415
1638453951412282228 1.474207878112793 -3.2420926094055176 0.0 0.0 0.0 -0.8806031346321106 0.47385451197624207
1638453951612282038 1.457839846611023 -3.2647926807403564 0.0 0.0 0.0 -0.8997620344161987 0.4363808333873749
1638453951812282085 1.4393079280853271 -3.2859933376312256 0.0 0.0 0.0 -0.9213189482688904 0.38880759477615356
163845395213282061 1.4187315702438354 -3.3048014640808105 0.0 0.0 0.0 -0.942383348941803 0.3345348536968231
1638453952215282202 1.395814061164856 -3.3212876319885254 0.0 0.0 0.0 -0.9603174924850464 0.27890920639038086
1638453952347282171 1.3798519372940063 -3.3305857181549072 0.0 0.0 0.0 -0.9701945185661316 0.24232740700244904
1638453952516282082 1.35848069190979 -3.340670585632324 0.0 0.0 0.0 -0.9809068441390991 0.1944781392812729
1638453952695093870 1.3361732959747314 -3.348619222640991 0.0 0.0 0.0 -0.9893953204154968 0.14524772763252258
1638453952829093933 1.31819486618042 -3.3532843589782715 0.0 0.0 0.0 -0.9941897392272949 0.1076417863368988
1638453952995093822 1.2954109907150269 -3.35709285736084 0.0 0.0 0.0 -0.9983020424842834 0.05824945867061615
1638453953162093878 1.272163987159729 -3.358696460723877 0.0 0.0 0.0 -0.9999483823776245 0.010158677585422993
1638453953294093847 1.253745436668396 -3.3583505153656006 0.0 0.0 0.0 -0.9995635747909546 -0.02954009920358658
1638453953461093903 1.2306489944458008 -3.3558921813964844 0.0 0.0 0.0 -0.997006893157959 -0.0773128867149353
1638453953595093966 1.2213704586029053 -3.354168176651001 0.0 0.0 0.0 0.9933481216430664 0.11514987051486969
1638453953762094021 1.1989692449569702 -3.347749948501587 0.0 0.0 0.0 0.9866971373558044 0.16256918013095856
1638453953894093990 1.1818329095840454 -3.341198444366455 0.0 0.0 0.0 0.9797852039337158 0.2000524401664734
1638453954100093842 1.156186819076538 -3.328458309173584 0.0 0.0 0.0 0.966552197933197 0.25646987557411194
1638453954233093977 1.1403639316558838 -3.318586826324463 0.0 0.0 0.0 0.955715000629425 0.2942937910556793
1638453954401093960 1.1216895580291748 -3.3045222759246826 0.0 0.0 0.0 0.9404155015945435 0.3400275409221649
1638453954536093950 1.1076717376708984 -3.291879177093506 0.0 0.0 0.0 0.9261088967323303 0.37725624442100525
1638453954701093912 1.0920188426971436 -3.275028944015503 0.0 0.0 0.0 0.906806468963623 0.42154717445373535
1638453954843093872 1.0799654722213745 -3.2594640254974365 0.0 0.0 0.0 0.8883321285247803 0.45920154452323914
1638453954998093843 1.0681571960449219 -3.2411558628082275 0.0 0.0 0.0 0.8671002984046936 0.4981335997581482
1638453955143093824 1.0586377382278442 -3.223318338394165 0.0 0.0 0.0 0.8480700254440308 0.5298842191696167
1638453955281303167 1.0513359308242798 -3.2071497440338135 0.0 0.0 0.0 0.8323073983192444 0.5543143153190613
1638453955449303150 1.0429675579071045 -3.185098648071289 0.0 0.0 0.0 0.8137533068656921 0.5812104344367981
1638453955583303213 1.0372203588485718 -3.167114019393921 0.0 0.0 0.0 0.8014959692955017 0.598000168800354
1638453955752303123 1.030968427658081 -3.14436936378479 0.0 0.0 0.0 0.7897712588310242 0.6134014129638672
1638453955886303186 1.0265833139419556 -3.126342535018921 0.0 0.0 0.0 0.7831740975379944 0.6218024492263794
163845395651303148 1.0215345621109009 -3.103766679763794 0.0 0.0 0.0 0.7782662510871887 0.6279343962669373
1638453956252303123 1.0157784223556519 -3.076629877090454 0.0 0.0 0.0 0.7767798900604248 0.6297721862792969
1638453956386303186 1.0118043422698975 -3.058326482772827 0.0 0.0 0.0 0.780405580997467 0.6252737045288086
1638453956558303118 1.00638747215271 -3.0351855754852295 0.0 0.0 0.0 0.7874047160148621 0.6164363622665405
1638453956693303108 1.0016299486160278 -3.016965866088867 0.0 0.0 0.0 0.7955812215805054 0.6058469414710999
1638453956858303070 0.995084285736084 -2.9946727752685547 0.0 0.0 0.0 0.8053753972053528 0.5927650928497314
1638453956993303061 0.9891448616981506 -2.976457357406616 0.0 0.0 0.0 0.8138281106948853 0.581105649471283
1638453957161303043 0.9810201525688171 -2.954502582550049 0.0 0.0 0.0 0.8281236290931702 0.5605454444885254
1638453957330303192 0.971580445766449 -2.9329166412353516 0.0 0.0 0.0 0.8466911315917969 0.5320847034454346
1638453957432303190 0.9650663733482361 -2.920130491256714 0.0 0.0 0.0 0.8590117692947388 0.5119557976722717
1638453957532303095 0.9583064913749695 -2.908311128616333 0.0 0.0 0.0 0.8709473609924316 0.4913763403892517
1638453957631303072 0.9508637189865112 -2.8966081142425537 0.0 0.0 0.0 0.8821294903755188 0.47100698947906494
1638453957808866978 0.9342978596687317 -2.8742752075195312 0.0 0.0 0.0 0.9037802815437317 0.42799678444862366
1638453957940866947 0.922023355960846 -2.8602328300476074 0.0 0.0 0.0 0.9171532988548279 0.3985345959663391
1638453958106867075 0.9055229425430298 -2.8438823223114014 0.0 0.0 0.0 0.9320724606513977 0.36227181553840637
1638453958307867050 0.8838191628456116 -2.8259003162384033 0.0 0.0 0.0 0.9487571716308594 0.31600603461265564
1638453958507866859 0.8609281182289124 -2.8103842735290527 0.0 0.0 0.0 0.9627845883369446 0.2702700197696686
1638453958742866993 0.8321731686592102 -2.7949512004852295 0.0 0.0 0.0 0.9762981534004211 0.21642997860908508
1638453958943866968 0.8060654997825623 -2.7842633724212646 0.0 0.0 0.0 0.9856811165809631 0.1686200350522995
1638453959110867023 0.7837179899215698 -2.77738881111145 0.0 0.0 0.0 0.9917411208152771 0.1282559484243393
1638453959278867006 0.7699146866798401 -2.774186849594116 0.0 0.0 0.0 -0.996101975440979 -0.08820932358503342
1638453959457866907 0.7451863288879395 -2.77087664604187 0.0 0.0 0.0 -0.998965859413147 -0.04546700045466423
1638453959659867048 0.7172033786773682 -2.7696707248687744 0.0 0.0 0.0 -0.9999985098838806 0.0017326624365523458
1638453959862866879 0.6887030005455017 -2.7711708545684814 0.0 0.0 0.0 -0.9987367987632751 0.050246961414813995
163845396063867092 0.6607542634010315 -2.7753632068634033 0.0 0.0 0.0 -0.9951947927474976 0.09791499376296997
1638453960230908155 0.641639232635498 -2.779862880706787 0.0 0.0 0.0 -0.9911670088768005 0.1326194405555725
1638453960364907980 0.6239763498306274 -2.785276412963867 0.0 0.0 0.0 -0.9865688681602478 0.16334591805934906
1638453960563908100 0.5982474088668823 -2.7954154014587402 0.0 0.0 0.0 -0.9777502417564392 0.2097722738981247
1638453960698908091 0.5815210938453674 -2.803609609603882 0.0 0.0 0.0 -0.9704392552375793 0.24134548008441925
1638453960833908081 0.5649667382240295 -2.813098669052124 0.0 0.0 0.0 -0.9621855616569519 0.27239474654197693
1638453960999908209 0.5456262826919556 -2.826146364212036 0.0 0.0 0.0 -0.9501464366912842 0.3118040859699249
1638453961133908033 0.5308986306190491 -2.8377537727355957 0.0 0.0 0.0 -0.9392795562744141 0.34315288066864014
1638453961304908037 0.5133507251739502 -2.8538482189178467 0.0 0.0 0.0 -0.9243394136428833 0.38157135248184204
1638453961439908028 0.5004417300224304 -2.8675544261932373 0.0 0.0 0.0 -0.9116942882537842 0.41086921095848083
1638453961588908195 0.48739153146743774 -2.8834595680236816 0.0 0.0 0.0 -0.8965957760810852 0.44284990429878235
1638453961756908178 0.47396114468574524 -2.902567148208618 0.0 0.0 0.0 -0.8781483769416809 0.47838830947875977
1638453961890908003 0.464281290769577 -2.918686866760254 0.0 0.0 0.0 -0.8622002005577087 0.506567656993866
163845396256908131 0.4537241756916046 -2.939577102661133 0.0 0.0 0.0 -0.8408401608467102 0.5412835478782654
1638453962190908194 0.4465608596801758 -2.9567155838012695 0.0 0.0 0.0 -0.8236652612686157 0.5670762658119202
1638453962358908176 0.4389689266681671 -2.978858232498169 0.0 0.0 0.0 -0.8040196299552917 0.5946027636528015
1638453962492908001 0.43392226099967957 -2.9968411922454834 0.0 0.0 0.0 -0.7904950380325317 0.6124684810638428
1638453962659908056 0.4286516606807709 -3.0195205211639404 0.0 0.0 0.0 -0.7755630612373352 0.6312701106071472
1638453962779469013 0.42519569396972656 -3.0379276275634766 0.0 0.0 0.0 -0.7633906602859497 0.6459370851516724
1638453962945469141 0.42185840010643005 -3.0610480308532715 0.0 0.0 0.0 -0.7487361431121826 0.6628681421279907
1638453963112469196 0.4193941354751587 -3.084329605102539 0.0 0.0 0.0 -0.7384679913520813 0.6742885112762451
1638453963313469172 0.41719162464141846 -3.1121346950531006 0.0 0.0 0.0 -0.7314882874488831 0.6818540096282959
1638453963446469069 0.41593003273010254 -3.1306190490722656 0.0 0.0 0.0 -0.7304446697235107 0.6829718351364136
1638453963579469204 0.4146232306957245 -3.149125814437866 0.0 0.0 0.0 -0.7331716418266296 0.680043637752533
1638453963748469114 0.4125989079475403 -3.1723735332489014 0.0 0.0 0.0 -0.7417821884155273 0.6706408858299255
1638453963948469162 0.40915656089782715 -3.1999735832214355 0.0 0.0 0.0 -0.7583667635917664 0.6518281102180481
1638453964113469124 0.405058890581131 -3.222764253616333 0.0 0.0 0.0 -0.7765336632728577 0.6300757527351379
1638453964279469013 0.39956387877464294 -3.24528431892395 0.0 0.0 0.0 -0.7961461544036865 0.605104386806488
1638453964447468996 0.3926168382167816 -3.267559051513672 0.0 0.0 0.0 -0.8145235776901245 0.5801304578781128
1638453964581469059 0.38604438304901123 -3.2850959300994873 0.0 0.0 0.0 -0.8290090560913086 0.559235155582428
1638453964748469114 0.37652623653411865 -3.3066205978393555 0.0 0.0 0.0 -0.8464504480361938 0.5324674844741821
1638453964881469011 0.3680751621723175 -3.323134660720825 0.0 0.0 0.0 -0.8594755530357361 0.5111768245697021
163845396549468994 0.3562057912349701 -3.3433401584625244 0.0 0.0 0.0 -0.8756164908409119 0.4830069839954376
1638453965183469057 0.3457287549972534 -3.359015703201294 0.0 0.0 0.0 -0.8878447413444519 0.460143119096756
1638453965350913048 0.3316291272640228 -3.3776700496673584 0.0 0.0 0.0 -0.9022696018218994 0.43117231130599976
1638453965484913111 0.31950369477272034 -3.391909599304199 0.0 0.0 0.0 -0.9132988452911377 0.40729010105133057
1638453965653913021 0.3032535910606384 -3.4088990688323975 0.0 0.0 0.0 -0.9256442189216614 0.3783949613571167
1638453965787913084 0.28963932394981384 -3.421574354171753 0.0 0.0 0.0 -0.9351488351821899 0.3542550802230835
1638453965953913212 0.2717454731464386 -3.436389923095703 0.0 0.0 0.0 -0.946215808391571 0.3235361576080322
163845396686913109 0.2568981349468231 -3.4472992420196533 0.0 0.0 0.0 -0.9542898535728455 0.29888278245925903
1638453966252912998 0.25309404730796814 -3.449897289276123 0.0 0.0 0.0 -0.956767201423645 0.2908548414707184
1638453966385913134 0.25294679403305054 -3.449995756149292 0.0 0.0 0.0 -0.9569242000579834 0.29033780097961426
1638453966551913023 0.25282031297683716 -3.450079917907715 0.0 0.0 0.0 -0.9587540030479431 0.2842370867729187
1638453966684913158 0.2528420090675354 -3.4500668048858643 0.0 0.0 0.0 -0.96212238073349 0.27261781692504883
1638453966850913048 0.25284191966056824 -3.4500668048858643 0.0 0.0 0.0 -0.9676139950752258 0.25243455171585083
1638453966984913111 0.2527535855770111 -3.4501161575317383 0.0 0.0 0.0 -0.9734740853309631 0.22879722714424133
1638453967149913073 0.25266116857528687 -3.450157403945923 0.0 0.0 0.0 -0.9808859825134277 0.1945832520723343
1638453967348913193 0.252684623003006 -3.450148105621338 0.0 0.0 0.0 -0.989081084728241 0.1473722904920578
1638453967553913116 0.2526105046272278 -3.450164794921875 0.0 0.0 0.0 -0.9951714873313904 0.09815119206905365
1638453967686913013 0.2526598572731018 -3.45015287399292 0.0 0.0 0.0 -0.9978741407394409 0.065170519053936
1638453967860161066 0.2522810101509094 -3.4501779079437256 0.0 0.0 0.0 -0.9996901154518127 0.02489388734102249
163845396844161081 0.24997839331626892 -3.450193166732788 0.0 0.0 0.0 -0.9998930096626282 -0.014627098105847836
1638453968192161083 0.2466968148946762 -3.4499635696411133 0.0 0.0 0.0 -0.9985292553901672 -0.05421510711312294
1638453968456161022 0.24275588989257812 -3.449301242828369 0.0 0.0 0.0 0.9929516315460205 0.11852016299962997
1638453968656161070 0.23901647329330444 -3.4482061862945557 0.0 0.0 0.0 0.9861687421798706 0.16574439406394958
1638453968789160967 0.23665283620357513 -3.4473018646240234 0.0 0.0 0.0 0.9803789258003235 0.19712209701538086
1638453968955161095 0.23344579339027405 -3.4457969665527344 0.0 0.0 0.0 0.971662700176239 0.23637168109416962
1638453969155161142 0.22809453308582306 -3.4426681995391846 0.0 0.0 0.0 0.9591537714004517 0.28288528323173523
1638453969287161112 0.22362446784973145 -3.4395663738250732 0.0 0.0 0.0 0.9495919942855835 0.3134884238243103
1638453969464161158 0.2169857621192932 -3.4341742992401123 0.0 0.0 0.0 0.9350046515464783 0.35463541746139526
1638453969665161133 0.2097984254360199 -3.4272286891937256 0.0 0.0 0.0 0.9193155765533447 0.39352110028266907
1638453969867161036 0.2032228410243988 -3.419835329055786 0.0 0.0 0.0 0.905350387096405 0.4246653914451599
1638453970160933 0.19915781915187836 -3.414757490158081 0.0 0.0 0.0 0.897604763507843 0.440801203250885
1638453970200160980 0.19327639043331146 -3.406830310821533 0.0 0.0 0.0 0.8889360427856445 0.4580312967300415
1638453970362039089 0.18849602341651917 -3.3998889923095703 0.0 0.0 0.0 0.8814002871513367 0.47237011790275574
1638453970513039112 0.18444038927555084 -3.393589973449707 0.0 0.0 0.0 0.8744691014289856 0.4850812554359436
1638453970646039009 0.1810433715581894 -3.3880131244659424 0.0 0.0 0.0 0.8695676326751709 0.4938138723373413
1638453970813039064 0.176822230219841 -3.380805492401123 0.0 0.0 0.0 0.8655821084976196 0.5007670521736145
163845397113039112 0.17191754281520844 -3.372152090072632 0.0 0.0 0.0 0.8631095886230469 0.5050166249275208
1638453971163039207 0.16857832670211792 -3.3662185668945312 0.0 0.0 0.0 0.8633580803871155 0.5045917630195618
1638453971317039013 0.16441906988620758 -3.3588297367095947 0.0 0.0 0.0 0.8633115887641907 0.5046713352203369
1638453971452039003 0.16106414794921875 -3.3528761863708496 0.0 0.0 0.0 0.8634181022644043 0.5044890642166138
1638453971585039139 0.1578456461429596 -3.34716534614563 0.0 0.0 0.0 0.8635378479957581 0.5042839646339417
1638453971784039021 0.1530071645975113 -3.338590145111084 0.0 0.0 0.0 0.8634962439537048 0.504355251789093
1638453971951039076 0.14883901178836823 -3.3312063217163086 0.0 0.0 0.0 0.8636698126792908 0.5040580034255981
1638453972119039059 0.14468133449554443 -3.323845624923706 0.0 0.0 0.0 0.8637215495109558 0.5039693713188171
1638453972255038977 0.14135807752609253 -3.3179612159729004 0.0 0.0 0.0 0.8635368943214417 0.5042856335639954
1638453972391039133 0.1379762887954712 -3.311964511871338 0.0 0.0 0.0 0.8634463548660278 0.5044406652450562
1638453972557039022 0.1339453160762787 -3.304823160171509 0.0 0.0 0.0 0.8635608553886414 0.5042446851730347
1638453972690039158 0.130648672580719 -3.2989816665649414 0.0 0.0 0.0 0.8637369871139526 0.5039429068565369
1638453972832674026 0.12740038335323334 -3.293229341506958 0.0 0.0 0.0 0.8635328412055969 0.5042926669120789
1638453972998673916 0.1232915148139 -3.2859573364257812 0.0 0.0 0.0 0.8637750148773193 0.5038776993751526
1638453973166673899 0.11919697374105453 -3.2787063121795654 0.0 0.0 0.0 0.8637229800224304 0.5039668679237366
1638453973313673973 0.11563590168952942 -3.2724039554595947 0.0 0.0 0.0 0.86359703540802 0.5041826963424683
1638453973447674036 0.11234106868505478 -3.26656174659729 0.0 0.0 0.0 0.8634358644485474 0.5044586658477783
1638453973580673933 0.10914496332406998 -3.2608962059020996 0.0 0.0 0.0 0.8635134696960449 0.504325807094574
1638453973746674061 0.1050649955868721 -3.253666400909424 0.0 0.0 0.0 0.8636056780815125 0.5041678547859192
1638453973946674109 0.1002412736415863 -3.245112180709839 0.0 0.0 0.0 0.8634976744651794 0.504352867603302
1638453974212673903 0.09374473243951797 -3.2335782051086426 0.0 0.0 0.0 0.8632663488388062 0.5047487020492554
1638453974345674038 0.09050438553094864 -3.2278213500976562 0.0 0.0 0.0 0.8632391095161438 0.5047951936721802
1638453974512674093 0.08642097562551498 -3.220564126968384 0.0 0.0 0.0 0.8632690906524658 0.5047439932823181
1638453974646673918 0.08316901326179504 -3.214784860610962 0.0 0.0 0.0 0.8631740808486938 0.5049064755439758
1638453974845674038 0.07827813178300858 -3.20609450340271 0.0 0.0 0.0 0.8632234334945679 0.5048220753669739
163845397513674021 0.07413486391305923 -3.198725461959839 0.0 0.0 0.0 0.8632047176361084 0.5048540830612183
1638453975249785900 0.06782110035419464 -3.187495708465576 0.0 0.0 0.0 0.8629924654960632 0.5052167773246765
1638453975415786028 0.0638154149055481 -3.1803691387176514 0.0 0.0 0.0 0.8631008267402649 0.5050316452980042
1638453975582785845 0.05965973436832428 -3.172977924346924 0.0 0.0 0.0 0.863102376461029 0.505029022693634
1638453975782785892 0.05478648096323013 -3.164306402206421 0.0 0.0 0.0 0.8631318807601929 0.504978597164154
1638453975947785854 0.05076739937067032 -3.157158136367798 0.0 0.0 0.0 0.8631255626678467 0.5049893856048584
1638453976149785995 0.04579300433397293 -3.148311138153076 0.0 0.0 0.0 0.8631570339202881 0.5049355626106262
1638453976348785877 0.04086858034133911 -3.139552116394043 0.0 0.0 0.0 0.8631881475448608 0.5048823952674866
1638453976482785940 0.03760732337832451 -3.133748769760132 0.0 0.0 0.0 0.862987220287323 0.5052257180213928
1638453976649785995 0.033507537096738815 -3.1264424324035645 0.0 0.0 0.0 0.8629903197288513 0.5052204728126526
1638453976782785892 0.030252063646912575 -3.120636224746704 0.0 0.0 0.0 0.8627909421920776 0.5055608153343201
1638453976982785940 0.025412218645215034 -3.112004041671753 0.0 0.0 0.0 0.862841784954071 0.5054741501808167
1638453977181785822 0.020547881722450256 -3.103327512741089 0.0 0.0 0.0 0.8628067374229431 0.5055338740348816
1638453977348785877 0.016465993598103523 -3.0960402488708496 0.0 0.0 0.0 0.8626919388771057 0.5057297945022583
1638453977484785795 0.01322407927364111 -3.0902552604675293 0.0 0.0 0.0 0.8628330826759338 0.505488932132721
1638453977650785923 0.009177880361676216 -3.0830352306365967 0.0 0.0 0.0 0.8628723621368408 0.5054218769073486
1638453977850728989 0.004341581370681524 -3.0744006633758545 0.0 0.0 0.0 0.8627442121505737 0.5056406259536743
163845397851728964 -0.0004954932373948395 -3.0657668113708496 0.0 0.0 0.0 0.8627146482467651 0.5056910514831543
1638453978184729099 -0.0037629506550729275 -3.0599381923675537 0.0 0.0 0.0 0.8628727197647095 0.5054212808609009
1638453978351729155 -0.0078089069575071335 -3.052717924118042 0.0 0.0 0.0 0.8629127144813538 0.5053529739379883
1638453978486729145 -0.011078213341534138 -3.0468902587890625 0.0 0.0 0.0 0.8628520369529724 0.5054565668106079
1638453978685729027 -0.01592797227203846 -3.0381767749786377 0.0 0.0 0.0 0.8606294989585876 0.509231686592102
1638453978854729176 -0.019877484068274498 -3.030845880508423 0.0 0.0 0.0 0.8564420938491821 0.5162431001663208
163845397956729078 -0.024510856717824936 -3.0218727588653564 0.0 0.0 0.0 0.8517404198646545 0.5239639282226562
1638453979256729126 -0.028895463794469833 -3.012972593307495 0.0 0.0 0.0 0.8464955687522888 0.5323957800865173
1638453979388729095 -0.03176211193203926 -3.006908655166626 0.0 0.0 0.0 0.8431827425956726 0.537627100944519
1638453979562729120 -0.03527623414993286 -2.9991369247436523 0.0 0.0 0.0 0.8363155126571655 0.5482484698295593
1638453979762729168 -0.039036236703395844 -2.9900379180908203 0.0 0.0 0.0 0.8258254528045654 0.5639258027076721
1638453979961729050 -0.042862847447395325 -2.9796338081359863 0.0 0.0 0.0 0.8146828413009644 0.5799067616462708
1638453980162729025 -0.047081358730793 -2.9666342735290527 0.0 0.0 0.0 0.8031668066978455 0.5957542657852173
1638453980341320992 -0.05044281855225563 -2.954854726791382 0.0 0.0 0.0 0.7933903932571411 0.6087131500244141
1638453980547321081 -0.054299961775541306 -2.9392271041870117 0.0 0.0 0.0 0.7812238931655884 0.6242508888244629
1638453980712321043 -0.056992996484041214 -2.926370620727539 0.0 0.0 0.0 0.7712191939353943 0.6365696787834167
1638453980882321119 -0.05934709683060646 -2.9130873680114746 0.0 0.0 0.0 0.762243390083313 0.6472905278205872
163845398150321102 -0.06140784174203873 -2.899806499481201 0.0 0.0 0.0 0.7567808032035828 0.6536687016487122
1638453981251321077 -0.06358377635478973 -2.883908271789551 0.0 0.0 0.0 0.7505673170089722 0.6607940196990967
1638453981387320995 -0.06485810875892639 -2.873354911804199 0.0 0.0 0.0 0.7462039589881897 0.6657174229621887
1638453981553321123 -0.06626113504171371 -2.8602428436279297 0.0 0.0 0.0 0.7416605353355408 0.6707754135131836
1638453981687320948 -0.06731481850147247 -2.849588632583618 0.0 0.0 0.0 0.7408449053764343 0.6716760993003845
1638453981853321075 -0.06859860569238663 -2.8364899158477783 0.0 0.0 0.0 0.7408909201622009 0.6716253161430359
163845398253321123 -0.07014650106430054 -2.8206448554992676 0.0 0.0 0.0 0.7405925393104553 0.671954333782196
1638453982186321020 -0.07118227332830429 -2.8099379539489746 0.0 0.0 0.0 0.7401008009910583 0.67249596118927
1638453982353321075 -0.07252828776836395 -2.795853614807129 0.0 0.0 0.0 0.7399193048477173 0.6726956963539124
1638453982485321045 -0.07368063181638718 -2.783708333969116 0.0 0.0 0.0 0.7396613359451294 0.6729792952537537
1638453982684321165 -0.07559341192245483 -2.763423442840576 0.0 0.0 0.0 0.7395812273025513 0.6730673313140869
1638453982859674931 -0.07742622494697571 -2.743995189666748 0.0 0.0 0.0 0.7396628260612488 0.6729776263237
163845398360674906 -0.07951942831277847 -2.7220492362976074 0.0 0.0 0.0 0.7400985360145569 0.6724984049797058
1638453983263674974 -0.08161485940217972 -2.6999001502990723 0.0 0.0 0.0 0.7380898594856262 0.6747024059295654
1638453983463675022 -0.0833735391497612 -2.6780266761779785 0.0 0.0 0.0 0.7314513921737671 0.681893527507782
1638453983668674946 -0.08473416417837143 -2.6556684970855713 0.0 0.0 0.0 0.724951982498169 0.6887993812561035
1638453983801675081 -0.0853833556175232 -2.641104221343994 0.0 0.0 0.0 0.7203861474990845 0.6935732364654541
1638453983933675051 -0.08583822101354599 -2.6267857551574707 0.0 0.0 0.0 0.716160237789154 0.6979358792304993
1638453984134675026 -0.08618251234292984 -2.604717969894409 0.0 0.0 0.0 0.7089653611183167 0.7052432894706726
1638453984335675001 -0.08607897162437439 -2.5827488899230957 0.0 0.0 0.0 0.7019622921943665 0.7122141122817993
1638453984502675056 -0.08565744757652283 -2.5645556449890137 0.0 0.0 0.0 0.6957800388336182 0.7182549238204956
1638453984634675026 -0.08510714769363403 -2.550164222717285 0.0 0.0 0.0 0.6912165284156799 0.7226477265357971
1638453984800674915 -0.08415479212999344 -2.5319910049438477 0.0 0.0 0.0 0.6855718493461609 0.7280049920082092
1638453984934674978 -0.08317384123802185 -2.5172932147979736 0.0 0.0 0.0 0.680774450302124 0.7324931025505066
1638453985100675106 -0.08169091492891312 -2.4990031719207764 0.0 0.0 0.0 0.6750726699829102 0.7377512454986572
1638453985266931057 -0.07991337031126022 -2.480637550354004 0.0 0.0 0.0 0.6691021919250488 0.743170440196991
1638453985400930882 -0.07828018069267273 -2.465946674346924 0.0 0.0 0.0 0.664684534072876 0.7471241354942322
1638453985600930929 -0.0754944309592247 -2.444103717803955 0.0 0.0 0.0 0.6573497653007507 0.7535856366157532
1638453985736931086 -0.07337937504053116 -2.4294233322143555 0.0 0.0 0.0 0.6520688533782959 0.7581597566604614
1638453985902930975 -0.07050171494483948 -2.411377191543579 0.0 0.0 0.0 0.6460216045379639 0.7633191347122192
163845398641930914 -0.06789055466651917 -2.3963911533355713 0.0 0.0 0.0 0.6415847539901733 0.767052173614502
1638453986208930969 -0.06465278565883636 -2.3786115646362305 0.0 0.0 0.0 0.6405491232872009 0.7679172158241272
1638453986341931105 -0.06205139681696892 -2.3643181324005127 0.0 0.0 0.0 0.6407627463340759 0.7677389979362488
1638453986542931080 -0.05822868272662163 -2.3428895473480225 0.0 0.0 0.0 0.6440576314926147 0.764976978302002
1638453986709930897 -0.05524439364671707 -2.3247838020324707 0.0 0.0 0.0 0.6502220630645752 0.7597442269325256
1638453986910930872 -0.05206582322716713 -2.302917718887329 0.0 0.0 0.0 0.6582812070846558 0.7527720928192139
163845398743931007 -0.050217945128679276 -2.288456439971924 0.0 0.0 0.0 0.663321852684021 0.7483342289924622
1638453987209930897 -0.04817413538694382 -2.2702460289001465 0.0 0.0 0.0 0.669694185256958 0.7426369786262512
1638453987441931009 -0.04585178196430206 -2.244940996170044 0.0 0.0 0.0 0.6784440875053406 0.734652042388916
1638453987607930899 -0.04455268010497093 -2.226763963699341 0.0 0.0 0.0 0.6844919919967651 0.7290204167366028
1638453987738483906 -0.04372698441147804 -2.2122085094451904 0.0 0.0 0.0 0.6891748309135437 0.7245950698852539
1638453987936483860 -0.042836993932724 -2.190561056137085 0.0 0.0 0.0 0.6957886815071106 0.7182465195655823
1638453988202483892 -0.04227880761027336 -2.1615610122680664 0.0 0.0 0.0 0.7047290802001953 0.7094764709472656
1638453988367483854 -0.042298104614019394 -2.143514633178711 0.0 0.0 0.0 0.7101268172264099 0.7040737867355347
1638453988535483837 -0.04260748252272606 -2.1252429485321045 0.0 0.0 0.0 0.7160945534706116 0.6980032324790955
1638453988712483883 -0.043284546583890915 -2.1057660579681396 0.0 0.0 0.0 0.7224658727645874 0.6914065480232239
1638453988844483852 -0.044016577303409576 -2.091231107711792 0.0 0.0 0.0 0.7268446087837219 0.6868019104003906
163845398947483921 -0.04550529271364212 -2.06880521774292 0.0 0.0 0.0 0.7335309982299805 0.6796560287475586
1638453989248483896 -0.04738474637269974 -2.0470685958862305 0.0 0.0 0.0 0.7403236031532288 0.6722506284713745
1638453989450483799 -0.04972078651189804 -2.0250966548919678 0.0 0.0 0.0 0.7467674612998962 0.6650852560997009
1638453989650483847 -0.052439603954553604 -2.003474712371826 0.0 0.0 0.0 0.7530461549758911 0.6579676866531372
1638453989889483929 -0.056221332401037216 -1.977655291557312 0.0 0.0 0.0 0.7601593136787415 0.6497367024421692
163845399090483904 -0.05984277278184891 -1.955960750579834 0.0 0.0 0.0 0.7661882638931274 0.6426161527633667
1638453990267091036 -0.06319218873977661 -1.9377902746200562 0.0 0.0 0.0 0.7709640860557556 0.6368786692619324
1638453990399091005 -0.0660395622253418 -1.9234405755996704 0.0 0.0 0.0 0.77486652135849 0.6321249008178711
1638453990566091061 -0.06989684700965881 -1.9054745435714722 0.0 0.0 0.0 0.78043133020401 0.6252414584159851
1638453990767091036 -0.07489445805549622 -1.884133219718933 0.0 0.0 0.0 0.7866873741149902 0.6173515915870667
16384539911091003 -0.08127079904079437 -1.8592995405197144 0.0 0.0 0.0 0.7937512993812561 0.608242392539978
1638453991135091066 -0.08518516272306442 -1.8451509475708008 0.0 0.0 0.0 0.7977790832519531 0.6029497981071472
1638453991301090956 -0.09028931707143784 -1.8277360200881958 0.0 0.0 0.0 0.8029468059539795 0.5960507392883301
1638453991501091003 -0.09668806195259094 -1.8070100545883179 0.0 0.0 0.0 0.8054112195968628 0.59271639585495
1638453991634091139 -0.10099009424448013 -1.7931333780288696 0.0 0.0 0.0 0.8041757941246033 0.5943915247917175
1638453991800091028 -0.10615480691194534 -1.775815486907959 0.0 0.0 0.0 0.7987933158874512 0.6016055345535278
163845399291076 -0.11180607229471207 -1.7545605897903442 0.0 0.0 0.0 0.7855883836746216 0.6187494397163391
1638453992265091181 -0.1174093633890152 -1.7258796691894531 0.0 0.0 0.0 0.7557586431503296 0.6548503041267395
1638453992397091150 -0.1191069707274437 -1.7115031480789185 0.0 0.0 0.0 0.739473283290863 0.6731858849525452
1638453992536091089 -0.12018048763275146 -1.6964318752288818 0.0 0.0 0.0 0.7246716618537903 0.6890943050384521
1638453992702090979 -0.12074694782495499 -1.6781420707702637 0.0 0.0 0.0 0.7119221687316895 0.7022583484649658
1638453992835191011 -0.1207963302731514 -1.6633356809616089 0.0 0.0 0.0 0.7050742506980896 0.7091334462165833
16384539933190994 -0.12057375907897949 -1.644885540008545 0.0 0.0 0.0 0.7015230059623718 0.7126468420028687
1638453993242190838 -0.12015397101640701 -1.6188695430755615 0.0 0.0 0.0 0.7021639943122864 0.7120152115821838
1638453993440190792 -0.12000749260187149 -1.5971791744232178 0.0 0.0 0.0 0.708261251449585 0.7059503793716431
1638453993640190840 -0.1204838678240776 -1.5752415657043457 0.0 0.0 0.0 0.7224379777908325 0.691435694694519
1638453993805190802 -0.12168142944574356 -1.5572364330291748 0.0 0.0 0.0 0.737959086894989 0.6748454570770264
1638453993941190958 -0.12327955663204193 -1.5426443815231323 0.0 0.0 0.0 0.7510920763015747 0.6601974368095398
1638453994108191013 -0.12606394290924072 -1.5244314670562744 0.0 0.0 0.0 0.7664369940757751 0.6423195004463196
1638453994242190838 -0.1288868635892868 -1.5098453760147095 0.0 0.0 0.0 0.7759053111076355 0.6308493614196777
1638453994442190886 -0.1337386518716812 -1.4884189367294312 0.0 0.0 0.0 0.785204291343689 0.6192367672920227
1638453994643190861 -0.13891732692718506 -1.4671205282211304 0.0 0.0 0.0 0.786442756652832 0.6176632046699524
1638453994809190989 -0.14312775433063507 -1.449415922164917 0.0 0.0 0.0 0.7820696234703064 0.6231910586357117
163845399513190985 -0.14772184193134308 -1.42762291431427 0.0 0.0 0.0 0.7694228887557983 0.6387397050857544
1638453995181190968 -0.15069402754306793 -1.4094395637512207 0.0 0.0 0.0 0.7542933225631714 0.6565375328063965
1638453995404855967 -0.15331949293613434 -1.3840161561965942 0.0 0.0 0.0 0.7299703359603882 0.683478832244873
1638453995603856087 -0.1539229452610016 -1.36216139793396 0.0 0.0 0.0 0.7028717398643494 0.7113166451454163
1638453995802855968 -0.1528279036283493 -1.340503215789795 0.0 0.0 0.0 0.6747538447380066 0.7380428910255432
163845399634856081 -0.14947748184204102 -1.3154489994049072 0.0 0.0 0.0 0.6415897607803345 0.7670480012893677
1638453996201855898 -0.14575843513011932 -1.2975852489471436 0.0 0.0 0.0 0.62049400806427 0.7842111587524414
1638453996400856018 -0.1402391493320465 -1.2765051126480103 0.0 0.0 0.0 0.6027163863182068 0.7979554533958435
1638453996600856066 -0.13393676280975342 -1.255433201789856 0.0 0.0 0.0 0.5932822227478027 0.804994523525238
1638453996802855968 -0.12732566893100739 -1.2342430353164673 0.0 0.0 0.0 0.5923169851303101 0.8057050108909607
16384539976855965 -0.12070395052433014 -1.212738275527954 0.0 0.0 0.0 0.5974651575088501 0.8018949031829834
1638453997204855919 -0.11476163566112518 -1.1916937828063965 0.0 0.0 0.0 0.610905110836029 0.7917038202285767
1638453997405855894 -0.10980099439620972 -1.170320749282837 0.0 0.0 0.0 0.6339211463928223 0.77339768409729
1638453997538856030 -0.10728400945663452 -1.1559622287750244 0.0 0.0 0.0 0.6529208421707153 0.7574261426925659
1638453997785050869 -0.10462001711130142 -1.1297072172164917 0.0 0.0 0.0 0.6875280141830444 0.7261578440666199
1638453997984050989 -0.1042604148387909 -1.1078977584838867 0.0 0.0 0.0 0.7148987650871277 0.6992279887199402
1638453998150050879 -0.10525040328502655 -1.089678406715393 0.0 0.0 0.0 0.736473023891449 0.6764668822288513
1638453998352050781 -0.1078425720334053 -1.0675852298736572 0.0 0.0 0.0 0.7566898465156555 0.6537740230560303
1638453998554050922 -0.11151113361120224 -1.0457972288131714 0.0 0.0 0.0 0.7693362236022949 0.6388440728187561
1638453998686050892 -0.11429072171449661 -1.0316147804260254 0.0 0.0 0.0 0.7743968367576599 0.6327002048492432
1638453998886050940 -0.11876536905765533 -1.010209083557129 0.0 0.0 0.0 0.7767285108566284 0.6298354864120483
163845399955050850 -0.12249607592821121 -0.9921905398368835 0.0 0.0 0.0 0.773077130317688 0.6343120336532593
1638453999260051012 -0.12645381689071655 -0.9702216386795044 0.0 0.0 0.0 0.7608644366264343 0.6489108204841614
1638453999461050987 -0.12941555678844452 -0.9483016133308411 0.0 0.0 0.0 0.7439193725585938 0.6682693362236023
1638453999664050817 -0.1311146765947342 -0.9261724948883057 0.0 0.0 0.0 0.7231308817863464 0.6907110214233398
1638453999830050945 -0.13150765001773834 -0.9081066846847534 0.0 0.0 0.0 0.7061519622802734 0.7080602645874023
1638453999996050835 -0.13102680444717407 -0.8898657560348511 0.0 0.0 0.0 0.689216673374176 0.7245553135871887
1638454000132050991 -0.1299743950366974 -0.8749197721481323 0.0 0.0 0.0 0.6745976209640503 0.7381856441497803
1638454000296348095 -0.12783463299274445 -0.8564162850379944 0.0 0.0 0.0 0.6558987498283386 0.7548488974571228
1638454000496348143 -0.124163918197155 -0.834861159324646 0.0 0.0 0.0 0.6337710022926331 0.7735207080841064
1638454000696348190 -0.11920678615570068 -0.8133833408355713 0.0 0.0 0.0 0.6107086539268494 0.7918553352355957
1638454000898348093 -0.11291664838790894 -0.7920200228691101 0.0 0.0 0.0 0.5870946049690247 0.8095183372497559
1638454001165348053 -0.10261049121618271 -0.7646745443344116 0.0 0.0 0.0 0.5479764342308044 0.8364937901496887
1638454001363348007 -0.09320737421512604 -0.7451901435852051 0.0 0.0 0.0 0.513762354850769 0.8579325675964355
1638454001565348148 -0.08199416100978851 -0.7260981798171997 0.0 0.0 0.0 0.4801623821258545 0.8771796226501465
1638454001732348204 -0.07163757085800171 -0.7110456228256226 0.0 0.0 0.0 0.4513309597969055 0.8923566341400146
1638454001899348021 -0.0604059211909771 -0.6967951059341431 0.0 0.0 0.0 0.4217098355293274 0.9067308306694031
163845400297347975 -0.04572560638189316 -0.6806618571281433 0.0 0.0 0.0 0.38661566376686096 0.9222409129142761
1638454002397348166 -0.02153928577899933 -0.6585597395896912 0.0 0.0 0.0 0.3405923843383789 0.9402110576629639
1638454002598348141 -0.004452364984899759 -0.6449549794197083 0.0 0.0 0.0 0.3203234374523163 0.9473082423210144
1638454002809163094 0.013253014534711838 -0.6320368647575378 0.0 0.0 0.0 0.2983037531375885 0.9544709920883179
16384540039163141 0.03163684532046318 -0.6201068758964539 0.0 0.0 0.0 0.2675487697124481 0.9635443091392517
1638454003210163116 0.05087919533252716 -0.6095710396766663 0.0 0.0 0.0 0.22700200974941254 0.9738942980766296
1638454003445163012 0.07471544295549393 -0.5996338725090027 0.0 0.0 0.0 0.1636509895324707 0.9865183234214783
1638454003648163080 0.09619919955730438 -0.5937072038650513 0.0 0.0 0.0 0.10552425682544708 0.9944167137145996
1638454003816163063 0.11431118845939636 -0.5906383991241455 0.0 0.0 0.0 0.06315891444683075 0.9980034828186035
1638454004163078 0.13445518910884857 -0.5889061689376831 0.0 0.0 0.0 0.02453594282269478 0.9996989369392395
1638454004168163061 0.1380968987941742 -0.5887581706047058 0.0 0.0 0.0 0.015405552461743355 0.9998813271522522
1638454004333163023 0.13812220096588135 -0.5887573957443237 0.0 0.0 0.0 0.01564587838947773 0.9998775720596313
1638454004566163063 0.1381474882364273 -0.5887566208839417 0.0 0.0 0.0 0.026398273184895515 0.9996514916419983
1638454004784162998 0.13814741373062134 -0.5887554883956909 0.0 0.0 0.0 0.052575789391994476 0.9986169338226318
1638454004951163054 0.13819792866706848 -0.5887516140937805 0.0 0.0 0.0 0.07903687655925751 0.9968717098236084
1638454005149163008 0.13881579041481018 -0.5886154770851135 0.0 0.0 0.0 0.12074869126081467 0.9926831126213074
1638454005347775936 0.14123418927192688 -0.5878714919090271 0.0 0.0 0.0 0.16851724684238434 0.9856986999511719
1638454005546775818 0.1448388397693634 -0.5863922834396362 0.0 0.0 0.0 0.21682478487491608 0.9762105345726013
1638454005682775974 0.147163987159729 -0.5852141976356506 0.0 0.0 0.0 0.24830122292041779 0.9686828851699829
1638454005885775805 0.15056948363780975 -0.5831206440925598 0.0 0.0 0.0 0.2951631247997284 0.9554468989372253
163845400651775932 0.1531868577003479 -0.5811701416969299 0.0 0.0 0.0 0.33425021171569824 0.9424843788146973
1638454006186775923 0.1551951915025711 -0.5794302821159363 0.0 0.0 0.0 0.36511972546577454 0.9309605956077576
1638454006386775970 0.15796007215976715 -0.5766134262084961 0.0 0.0 0.0 0.4093925952911377 0.9123583436012268
1638454006561775923 0.16010500490665436 -0.5739873051643372 0.0 0.0 0.0 0.4473458528518677 0.8943610787391663
1638454006727775812 0.1619013398885727 -0.5713838338851929 0.0 0.0 0.0 0.4821755290031433 0.8760746121406555
1638454006961775780 0.1641845405101776 -0.5672697424888611 0.0 0.0 0.0 0.5318470597267151 0.8468404412269592
1638454007159775972 0.16573123633861542 -0.56363844871521 0.0 0.0 0.0 0.5720425844192505 0.8202239274978638
1638454007360775948 0.1669534295797348 -0.5597526431083679 0.0 0.0 0.0 0.6111147403717041 0.7915420532226562
1638454007628775835 0.1679714471101761 -0.5544365048408508 0.0 0.0 0.0 0.6612551808357239 0.7501610517501831
1638454007786596060 0.16836030781269073 -0.5497968196868896 0.0 0.0 0.0 0.6908431649208069 0.7230046391487122
1638454007951596022 0.16838181018829346 -0.5445336699485779 0.0 0.0 0.0 0.719781219959259 0.6942009925842285
1638454008185595989 0.16753384470939636 -0.5353643298149109 0.0 0.0 0.0 0.7571725845336914 0.6532149314880371
1638454008453596115 0.16533318161964417 -0.5250739455223083 0.0 0.0 0.0 0.7950682640075684 0.6065199971199036
1638454008655596018 0.162893608212471 -0.5173526406288147 0.0 0.0 0.0 0.8181370496749878 0.5750232934951782
1638454008889595985 0.15932096540927887 -0.5086444020271301 0.0 0.0 0.0 0.8422806262969971 0.5390392541885376
163845400955596113 0.15636979043483734 -0.5026500821113586 0.0 0.0 0.0 0.8551649451255798 0.5183559060096741
1638454009256596088 0.1524837613105774 -0.49560225009918213 0.0 0.0 0.0 0.8662698268890381 0.4995764195919037
1638454009489596128 0.14740483462810516 -0.487227201461792 0.0 0.0 0.0 0.8749485611915588 0.4842158854007721
1638454009657596111 0.14283137023448944 -0.48005735874176025 0.0 0.0 0.0 0.8787978887557983 0.4771941602230072
1638454009858596087 0.13629339635372162 -0.4702102839946747 0.0 0.0 0.0 0.8834390640258789 0.4685460329055786
1638454010158596039 0.12449540197849274 -0.4533516764640808 0.0 0.0 0.0 0.8902987241744995 0.4553769528865814
1638454010404012918 0.11483126878738403 -0.44028881192207336 0.0 0.0 0.0 0.8954424262046814 0.4451773762702942
1638454010606013060 0.10619890689849854 -0.42911088466644287 0.0 0.0 0.0 0.8996367454528809 0.43663910031318665
1638454010807013035 0.09744969010353088 -0.4182182848453522 0.0 0.0 0.0 0.9038149118423462 0.42792361974716187
16384540118013010 0.08802159130573273 -0.406933069229126 0.0 0.0 0.0 0.907818615436554 0.4193630814552307
1638454011310013056 0.07098326832056046 -0.38747066259384155 0.0 0.0 0.0 0.9133721590042114 0.40712568163871765
1638454011494013071 0.059945013374090195 -0.37540850043296814 0.0 0.0 0.0 0.9168795943260193 0.3991639316082001
1638454011693012953 0.04777369648218155 -0.36256858706474304 0.0 0.0 0.0 0.9205839037895203 0.3905448615550995
1638454011894012928 0.035012826323509216 -0.3496299088001251 0.0 0.0 0.0 0.924513578414917 0.3811490535736084
163845401228012991 0.026440495625138283 -0.3412003815174103 0.0 0.0 0.0 0.926214873790741 0.3769960105419159
1638454012262012959 0.011413410305976868 -0.32655611634254456 0.0 0.0 0.0 0.9262896776199341 0.3768121600151062
1638454012493013144 -0.0032662800513207912 -0.31213605403900146 0.0 0.0 0.0 0.9239976406097412 0.38239815831184387
1638454012659013033 -0.013649831525981426 -0.3015453517436981 0.0 0.0 0.0 0.919540524482727 0.3929952085018158
1638454012792012930 -0.0217079296708107 -0.2928982079029083 0.0 0.0 0.0 0.9140793681144714 0.4055352807044983
1638454012963690996 -0.031682610511779785 -0.2813483476638794 0.0 0.0 0.0 0.9038726091384888 0.4278017580509186
1638454013163691044 -0.04267050698399544 -0.26694202423095703 0.0 0.0 0.0 0.8874037861824036 0.4609929025173187
1638454013431690931 -0.055381979793310165 -0.24666380882263184 0.0 0.0 0.0 0.8620721697807312 0.50678551197052
1638454013598690987 -0.06218136101961136 -0.23342807590961456 0.0 0.0 0.0 0.8448579907417297 0.534990668296814
1638454013734691143 -0.06710231304168701 -0.22229386866092682 0.0 0.0 0.0 0.8307566046714783 0.556635856628418
1638454013901690960 -0.07237616181373596 -0.20819033682346344 0.0 0.0 0.0 0.8120116591453552 0.5836412310600281
163845401438691044 -0.07595350593328476 -0.1965283304452896 0.0 0.0 0.0 0.7960895299911499 0.6051788330078125
1638454014302690983 -0.08111338317394257 -0.17341677844524384 0.0 0.0 0.0 0.7640016674995422 0.645214319229126
1638454014536690950 -0.08366639167070389 -0.15259742736816406 0.0 0.0 0.0 0.733292818069458 0.6799129247665405
1638454014703691006 -0.0843190997838974 -0.1375289112329483 0.0 0.0 0.0 0.7108478546142578 0.7033458352088928
1638454014868690968 -0.08400803804397583 -0.1228797510266304 0.0 0.0 0.0 0.6879390478134155 0.7257684469223022
163845401532691002 -0.08276330679655075 -0.10817841440439224 0.0 0.0 0.0 0.6654645800590515 0.746429443359375
1638454015199691057 -0.08054259419441223 -0.09338875114917755 0.0 0.0 0.0 0.6379421949386597 0.7700842618942261
1638454015352402925 -0.07718194276094437 -0.0789470449090004 0.0 0.0 0.0 0.6041992902755737 0.7968332171440125
1638454015585402966 -0.07016436010599136 -0.05921819433569908 0.0 0.0 0.0 0.5459620952606201 0.8378098607063293
1638454015854403019 -0.058191198855638504 -0.03797660768032074 0.0 0.0 0.0 0.458527147769928 0.8886803984642029
163845401654402828 -0.04659856855869293 -0.024441909044981003 0.0 0.0 0.0 0.3760673403739929 0.9265923500061035
1638454016256402969 -0.0323939248919487 -0.013111643493175507 0.0 0.0 0.0 0.28315550088882446 0.9590740203857422
1638454016523402929 -0.010671314783394337 -0.002783676143735647 0.0 0.0 0.0 0.15693260729312897 0.987609326839447
1638454016759402990 0.010345452465116978 0.0014722199412062764 0.0 0.0 0.0 0.0417817160487175 0.9991267919540405
163845401760402870 0.013351467438042164 0.001658637193031609 0.0 0.0 0.0 0.019935352727770805 0.9998012781143188
1638454017250402927 0.01335146650671959 0.0016586306737735868 0.0 0.0 0.0 0.020083731040358543 0.9997982978820801
1638454017449402809 0.013376756571233273 0.0016596466302871704 0.0 0.0 0.0 0.020125914365053177 0.9997974634170532
1638454017719403028 0.013376756571233273 0.001659640809521079 0.0 0.0 0.0 0.020062880590558052 0.9997987151145935
163845401811147976 0.013376755639910698 0.0016596467467024922 0.0 0.0 0.0 0.020136268809437752 0.9997972249984741
1638454018242148161 0.01335146464407444 0.0016586314886808395 0.0 0.0 0.0 0.02003493160009384 0.9997992515563965
1638454018407148123 -0.0014449839776776805 0.0043090224844942295 7.402166079292934e-05 8.250882957957318e-05 9.633843027022652e-05 0.020859175451279018 0.9997824403444728
1638454018640148163 -0.018230579986582146 0.007309425816534702 0.00015785566815117023 0.0001759348873758427 0.00020545382800516343 0.021694210790725074 0.9997646335291527
1638454018807147980 -0.018230579960336737 0.007309418133168742 0.0001578556655057717 0.00017594857486995016 0.00020544209329449506 0.021760848205130735 0.9997631488058074
163845401941148186 -0.018230579933693668 0.007309410333388146 0.0001578556628202914 0.00017592355953462526 0.00020546351811099852 0.02163911193675282 0.9997658005213594
1638454019206148148 -0.01820529349168239 0.0073105133731971176 0.0001578454600492618 0.0001759557726195271 0.00020543594529454697 0.02179583682211448 0.999762433394347
1638454019506148100 -0.018255867335653365 0.007308315672251554 0.000157865868865824 0.00017595116269258814 0.00020543988194831318 0.021773429947090805 0.9997628888976775
1638454019708148003 -0.01825586736229643 0.007308323472032149 0.0001578658715513043 0.0001759212974395986 0.0002054654616254084 0.021628089226451652 0.9997660577667131
1638454019840148211 -0.018230580907560107 0.007309422786572777 0.00015785566749765723 0.00017595570879715163 0.0002054359977729348 0.021795531348766738 0.9997624339160857
1638454020107148170 -0.01823057996550629 0.007309419646559007 0.00015785566602683504 0.00017595385792361414 0.00020543758228484446 0.021786525778343425 0.9997626281114997
1638454020308148146 -0.018205292575078663 0.007310517683720036 0.00015784546114367453 0.00017594610574136408 0.00020544420704367517 0.02174883456909177 0.9997634077436305
1638454020507372141 -0.01823057903577986 0.007309420115398945 0.00015785566579854852 0.00017594456113739665 0.00020544553972332133 0.021741294898209147 0.9997635994353351
1638454020709372044 -0.018255865465463747 0.007308313466736265 0.00015786586732704247 0.00017594904964615788 0.00020544170290648806 0.021763120628815164 0.9997631449245806
163845402144372082 -0.0182052925512192 0.007310510698841892 0.0001578454587387668 0.00017591255391857176 0.00020547294326497313 0.021585555350658193 0.999766964879422
1638454021312372208 -0.01820529351315591 0.007310519659587449 0.00015784546221367875 0.00017591477748667663 0.00020547103142959006 0.021596393659365293 0.9997667079490202
1638454021488372087 -0.01823057996471097 0.0073094194137297355 0.00015785566594667146 0.00017595286724165506 0.0002054384177527073 0.021781735163985152 0.9997626958984449
1638454021755372047 -0.018230579955564846 0.0073094167361931126 0.00015785566502479016 0.0001759505736246015 0.0002054403871863209 0.021770561579652476 0.9997629534014867
1638454021959372044 -0.018205293485717523 0.007310511626977581 0.00015784545944803487 0.00017591762799287218 0.00020546860409004363 0.021610232684921262 0.9997664458934904
1638454022163372040 -0.018205293521904378 0.007310522220709435 0.00015784546309547827 0.00017594480086046546 0.0002054453426093768 0.021742442285905546 0.9997635974756337
1638454022396372080 -0.018230579958348446 0.007309417551095564 0.00015785566530536273 0.0001759814582359473 0.00020541392758919945 0.021920879077083663 0.999759656822817
1638454022760372162 -0.01823058001362287 0.007309433732729933 0.0001578556708767323 0.00017591201777645746 0.00020547340498431777 0.021582940302581403 0.9997670289505697
1638454022992866993 -0.018205293564056098 0.007310534560660825 0.0001578454673441486 0.0001759369381565408 0.00020545205824541572 0.021704222086222434 0.9997643780112629
1638454023158866882 -0.018205293576383487 0.007310538169514534 0.00015784546858668426 0.00017596854349373638 0.0002054250060265 0.02185798919731228 0.9997610755407639
1638454023360867023 -0.018230580957267317 0.007309437338402246 0.0001578556725078817 0.00017593969098336906 0.00020544971122340189 0.021717593588544963 0.9997641167542479
1638454023493866920 -0.018205294514063067 0.00731054002896731 0.0001578454696166067 0.0001759469699460547 0.0002054434755726175 0.021753019824681648 0.9997633409906186
1638454023794867039 -0.018205294497361448 0.007310535139552608 0.0001578454679331713 0.00017596857061349025 0.0002054249628542973 0.021858167909176583 0.9997610156308002
163845402463867092 -0.01823058188023357 0.0073094348905135 0.0001578556720547777 0.0001759550901529422 0.0002054365273301954 0.021792521420508724 0.9997624986616762
1638454024296866894 -0.018255868341332415 0.007308337438607045 0.00015786587674973348 0.00017594791147224574 0.00020544265965062518 0.021757624073000824 0.9997632139172511
1638454024531867027 -0.01820529546407004 0.007310545497273795 0.0001578454718890648 0.0001759494923896739 0.00020544131798478412 0.021765288642724524 0.9997630816169528
1638454024697866917 -0.0182052953976612 0.007310526056029624 0.00015784546519540495 0.0001759120286729606 0.00020547339602459302 0.021582992456567605 0.9997670288614924
1638454024897866964 -0.018230581851204554 0.00730942639224509 0.0001578556691288066 0.00017597826551123274 0.00020541667806587684 0.02190530427244952 0.9997600410524607
