1638453901231389999 -1.0602857567626467e-12 8.269952722628204e-09 0.0 0.0 0.0 0.00030349940061569214 0.9999999403953552
1638453901403390169 -1.0602857567626467e-12 8.269952722628204e-09 0.0 0.0 0.0 0.00034296512603759766 0.9999999403953552
1638453901536390066 -1.0602857567626467e-12 8.269952722628204e-09 0.0 0.0 0.0 0.00015404075384140015 1.0
1638453901704390049 -1.0602857567626467e-12 8.269952722628204e-09 0.0 0.0 0.0 -0.00016026198863983154 1.0
1638453901836390018 -1.0602857567626467e-12 8.269952722628204e-09 0.0 0.0 0.0 0.00014819204807281494 1.0
163845390239390087 -1.3064229602635646e-13 5.948352033158244e-09 0.0 0.0 0.0 0.00020523369312286377 1.0
1638453902204390049 2.5310684577561915e-05 1.5666032027183974e-08 0.0 0.0 0.0 0.00022536516189575195 1.0
1638453902405390024 -9.936304166610621e-13 7.435864812777027e-09 0.0 0.0 0.0 0.00015945732593536377 1.0
1638453902540390015 2.5310684577561915e-05 1.6557445192688647e-08 0.0 0.0 0.0 0.0002691224217414856 0.9999999403953552
1638453902707516193 -9.453531436397905e-14 7.820188940854678e-09 0.0 0.0 0.0 0.0001720339059829712 1.0
1638453902840516090 -9.453531436397905e-14 7.820188940854678e-09 0.0 0.0 0.0 0.0001967698335647583 1.0
163845390341516066 2.703265996467641e-12 2.1399919614140117e-09 0.0 0.0 0.0 9.628385305404663e-05 1.0
1638453903174516201 3.3589563422364854e-12 5.700694916122018e-10 0.0 0.0 0.0 0.00012788176536560059 1.0
1638453903345516205 3.3589563422364854e-12 5.700694916122018e-10 0.0 0.0 0.0 0.000106029212474823 1.0
1638453903480516195 6.533567632228954e-13 7.034945070927279e-09 0.0 0.0 0.0 3.4831464290618896e-05 1.0
1638453903649516106 6.533567632228954e-13 7.034945070927279e-09 0.0 0.0 0.0 0.00020463764667510986 1.0
1638453903851516008 2.578921234550058e-12 4.235674033736814e-09 0.0 0.0 0.0 0.0002009570598602295 1.0
163845390452516222 0.0002784175449050963 -2.4753491700835184e-08 0.0 0.0 0.0 -0.00022114813327789307 1.0
1638453904192516088 0.002024854766204953 -4.3522049963939935e-07 0.0 0.0 0.0 -7.026642560958862e-05 1.0
1638453904390516043 0.006580777931958437 -5.532054956347565e-07 0.0 0.0 0.0 -0.00019693374633789062 1.0
1638453904529516220 0.012174437753856182 -4.5040533223073e-06 0.0 0.0 0.0 -0.00021745264530181885 1.0
1638453904697516203 0.020121993497014046 -7.817859113856684e-06 0.0 0.0 0.0 -0.0002683699131011963 0.9999999403953552
1638453904898516178 0.030220957472920418 -1.348311434412608e-05 0.0 0.0 0.0 -0.00022756308317184448 1.0
163845390534516096 0.03692828491330147 -1.9892899217666127e-05 0.0 0.0 0.0 -0.0007031186833046377 0.9999997615814209
1638453905189767122 0.04530611261725426 -3.416316758375615e-05 0.0 0.0 0.0 -0.00088052439969033 0.9999995827674866
1638453905324767113 0.05206405371427536 -4.607099253917113e-05 0.0 0.0 0.0 -0.0009135528234764934 0.9999995827674866
1638453905491767168 0.0602647066116333 -5.786302426713519e-05 0.0 0.0 0.0 -0.0007426216616295278 0.9999997019767761
1638453905660767078 0.068693146109581 -7.183211710071191e-05 0.0 0.0 0.0 -0.0005890577449463308 0.9999998211860657
1638453905827767134 0.07783029228448868 -8.740699558984488e-05 0.0 0.0 0.0 -0.0009863300947472453 0.9999995231628418
1638453905994767189 0.08858730643987656 -0.0001065016258507967 0.0 0.0 0.0 -0.0009026526240631938 0.9999995827674866
1638453906195767164 0.10248283296823502 -0.00013626221334561706 0.0 0.0 0.0 -0.0011282858904451132 0.9999993443489075
1638453906396767139 0.11653014272451401 -0.00010586773714749143 0.0 0.0 0.0 0.005019315984100103 0.9999874234199524
1638453906598767042 0.13052207231521606 0.00023795619199518114 0.0 0.0 0.0 0.021716615185141563 0.9997641444206238
1638453906733767033 0.1400223970413208 0.0007918101036921144 0.0 0.0 0.0 0.03726906701922417 0.999305248260498
1638453906900767088 0.15168415009975433 0.0019358752761036158 0.0 0.0 0.0 0.06088411062955856 0.9981448650360107
163845390733766985 0.16085496544837952 0.0032408167608082294 0.0 0.0 0.0 0.08009340614080429 0.9967873692512512
1638453907201766968 0.1724986433982849 0.005411756224930286 0.0 0.0 0.0 0.10380765795707703 0.9945973753929138
1638453907401767015 0.18602877855300903 0.008678872138261795 0.0 0.0 0.0 0.13251765072345734 0.9911806583404541
1638453907601767063 0.19931863248348236 0.012730157002806664 0.0 0.0 0.0 0.16168810427188873 0.9868419170379639
1638453907783443928 0.21011660993099213 0.016657469794154167 0.0 0.0 0.0 0.18530693650245667 0.9826806783676147
1638453907950443983 0.2207845151424408 0.02112579718232155 0.0 0.0 0.0 0.2090776562690735 0.9778990149497986
163845390883443880 0.22914300858974457 0.025059552863240242 0.0 0.0 0.0 0.2272505909204483 0.9738363027572632
1638453908251444101 0.2393864244222641 0.030430037528276443 0.0 0.0 0.0 0.25053495168685913 0.9681075811386108
1638453908384443998 0.24731041491031647 0.035029053688049316 0.0 0.0 0.0 0.2691802680492401 0.9630898237228394
1638453908555444002 0.25741130113601685 0.041454020887613297 0.0 0.0 0.0 0.28862857818603516 0.9574411511421204
1638453908689444065 0.2651917636394501 0.04675616696476936 0.0 0.0 0.0 0.3008980453014374 0.9536563158035278
1638453908858443975 0.2747807502746582 0.05366697162389755 0.0 0.0 0.0 0.31229445338249207 0.9499853253364563
163845390992443943 0.2880251109600067 0.06363815069198608 0.0 0.0 0.0 0.32054534554481506 0.9472332000732422
1638453909227443933 0.29632410407066345 0.06999411433935165 0.0 0.0 0.0 0.3209604322910309 0.947092592716217
1638453909395443916 0.30753713846206665 0.07858114689588547 0.0 0.0 0.0 0.3207899034023285 0.9471503496170044
1638453909527443886 0.3173057436943054 0.08605708181858063 0.0 0.0 0.0 0.320351779460907 0.9472986459732056
1638453909693444014 0.3304840922355652 0.09603197872638702 0.0 0.0 0.0 0.3152749836444855 0.949000358581543
1638453909859443903 0.3437613546848297 0.105789415538311 0.0 0.0 0.0 0.3071631193161011 0.9516568779945374
1638453909991443872 0.35443100333213806 0.11332095414400101 0.0 0.0 0.0 0.2968837320804596 0.9549136161804199
1638453910127444029 0.3657437562942505 0.12089981138706207 0.0 0.0 0.0 0.28469833731651306 0.9586171507835388
1638453910304059982 0.3799867630004883 0.1298193782567978 0.0 0.0 0.0 0.26689305901527405 0.9637261629104614
1638453910440059900 0.39159080386161804 0.13649769127368927 0.0 0.0 0.0 0.24849417805671692 0.9686334133148193
1638453910607059956 0.4063832759857178 0.1440892070531845 0.0 0.0 0.0 0.21971695125102997 0.975563645362854
1638453910741060019 0.41848039627075195 0.14939695596694946 0.0 0.0 0.0 0.19005830585956573 0.981772780418396
1638453910910059929 0.4347881078720093 0.15519483387470245 0.0 0.0 0.0 0.1490962952375412 0.9888226985931396
163845391143060064 0.44872620701789856 0.15900658071041107 0.0 0.0 0.0 0.11660348623991013 0.9931785464286804
1638453911209059954 0.4664832055568695 0.16247394680976868 0.0 0.0 0.0 0.07642867416143417 0.997075080871582
1638453911345059872 0.481206476688385 0.16424617171287537 0.0 0.0 0.0 0.04288722574710846 0.9990799427032471
1638453911511059999 0.4993048310279846 0.16508515179157257 0.0 0.0 0.0 0.003115000668913126 0.9999951720237732
1638453911644059896 0.513901948928833 0.16471046209335327 0.0 0.0 0.0 -0.029023267328739166 0.9995787143707275
1638453911778059959 0.5285440683364868 0.16337274014949799 0.0 0.0 0.0 -0.0612742081284523 0.9981209635734558
1638453911944059849 0.5465220212936401 0.16041851043701172 0.0 0.0 0.0 -0.10131818056106567 0.9948540925979614
163845391277059984 0.5607950091362 0.15699517726898193 0.0 0.0 0.0 -0.13352860510349274 0.9910449385643005
1638453912243059874 0.5782273411750793 0.1514441967010498 0.0 0.0 0.0 -0.17377711832523346 0.9847850203514099
1638453912409060001 0.5950331687927246 0.1445414423942566 0.0 0.0 0.0 -0.21360871195793152 0.9769192934036255
1638453912568059921 0.6105445623397827 0.13669128715991974 0.0 0.0 0.0 -0.24989072978496552 0.9682740569114685
1638453912698631048 0.6230189800262451 0.12934668362140656 0.0 0.0 0.0 -0.27565333247184753 0.9612571001052856
1638453912845630884 0.6364489197731018 0.1204739660024643 0.0 0.0 0.0 -0.29881471395492554 0.9543111324310303
1638453912979630947 0.6483771800994873 0.11187461018562317 0.0 0.0 0.0 -0.31488338112831116 0.9491303563117981
1638453913145631075 0.6628186106681824 0.10080164670944214 0.0 0.0 0.0 -0.3261640965938568 0.9453131556510925
1638453913281630993 0.6745570302009583 0.09148898720741272 0.0 0.0 0.0 -0.3312786817550659 0.9435329437255859
1638453913448631048 0.6888108253479004 0.08005301654338837 0.0 0.0 0.0 -0.33121541142463684 0.9435551762580872
1638453913582630873 0.7002770304679871 0.07096746563911438 0.0 0.0 0.0 -0.32516685128211975 0.9456566572189331
1638453913749630928 0.7147991061210632 0.05995895341038704 0.0 0.0 0.0 -0.3108338415622711 0.9504642486572266
1638453913884630919 0.7268090844154358 0.05147417262196541 0.0 0.0 0.0 -0.2936844229698181 0.9559024572372437
163845391484630966 0.7451154589653015 0.03979700058698654 0.0 0.0 0.0 -0.2656591832637787 0.9640669822692871
1638453914250630856 0.7610770463943481 0.03079892136156559 0.0 0.0 0.0 -0.24192458391189575 0.9702950716018677
1638453914420630932 0.7778303623199463 0.0224283616989851 0.0 0.0 0.0 -0.21761377155780792 0.976034939289093
1638453914553631067 0.7911921739578247 0.016473496332764626 0.0 0.0 0.0 -0.19864894449710846 0.9800707101821899
1638453914751631021 0.8115068078041077 0.008593698963522911 0.0 0.0 0.0 -0.1696183681488037 0.9855098128318787
1638453914884630919 0.8252434730529785 0.004023822955787182 0.0 0.0 0.0 -0.15046772360801697 0.9886149168014526
163845391551630974 0.8427192568778992 -0.000955447496380657 0.0 0.0 0.0 -0.12602633237838745 0.9920269250869751
1638453915202009916 0.8604682683944702 -0.005080107133835554 0.0 0.0 0.0 -0.1018289104104042 0.994801938533783
1638453915335010052 0.874773383140564 -0.007753884419798851 0.0 0.0 0.0 -0.08286083489656448 0.9965611100196838
1638453915503010035 0.8929142355918884 -0.010332608595490456 0.0 0.0 0.0 -0.05855189263820648 0.9982843399047852
1638453915637010098 0.907448410987854 -0.011753496713936329 0.0 0.0 0.0 -0.038796231150627136 0.999247133731842
1638453915804009914 0.9258976578712463 -0.012727055698633194 0.0 0.0 0.0 -0.013541333377361298 0.9999083280563354
16384539163010035 0.9490282535552979 -0.012664802372455597 0.0 0.0 0.0 0.016103461384773254 0.9998703598976135
1638453916136009932 0.9649769067764282 -0.01184018049389124 0.0 0.0 0.0 0.03575630113482475 0.9993605613708496
1638453916302010059 0.985080897808075 -0.009914159774780273 0.0 0.0 0.0 0.05958215519785881 0.9982234239578247
1638453916502010107 1.0102109909057617 -0.0061636874452233315 0.0 0.0 0.0 0.08805231004953384 0.9961158633232117
1638453916702009916 1.0354877710342407 -0.0009278673096559942 0.0 0.0 0.0 0.11589408665895462 0.9932615756988525
1638453916901010036 1.0603511333465576 0.005723313428461552 0.0 0.0 0.0 0.14498065412044525 0.9894344806671143
163845391733010006 1.0767430067062378 0.010967778041958809 0.0 0.0 0.0 0.16390419006347656 0.9864762425422668
1638453917201009989 1.0971369743347168 0.01849772036075592 0.0 0.0 0.0 0.18806812167167664 0.982155978679657
1638453917337009907 1.1133570671081543 0.025303341448307037 0.0 0.0 0.0 0.20689651370048523 0.9783628582954407
1638453917504009962 1.132770299911499 0.03445374220609665 0.0 0.0 0.0 0.2300342619419098 0.9731825590133667
1638453917702025175 1.1555299758911133 0.04668625444173813 0.0 0.0 0.0 0.25820550322532654 0.9660900235176086
1638453917835025072 1.1702064275741577 0.05547985062003136 0.0 0.0 0.0 0.2748502492904663 0.9614870548248291
16384539184025221 1.188605546951294 0.06739085912704468 0.0 0.0 0.0 0.29065242409706116 0.9568287134170532
1638453918205025196 1.2100554704666138 0.08216242492198944 0.0 0.0 0.0 0.3020768463611603 0.9532836079597473
1638453918405025005 1.2314014434814453 0.09726061671972275 0.0 0.0 0.0 0.30157777667045593 0.9534415602684021
1638453918606025219 1.2529903650283813 0.11214298754930496 0.0 0.0 0.0 0.29151999950408936 0.956564724445343
1638453918740025043 1.2674309015274048 0.12159993499517441 0.0 0.0 0.0 0.27944231033325195 0.9601624608039856
1638453918939025164 1.2894084453582764 0.13479965925216675 0.0 0.0 0.0 0.25386881828308105 0.9672386646270752
163845391974025154 1.304845929145813 0.14312516152858734 0.0 0.0 0.0 0.23565764725208282 0.9718361496925354
1638453919242025137 1.324311375617981 0.15257619321346283 0.0 0.0 0.0 0.21253399550914764 0.9771536588668823
1638453919378025055 1.340314507484436 0.15950298309326172 0.0 0.0 0.0 0.1929491013288498 0.9812087416648865
1638453919545025110 1.3604340553283691 0.16718843579292297 0.0 0.0 0.0 0.16968271136283875 0.9854987263679504
1638453919712025166 1.3811229467391968 0.17394793033599854 0.0 0.0 0.0 0.14539702236652374 0.9893733859062195
1638453919880025148 1.4019478559494019 0.1796361207962036 0.0 0.0 0.0 0.1208469346165657 0.9926711320877075
163845392047025204 1.4229761362075806 0.1842910796403885 0.0 0.0 0.0 0.09649424999952316 0.9953335523605347
1638453920175434113 1.4397732019424438 0.18726693093776703 0.0 0.0 0.0 0.07813999056816101 0.996942400932312
1638453920343434095 1.4614986181259155 0.19015714526176453 0.0 0.0 0.0 0.05378835275769234 0.9985523819923401
1638453920543434143 1.4872320890426636 0.19218818843364716 0.0 0.0 0.0 0.025256168097257614 0.9996809959411621
1638453920676434040 1.5045099258422852 0.19272232055664062 0.0 0.0 0.0 0.005903321318328381 0.9999825954437256
1638453920843434095 1.5262229442596436 0.19246423244476318 0.0 0.0 0.0 -0.017951879650354385 0.9998388290405273
1638453920998434067 1.546308994293213 0.19128943979740143 0.0 0.0 0.0 -0.040264640003442764 0.9991890788078308
1638453921198434114 1.5719918012619019 0.18845735490322113 0.0 0.0 0.0 -0.06898657977581024 0.9976176023483276
1638453921402434111 1.597841739654541 0.184078186750412 0.0 0.0 0.0 -0.09842176735401154 0.995144784450531
1638453921538434029 1.615020990371704 0.18029925227165222 0.0 0.0 0.0 -0.11802707612514496 0.993010401725769
1638453921703433990 1.6355690956115723 0.1748466193675995 0.0 0.0 0.0 -0.14085905253887177 0.9900296330451965
1638453921902434111 1.6598317623138428 0.16705013811588287 0.0 0.0 0.0 -0.16897857189178467 0.9856197237968445
1638453922100434065 1.6839076280593872 0.15774023532867432 0.0 0.0 0.0 -0.19795209169387817 0.9802116751670837
1638453922238434076 1.7002060413360596 0.1504790335893631 0.0 0.0 0.0 -0.21810775995254517 0.9759246706962585
1638453922403434038 1.7191956043243408 0.14097855985164642 0.0 0.0 0.0 -0.24162305891513824 0.9703701734542847
1638453922602434158 1.7416318655014038 0.12821337580680847 0.0 0.0 0.0 -0.26959383487701416 0.9629741311073303
1638453922746029139 1.756356954574585 0.11887215077877045 0.0 0.0 0.0 -0.28805893659591675 0.9576126933097839
1638453922948029041 1.7777411937713623 0.10383394360542297 0.0 0.0 0.0 -0.31508535146713257 0.9490633606910706
163845392383029032 1.7914836406707764 0.09314066916704178 0.0 0.0 0.0 -0.33390572667121887 0.9426064491271973
1638453923250029087 1.8080543279647827 0.07902901619672775 0.0 0.0 0.0 -0.3565788269042969 0.9342652559280396
1638453923384029150 1.8207305669784546 0.0672391802072525 0.0 0.0 0.0 -0.3751494884490967 0.9269643425941467
1638453923552029133 1.8359609842300415 0.051726289093494415 0.0 0.0 0.0 -0.3982487618923187 0.917277455329895
1638453923687029123 1.8476084470748901 0.03878260776400566 0.0 0.0 0.0 -0.4156974256038666 0.9095029830932617
1638453923822029114 1.8587369918823242 0.025423016399145126 0.0 0.0 0.0 -0.4328523576259613 0.9014648199081421
1638453923994029045 1.872245192527771 0.007715834770351648 0.0 0.0 0.0 -0.4545454978942871 0.8907235264778137
1638453924161029100 1.8844391107559204 -0.009975726716220379 0.0 0.0 0.0 -0.4754098951816559 0.8797644376754761
1638453924328029156 1.8957327604293823 -0.02816568873822689 0.0 0.0 0.0 -0.4965461492538452 0.8680103421211243
1638453924495029211 1.906281590461731 -0.04717453941702843 0.0 0.0 0.0 -0.518211841583252 0.8552523255348206
1638453924630029202 1.9140359163284302 -0.06279341131448746 0.0 0.0 0.0 -0.5354881286621094 0.8445427417755127
1638453924796029091 1.9226891994476318 -0.082377590239048 0.0 0.0 0.0 -0.5560038089752197 0.8311797380447388
1638453924929028988 1.9289515018463135 -0.0983809381723404 0.0 0.0 0.0 -0.5716987252235413 0.8204636573791504
163845392597029209 1.9360255002975464 -0.1190446987748146 0.0 0.0 0.0 -0.5911047458648682 0.8065947890281677
1638453925236055136 1.940962314605713 -0.1357957124710083 0.0 0.0 0.0 -0.6066257357597351 0.7949875593185425
1638453925439054966 1.947163701057434 -0.16140003502368927 0.0 0.0 0.0 -0.6297500133514404 0.776797890663147
1638453925605055094 1.9511111974716187 -0.18252110481262207 0.0 0.0 0.0 -0.6483498811721802 0.7613425254821777
1638453925740055084 1.953567385673523 -0.19993863999843597 0.0 0.0 0.0 -0.6631770133972168 0.7484625577926636
1638453925906054974 1.9556368589401245 -0.22137640416622162 0.0 0.0 0.0 -0.6811085343360901 0.7321824431419373
163845392673055029 1.9566636085510254 -0.24278795719146729 0.0 0.0 0.0 -0.6987280249595642 0.7153874039649963
1638453926244055033 1.9566186666488647 -0.2648819386959076 0.0 0.0 0.0 -0.7166122198104858 0.6974718570709229
1638453926443055153 1.955174446105957 -0.29052817821502686 0.0 0.0 0.0 -0.7365047335624695 0.6764323711395264
1638453926580054998 1.953336238861084 -0.3080217242240906 0.0 0.0 0.0 -0.7500107288360596 0.6614256501197815
1638453926747055054 1.950152039527893 -0.3292713165283203 0.0 0.0 0.0 -0.7654419541358948 0.6435049772262573
1638453926948055029 1.9449045658111572 -0.3548814356327057 0.0 0.0 0.0 -0.7839072942733765 0.6208779215812683
163845392782055092 1.9405992031097412 -0.3716489374637604 0.0 0.0 0.0 -0.795953094959259 0.6053583025932312
1638453927248054981 1.9343986511230469 -0.3920893669128418 0.0 0.0 0.0 -0.810396671295166 0.5858816504478455
1638453927392055035 1.928178310394287 -0.40970122814178467 0.0 0.0 0.0 -0.8221715688705444 0.5692397356033325
1638453927559055090 1.9200470447540283 -0.4298085868358612 0.0 0.0 0.0 -0.8356726765632629 0.5492278337478638
1638453927756723166 1.9091713428497314 -0.4531915485858917 0.0 0.0 0.0 -0.8505462408065796 0.5259003043174744
1638453927889723063 1.9012110233306885 -0.4683931767940521 0.0 0.0 0.0 -0.860384464263916 0.5096455216407776
163845392825722980 1.8924427032470703 -0.48367103934288025 0.0 0.0 0.0 -0.870195746421814 0.49270617961883545
1638453928191723108 1.8808363676071167 -0.5019935369491577 0.0 0.0 0.0 -0.8818235397338867 0.47157949209213257
1638453928327723026 1.8708243370056152 -0.5163635015487671 0.0 0.0 0.0 -0.8909724950790405 0.4540572166442871
1638453928495723009 1.8576840162277222 -0.5335875153541565 0.0 0.0 0.0 -0.901138961315155 0.43353036046028137
1638453928628723145 1.8467479944229126 -0.5468770861625671 0.0 0.0 0.0 -0.9071300029754639 0.420850545167923
1638453928795722961 1.8326032161712646 -0.5631203055381775 0.0 0.0 0.0 -0.9127780199050903 0.408456027507782
1638453928995723009 1.8152607679367065 -0.5822104811668396 0.0 0.0 0.0 -0.9154854416847229 0.40235111117362976
1638453929183722973 1.798836350440979 -0.6000828742980957 0.0 0.0 0.0 -0.9156290888786316 0.40202412009239197
1638453929337723017 1.7853858470916748 -0.6149122714996338 0.0 0.0 0.0 -0.9125533103942871 0.4089577794075012
1638453929528723001 1.7690672874450684 -0.6337924003601074 0.0 0.0 0.0 -0.9050447940826416 0.42531630396842957
1638453929695723057 1.7555217742919922 -0.6508934497833252 0.0 0.0 0.0 -0.8946624398231506 0.4467427432537079
1638453929829723120 1.7453871965408325 -0.6650211215019226 0.0 0.0 0.0 -0.8840749859809875 0.4673450291156769
1638453929996722937 1.7338407039642334 -0.6831996440887451 0.0 0.0 0.0 -0.8682569265365601 0.4961148500442505
1638453930131723166 1.7254379987716675 -0.6983052492141724 0.0 0.0 0.0 -0.8552242517471313 0.5182581543922424
1638453930321722984 1.7150102853775024 -0.7201905846595764 0.0 0.0 0.0 -0.8355878591537476 0.5493568778038025
1638453930500723124 1.706566572189331 -0.7416425943374634 0.0 0.0 0.0 -0.8165827989578247 0.577228307723999
1638453930633723021 1.7011348009109497 -0.7582921385765076 0.0 0.0 0.0 -0.8019537329673767 0.5973861217498779
1638453930839723110 1.69454026222229 -0.7841607928276062 0.0 0.0 0.0 -0.7772160172462463 0.6292338371276855
1638453930973723173 1.691367745399475 -0.8012810945510864 0.0 0.0 0.0 -0.7601000070571899 0.6498061418533325
1638453931139723063 1.6887211799621582 -0.8224751353263855 0.0 0.0 0.0 -0.7389785647392273 0.673728883266449
1638453931306723118 1.68744695186615 -0.8439730405807495 0.0 0.0 0.0 -0.7164350152015686 0.6976538896560669
1638453931439723015 1.6874303817749023 -0.861005425453186 0.0 0.0 0.0 -0.6983817219734192 0.7157254815101624
1638453931606723070 1.6886413097381592 -0.8824564218521118 0.0 0.0 0.0 -0.6751047968864441 0.737721860408783
1638453931739722967 1.6906384229660034 -0.8997534513473511 0.0 0.0 0.0 -0.6555718183517456 0.7551328539848328
1638453931908723116 1.6944342851638794 -0.9212861061096191 0.0 0.0 0.0 -0.6299775242805481 0.7766133546829224
163845393274723005 1.699561357498169 -0.9422287344932556 0.0 0.0 0.0 -0.6043552756309509 0.7967149019241333
1638453932174723148 1.7032850980758667 -0.9546141028404236 0.0 0.0 0.0 -0.5885037779808044 0.8084944486618042
1638453932342723131 1.710580825805664 -0.9750378727912903 0.0 0.0 0.0 -0.5624988675117493 0.8267980217933655
1638453932475723028 1.7172813415527344 -0.9908619523048401 0.0 0.0 0.0 -0.5416068434715271 0.840631902217865
1638453932641723156 1.7266758680343628 -1.0099875926971436 0.0 0.0 0.0 -0.5155909061431885 0.856834888458252
1638453932781710863 1.7353260517120361 -1.0253026485443115 0.0 0.0 0.0 -0.49284905195236206 0.870114803314209
1638453932949710846 1.7471473217010498 -1.0436360836029053 0.0 0.0 0.0 -0.46427688002586365 0.8856900930404663
1638453933148710966 1.7626086473464966 -1.064400315284729 0.0 0.0 0.0 -0.4347706437110901 0.9005412459373474
1638453933281710863 1.7734615802764893 -1.0775279998779297 0.0 0.0 0.0 -0.41692158579826355 0.908942461013794
1638453933449710846 1.7879449129104614 -1.0936052799224854 0.0 0.0 0.0 -0.3968813419342041 0.9178699254989624
1638453933584710836 1.8000680208206177 -1.1061404943466187 0.0 0.0 0.0 -0.38421207666397095 0.923244833946228
1638453933751710892 1.8153626918792725 -1.1211981773376465 0.0 0.0 0.0 -0.3747558891773224 0.9271235466003418
1638453933923711061 1.8314529657363892 -1.1366362571716309 0.0 0.0 0.0 -0.37249982357025146 0.9280322790145874
163845393489710951 1.8470211029052734 -1.1517040729522705 0.0 0.0 0.0 -0.37898877263069153 0.9254012703895569
1638453934255710840 1.862183690071106 -1.1670372486114502 0.0 0.0 0.0 -0.39251193404197693 0.9197469353675842
1638453934390711069 1.8741340637207031 -1.1799445152282715 0.0 0.0 0.0 -0.4087803065776825 0.9126328229904175
1638453934558711052 1.888244390487671 -1.1966809034347534 0.0 0.0 0.0 -0.43520766496658325 0.900330126285553
1638453934693711042 1.8986802101135254 -1.210618495941162 0.0 0.0 0.0 -0.4602745771408081 0.8877766132354736
1638453934861711025 1.910447359085083 -1.2288037538528442 0.0 0.0 0.0 -0.49573415517807007 0.8684743046760559
1638453934994710922 1.918761134147644 -1.2439285516738892 0.0 0.0 0.0 -0.5226144790649414 0.8525691032409668
1638453935198395014 1.9295889139175415 -1.267966389656067 0.0 0.0 0.0 -0.5631687045097351 0.8263419270515442
1638453935333395004 1.9354432821273804 -1.2843635082244873 0.0 0.0 0.0 -0.5889342427253723 0.8081809878349304
1638453935503394842 1.94131338596344 -1.3055808544158936 0.0 0.0 0.0 -0.6214348673820496 0.7834658026695251
1638453935635394812 1.9447088241577148 -1.3225027322769165 0.0 0.0 0.0 -0.645703136920929 0.763588547706604
1638453935802394867 1.9474453926086426 -1.3437858819961548 0.0 0.0 0.0 -0.6747360825538635 0.7380591034889221
16384539362394915 1.9485348463058472 -1.369646430015564 0.0 0.0 0.0 -0.7085602283477783 0.7056503295898438
1638453936137394905 1.9479173421859741 -1.386869192123413 0.0 0.0 0.0 -0.7309136390686035 0.6824699640274048
1638453936306394815 1.9455351829528809 -1.4085254669189453 0.0 0.0 0.0 -0.7574883103370667 0.6528487205505371
1638453936438395023 1.9425277709960938 -1.4253926277160645 0.0 0.0 0.0 -0.7749632596969604 0.6320062875747681
1638453936605394840 1.9375474452972412 -1.4464493989944458 0.0 0.0 0.0 -0.7926323413848877 0.6096999049186707
1638453936740394831 1.93278169631958 -1.4631712436676025 0.0 0.0 0.0 -0.8031426072120667 0.5957868099212646
1638453936942394972 1.9247236251831055 -1.4880164861679077 0.0 0.0 0.0 -0.8133161664009094 0.5818219184875488
163845393777394962 1.9189457893371582 -1.504604458808899 0.0 0.0 0.0 -0.8166884183883667 0.5770788788795471
1638453937245394945 1.9115720987319946 -1.5252190828323364 0.0 0.0 0.0 -0.8176091909408569 0.5757735967636108
1638453937377394915 1.905790090560913 -1.5414031744003296 0.0 0.0 0.0 -0.8170639276504517 0.5765470266342163
1638453937550395012 1.8983864784240723 -1.5625977516174316 0.0 0.0 0.0 -0.8132774233818054 0.5818760991096497
1638453937683394909 1.8929413557052612 -1.5789247751235962 0.0 0.0 0.0 -0.8093219995498657 0.5873652696609497
1638453937842531919 1.8864564895629883 -1.5993849039077759 0.0 0.0 0.0 -0.8044384717941284 0.5940359234809875
1638453937976531982 1.881424069404602 -1.6161084175109863 0.0 0.0 0.0 -0.8005342483520508 0.5992870330810547
1638453938143531799 1.8755161762237549 -1.6368216276168823 0.0 0.0 0.0 -0.795948326587677 0.6053645610809326
1638453938297531843 1.8702995777130127 -1.6561769247055054 0.0 0.0 0.0 -0.7916472554206848 0.6109784245491028
1638453938431531906 1.8660199642181396 -1.6729520559310913 0.0 0.0 0.0 -0.7875692844390869 0.616226077079773
1638453938598531961 1.860999345779419 -1.6941578388214111 0.0 0.0 0.0 -0.7802692651748657 0.6254437565803528
1638453938803531885 1.8558896780014038 -1.720234990119934 0.0 0.0 0.0 -0.7628968358039856 0.6465202569961548
1638453938936531782 1.8533883094787598 -1.7372881174087524 0.0 0.0 0.0 -0.7501149773597717 0.6613073945045471
1638453939102531910 1.8512195348739624 -1.758690595626831 0.0 0.0 0.0 -0.7337127327919006 0.679459810256958
1638453939237531900 1.8502360582351685 -1.7760246992111206 0.0 0.0 0.0 -0.7197520732879639 0.6942311525344849
1638453939402531862 1.849961757659912 -1.7972313165664673 0.0 0.0 0.0 -0.7030760049819946 0.711114764213562
1638453939535531998 1.8504644632339478 -1.8143329620361328 0.0 0.0 0.0 -0.689889669418335 0.7239145636558533
1638453939704531908 1.8520296812057495 -1.8359911441802979 0.0 0.0 0.0 -0.6722667813301086 0.7403090000152588
1638453939838531971 1.8540359735488892 -1.8533133268356323 0.0 0.0 0.0 -0.6576890349388123 0.753289520740509
1638453939973531961 1.8567434549331665 -1.8706936836242676 0.0 0.0 0.0 -0.6429086327552795 0.7659428715705872
1638453940138531923 1.860974907875061 -1.8917855024337769 0.0 0.0 0.0 -0.6242750287055969 0.7812046408653259
1638453940308820009 1.866339921951294 -1.91303551197052 0.0 0.0 0.0 -0.6047346591949463 0.7964270114898682
1638453940511820078 1.8740774393081665 -1.9379533529281616 0.0 0.0 0.0 -0.5811598300933838 0.813789427280426
1638453940677819967 1.881437063217163 -1.9580602645874023 0.0 0.0 0.0 -0.5652950406074524 0.8248888254165649
1638453940845819950 1.8895758390426636 -1.9781659841537476 0.0 0.0 0.0 -0.5522658228874207 0.833668053150177
163845394148820019 1.9002258777618408 -2.002264976501465 0.0 0.0 0.0 -0.5405970215797424 0.8412816524505615
1638453941180819988 1.90749990940094 -2.0179193019866943 0.0 0.0 0.0 -0.5354087948799133 0.8445930480957031
1638453941349819899 1.9169946908950806 -2.037843704223633 0.0 0.0 0.0 -0.5330958366394043 0.8460548520088196
1638453941483819962 1.924485445022583 -2.0535922050476074 0.0 0.0 0.0 -0.5356792211532593 0.8444215655326843
1638453941651819944 1.9335709810256958 -2.0733165740966797 0.0 0.0 0.0 -0.5440378785133362 0.8390606641769409
1638453941853820086 1.9436787366867065 -2.097289800643921 0.0 0.0 0.0 -0.563368022441864 0.8262060880661011
163845394289819908 1.9537495374679565 -2.1261768341064453 0.0 0.0 0.0 -0.5961641073226929 0.8028626441955566
1638453942255820036 1.9592690467834473 -2.146810293197632 0.0 0.0 0.0 -0.6214010715484619 0.7834926247596741
1638453942388819933 1.962740182876587 -2.163562774658203 0.0 0.0 0.0 -0.6410238146781921 0.7675209641456604
1638453942522819996 1.9653880596160889 -2.1806700229644775 0.0 0.0 0.0 -0.6604830622673035 0.750840961933136
1638453942692662001 1.9674378633499146 -2.2022604942321777 0.0 0.0 0.0 -0.6853424310684204 0.7282209992408752
1638453942827661991 1.968048334121704 -2.2196109294891357 0.0 0.0 0.0 -0.7039976119995117 0.7102023363113403
163845394328662205 1.967237114906311 -2.245661973953247 0.0 0.0 0.0 -0.7314869165420532 0.6818554997444153
1638453943194662094 1.9649827480316162 -2.2672061920166016 0.0 0.0 0.0 -0.7540106773376465 0.6568621397018433
1638453943327661991 1.9622259140014648 -2.284193992614746 0.0 0.0 0.0 -0.7686142325401306 0.6397125720977783
1638453943497662067 1.9577276706695557 -2.3056962490081787 0.0 0.0 0.0 -0.7827209830284119 0.6223728060722351
1638453943630662203 1.9536081552505493 -2.3224849700927734 0.0 0.0 0.0 -0.7905589938163757 0.6123858690261841
1638453943795662165 1.9480319023132324 -2.343132257461548 0.0 0.0 0.0 -0.7968140244483948 0.604224681854248
1638453943928662062 1.943286657333374 -2.3597028255462646 0.0 0.0 0.0 -0.8002886176109314 0.5996149778366089
163845394493662024 1.9371204376220703 -2.3802084922790527 0.0 0.0 0.0 -0.8048009276390076 0.5935448408126831
1638453944293662071 1.929219365119934 -2.404892683029175 0.0 0.0 0.0 -0.810702383518219 0.585458517074585
1638453944428662062 1.9235670566558838 -2.4215240478515625 0.0 0.0 0.0 -0.8150368928909302 0.5794090628623962
1638453944596662045 1.9162702560424805 -2.4419240951538086 0.0 0.0 0.0 -0.8200255036354065 0.5723269581794739
1638453944730662107 1.9101852178573608 -2.458131790161133 0.0 0.0 0.0 -0.824036180973053 0.5665371417999268
1638453944895662069 1.902435541152954 -2.4778754711151123 0.0 0.0 0.0 -0.8284910917282104 0.5600022673606873
163845394560662031 1.894265055656433 -2.4977774620056152 0.0 0.0 0.0 -0.832771897315979 0.5536162853240967
1638453945266287804 1.883824348449707 -2.521996021270752 0.0 0.0 0.0 -0.8381238579750061 0.5454800128936768
1638453945398288012 1.8767869472503662 -2.537647247314453 0.0 0.0 0.0 -0.8412337303161621 0.5406715869903564
1638453945531287909 1.8695207834243774 -2.5532772541046143 0.0 0.0 0.0 -0.84492027759552 0.5348922610282898
1638453945700287819 1.8599492311477661 -2.573108196258545 0.0 0.0 0.0 -0.8491234183311462 0.5281944870948792
1638453945832287788 1.8522380590438843 -2.5884952545166016 0.0 0.0 0.0 -0.8526783585548401 0.5224362015724182
163845394667287922 1.8380645513534546 -2.615471839904785 0.0 0.0 0.0 -0.8589575290679932 0.5120468139648438
1638453946199287891 1.8298263549804688 -2.6304099559783936 0.0 0.0 0.0 -0.8636472821235657 0.5040966272354126
1638453946400287867 1.816645860671997 -2.652754068374634 0.0 0.0 0.0 -0.8732293844223022 0.48730936646461487
1638453946555287838 1.8058762550354004 -2.669630765914917 0.0 0.0 0.0 -0.8805633187294006 0.4739285409450531
1638453946690287828 1.7960951328277588 -2.684037446975708 0.0 0.0 0.0 -0.886565089225769 0.46260392665863037
1638453946824287891 1.7860162258148193 -2.6980817317962646 0.0 0.0 0.0 -0.8925788998603821 0.45089125633239746
1638453946991287947 1.7728517055511475 -2.7154476642608643 0.0 0.0 0.0 -0.8982124328613281 0.4395616948604584
1638453947126287937 1.7618988752365112 -2.729341745376587 0.0 0.0 0.0 -0.9008986949920654 0.43402940034866333
1638453947293287992 1.7482439279556274 -2.7463908195495605 0.0 0.0 0.0 -0.9015344381332397 0.4327073097229004
1638453947460287809 1.7347294092178345 -2.763389825820923 0.0 0.0 0.0 -0.8993210196495056 0.4372889995574951
1638453947637287855 1.7207226753234863 -2.781546115875244 0.0 0.0 0.0 -0.895474374294281 0.4451131224632263
1638453947773923874 1.7104294300079346 -2.795340061187744 0.0 0.0 0.0 -0.8923381567001343 0.45136746764183044
1638453947942924023 1.6976062059402466 -2.8130850791931152 0.0 0.0 0.0 -0.8886483907699585 0.45858922600746155
163845394876923847 1.6875354051589966 -2.8274459838867188 0.0 0.0 0.0 -0.8856905698776245 0.4642760157585144
1638453948244923830 1.6744283437728882 -2.8467228412628174 0.0 0.0 0.0 -0.8819754123687744 0.47129541635513306
1638453948412924051 1.6616086959838867 -2.8662526607513428 0.0 0.0 0.0 -0.8778812885284424 0.4788782596588135
1638453948546923876 1.6515789031982422 -2.8820409774780273 0.0 0.0 0.0 -0.8748502135276794 0.48439350724220276
1638453948679924011 1.6416969299316406 -2.898070812225342 0.0 0.0 0.0 -0.871342658996582 0.49067506194114685
1638453948847923994 1.629653811454773 -2.9183247089385986 0.0 0.0 0.0 -0.8670769929885864 0.49817413091659546
163845394951923990 1.615591287612915 -2.943025588989258 0.0 0.0 0.0 -0.8619234561920166 0.507038414478302
1638453949184923887 1.6066374778747559 -2.959390163421631 0.0 0.0 0.0 -0.8586633205413818 0.5125401020050049
1638453949352923870 1.5957525968551636 -2.9799749851226807 0.0 0.0 0.0 -0.8544399738311768 0.519550085067749
1638453949553923845 1.5831571817398071 -3.0048043727874756 0.0 0.0 0.0 -0.8499028086662292 0.5269394516944885
1638453949687923908 1.5749733448028564 -3.021538734436035 0.0 0.0 0.0 -0.8466402888298035 0.5321655869483948
1638453949822923899 1.5668659210205078 -3.038675308227539 0.0 0.0 0.0 -0.8431739807128906 0.5376407504081726
1638453949987923861 1.5572450160980225 -3.0598244667053223 0.0 0.0 0.0 -0.8386068940162659 0.5447370409965515
1638453950154923916 1.5479289293289185 -3.0812203884124756 0.0 0.0 0.0 -0.8342002034187317 0.5514616966247559
1638453950341282129 1.537204384803772 -3.1070775985717773 0.0 0.0 0.0 -0.8290243148803711 0.5592125654220581
1638453950507282019 1.5286256074905396 -3.128589391708374 0.0 0.0 0.0 -0.8272855281829834 0.561781644821167
1638453950640282154 1.5217434167861938 -3.1458728313446045 0.0 0.0 0.0 -0.8283365368843079 0.5602307915687561
1638453950808282137 1.5129005908966064 -3.1674411296844482 0.0 0.0 0.0 -0.8331131935119629 0.5531025528907776
16384539519282112 1.50155508518219 -3.1929750442504883 0.0 0.0 0.0 -0.8446626663208008 0.5352989435195923
1638453951177282095 1.4910646677017212 -3.213817834854126 0.0 0.0 0.0 -0.8583290576934814 0.5130996108055115
1638453951346282005 1.4792240858078003 -3.2342746257781982 0.0 0.0 0.0 -0.8743941783905029 0.48521625995635986
1638453951479282141 1.4690015316009521 -3.2497546672821045 0.0 0.0 0.0 -0.8868521451950073 0.4620532989501953
1638453951645282030 1.4549107551574707 -3.2684459686279297 0.0 0.0 0.0 -0.9032931923866272 0.429023802280426
1638453951845282078 1.4360623359680176 -3.289262294769287 0.0 0.0 0.0 -0.925037682056427 0.3798753321170807
1638453951979282141 1.422316551208496 -3.3018288612365723 0.0 0.0 0.0 -0.9389683604240417 0.34400349855422974
1638453952182282209 1.3996803760528564 -3.3187832832336426 0.0 0.0 0.0 -0.957639753818512 0.28796884417533875
1638453952347282171 1.3798519372940063 -3.3305857181549072 0.0 0.0 0.0 -0.9701945185661316 0.24232740700244904
1638453952480282068 1.3631377220153809 -3.338686227798462 0.0 0.0 0.0 -0.9786348938941956 0.20560580492019653
1638453952650282145 1.340885043144226 -3.347149610519409 0.0 0.0 0.0 -0.9877694249153137 0.1559218168258667
1638453952829093933 1.31819486618042 -3.3532843589782715 0.0 0.0 0.0 -0.9941897392272949 0.1076417863368988
1638453952995093822 1.2954109907150269 -3.35709285736084 0.0 0.0 0.0 -0.9983020424842834 0.05824945867061615
1638453953129093885 1.2767431735992432 -3.358560085296631 0.0 0.0 0.0 -0.9998077154159546 0.019608985632658005
1638453953294093847 1.253745436668396 -3.3583505153656006 0.0 0.0 0.0 -0.9995635747909546 -0.02954009920358658
1638453953461093903 1.2306489944458008 -3.3558921813964844 0.0 0.0 0.0 -0.997006893157959 -0.0773128867149353
1638453953628093958 1.216921091079712 -3.3530771732330322 0.0 0.0 0.0 0.9921881556510925 0.12475050985813141
1638453953795094013 1.1946924924850464 -3.346254825592041 0.0 0.0 0.0 0.9850673675537109 0.17216938734054565
1638453953928093910 1.177565574645996 -3.3393330574035645 0.0 0.0 0.0 0.9778872728347778 0.20913280546665192
1638453954100093842 1.156186819076538 -3.328458309173584 0.0 0.0 0.0 0.966552197933197 0.25646987557411194
1638453954233093977 1.1403639316558838 -3.318586826324463 0.0 0.0 0.0 0.955715000629425 0.2942937910556793
1638453954436093807 1.1179859638214111 -3.3013758659362793 0.0 0.0 0.0 0.9368481636047363 0.3497363030910492
1638453954602093935 1.1012259721755981 -3.285332441329956 0.0 0.0 0.0 0.9185653328895569 0.3952692449092865
1638453954736093998 1.0889719724655151 -3.27134108543396 0.0 0.0 0.0 0.9025560021400452 0.4305724799633026
1638453954876093864 1.0772625207901 -3.2555785179138184 0.0 0.0 0.0 0.8842606544494629 0.46699362993240356
163845395531093836 1.0658704042434692 -3.237157106399536 0.0 0.0 0.0 0.8628654479980469 0.5054337382316589
1638453955215303183 1.055053472518921 -3.2156898975372314 0.0 0.0 0.0 0.8402283787727356 0.5422326922416687
1638453955349303007 1.0477614402770996 -3.1982481479644775 0.0 0.0 0.0 0.8248368501663208 0.5653707981109619
1638453955482303143 1.0414555072784424 -3.1806135177612305 0.0 0.0 0.0 0.8107212781906128 0.5854323506355286
1638453955651303053 1.0346293449401855 -3.1581146717071533 0.0 0.0 0.0 0.7964181303977966 0.604746401309967
1638453955785303116 1.0298490524291992 -3.1399269104003906 0.0 0.0 0.0 0.7877836227416992 0.6159520745277405
1638453955952303171 1.0245170593261719 -3.11731219291687 0.0 0.0 0.0 0.7809575200080872 0.6245841383934021
1638453956152302980 1.0186189413070679 -3.0901026725769043 0.0 0.0 0.0 0.7767565250396729 0.6298009753227234
1638453956353303194 1.012796401977539 -3.0627989768981934 0.0 0.0 0.0 0.7794297337532043 0.6264896392822266
1638453956491303205 1.0085432529449463 -3.044116973876953 0.0 0.0 0.0 0.7842077612876892 0.6204982995986938
1638453956625303030 1.0040894746780396 -3.0261330604553223 0.0 0.0 0.0 0.7913514971733093 0.6113614439964294
1638453956726303101 1.000369906425476 -3.012456178665161 0.0 0.0 0.0 0.7975919842720032 0.6031973361968994
1638453956890303135 0.9937087297439575 -2.9903030395507812 0.0 0.0 0.0 0.8072330951690674 0.5902327299118042
163845395761303139 0.9859685897827148 -2.9674863815307617 0.0 0.0 0.0 0.8193431496620178 0.5733034610748291
1638453957194303036 0.9792559146881104 -2.950165271759033 0.0 0.0 0.0 0.8312515616416931 0.5558964610099792
1638453957330303192 0.971580445766449 -2.9329166412353516 0.0 0.0 0.0 0.8466911315917969 0.5320847034454346
1638453957432303190 0.9650663733482361 -2.920130491256714 0.0 0.0 0.0 0.8590117692947388 0.5119557976722717
1638453957598303080 0.9533409476280212 -2.9003713130950928 0.0 0.0 0.0 0.8784522414207458 0.4778301417827606
1638453957742866993 0.9400768876075745 -2.8815793991088867 0.0 0.0 0.0 0.8963959217071533 0.443254292011261
1638453957940866947 0.922023355960846 -2.8602328300476074 0.0 0.0 0.0 0.9171532988548279 0.3985345959663391
1638453958106867075 0.9055229425430298 -2.8438823223114014 0.0 0.0 0.0 0.9320724606513977 0.36227181553840637
1638453958307867050 0.8838191628456116 -2.8259003162384033 0.0 0.0 0.0 0.9487571716308594 0.31600603461265564
1638453958507866859 0.8609281182289124 -2.8103842735290527 0.0 0.0 0.0 0.9627845883369446 0.2702700197696686
1638453958708867073 0.8364447355270386 -2.796989917755127 0.0 0.0 0.0 0.974317729473114 0.22517764568328857
1638453958976866961 0.8016611337661743 -2.782749891281128 0.0 0.0 0.0 0.9869769215583801 0.16086198389530182
1638453959145866871 0.7790578603744507 -2.7762012481689453 0.0 0.0 0.0 0.9926994442939758 0.12061455100774765
1638453959350867033 0.7600435018539429 -2.7726035118103027 0.0 0.0 0.0 -0.9975375533103943 -0.07013463973999023
1638453959558866978 0.7311963438987732 -2.769946575164795 0.0 0.0 0.0 -0.9997703433036804 -0.02143092267215252
1638453959760866880 0.7030869722366333 -2.770071268081665 0.0 0.0 0.0 -0.9996423125267029 0.026744231581687927
1638453959929867029 0.6795524954795837 -2.772239923477173 0.0 0.0 0.0 -0.9977977275848389 0.06633017212152481
163845396096867085 0.656317949295044 -2.776282787322998 0.0 0.0 0.0 -0.9943549633026123 0.10610461235046387
1638453960230908155 0.641639232635498 -2.779862880706787 0.0 0.0 0.0 -0.9911670088768005 0.1326194405555725
1638453960330908060 0.6283234357833862 -2.783830404281616 0.0 0.0 0.0 -0.98769611120224 0.15638551115989685
1638453960463908195 0.6108865141868591 -2.7900848388671875 0.0 0.0 0.0 -0.9824889302253723 0.18632103502750397
1638453960598908186 0.593765139579773 -2.7974815368652344 0.0 0.0 0.0 -0.9757645130157471 0.21882334351539612
1638453960732908010 0.5772708654403687 -2.805913209915161 0.0 0.0 0.0 -0.9681838750839233 0.25023984909057617
1638453960933907986 0.553278386592865 -2.820704221725464 0.0 0.0 0.0 -0.9550709128379822 0.2963774502277374
1638453961100908041 0.534424364566803 -2.8348286151885986 0.0 0.0 0.0 -0.9419844746589661 0.33565646409988403
1638453961237908125 0.5199995040893555 -2.8474345207214355 0.0 0.0 0.0 -0.9301085472106934 0.3672848045825958
1638453961404908180 0.5037747025489807 -2.8638458251953125 0.0 0.0 0.0 -0.9150029420852661 0.4034471809864044
1638453961554908037 0.4902346730232239 -2.879802942276001 0.0 0.0 0.0 -0.8999572396278381 0.43597814440727234
1638453961689908028 0.4791005551815033 -2.89486026763916 0.0 0.0 0.0 -0.8851969242095947 0.4652164876461029
1638453961857908010 0.4665689468383789 -2.914659261703491 0.0 0.0 0.0 -0.8663087487220764 0.49950888752937317
1638453961989907980 0.45772233605384827 -2.9311647415161133 0.0 0.0 0.0 -0.8497735857963562 0.5271478891372681
1638453962122908115 0.45002102851867676 -2.948068141937256 0.0 0.0 0.0 -0.8323150873184204 0.5543027520179749
1638453962290908098 0.4418795108795166 -2.9697976112365723 0.0 0.0 0.0 -0.8117050528526306 0.5840675830841064
1638453962424908161 0.4363858699798584 -2.987675189971924 0.0 0.0 0.0 -0.796777606010437 0.6042726039886475
1638453962592908144 0.4306412935256958 -3.010369300842285 0.0 0.0 0.0 -0.7817099094390869 0.6236422061920166
1638453962746469021 0.4259815216064453 -3.033388614654541 0.0 0.0 0.0 -0.7666956782341003 0.6420106887817383
1638453962880469084 0.4230494201183319 -3.051912307739258 0.0 0.0 0.0 -0.7541812062263489 0.6566663980484009
163845396345469046 0.4202931225299835 -3.075007915496826 0.0 0.0 0.0 -0.7420002818107605 0.67039954662323
1638453963178469181 0.4186038076877594 -3.0934834480285645 0.0 0.0 0.0 -0.7353191375732422 0.6777210235595703
1638453963346469164 0.4168767035007477 -3.1166796684265137 0.0 0.0 0.0 -0.7307863235473633 0.6826062798500061
1638453963479469061 0.41561615467071533 -3.135240316390991 0.0 0.0 0.0 -0.7308999300003052 0.6824846267700195
1638453963647469044 0.4138756990432739 -3.158536911010742 0.0 0.0 0.0 -0.7362750172615051 0.6766824126243591
1638453963781469107 0.4121132791042328 -3.1770308017730713 0.0 0.0 0.0 -0.7439573407173157 0.6682271361351013
1638453963948469162 0.40915656089782715 -3.1999735832214355 0.0 0.0 0.0 -0.7583667635917664 0.6518281102180481
1638453964146469116 0.4040813148021698 -3.2272658348083496 0.0 0.0 0.0 -0.7805158495903015 0.6251360177993774
1638453964279469013 0.39956387877464294 -3.24528431892395 0.0 0.0 0.0 -0.7961461544036865 0.605104386806488
1638453964447468996 0.3926168382167816 -3.267559051513672 0.0 0.0 0.0 -0.8145235776901245 0.5801304578781128
1638453964581469059 0.38604438304901123 -3.2850959300994873 0.0 0.0 0.0 -0.8290090560913086 0.559235155582428
1638453964748469114 0.37652623653411865 -3.3066205978393555 0.0 0.0 0.0 -0.8464504480361938 0.5324674844741821
1638453964948469162 0.36354053020477295 -3.331212282180786 0.0 0.0 0.0 -0.8663530349731445 0.4994320571422577
163845396582468987 0.3537488281726837 -3.3471767902374268 0.0 0.0 0.0 -0.8789600133895874 0.4768954813480377
1638453965250913143 0.34021010994911194 -3.3666129112243652 0.0 0.0 0.0 -0.8938238024711609 0.4484183192253113
1638453965383913040 0.32867860794067383 -3.3812732696533203 0.0 0.0 0.0 -0.9052289128303528 0.42492419481277466
1638453965552913189 0.31314343214035034 -3.398817539215088 0.0 0.0 0.0 -0.9184078574180603 0.3956349492073059
1638453965686913013 0.2999631464481354 -3.4120867252349854 0.0 0.0 0.0 -0.928123414516449 0.37227264046669006
1638453965853913069 0.2826412618160248 -3.427605390548706 0.0 0.0 0.0 -0.9396567344665527 0.3421187102794647
163845396653913116 0.2606838047504425 -3.4446303844451904 0.0 0.0 0.0 -0.9521682262420654 0.30557435750961304
1638453966185913086 0.2533251941204071 -3.449742078781128 0.0 0.0 0.0 -0.9565306305885315 0.291631817817688
1638453966385913134 0.25294679403305054 -3.449995756149292 0.0 0.0 0.0 -0.9569242000579834 0.29033780097961426
1638453966551913023 0.25282031297683716 -3.450079917907715 0.0 0.0 0.0 -0.9587540030479431 0.2842370867729187
1638453966684913158 0.2528420090675354 -3.4500668048858643 0.0 0.0 0.0 -0.96212238073349 0.27261781692504883
1638453966850913048 0.25284191966056824 -3.4500668048858643 0.0 0.0 0.0 -0.9676139950752258 0.25243455171585083
163845396717913103 0.2527535855770111 -3.4501161575317383 0.0 0.0 0.0 -0.9748920798301697 0.22267787158489227
1638453967149913073 0.25266116857528687 -3.450157403945923 0.0 0.0 0.0 -0.9808859825134277 0.1945832520723343
1638453967281913042 0.25270843505859375 -3.450139284133911 0.0 0.0 0.0 -0.9867007732391357 0.16254718601703644
1638453967453913212 0.25268450379371643 -3.4501476287841797 0.0 0.0 0.0 -0.9925791025161743 0.12160085141658783
1638453967587913036 0.2526850998401642 -3.450150728225708 0.0 0.0 0.0 -0.9960181713104248 0.08915048092603683
1638453967726161003 0.252634733915329 -3.4501559734344482 0.0 0.0 0.0 -0.9983214735984802 0.05791623890399933
1638453967893161058 0.251926988363266 -3.450192928314209 0.0 0.0 0.0 -0.9998452067375183 0.01759529300034046
163845396844161081 0.24997839331626892 -3.450193166732788 0.0 0.0 0.0 -0.9998930096626282 -0.014627098105847836
1638453968192161083 0.2466968148946762 -3.4499635696411133 0.0 0.0 0.0 -0.9985292553901672 -0.05421510711312294
1638453968389161110 0.24401552975177765 -3.449583053588867 0.0 0.0 0.0 0.9947142004966736 0.1026822030544281
1638453968556160927 0.2408730536699295 -3.448798418045044 0.0 0.0 0.0 0.9897907972335815 0.14252784848213196
1638453968789160967 0.23665283620357513 -3.4473018646240234 0.0 0.0 0.0 0.9803789258003235 0.19712209701538086
1638453968955161095 0.23344579339027405 -3.4457969665527344 0.0 0.0 0.0 0.971662700176239 0.23637168109416962
163845396988160992 0.2301563024520874 -3.4439537525177 0.0 0.0 0.0 0.9636746644973755 0.2670789062976837
1638453969254161119 0.22483131289482117 -3.440445899963379 0.0 0.0 0.0 0.9520521759986877 0.3059356212615967
1638453969385160923 0.22001242637634277 -3.43674898147583 0.0 0.0 0.0 0.9416536688804626 0.3365834057331085
1638453969531161070 0.21453575789928436 -3.4319403171539307 0.0 0.0 0.0 0.9297690391540527 0.36814337968826294
1638453969698161125 0.208635613322258 -3.425994396209717 0.0 0.0 0.0 0.9168111085891724 0.39932119846343994
1638453969834161043 0.20424878597259521 -3.421056032180786 0.0 0.0 0.0 0.9075973629951477 0.4198417067527771
163845397034161091 0.19815601408481598 -3.413452386856079 0.0 0.0 0.0 0.896233856678009 0.44358187913894653
1638453970200160980 0.19327639043331146 -3.406830310821533 0.0 0.0 0.0 0.8889360427856445 0.4580312967300415
1638453970362039089 0.18849602341651917 -3.3998889923095703 0.0 0.0 0.0 0.8814002871513367 0.47237011790275574
1638453970480039120 0.18531551957130432 -3.3949830532073975 0.0 0.0 0.0 0.8759193420410156 0.48245754837989807
1638453970646039009 0.1810433715581894 -3.3880131244659424 0.0 0.0 0.0 0.8695676326751709 0.4938138723373413
1638453970780039072 0.17765697836875916 -3.3822524547576904 0.0 0.0 0.0 0.8662953972816467 0.499532014131546
1638453970947039127 0.1735311597585678 -3.3750195503234863 0.0 0.0 0.0 0.8634859323501587 0.5043729543685913
1638453971163039207 0.16857832670211792 -3.3662185668945312 0.0 0.0 0.0 0.8633580803871155 0.5045917630195618
1638453971351039171 0.1635371446609497 -3.3572640419006348 0.0 0.0 0.0 0.8633941411972046 0.5045300126075745
1638453971485038996 0.1602936089038849 -3.3515090942382812 0.0 0.0 0.0 0.86343914270401 0.5044530034065247
1638453971651039124 0.156203955411911 -3.3442554473876953 0.0 0.0 0.0 0.8635767102241516 0.5042175054550171
1638453971784039021 0.1530071645975113 -3.338590145111084 0.0 0.0 0.0 0.8634962439537048 0.504355251789093
1638453971951039076 0.14883901178836823 -3.3312063217163086 0.0 0.0 0.0 0.8636698126792908 0.5040580034255981
1638453972153038979 0.14383475482463837 -3.3223471641540527 0.0 0.0 0.0 0.863632082939148 0.5041226744651794
1638453972356039047 0.13885892927646637 -3.3135299682617188 0.0 0.0 0.0 0.8634937405586243 0.5043595433235168
1638453972490039110 0.13553784787654877 -3.3076443672180176 0.0 0.0 0.0 0.8636408448219299 0.504107654094696
1638453972690039158 0.130648672580719 -3.2989816665649414 0.0 0.0 0.0 0.8637369871139526 0.5039429068565369
1638453972832674026 0.12740038335323334 -3.293229341506958 0.0 0.0 0.0 0.8635328412055969 0.5042926669120789
1638453972998673916 0.1232915148139 -3.2859573364257812 0.0 0.0 0.0 0.8637750148773193 0.5038776993751526
1638453973232673883 0.11755326390266418 -3.2757976055145264 0.0 0.0 0.0 0.8637350797653198 0.5039461255073547
1638453973380673885 0.11400686204433441 -3.2695162296295166 0.0 0.0 0.0 0.8634836673736572 0.5043768286705017
1638453973546674013 0.10994096100330353 -3.2623069286346436 0.0 0.0 0.0 0.863559365272522 0.5042471289634705
1638453973680674076 0.10670751333236694 -3.256575584411621 0.0 0.0 0.0 0.8636285066604614 0.5041287541389465
1638453973879673958 0.10186928510665894 -3.2480006217956543 0.0 0.0 0.0 0.8634135723114014 0.5044967532157898
163845397446674013 0.09779290109872818 -3.2407684326171875 0.0 0.0 0.0 0.8634214401245117 0.5044832825660706
1638453974246674061 0.09293791651725769 -3.232144355773926 0.0 0.0 0.0 0.8632364869117737 0.5047997236251831
1638453974378674030 0.08972262591123581 -3.2264316082000732 0.0 0.0 0.0 0.8631815910339355 0.5048936009407043
1638453974545674086 0.08561396598815918 -3.219130516052246 0.0 0.0 0.0 0.8633032441139221 0.5046855211257935
1638453974679673910 0.08236242830753326 -3.213351011276245 0.0 0.0 0.0 0.863247811794281 0.5047804117202759
1638453974845674038 0.07827813178300858 -3.20609450340271 0.0 0.0 0.0 0.8632234334945679 0.5048220753669739
1638453974979674101 0.07499081641435623 -3.2002477645874023 0.0 0.0 0.0 0.8631298542022705 0.504982054233551
1638453975149673939 0.07087086886167526 -3.1929240226745605 0.0 0.0 0.0 0.863123893737793 0.5049922466278076
1638453975348785877 0.06541536003351212 -3.183215379714966 0.0 0.0 0.0 0.8631962537765503 0.5048685073852539
1638453975582785845 0.05965973436832428 -3.172977924346924 0.0 0.0 0.0 0.863102376461029 0.505029022693634
1638453975748785973 0.05559280887246132 -3.165740489959717 0.0 0.0 0.0 0.8631994724273682 0.5048630237579346
1638453975881785870 0.052379775792360306 -3.1600263118743896 0.0 0.0 0.0 0.8631651997566223 0.504921555519104
163845397681785917 0.047443509101867676 -3.1512451171875 0.0 0.0 0.0 0.8632383942604065 0.5047964453697205
1638453976248785973 0.04332490265369415 -3.143920421600342 0.0 0.0 0.0 0.8631964325904846 0.5048681497573853
1638453976449785948 0.03843772038817406 -3.1352274417877197 0.0 0.0 0.0 0.8630914688110352 0.505047619342804
1638453976582785845 0.03514253348112106 -3.1293561458587646 0.0 0.0 0.0 0.8629563450813293 0.505278468132019
1638453976749785900 0.03109334036707878 -3.1221377849578857 0.0 0.0 0.0 0.8627782464027405 0.5055825710296631
1638453976948786020 0.026229003444314003 -3.1134612560272217 0.0 0.0 0.0 0.8628143072128296 0.5055210590362549
163845397782785845 0.022937001660466194 -3.107588291168213 0.0 0.0 0.0 0.862852931022644 0.5054551362991333
1638453977247785807 0.018952013924717903 -3.1004791259765625 0.0 0.0 0.0 0.8627591729164124 0.5056150555610657
1638453977381785870 0.01568680815398693 -3.094649076461792 0.0 0.0 0.0 0.8627925515174866 0.50555819272995
1638453977583786011 0.010799079202115536 -3.0859274864196777 0.0 0.0 0.0 0.8627792000770569 0.5055809020996094
1638453977749729156 0.0068146646954119205 -3.078817844390869 0.0 0.0 0.0 0.8627616167068481 0.5056109428405762
1638453977950729132 0.0019405920756980777 -3.070117473602295 0.0 0.0 0.0 0.8627992272377014 0.5055467486381531
1638453978152729034 -0.002970533212646842 -3.0613510608673096 0.0 0.0 0.0 0.8629208207130432 0.5053392052650452
1638453978351729155 -0.0078089069575071335 -3.052717924118042 0.0 0.0 0.0 0.8629127144813538 0.5053529739379883
1638453978586729050 -0.013487590476870537 -3.0425829887390137 0.0 0.0 0.0 0.8621707558631897 0.5066177845001221
1638453978752728939 -0.017503194510936737 -3.035288095474243 0.0 0.0 0.0 0.859044075012207 0.5119016170501709
1638453978954729080 -0.022162793204188347 -3.0264713764190674 0.0 0.0 0.0 0.8540874719619751 0.5201293230056763
1638453979122729063 -0.02597411908209324 -3.018953800201416 0.0 0.0 0.0 0.8501169085502625 0.5265940427780151
1638453979289729118 -0.029616668820381165 -3.0114657878875732 0.0 0.0 0.0 0.8456792235374451 0.5336915254592896
1638453979488729000 -0.033809516578912735 -3.002445697784424 0.0 0.0 0.0 0.8398765921592712 0.542777419090271
1638453979695729017 -0.037799201905727386 -2.9931416511535645 0.0 0.0 0.0 0.8296473026275635 0.5582878589630127
1638453979861729145 -0.04086049273610115 -2.9852347373962402 0.0 0.0 0.0 0.8204230666160583 0.5717569589614868
163845398027729034 -0.044262487441301346 -2.9755115509033203 0.0 0.0 0.0 0.8109837174415588 0.5850687026977539
1638453980241321087 -0.04841892793774605 -2.962120532989502 0.0 0.0 0.0 0.7994756698608398 0.6006984114646912
1638453980442321062 -0.052387785166502 -2.947305679321289 0.0 0.0 0.0 0.7874266505241394 0.6164084076881409
1638453980613321066 -0.05543873459100723 -2.934035301208496 0.0 0.0 0.0 0.7772637605667114 0.6291748881340027
1638453980779320955 -0.05795593187212944 -2.9211947917938232 0.0 0.0 0.0 0.7670779824256897 0.6415538787841797
1638453980948321104 -0.06018494442105293 -2.9078643321990967 0.0 0.0 0.0 0.7598201632499695 0.6501333117485046
1638453981151321173 -0.06252968311309814 -2.8918874263763428 0.0 0.0 0.0 0.753437876701355 0.6575191020965576
1638453981351320982 -0.06453466415405273 -2.876145601272583 0.0 0.0 0.0 0.7471988201141357 0.6646005511283875
1638453981487321138 -0.06572552025318146 -2.86545467376709 0.0 0.0 0.0 0.7431089878082275 0.6691703796386719
1638453981654320955 -0.0670599564909935 -2.8521831035614014 0.0 0.0 0.0 0.740883469581604 0.6716336011886597
1638453981787321091 -0.06809009611606598 -2.841679096221924 0.0 0.0 0.0 0.740728497505188 0.6718044877052307
1638453981953320980 -0.06937657296657562 -2.82855486869812 0.0 0.0 0.0 0.7406003475189209 0.6719458103179932
163845398286321115 -0.07040639221668243 -2.81797456741333 0.0 0.0 0.0 0.7405346035957336 0.6720182299613953
1638453982253321171 -0.07170908898115158 -2.804445505142212 0.0 0.0 0.0 0.7400415539741516 0.6725611686706543
1638453982452321053 -0.07339473068714142 -2.7867321968078613 0.0 0.0 0.0 0.7396154403686523 0.6730297207832336
1638453982584321022 -0.07461147010326385 -2.7738304138183594 0.0 0.0 0.0 0.7394999265670776 0.6731566190719604
1638453982746675014 -0.07626590132713318 -2.7562921047210693 0.0 0.0 0.0 0.7395573854446411 0.6730934977531433
1638453982892674923 -0.0777631476521492 -2.7404422760009766 0.0 0.0 0.0 0.7398022413253784 0.6728243827819824
163845398393675137 -0.07986575365066528 -2.7184464931488037 0.0 0.0 0.0 0.7402291297912598 0.6723546981811523
1638453983230674982 -0.08128632605075836 -2.7035045623779297 0.0 0.0 0.0 0.73891282081604 0.673801064491272
1638453983396675110 -0.08283932507038116 -2.6852710247039795 0.0 0.0 0.0 0.7338806986808777 0.6792783737182617
1638453983534675121 -0.08389592170715332 -2.670248508453369 0.0 0.0 0.0 0.7293978929519653 0.6840896606445312
1638453983734674931 -0.08508150279521942 -2.6484127044677734 0.0 0.0 0.0 0.7227156162261963 0.6911455392837524
1638453983900675058 -0.0857400968670845 -2.630403757095337 0.0 0.0 0.0 0.7170954346656799 0.6969749927520752
1638453984101675034 -0.08615664392709732 -2.608311891555786 0.0 0.0 0.0 0.7103278636932373 0.703870952129364
1638453984302675009 -0.08612582087516785 -2.5863428115844727 0.0 0.0 0.0 0.7030030488967896 0.7111868262290955
1638453984435674906 -0.085863396525383 -2.571791648864746 0.0 0.0 0.0 0.698154628276825 0.7159470319747925
1638453984634675026 -0.08510714769363403 -2.550164222717285 0.0 0.0 0.0 0.6912165284156799 0.7226477265357971
1638453984800674915 -0.08415479212999344 -2.5319910049438477 0.0 0.0 0.0 0.6855718493461609 0.7280049920082092
1638453985674963 -0.0826169103384018 -2.5099995136260986 0.0 0.0 0.0 0.6785423159599304 0.7345612645149231
1638453985231930971 -0.08029580116271973 -2.4843385219573975 0.0 0.0 0.0 0.6704602837562561 0.7419454455375671
1638453985400930882 -0.07828018069267273 -2.465946674346924 0.0 0.0 0.0 0.664684534072876 0.7471241354942322
1638453985600930929 -0.0754944309592247 -2.444103717803955 0.0 0.0 0.0 0.6573497653007507 0.7535856366157532
1638453985802931070 -0.07227291911840439 -2.422269582748413 0.0 0.0 0.0 0.6496525406837463 0.7602312564849854
16384539868930922 -0.06852670013904572 -2.399954319000244 0.0 0.0 0.0 0.6423483490943909 0.7664127945899963
1638453986208930969 -0.06465278565883636 -2.3786115646362305 0.0 0.0 0.0 0.6405491232872009 0.7679172158241272
1638453986476931095 -0.05946037173271179 -2.3499200344085693 0.0 0.0 0.0 0.6424330472946167 0.7663418054580688
1638453986643930912 -0.056397445499897 -2.3320071697235107 0.0 0.0 0.0 0.647793710231781 0.7618158459663391
1638453986775930882 -0.05415035039186478 -2.3176281452178955 0.0 0.0 0.0 0.6528481245040894 0.7574888467788696
1638453986943931103 -0.05159232020378113 -2.2993550300598145 0.0 0.0 0.0 0.6594862937927246 0.7517166137695312
163845398776931000 -0.049786828458309174 -2.284837245941162 0.0 0.0 0.0 0.6646201014518738 0.7471814155578613
1638453987341931105 -0.04677838832139969 -2.255835771560669 0.0 0.0 0.0 0.6745964288711548 0.7381867170333862
1638453987541930914 -0.04503128305077553 -2.233961582183838 0.0 0.0 0.0 0.681980311870575 0.7313705682754517
1638453987674931049 -0.044115666300058365 -2.2194876670837402 0.0 0.0 0.0 0.6866539716720581 0.7269843816757202
1638453987837483883 -0.04323073476552963 -2.201361656188965 0.0 0.0 0.0 0.6924039125442505 0.721510112285614
16384539882483845 -0.04262968525290489 -2.1833505630493164 0.0 0.0 0.0 0.6981224417686462 0.7159783840179443
1638453988235483885 -0.04226001352071762 -2.1579415798187256 0.0 0.0 0.0 0.7058073282241821 0.7084038853645325
1638453988400483847 -0.042334262281656265 -2.1399712562561035 0.0 0.0 0.0 0.7112833261489868 0.7029054164886475
1638453988601483822 -0.0428185760974884 -2.1179819107055664 0.0 0.0 0.0 0.7183784246444702 0.6956525444984436
1638453988778483868 -0.043632011860609055 -2.098383665084839 0.0 0.0 0.0 0.7247147560119629 0.6890490055084229
1638453988947484016 -0.044714827090501785 -2.0798628330230713 0.0 0.0 0.0 0.7301622629165649 0.6832737922668457
1638453989147483826 -0.0463862381875515 -2.0580079555511475 0.0 0.0 0.0 0.7368965744972229 0.676005482673645
1638453989348483801 -0.048497285693883896 -2.0360894203186035 0.0 0.0 0.0 0.7435826659202576 0.6686440110206604
1638453989483483791 -0.05014706403017044 -2.021476984024048 0.0 0.0 0.0 0.7478601336479187 0.6638563275337219
1638453989650483847 -0.052439603954553604 -2.003474712371826 0.0 0.0 0.0 0.7530461549758911 0.6579676866531372
1638453989854483843 -0.05564084276556969 -1.9813816547393799 0.0 0.0 0.0 0.7589996457099915 0.6510910391807556
163845399054483891 -0.05918411910533905 -1.9597254991531372 0.0 0.0 0.0 0.7650432586669922 0.6439788937568665
1638453990300091028 -0.06388912349939346 -1.9341870546340942 0.0 0.0 0.0 0.7716944217681885 0.635993480682373
1638453990500091076 -0.06832311302423477 -1.9126180410385132 0.0 0.0 0.0 0.7784659266471863 0.6276868581771851
1638453990701091051 -0.07319577783346176 -1.8911699056625366 0.0 0.0 0.0 0.7844802737236023 0.6201537847518921
1638453990899091005 -0.0784350335597992 -1.8700429201126099 0.0 0.0 0.0 0.7906399369239807 0.6122813820838928
1638453991101091146 -0.0841900035738945 -1.848683476448059 0.0 0.0 0.0 0.7966841459274292 0.6043959259986877
1638453991235090971 -0.08822520077228546 -1.8346478939056396 0.0 0.0 0.0 0.800845205783844 0.5988714098930359
1638453991400091171 -0.09345430135726929 -1.8174021244049072 0.0 0.0 0.0 0.8049912452697754 0.5932866930961609
1638453991601091146 -0.09992474317550659 -1.7965924739837646 0.0 0.0 0.0 0.8047633767127991 0.5935957431793213
1638453991734091043 -0.1041087657213211 -1.7828118801116943 0.0 0.0 0.0 0.8014209866523743 0.5981007218360901
1638453991899091005 -0.10904373973608017 -1.7654012441635132 0.0 0.0 0.0 0.7931010723114014 0.6090900897979736
1638453992100090981 -0.11424628645181656 -1.7437467575073242 0.0 0.0 0.0 0.775786817073822 0.6309950947761536
1638453992331091166 -0.11835048347711563 -1.7186768054962158 0.0 0.0 0.0 0.7473610639572144 0.6644181609153748
1638453992497091055 -0.1199401244521141 -1.7007026672363281 0.0 0.0 0.0 0.7287266254425049 0.6848046779632568
1638453992636090994 -0.12060398608446121 -1.6853795051574707 0.0 0.0 0.0 0.716354489326477 0.6977365016937256
1638453992802190781 -0.12081047892570496 -1.6669551134109497 0.0 0.0 0.0 0.7063719034194946 0.7078409194946289
16384539933190994 -0.12057375907897949 -1.644885540008545 0.0 0.0 0.0 0.7015230059623718 0.7126468420028687
1638453993205190897 -0.12021393328905106 -1.6228934526443481 0.0 0.0 0.0 0.7014742493629456 0.7126948237419128
1638453993374190807 -0.12001319229602814 -1.604392647743225 0.0 0.0 0.0 0.7055277824401855 0.7086822390556335
1638453993541190863 -0.12013218551874161 -1.586169958114624 0.0 0.0 0.0 0.7143946886062622 0.6997429728507996
1638453993739190817 -0.12109262496232986 -1.5645527839660645 0.0 0.0 0.0 0.7317884564399719 0.6815318465232849
1638453993908190966 -0.12282869219779968 -1.5462610721588135 0.0 0.0 0.0 0.7480383515357971 0.6636555194854736
1638453994209190845 -0.1281498521566391 -1.5134406089782715 0.0 0.0 0.0 0.7738149166107178 0.6334117650985718
1638453994376190901 -0.1320841759443283 -1.495414137840271 0.0 0.0 0.0 0.7830566167831421 0.6219504475593567
1638453994542190790 -0.13629813492298126 -1.477840542793274 0.0 0.0 0.0 0.7865308523178101 0.6175509691238403
1638453994775190830 -0.14230580627918243 -1.4529668092727661 0.0 0.0 0.0 0.7835063934326172 0.6213837265968323
1638453994945190907 -0.14630857110023499 -1.4348256587982178 0.0 0.0 0.0 0.7749274373054504 0.6320502161979675
1638453995148190975 -0.15017728507518768 -1.4130219221115112 0.0 0.0 0.0 0.757502555847168 0.6528321504592896
1638453995338855982 -0.15275752544403076 -1.3912584781646729 0.0 0.0 0.0 0.7376512885093689 0.6751818656921387
1638453995603856087 -0.1539229452610016 -1.36216139793396 0.0 0.0 0.0 0.7028717398643494 0.7113166451454163
1638453995802855968 -0.1528279036283493 -1.340503215789795 0.0 0.0 0.0 0.6747538447380066 0.7380428910255432
163845399634856081 -0.14947748184204102 -1.3154489994049072 0.0 0.0 0.0 0.6415897607803345 0.7670480012893677
1638453996234855890 -0.14489330351352692 -1.2939926385879517 0.0 0.0 0.0 0.6171507239341736 0.7868449687957764
1638453996400856018 -0.1402391493320465 -1.2765051126480103 0.0 0.0 0.0 0.6027163863182068 0.7979554533958435
1638453996600856066 -0.13393676280975342 -1.255433201789856 0.0 0.0 0.0 0.5932822227478027 0.804994523525238
1638453996802855968 -0.12732566893100739 -1.2342430353164673 0.0 0.0 0.0 0.5923169851303101 0.8057050108909607
1638453996973855972 -0.12175365537405014 -1.2162286043167114 0.0 0.0 0.0 0.595843493938446 0.8031005859375
1638453997138855934 -0.11664433777332306 -1.198683500289917 0.0 0.0 0.0 0.6053594946861267 0.7959522008895874
1638453997405855894 -0.10980099439620972 -1.170320749282837 0.0 0.0 0.0 0.6339211463928223 0.77339768409729
1638453997605855942 -0.10631614178419113 -1.1488395929336548 0.0 0.0 0.0 0.6628910303115845 0.748715877532959
1638453997785050869 -0.10462001711130142 -1.1297072172164917 0.0 0.0 0.0 0.6875280141830444 0.7261578440666199
1638453997984050989 -0.1042604148387909 -1.1078977584838867 0.0 0.0 0.0 0.7148987650871277 0.6992279887199402
1638453998286050797 -0.10684648156166077 -1.0748062133789062 0.0 0.0 0.0 0.7511122226715088 0.660174548625946
1638453998451050997 -0.10955432802438736 -1.056760549545288 0.0 0.0 0.0 0.7637548446655273 0.6455064415931702
1638453998686050892 -0.11429072171449661 -1.0316147804260254 0.0 0.0 0.0 0.7743968367576599 0.6327002048492432
1638453998853050947 -0.1180281788110733 -1.0137009620666504 0.0 0.0 0.0 0.776696503162384 0.6298750638961792
163845399955050850 -0.12249607592821121 -0.9921905398368835 0.0 0.0 0.0 0.773077130317688 0.6343120336532593
1638453999227050781 -0.12585994601249695 -0.9738689661026001 0.0 0.0 0.0 0.7627514600753784 0.6466917395591736
1638453999395051003 -0.12855970859527588 -0.9555915594100952 0.0 0.0 0.0 0.7501411437988281 0.6612777709960938
1638453999595050812 -0.13068659603595734 -0.933702826499939 0.0 0.0 0.0 0.7305542826652527 0.6828545928001404
1638453999830050945 -0.13150765001773834 -0.9081066846847534 0.0 0.0 0.0 0.7061519622802734 0.7080602645874023
1638453999996050835 -0.13102680444717407 -0.8898657560348511 0.0 0.0 0.0 0.689216673374176 0.7245553135871887
1638454000198050976 -0.12925280630588531 -0.8676915764808655 0.0 0.0 0.0 0.6672584414482117 0.7448263168334961
1638454000395348072 -0.12616467475891113 -0.8456618785858154 0.0 0.0 0.0 0.6452116370201111 0.7640038728713989
1638454000596348047 -0.12182886153459549 -0.8240242004394531 0.0 0.0 0.0 0.6225265860557556 0.7825986742973328
1638454000829348087 -0.11519841849803925 -0.7992356419563293 0.0 0.0 0.0 0.595000147819519 0.8037256002426147
163845400131347990 -0.10807492583990097 -0.7781891226768494 0.0 0.0 0.0 0.5698043704032898 0.8217803835868835
1638454001297348022 -0.09649835526943207 -0.7515521049499512 0.0 0.0 0.0 0.5253962278366089 0.850857675075531
1638454001531347990 -0.0839943066239357 -0.7292655110359192 0.0 0.0 0.0 0.4852932095527649 0.874351441860199
1638454001732348204 -0.07163757085800171 -0.7110456228256226 0.0 0.0 0.0 0.4513309597969055 0.8923566341400146
1638454001899348021 -0.0604059211909771 -0.6967951059341431 0.0 0.0 0.0 0.4217098355293274 0.9067308306694031
1638454002130348206 -0.043170686811208725 -0.6780981421470642 0.0 0.0 0.0 0.3803342878818512 0.9248490929603577
1638454002397348166 -0.02153928577899933 -0.6585597395896912 0.0 0.0 0.0 0.3405923843383789 0.9402110576629639
1638454002598348141 -0.004452364984899759 -0.6449549794197083 0.0 0.0 0.0 0.3203234374523163 0.9473082423210144
1638454002809163094 0.013253014534711838 -0.6320368647575378 0.0 0.0 0.0 0.2983037531375885 0.9544709920883179
1638454002976163149 0.028526348993182182 -0.6220065951347351 0.0 0.0 0.0 0.27388978004455566 0.9617610573768616
1638454003344163179 0.06435684114694595 -0.6035081148147583 0.0 0.0 0.0 0.19204957783222198 0.9813852310180664
1638454003545163155 0.08521142601966858 -0.596397876739502 0.0 0.0 0.0 0.13524265587329865 0.9908124804496765
1638454003748162985 0.1068953350186348 -0.5917017459869385 0.0 0.0 0.0 0.07980449497699738 0.9968105554580688
1638454003967163086 0.1307654231786728 -0.5891093611717224 0.0 0.0 0.0 0.030476916581392288 0.9995354413986206
1638454004201163054 0.1380968987941742 -0.5887581706047058 0.0 0.0 0.0 0.015522743575274944 0.9998795390129089
1638454004500163078 0.1381474882364273 -0.5887566208839417 0.0 0.0 0.0 0.021356672048568726 0.9997718930244446
1638454004699163198 0.13812223076820374 -0.5887579321861267 0.0 0.0 0.0 0.040678463876247406 0.9991722702980042
1638454004951163054 0.13819792866706848 -0.5887516140937805 0.0 0.0 0.0 0.07903687655925751 0.9968717098236084
1638454005149163008 0.13881579041481018 -0.5886154770851135 0.0 0.0 0.0 0.12074869126081467 0.9926831126213074
1638454005347775936 0.14123418927192688 -0.5878714919090271 0.0 0.0 0.0 0.16851724684238434 0.9856986999511719
1638454005682775974 0.147163987159729 -0.5852141976356506 0.0 0.0 0.0 0.24830122292041779 0.9686828851699829
1638454005885775805 0.15056948363780975 -0.5831206440925598 0.0 0.0 0.0 0.2951631247997284 0.9554468989372253
1638454006186775923 0.1551951915025711 -0.5794302821159363 0.0 0.0 0.0 0.36511972546577454 0.9309605956077576
1638454006353775978 0.15751828253269196 -0.5771011710166931 0.0 0.0 0.0 0.40134763717651367 0.9159258008003235
1638454006527776003 0.1597057729959488 -0.5745104551315308 0.0 0.0 0.0 0.4395937919616699 0.8981966972351074
1638454006861775875 0.16326174139976501 -0.569071888923645 0.0 0.0 0.0 0.5109848380088806 0.8595897555351257
163845400727776003 0.1647489070892334 -0.5660527944564819 0.0 0.0 0.0 0.5447971820831299 0.838567852973938
1638454007260775805 0.16640838980674744 -0.5616499781608582 0.0 0.0 0.0 0.5917639136314392 0.8061113357543945
1638454007427775860 0.16725358366966248 -0.5585232973098755 0.0 0.0 0.0 0.6238793730735779 0.781520664691925
1638454007628775835 0.1679714471101761 -0.5544365048408508 0.0 0.0 0.0 0.6612551808357239 0.7501610517501831
1638454007851596117 0.16841840744018555 -0.5478488206863403 0.0 0.0 0.0 0.7022213339805603 0.7119587063789368
163845400885596085 0.16803380846977234 -0.5394082069396973 0.0 0.0 0.0 0.7412087321281433 0.6712746024131775
1638454008354596138 0.16630610823631287 -0.5289265513420105 0.0 0.0 0.0 0.7828171849250793 0.6222517490386963
1638454008655596018 0.162893608212471 -0.5173526406288147 0.0 0.0 0.0 0.8181370496749878 0.5750232934951782
1638454008889595985 0.15932096540927887 -0.5086444020271301 0.0 0.0 0.0 0.8422806262969971 0.5390392541885376
163845400989596033 0.15574385225772858 -0.5014635920524597 0.0 0.0 0.0 0.8574917316436768 0.5144977569580078
1638454009322596073 0.15117579698562622 -0.4933764338493347 0.0 0.0 0.0 0.869519829750061 0.49389806389808655
1638454009489596128 0.14740483462810516 -0.487227201461792 0.0 0.0 0.0 0.8749485611915588 0.4842158854007721
1638454009691596031 0.14180868864059448 -0.4784882068634033 0.0 0.0 0.0 0.8796195387840271 0.47567787766456604
1638454009891596079 0.13509811460971832 -0.46845200657844543 0.0 0.0 0.0 0.8841554522514343 0.4671928584575653
163845401092596054 0.12720869481563568 -0.4571368098258972 0.0 0.0 0.0 0.8887386918067932 0.45841410756111145
1638454010338012934 0.11758670955896378 -0.44394877552986145 0.0 0.0 0.0 0.8942071199417114 0.4476534426212311
1638454010472012997 0.11190085113048553 -0.43644389510154724 0.0 0.0 0.0 0.8969220519065857 0.44218870997428894
1638454010639013052 0.10473944991827011 -0.4272640347480774 0.0 0.0 0.0 0.9003719687461853 0.4351210594177246
1638454010940012932 0.09134075790643692 -0.41085514426231384 0.0 0.0 0.0 0.9065156579017639 0.4221722185611725
1638454011110013008 0.08259446918964386 -0.4006173014640808 0.0 0.0 0.0 0.9097088575363159 0.4152466356754303
1638454011343013048 0.0690508484840393 -0.38532790541648865 0.0 0.0 0.0 0.9140405058860779 0.4056228995323181
1638454011560013056 0.055965226143598557 -0.3711599111557007 0.0 0.0 0.0 0.9180957078933716 0.3963587284088135
1638454011761013031 0.043466608971357346 -0.35814258456230164 0.0 0.0 0.0 0.9219365119934082 0.3873409926891327
1638454011927012920 0.03292658552527428 -0.3475640118122101 0.0 0.0 0.0 0.925114095211029 0.37968915700912476
1638454012195013046 0.015672296285629272 -0.3307083249092102 0.0 0.0 0.0 0.9263189435005188 0.3767401874065399
1638454012394012928 0.00295932125300169 -0.3182951807975769 0.0 0.0 0.0 0.9256252646446228 0.3784414231777191
1638454012592013121 -0.009496866725385189 -0.3058387339115143 0.0 0.0 0.0 0.9216232895851135 0.3880856931209564
1638454012792012930 -0.0217079296708107 -0.2928982079029083 0.0 0.0 0.0 0.9140793681144714 0.4055352807044983
1638454012996690989 -0.033564288169145584 -0.279028981924057 0.0 0.0 0.0 0.9016838669776917 0.43239593505859375
1638454013230690956 -0.04602723941206932 -0.2620318830013275 0.0 0.0 0.0 0.8811101317405701 0.47291114926338196
1638454013398690939 -0.05391392111778259 -0.24926476180553436 0.0 0.0 0.0 0.8650791049003601 0.5016354918479919
1638454013598690987 -0.06218136101961136 -0.23342807590961456 0.0 0.0 0.0 0.8448579907417297 0.534990668296814
1638454013834691048 -0.07035964727401733 -0.21392029523849487 0.0 0.0 0.0 0.8198922276496887 0.5725178718566895
163845401438691044 -0.07595350593328476 -0.1965283304452896 0.0 0.0 0.0 0.7960895299911499 0.6051788330078125
1638454014236690998 -0.08003095537424088 -0.17931681871414185 0.0 0.0 0.0 0.7722354531288147 0.6353363990783691
1638454014502691031 -0.08341832458972931 -0.15559916198253632 0.0 0.0 0.0 0.7379971742630005 0.6748037934303284
1638454014703691006 -0.0843190997838974 -0.1375289112329483 0.0 0.0 0.0 0.7108478546142578 0.7033458352088928
1638454014901690960 -0.083832748234272 -0.11994894593954086 0.0 0.0 0.0 0.6834017634391785 0.7300425171852112
163845401532691002 -0.08276330679655075 -0.10817841440439224 0.0 0.0 0.0 0.6654645800590515 0.746429443359375
1638454015299690962 -0.07868178188800812 -0.08470261096954346 0.0 0.0 0.0 0.6181652545928955 0.786048173904419
1638454015486402988 -0.07353653758764267 -0.06759975850582123 0.0 0.0 0.0 0.5725072026252747 0.8198996782302856
1638454015685402870 -0.0662224069237709 -0.051061153411865234 0.0 0.0 0.0 0.5159338712692261 0.85662841796875
1638454015888402939 -0.05640672519803047 -0.03555016592144966 0.0 0.0 0.0 0.4442616105079651 0.8958970904350281
163845401654402828 -0.04659856855869293 -0.024441909044981003 0.0 0.0 0.0 0.3760673403739929 0.9265923500061035
1638454016256402969 -0.0323939248919487 -0.013111643493175507 0.0 0.0 0.0 0.28315550088882446 0.9590740203857422
1638454016424402952 -0.019074341282248497 -0.005956931039690971 0.0 0.0 0.0 0.20412500202655792 0.9789448380470276
1638454016692402840 0.004339201841503382 0.000759569404181093 0.0 0.0 0.0 0.07569053024053574 0.99713134765625
1638454016994402885 0.013376758433878422 0.0016596469795331359 0.0 0.0 0.0 0.01989191770553589 0.9998021125793457
1638454017250402927 0.01335146650671959 0.0016586306737735868 0.0 0.0 0.0 0.020083731040358543 0.9997982978820801
1638454017449402809 0.013376756571233273 0.0016596466302871704 0.0 0.0 0.0 0.020125914365053177 0.9997974634170532
1638454017650403023 0.01335146650671959 0.0016586199635639787 0.0 0.0 0.0 0.020295120775699615 0.9997940063476562
1638454017909147978 0.013376755639910698 0.0016596477944403887 0.0 0.0 0.0 0.020094450563192368 0.999798059463501
1638454018142148018 0.013376754708588123 0.001659646281041205 0.0 0.0 0.0 0.019990721717476845 0.9998001456260681
1638454018374148130 -0.02557623197785866 0.0073639321191179595 0.0028810306534779845 -0.0032792156871842004 0.0007813618590331716 0.021809268993053098 0.9997564618158936
1638454018541148186 -0.025550945878634435 0.007365041556072631 0.0028809874515133317 -0.0032791076596306733 0.0007818155076977519 0.021947571747739408 0.9997534639975509
1638454018706148148 -0.025550946795708813 0.00736503771103317 0.002880987478157881 -0.0032791370371355517 0.0007816916583126638 0.021909821259057292 0.9997542491312895
1638454018842148066 -0.02557623288026065 0.0073639243160705855 0.0028810307061891997 -0.0032792167994411176 0.0007813576863691664 0.02180798947563356 0.9997565237888473
163845401941148186 -0.0255762328513474 0.0073639165164667555 0.002881030757555864 -0.0032792368937275664 0.0007812727762191188 0.021782110957993737 0.9997570485284611
1638454019338148117 -0.025601518951434712 0.007362807312336079 0.0028810739579871836 -0.0032791388546563717 0.0007816842397859168 0.021907556409640615 0.9997543129282151
1638454019538148165 -0.02555094677672101 0.007365032588905282 0.0028809875118912132 -0.0032791350662964916 0.0007816997824617457 0.021912300311082045 0.9997541849378483
1638454019708148003 -0.025601519939281822 0.0073628225588641995 0.0028810738588984043 -0.003279245569005845 0.0007812366349300333 0.02177108834685824 0.9997573073503153
1638454019940148115 -0.025550946780173337 0.007365033520201262 0.00288098750575788 -0.003279156586508726 0.0007816102023556773 0.0218849784747965 0.9997548315580407
1638454020107148170 -0.025576232885870683 0.007363925829426552 0.0028810306962225333 -0.003279121756441387 0.0007817563073210063 0.021929523511728652 0.9997538550335252
1638454020441372156 -0.0255762319424723 0.007363922573334168 0.0028810307163446487 -0.0032792724903861047 0.000781123143142114 0.021736494908021216 0.9997580270355546
1638454020574372053 -0.025601518045148857 0.007362814067675474 0.0028810739121759676 -0.0032791279938934976 0.0007817294930953537 0.021921357956452163 0.9997539893577979
1638454020778372049 -0.025576231932546857 0.007363919895858226 0.0028810307339779814 -0.00327914773391457 0.0007816471597123331 0.02189624881590481 0.9997545722776076
1638454020944372177 -0.02557623193470456 0.007363920477918213 0.0028810307301446484 -0.0032790790403514035 0.0007819349211543563 0.021983988482022564 0.999752621728349
1638454021180372000 -0.025576232899679995 0.00736392955461047 0.002881030671689201 -0.0032791370851308265 0.0007816914374221936 0.021909754204327808 0.9997542492554162
1638454021454372168 -0.0255509467818995 0.007365033985849252 0.0028809875026912135 -0.0032791594212627367 0.0007815981021781327 0.021881292437641038 0.999754897985761
1638454021656372070 -0.025576232876808325 0.007363923384774606 0.0028810307123225327 -0.0032791416907435853 0.0007816721334725259 0.021903868509853777 0.9997543793593836
1638454021791372061 -0.025550946762480157 0.007365028747309366 0.0028809875371912123 -0.003279230205286773 0.0007813007197289656 0.021790632165527984 0.9997568539414238
1638454021992372036 -0.025576232864725174 0.0073639201252386766 0.0028810307337891984 -0.0032791343783642158 0.0007817029485584845 0.021913261428871317 0.9997541831587
1638454022229372025 -0.025550946793551108 0.007365037128973184 0.002880987481991215 -0.0032791071326494716 0.0007818169867251908 0.02194803356998552 0.9997534035382525
1638454022495372057 -0.025576232901406162 0.00736393002025846 0.002881030668622534 -0.0032791408854895257 0.0007816758395237471 0.02190499353920401 0.9997543772768147
1638454022692372084 -0.025576232919099343 0.007363934793150355 0.002881030637189202 -0.0032791230683122384 0.0007817502696481557 0.02192769068245609 0.9997538584263197
1638454022959867001 -0.02557623293851869 0.007363940031690241 0.0028810306026892034 -0.00327911546262841 0.0007817824346203208 0.021937493380376035 0.9997536614670846
1638454023125866890 -0.025576232937655603 0.0073639397988662465 0.0028810306042225363 -0.003279118805332416 0.0007817679966853005 0.021933097680666862 0.9997537292084784
1638454023327867031 -0.025550946825485144 0.007365045743460995 0.002880987425257883 -0.0032792978052578513 0.0007810170450490981 0.021704145939990527 0.9997587425659998
1638454023528867006 -0.02557623389400022 0.007363946547318555 0.0028810305611004223 -0.003279186134663471 0.0007814855675822507 0.021846989569298442 0.9997556171331183
1638454023727866888 -0.025576233862497726 0.00736393804924274 0.0028810306170670864 -0.0032791205961891948 0.0007817607008754815 0.021930870083877674 0.9997537929364448
1638454023928866863 -0.025601520899510313 0.0073628303550244845 0.00288107380887629 -0.0032791369571434264 0.0007816920264634473 0.021909933016939765 0.9997542489244119
163845402496867085 -0.02557623480503303 0.00736394107251113 0.0028810305984783044 -0.0032791246511894917 0.000781743931030374 0.021925753656161333 0.9997539216164039
1638454024330867052 -0.025576234820568512 0.007363945263343036 0.002881030570878305 -0.0032791273806205383 0.0007817323155846944 0.02192221476688446 0.9997539877717354
1638454024497866869 -0.025550948736448215 0.007365058774717621 0.0028809873420803205 -0.0032791821306912307 0.0007815030488970818 0.02185230913416939 0.9997555476815352
1638454024630867004 -0.02560152087318631 0.00736282325389264 0.002881073855642954 -0.0032790660464651926 0.0007819899918180217 0.0220007702390334 0.9997522926411929
1638454024897866964 -0.02557623477353054 0.007363932574435315 0.002881030654444969 -0.003279028882927826 0.0007821458898826514 0.022048300963724187 0.9997512509853906
