163845154427161837 -2.531069185351953e-05 -1.9976167386914767e-09 0.0 0.0 0.0 0.0001611914485692978 1.0
1638451544193161964 -5.9633279217430335e-12 3.537987458557268e-09 0.0 0.0 0.0 0.00013193301856517792 1.0
1638451544328161955 -2.5310688215540722e-05 -9.549510515682869e-09 0.0 0.0 0.0 0.00011709332466125488 1.0
1638451544462162018 -2.54570648415553e-12 -3.066908282889358e-09 0.0 0.0 0.0 0.00011091865599155426 1.0
1638451544629161835 -2.256217348367562e-12 -1.374220182093211e-09 0.0 0.0 0.0 0.0001302585005760193 1.0
1638451544797161818 -6.83005789512553e-13 -7.42898320638119e-09 0.0 0.0 0.0 0.00011749565601348877 1.0
1638451545161886 -9.141321597253005e-13 -7.042490146602631e-09 0.0 0.0 0.0 0.00015607662498950958 1.0
1638451545134161949 -9.141321597253005e-13 -7.042490146602631e-09 0.0 0.0 0.0 0.000179927796125412 1.0
1638451545301162004 -1.7994294747823714e-13 -8.685297814281512e-09 0.0 0.0 0.0 5.456991493701935e-05 1.0
1638451545500689030 -1.7994294747823714e-13 -8.685297814281512e-09 0.0 0.0 0.0 0.00018817000091075897 1.0
1638451545666688919 -2.531068639655132e-05 -1.5729819224929997e-08 0.0 0.0 0.0 0.00017335638403892517 1.0
1638451545833688974 -8.443190807963519e-13 -8.803254125666626e-09 0.0 0.0 0.0 -1.6529113054275513e-05 1.0
1638451545999689102 -4.184502137155599e-13 -9.309683690617021e-09 0.0 0.0 0.0 3.106892108917236e-05 1.0
1638451546133688927 -4.184502137155599e-13 -9.309683690617021e-09 0.0 0.0 0.0 6.229802966117859e-05 1.0
1638451546265688896 -8.733777047929825e-15 -9.160847191935773e-09 0.0 0.0 0.0 -3.7414953112602234e-05 1.0
1638451546430689096 -2.531068639655132e-05 -1.4890264132816355e-08 0.0 0.0 0.0 0.00011509470641613007 1.0
1638451546596688986 -7.025052197948134e-13 -8.502894388584537e-09 0.0 0.0 0.0 0.00011425837874412537 1.0
1638451546797688961 -7.43366360220904e-13 -3.939746751058237e-09 0.0 0.0 0.0 9.353086352348328e-05 1.0
1638451546995688915 9.960282110806767e-14 -1.1652687703644915e-08 0.0 0.0 0.0 8.370913565158844e-05 1.0
1638451547173689127 -3.7376324908341974e-13 -1.0219956436685607e-08 0.0 0.0 0.0 0.00012324750423431396 1.0
1638451547340688944 1.8410991047684844e-12 -1.8110821287109502e-08 0.0 0.0 0.0 0.00014872662723064423 1.0
1638451547473689079 2.304720867277177e-12 -1.823622675090064e-08 0.0 0.0 0.0 0.00014377199113368988 1.0
1638451547639688969 3.319408550112035e-12 -1.9395800521238016e-08 0.0 0.0 0.0 0.00012072734534740448 1.0
1638451547851635933 5.099235703825977e-12 -2.3485144495793975e-08 0.0 0.0 0.0 8.400715887546539e-05 1.0
163845154850636053 -2.5310680939583108e-05 -2.8892939596403266e-08 0.0 0.0 0.0 0.00018608570098876953 1.0
1638451548184636116 -2.5310680939583108e-05 -2.854458536205584e-08 0.0 0.0 0.0 0.00021252967417240143 1.0
1638451548318635941 3.892820094053562e-12 -1.946802719032803e-08 0.0 0.0 0.0 0.00029022805392742157 0.9999999403953552
1638451548487636089 3.892820094053562e-12 -1.946802719032803e-08 0.0 0.0 0.0 0.0002402123063802719 1.0
1638451548620635986 5.331967506405633e-12 -2.4175250246116775e-08 0.0 0.0 0.0 0.00017006881535053253 1.0
1638451548790636063 4.680988669597541e-12 -2.334592430486282e-08 0.0 0.0 0.0 0.00012952648103237152 1.0
1638451548925636053 4.680988669597541e-12 -2.334592430486282e-08 0.0 0.0 0.0 0.00011855177581310272 1.0
163845154991635942 4.680988669597541e-12 -2.334592430486282e-08 0.0 0.0 0.0 0.00013009458780288696 1.0
1638451549291635990 5.333685750008588e-12 -2.592031478343415e-08 0.0 0.0 0.0 0.00015414506196975708 1.0
1638451549478636026 5.333685750008588e-12 -2.592031478343415e-08 0.0 0.0 0.0 6.786920130252838e-05 1.0
1638451549644635916 5.333685750008588e-12 -2.592031478343415e-08 0.0 0.0 0.0 3.8858503103256226e-05 1.0
1638451549782635927 6.168731324363019e-12 -2.9433216752750013e-08 0.0 0.0 0.0 0.0001623351126909256 1.0
1638451550636101 6.168731324363019e-12 -2.9433216752750013e-08 0.0 0.0 0.0 8.323229849338531e-05 1.0
1638451550149636030 6.240570560311909e-12 -2.8912644722822733e-08 0.0 0.0 0.0 0.00010147690773010254 1.0
1638451550348635912 6.240570560311909e-12 -2.8912644722822733e-08 0.0 0.0 0.0 7.763877511024475e-05 1.0
1638451550516587019 4.980937103743477e-12 -2.2426883461434954e-08 0.0 0.0 0.0 0.0001402534544467926 1.0
1638451550682587147 4.980937103743477e-12 -2.2426883461434954e-08 0.0 0.0 0.0 8.295103907585144e-05 1.0
1638451550818587065 -2.531068275857251e-05 -2.722604008909002e-08 0.0 0.0 0.0 0.000111360102891922 1.0
1638451550986587048 -2.5310684577561915e-05 -2.2511180475248693e-08 0.0 0.0 0.0 -1.4999881386756897e-05 1.0
1638451551152587175 1.8020592613618436e-12 -2.314235558742439e-08 0.0 0.0 0.0 0.0001301802694797516 1.0
1638451551318587065 1.1167824477686938e-12 -2.3105961588498758e-08 0.0 0.0 0.0 0.0001333393156528473 1.0
1638451551485587120 1.1167824477686938e-12 -2.3105961588498758e-08 0.0 0.0 0.0 -9.201467037200928e-06 1.0
1638451551619587183 1.1324067768561652e-12 -2.478700444896731e-08 0.0 0.0 0.0 0.00010911189019680023 1.0
1638451551786587000 1.9087244805537917e-12 -3.102798729059941e-08 0.0 0.0 0.0 9.636394679546356e-05 1.0
1638451551918586969 -3.6914446651346855e-13 -2.348415506503443e-08 0.0 0.0 0.0 0.00011706165969371796 1.0
163845155283587170 -3.9579186282556744e-12 -1.4836098571890943e-08 0.0 0.0 0.0 0.0003403853625059128 0.9999999403953552
1638451552250586987 -9.383105186930307e-13 -1.9136367157557288e-08 0.0 0.0 0.0 0.00011570565402507782 1.0
1638451552384587049 4.505604738044497e-14 -2.278151178813914e-08 0.0 0.0 0.0 8.27200710773468e-05 1.0
1638451552518587112 -8.120906697757155e-14 -2.1924890347690962e-08 0.0 0.0 0.0 7.247738540172577e-05 1.0
1638451552684587002 -2.531068639655132e-05 -2.9008164759147803e-08 0.0 0.0 0.0 8.151493966579437e-05 1.0
1638451552818587065 -3.5640164864486623e-13 -2.418341082943698e-08 0.0 0.0 0.0 7.486343383789062e-05 1.0
1638451552987412930 -2.531068639655132e-05 -2.953599853583455e-08 0.0 0.0 0.0 0.00010715797543525696 1.0
1638451553122412920 -3.035535581577542e-12 -1.6518747258942312e-08 0.0 0.0 0.0 0.00025859102606773376 0.9999999403953552
1638451553291412830 -2.5045712032101264e-12 -1.6485179443748166e-08 0.0 0.0 0.0 0.00010645203292369843 1.0
1638451553491412878 -2.714511558241095e-12 -1.533333993108954e-08 0.0 0.0 0.0 0.00012303516268730164 1.0
1638451553625412941 -2.714511558241095e-12 -1.533333993108954e-08 0.0 0.0 0.0 9.53134149312973e-05 1.0
1638451553793412924 -2.531068639655132e-05 -2.5310882278972713e-08 0.0 0.0 0.0 0.00026514753699302673 0.9999999403953552
1638451553926412821 -2.531068639655132e-05 -2.3337729970762666e-08 0.0 0.0 0.0 0.00012120045721530914 1.0
163845155491413021 -2.545880173343562e-12 -1.3491157524470054e-08 0.0 0.0 0.0 0.00034290365874767303 0.9999999403953552
1638451554257412910 -2.5310688215540722e-05 -1.7299988996910542e-08 0.0 0.0 0.0 6.293691694736481e-05 1.0
1638451554424412966 -2.0672628105872226e-12 -2.0430075409194615e-08 0.0 0.0 0.0 8.89115035533905e-05 1.0
1638451554591413021 -8.06590471497115e-13 -2.3728844666948135e-08 0.0 0.0 0.0 0.00012205727398395538 1.0
1638451554724412918 -1.7104015686414398e-13 -2.631587037171812e-08 0.0 0.0 0.0 7.643178105354309e-05 1.0
1638451554890412807 1.907396332892497e-12 -3.215654942323454e-08 0.0 0.0 0.0 0.00011058524250984192 1.0
163845155522413015 2.0397737318655906e-12 -3.1943361733510756e-08 0.0 0.0 0.0 9.97781753540039e-05 1.0
1638451555190412998 1.879398112830666e-12 -3.2932554461240215e-08 0.0 0.0 0.0 9.043514728546143e-05 1.0
1638451555324412823 1.7516882042101223e-12 -3.4347277022561684e-08 0.0 0.0 0.0 0.000151732936501503 1.0
1638451555473929882 -2.5310684577561915e-05 -4.0529563705149485e-08 0.0 0.0 0.0 8.526816964149475e-05 1.0
1638451555641929865 1.3390072470947922e-12 -3.6189504726280575e-08 0.0 0.0 0.0 8.620321750640869e-05 1.0
1638451555840929985 1.271601313829196e-12 -3.535362935735975e-08 0.0 0.0 0.0 0.0001084059476852417 1.0
1638451555972929955 1.271601313829196e-12 -3.535362935735975e-08 0.0 0.0 0.0 0.00012806430459022522 1.0
1638451556138930082 1.271601313829196e-12 -3.535362935735975e-08 0.0 0.0 0.0 -4.484131932258606e-05 1.0
1638451556271929979 1.6164025413295535e-12 -3.558553629545713e-08 0.0 0.0 0.0 0.00014146976172924042 1.0
1638451556436929941 1.7721104531714937e-12 -3.888303368171364e-08 0.0 0.0 0.0 7.852911949157715e-06 1.0
1638451556570930004 -2.531068275857251e-05 -4.639867512423734e-08 0.0 0.0 0.0 0.00013998337090015411 1.0
1638451556738929987 -2.5310684577561915e-05 -4.277389820117605e-08 0.0 0.0 0.0 0.00011147372424602509 1.0
1638451556946929932 1.8218235080247336e-12 -3.857282138142182e-08 0.0 0.0 0.0 -7.620267570018768e-05 1.0
163845155779930067 1.4498837243651086e-12 -3.5055769842529116e-08 0.0 0.0 0.0 0.0001838281750679016 1.0
1638451557284929991 1.3255893778485461e-12 -3.4281466554375584e-08 0.0 0.0 0.0 9.087473154067993e-05 1.0
1638451557420929909 1.3255893778485461e-12 -3.4281466554375584e-08 0.0 0.0 0.0 0.0001276601105928421 1.0
1638451557588929892 1.3255893778485461e-12 -3.4281466554375584e-08 0.0 0.0 0.0 0.0002651084214448929 0.9999999403953552
1638451557720929861 1.3255893778485461e-12 -3.4281466554375584e-08 0.0 0.0 0.0 8.308514952659607e-05 1.0
1638451557875455141 1.3255893778485461e-12 -3.4281466554375584e-08 0.0 0.0 0.0 0.0003230944275856018 0.9999999403953552
163845155843455124 -1.5534614068203612e-13 -3.0201270817542536e-08 0.0 0.0 0.0 0.00015561841428279877 1.0
1638451558176455021 -1.5534614068203612e-13 -3.0201270817542536e-08 0.0 0.0 0.0 7.471069693565369e-05 1.0
1638451558345455170 -1.6666291827518998e-12 -2.7781657863101827e-08 0.0 0.0 0.0 0.00012136436998844147 1.0
1638451558482455015 -2.5310688215540722e-05 -3.1077412643298885e-08 0.0 0.0 0.0 0.0001199524849653244 1.0
1638451558647455215 -2.12041560525289e-12 -2.655023578768123e-08 0.0 0.0 0.0 8.177012205123901e-05 1.0
1638451558782455206 -2.039507451812028e-12 -2.2889487638622086e-08 0.0 0.0 0.0 6.883405148983002e-05 1.0
1638451558922455072 -3.501747719916737e-12 -2.1796244809024756e-08 0.0 0.0 0.0 0.0001502111554145813 1.0
163845155962455177 -2.4034446308163204e-12 -2.31660841620851e-08 0.0 0.0 0.0 -0.0001710653305053711 1.0
1638451559175455093 -4.162728321766007e-12 -1.97730702922172e-08 0.0 0.0 0.0 0.00015161186456680298 1.0
1638451559343455076 -3.555617172218417e-12 -2.9025573056173926e-08 0.0 0.0 0.0 -0.0001603439450263977 1.0
1638451559524455070 -2.5310690034530126e-05 -2.8874994839611645e-08 0.0 0.0 0.0 -7.572397589683533e-05 1.0
1638451559691455126 -3.5469416032746226e-12 -2.893246531243676e-08 0.0 0.0 0.0 -0.00016264617443084717 1.0
1638451559838455200 -6.153467492497899e-12 -1.554229811517871e-08 0.0 0.0 0.0 8.04513692855835e-05 1.0
1638451559972455025 -6.153467492497899e-12 -1.554229811517871e-08 0.0 0.0 0.0 0.0001625455915927887 1.0
1638451560138455153 -6.153467492497899e-12 -1.554229811517871e-08 0.0 0.0 0.0 3.203749656677246e-05 1.0
1638451560290455103 -6.116575128334301e-12 -1.400759330749679e-08 0.0 0.0 0.0 0.00030179694294929504 0.9999999403953552
1638451560438904047 -4.086215307091967e-12 -1.734356125382419e-08 0.0 0.0 0.0 0.00010219216346740723 1.0
1638451560571903944 -5.994047706098238e-12 -1.217573419864948e-08 0.0 0.0 0.0 0.0001491215080022812 1.0
1638451560741904020 -2.531069185351953e-05 -1.7393299245327398e-08 0.0 0.0 0.0 0.00029752030968666077 0.9999999403953552
1638451560941904068 -2.5310693672508933e-05 -1.452401843238249e-08 0.0 0.0 0.0 2.1394342184066772e-05 1.0
163845156173904037 -7.17390383209171e-12 -1.2524559167559346e-08 0.0 0.0 0.0 6.437860429286957e-05 1.0
1638451561241904020 -6.456646849117842e-12 -1.2448420072530553e-08 0.0 0.0 0.0 9.196251630783081e-05 1.0
1638451561418904066 -2.531069185351953e-05 -2.2188446635595938e-08 0.0 0.0 0.0 0.00020234286785125732 1.0
1638451561586904049 -6.714526937928733e-12 -1.3888080907520362e-08 0.0 0.0 0.0 0.0001044590026140213 1.0
1638451561779904127 -2.5310693672508933e-05 -1.1054299697832448e-08 0.0 0.0 0.0 4.449672996997833e-05 1.0
1638451561930903912 -2.5310695491498336e-05 -4.828825339586729e-09 0.0 0.0 0.0 -0.00020146556198596954 1.0
1638451562131904125 -1.0775139461238759e-11 -8.41989500344198e-09 0.0 0.0 0.0 0.00018364191055297852 1.0
1638451562276904106 -1.0994324374513642e-11 -6.717448819415495e-09 0.0 0.0 0.0 0.0002509038895368576 0.9999999403953552
1638451562414904118 -1.0994324374513642e-11 -6.717448819415495e-09 0.0 0.0 0.0 -7.542967796325684e-05 1.0
1638451562599904060 -1.1177863322442416e-11 -1.7709665955933929e-09 0.0 0.0 0.0 4.774704575538635e-05 1.0
1638451562734904051 -2.531069731048774e-05 -2.517174912952669e-09 0.0 0.0 0.0 4.8413872718811035e-05 1.0
1638451562867903948 -1.0821234533442414e-11 7.75985553591596e-10 0.0 0.0 0.0 0.00011795386672019958 1.0
163845156378584909 -2.531069731048774e-05 -5.446848749812716e-09 0.0 0.0 0.0 0.00010836124420166016 1.0
1638451563247585058 -1.1415060736930105e-11 8.52666895423404e-11 0.0 0.0 0.0 5.2500516176223755e-05 1.0
1638451563381584883 -1.1224316615043861e-11 -3.650834842772177e-11 0.0 0.0 0.0 4.768930375576019e-05 1.0
1638451563547585011 -1.0916196765964337e-11 -2.473895976962126e-09 0.0 0.0 0.0 4.165433347225189e-05 1.0
1638451563715584993 -1.1221269573258308e-11 -2.364189732873001e-09 0.0 0.0 0.0 0.0001196693629026413 1.0
1638451563917584896 2.5310675482614897e-05 4.3456294118726646e-10 0.0 0.0 0.0 -3.962405025959015e-05 1.0
163845156451584959 0.0006327669834718108 -4.353862834705069e-07 0.0 0.0 0.0 -0.0004710294015239924 0.9999998807907104
1638451564216584921 0.002227338496595621 -2.74005219580431e-06 0.0 0.0 0.0 -0.0007547865970991552 0.9999997019767761
1638451564367584944 0.0045812297612428665 -6.152509286039276e-06 0.0 0.0 0.0 -0.0008917095838114619 0.9999995827674866
1638451564543585062 0.008048783987760544 -1.4167102563078515e-05 0.0 0.0 0.0 -0.0013672648929059505 0.9999990463256836
1638451564678585052 0.011035434901714325 -2.2041449483367614e-05 0.0 0.0 0.0 -0.0012412179494276643 0.9999992251396179
1638451564851584911 0.015895072370767593 -3.3543514291523024e-05 0.0 0.0 0.0 -0.0013151109451428056 0.9999991059303284
1638451564985584974 0.020172562450170517 -4.5085402234690264e-05 0.0 0.0 0.0 -0.001536638825200498 0.9999988079071045
1638451565121584892 0.025411849841475487 -6.0947710153413936e-05 0.0 0.0 0.0 -0.0014461702667176723 0.999998927116394
1638451565290585041 0.03201790899038315 -8.105053711915389e-05 0.0 0.0 0.0 -0.001738126389682293 0.9999985098838806
1638451565432622910 0.03728249669075012 -0.00010002019553212449 0.0 0.0 0.0 -0.0017981966957449913 0.9999983906745911
1638451565567623138 0.04262301325798035 -0.00011984869342995808 0.0 0.0 0.0 -0.001935672713443637 0.999998152256012
1638451565732623100 0.050266772508621216 -0.00015235520550049841 0.0 0.0 0.0 -0.002157306531444192 0.9999976754188538
1638451565864623070 0.056771550327539444 -0.0001816589938243851 0.0 0.0 0.0 -0.0024448237381875515 0.9999970197677612
163845156631623125 0.06535176187753677 -0.00022539000201504678 0.0 0.0 0.0 -0.002406697254627943 0.999997079372406
1638451566196623087 0.0749950036406517 -0.0002755697933025658 0.0 0.0 0.0 -0.0027444364968687296 0.9999962449073792
1638451566396623135 0.08676426857709885 -0.0003444114699959755 0.0 0.0 0.0 -0.0033171898685395718 0.9999945163726807
1638451566537622929 0.09516724944114685 -0.00039696419844403863 0.0 0.0 0.0 -0.003130695316940546 0.9999951124191284
1638451566702623129 0.10503818839788437 -0.0004644421860575676 0.0 0.0 0.0 -0.003289194544777274 0.9999945759773254
1638451566875622988 0.11533937603235245 -0.0005381234805099666 0.0 0.0 0.0 -0.003570455824956298 0.999993622303009
163845156743622971 0.12533684074878693 -0.0006085982313379645 0.0 0.0 0.0 -0.0038147345185279846 0.9999927282333374
1638451567180623055 0.13353729248046875 -0.0006679869838990271 0.0 0.0 0.0 -0.0036417071241885424 0.9999933838844299
1638451567318623066 0.14183896780014038 -0.0007306560291908681 0.0 0.0 0.0 -0.0037414103280752897 0.9999930262565613
1638451567484622955 0.15176045894622803 -0.0008075737860053778 0.0 0.0 0.0 -0.0041996487416327 0.9999911785125732
1638451567621623039 0.15985961258411407 -0.0008731178822927177 0.0 0.0 0.0 -0.003949730657041073 0.9999921917915344
1638451567790622950 0.1700088530778885 -0.00095411017537117 0.0 0.0 0.0 -0.0038867290131747723 0.9999924302101135
1638451567931710958 0.1780320554971695 -0.0010205605067312717 0.0 0.0 0.0 -0.004449058324098587 0.9999901056289673
163845156864710855 0.18592865765094757 -0.0010904414812102914 0.0 0.0 0.0 -0.004445279482752085 0.9999901056289673
1638451568230710983 0.1957234889268875 -0.001179548678919673 0.0 0.0 0.0 -0.004491841420531273 0.999989926815033
1638451568394711018 0.20541703701019287 -0.0012713137548416853 0.0 0.0 0.0 -0.004918653983622789 0.9999879002571106
1638451568528711081 0.21326300501823425 -0.0013449059333652258 0.0 0.0 0.0 -0.004790483508259058 0.9999884963035583
1638451568696711063 0.223260298371315 -0.0014384051319211721 0.0 0.0 0.0 -0.004482895135879517 0.999989926815033
1638451568894711018 0.23492799699306488 -0.0015483939787372947 0.0 0.0 0.0 -0.004585480783134699 0.9999895095825195
163845156928711081 0.24279923737049103 -0.0016252718633040786 0.0 0.0 0.0 -0.004985431209206581 0.9999876022338867
1638451569128710985 0.24874697625637054 -0.0016835671849548817 0.0 0.0 0.0 -0.004891171120107174 0.9999880194664001
1638451569293710947 0.2584657371044159 -0.0017859614454209805 0.0 0.0 0.0 -0.00522673549130559 0.9999863505363464
1638451569426711082 0.26628631353378296 -0.0018702775705605745 0.0 0.0 0.0 -0.005514500662684441 0.9999848008155823
1638451569594711065 0.2762581408023834 -0.001979764550924301 0.0 0.0 0.0 -0.00570692727342248 0.9999837279319763
1638451569759711027 0.28605273365974426 -0.0020929481834173203 0.0 0.0 0.0 -0.00570113118737936 0.9999837279319763
1638451569891710997 0.2937973141670227 -0.0021826820448040962 0.0 0.0 0.0 -0.005912070162594318 0.9999825358390808
163845157039710999 0.30255427956581116 -0.0022798897698521614 0.0 0.0 0.0 -0.0055658044293522835 0.9999845027923584
1638451570171710968 0.3105013072490692 -0.0023709272500127554 0.0 0.0 0.0 -0.005474161822348833 0.9999850392341614
1638451570270710945 0.31634771823883057 -0.002435549395158887 0.0 0.0 0.0 -0.005708946380764246 0.9999837279319763
1638451570426342010 0.32637009024620056 -0.002549236174672842 0.0 0.0 0.0 -0.00554509786888957 0.999984622001648
1638451570593342066 0.336367130279541 -0.0026642463635653257 0.0 0.0 0.0 -0.005622480064630508 0.9999842047691345
1638451570726341963 0.3442382216453552 -0.002752659609541297 0.0 0.0 0.0 -0.0058564916253089905 0.9999828338623047
1638451570892342091 0.35423532128334045 -0.00286349980160594 0.0 0.0 0.0 -0.00540110282599926 0.99998539686203
163845157129342175 0.36246079206466675 -0.002954576164484024 0.0 0.0 0.0 -0.00551212765276432 0.9999848008155823
1638451571196341991 0.37240728735923767 -0.003064798191189766 0.0 0.0 0.0 -0.00546471681445837 0.9999850392341614
1638451571328341961 0.38022783398628235 -0.0031499683391302824 0.0 0.0 0.0 -0.005629798397421837 0.9999841451644897
1638451571492341995 0.39002248644828796 -0.003257087664678693 0.0 0.0 0.0 -0.0052717868238687515 0.9999861121177673
1638451571625342131 0.39784300327301025 -0.0033411236945539713 0.0 0.0 0.0 -0.005439686588943005 0.9999852180480957
1638451571794342041 0.40778955817222595 -0.0034459244925528765 0.0 0.0 0.0 -0.005566339008510113 0.9999845027923584
1638451571929342031 0.4158884584903717 -0.0035354243591427803 0.0 0.0 0.0 -0.005306073930114508 0.999985933303833
163845157295342159 0.4255818724632263 -0.0036398947704583406 0.0 0.0 0.0 -0.0055128056555986404 0.9999848008155823
1638451572294342041 0.43724939227104187 -0.0037643047980964184 0.0 0.0 0.0 -0.005284580867737532 0.9999860525131226
1638451572426342010 0.44514593482017517 -0.003843805054202676 0.0 0.0 0.0 -0.005217647645622492 0.9999864101409912
1638451572563342094 0.45316895842552185 -0.0039277514442801476 0.0 0.0 0.0 -0.005283202510327101 0.9999860525131226
1638451572721342087 0.46255868673324585 -0.004027365706861019 0.0 0.0 0.0 -0.005506908521056175 0.999984860420227
1638451572887341976 0.47235336899757385 -0.0041333031840622425 0.0 0.0 0.0 -0.005591720808297396 0.9999843835830688
163845157327803183 0.4801991879940033 -0.004223186988383532 0.0 0.0 0.0 -0.005580698139965534 0.9999844431877136
1638451573196803093 0.49014556407928467 -0.0043417648412287235 0.0 0.0 0.0 -0.006128455512225628 0.9999812245368958
1638451573331803083 0.49809256196022034 -0.004437293857336044 0.0 0.0 0.0 -0.006285771261900663 0.9999802708625793
1638451573498803139 0.5080641508102417 -0.004562248010188341 0.0 0.0 0.0 -0.0059652179479599 0.9999821782112122
1638451573631803036 0.5159858465194702 -0.004659907892346382 0.0 0.0 0.0 -0.006256867200136185 0.9999804496765137
1638451573768803120 0.5240340232849121 -0.004756408277899027 0.0 0.0 0.0 -0.006221636198461056 0.999980628490448
1638451573934803009 0.5339804291725159 -0.0048778778873384 0.0 0.0 0.0 -0.005852397531270981 0.9999828934669495
163845157469802999 0.5420286655426025 -0.004973826464265585 0.0 0.0 0.0 -0.0059367292560637 0.9999823570251465
1638451574238803148 0.552126944065094 -0.005091518629342318 0.0 0.0 0.0 -0.006035155151039362 0.9999817609786987
1638451574373803139 0.5602511763572693 -0.005185002461075783 0.0 0.0 0.0 -0.005600754637271166 0.9999843239784241
1638451574540803194 0.5702735185623169 -0.005301432218402624 0.0 0.0 0.0 -0.005596871022135019 0.9999843239784241
1638451574673803091 0.5781192779541016 -0.005390263628214598 0.0 0.0 0.0 -0.0058450778014957905 0.9999828934669495
1638451574838803053 0.587989866733551 -0.00550064817070961 0.0 0.0 0.0 -0.005861761048436165 0.9999828338623047
163845157539803028 0.5999608635902405 -0.005651474930346012 0.0 0.0 0.0 -0.006369899492710829 0.9999797344207764
1638451575172803164 0.6078570485115051 -0.005754702724516392 0.0 0.0 0.0 -0.006609604228287935 0.9999781847000122
1638451575339802980 0.6176261901855469 -0.005879969801753759 0.0 0.0 0.0 -0.006594829726964235 0.999978244304657
1638451575483438015 0.6274205446243286 -0.006010695826262236 0.0 0.0 0.0 -0.006649510469287634 0.9999778866767883
1638451575683438063 0.6391890048980713 -0.006168750114738941 0.0 0.0 0.0 -0.006729062180966139 0.9999773502349854
1638451575885437965 0.6510838270187378 -0.006335053127259016 0.0 0.0 0.0 -0.007146662566810846 0.9999744892120361
163845157683437920 0.6628265976905823 -0.006510927341878414 0.0 0.0 0.0 -0.007482252083718777 0.9999719858169556
1638451576248438120 0.6725953221321106 -0.006664650980383158 0.0 0.0 0.0 -0.008075656369328499 0.9999673962593079
1638451576449438095 0.6844643950462341 -0.006857954431325197 0.0 0.0 0.0 -0.00846228189766407 0.99996417760849
1638451576651437998 0.6963334083557129 -0.007057512644678354 0.0 0.0 0.0 -0.008715817704796791 0.9999620318412781
1638451576852437973 0.7082023620605469 -0.007263386622071266 0.0 0.0 0.0 -0.008919763378798962 0.9999602437019348
163845157718438101 0.7180719375610352 -0.007440574932843447 0.0 0.0 0.0 -0.00916348211467266 0.9999580383300781
1638451577182438135 0.72789067029953 -0.007623421028256416 0.0 0.0 0.0 -0.00933146383613348 0.999956488609314
1638451577384438038 0.7398351430892944 -0.007852161303162575 0.0 0.0 0.0 -0.009178362786769867 0.9999578595161438
1638451577586437941 0.7519315481185913 -0.00807956699281931 0.0 0.0 0.0 -0.008763676509261131 0.9999616146087646
1638451577721437931 0.7599790692329407 -0.008219007402658463 0.0 0.0 0.0 -0.008712448179721832 0.9999620318412781
1638451577887438059 0.7698741555213928 -0.00838534813374281 0.0 0.0 0.0 -0.008153100498020649 0.9999667406082153
163845157833160925 0.7779977917671204 -0.0085195517167449 0.0 0.0 0.0 -0.00810640212148428 0.9999671578407288
1638451578167160988 0.7859189510345459 -0.008649082854390144 0.0 0.0 0.0 -0.008464341051876545 0.99996417760849
1638451578333160877 0.7958647012710571 -0.00881282053887844 0.0 0.0 0.0 -0.008403811603784561 0.999964714050293
1638451578502161026 0.805911660194397 -0.008976839482784271 0.0 0.0 0.0 -0.008100125007331371 0.9999672174453735
1638451578670161009 0.8157815933227539 -0.009135009720921516 0.0 0.0 0.0 -0.007670043967664242 0.999970555305481
1638451578888160944 0.8287137150764465 -0.009339780546724796 0.0 0.0 0.0 -0.007772885262966156 0.9999697804450989
163845157920160913 0.8364578485488892 -0.009459177032113075 0.0 0.0 0.0 -0.00772233447059989 0.9999701976776123
1638451579188160896 0.84637850522995 -0.009611586108803749 0.0 0.0 0.0 -0.00783502496778965 0.9999693036079407
1638451579322160959 0.8542744517326355 -0.009736362844705582 0.0 0.0 0.0 -0.0077278572134673595 0.9999701380729675
1638451579487160921 0.8639926314353943 -0.009889006614685059 0.0 0.0 0.0 -0.008037622086703777 0.9999676942825317
1638451579619160891 0.871812641620636 -0.010012155398726463 0.0 0.0 0.0 -0.00790165364742279 0.9999687671661377
1638451579785161018 0.8816571235656738 -0.010173788294196129 0.0 0.0 0.0 -0.008022738620638847 0.9999678134918213
1638451579918160915 0.8895024061203003 -0.010304183699190617 0.0 0.0 0.0 -0.008576001040637493 0.9999632239341736
163845158087161064 0.8995240330696106 -0.010471080429852009 0.0 0.0 0.0 -0.008393585681915283 0.9999647736549377
1638451580221160889 0.9074956774711609 -0.010609281249344349 0.0 0.0 0.0 -0.008504640311002731 0.9999638199806213
1638451580388160944 0.9172894358634949 -0.010779749602079391 0.0 0.0 0.0 -0.008650310337543488 0.999962568283081
1638451580540216923 0.9271591901779175 -0.010947717353701591 0.0 0.0 0.0 -0.008797816932201385 0.9999613165855408
1638451580673216820 0.9351055026054382 -0.011086486279964447 0.0 0.0 0.0 -0.008666424080729485 0.9999624490737915
1638451580872216940 0.9469236135482788 -0.011301880702376366 0.0 0.0 0.0 -0.008987996727228165 0.9999595880508423
163845158137216902 0.9568183422088623 -0.011485210619866848 0.0 0.0 0.0 -0.009393766522407532 0.9999558925628662
1638451581237216949 0.9687882661819458 -0.011706131510436535 0.0 0.0 0.0 -0.009397965855896473 0.9999558329582214
1638451581371217012 0.9767597317695618 -0.01185605488717556 0.0 0.0 0.0 -0.009430315345525742 0.9999555349349976
1638451581538216829 0.9867556095123291 -0.012044764123857021 0.0 0.0 0.0 -0.009140017442405224 0.9999582171440125
1638451581670216799 0.9947016835212708 -0.012195334769785404 0.0 0.0 0.0 -0.009818561375141144 0.9999517798423767
1638451581845216990 1.005051851272583 -0.012394984252750874 0.0 0.0 0.0 -0.009847166016697884 0.9999515414237976
163845158245216799 1.0179580450057983 -0.012647264637053013 0.0 0.0 0.0 -0.009465115144848824 0.9999551773071289
1638451582244216919 1.0331670045852661 -0.012935453094542027 0.0 0.0 0.0 -0.009541860781610012 0.9999544620513916
1638451582422216892 1.0493124723434448 -0.01323029026389122 0.0 0.0 0.0 -0.008737689815461636 0.9999618530273438
1638451582627216816 1.0695072412490845 -0.0135883130133152 0.0 0.0 0.0 -0.00907488539814949 0.9999588131904602
1638451582825217009 1.0892716646194458 -0.013946786522865295 0.0 0.0 0.0 -0.009085681289434433 0.9999587535858154
1638451582978477001 1.1023298501968384 -0.014185777865350246 0.0 0.0 0.0 -0.009168151766061783 0.9999579787254333
1638451583147476912 1.1191080808639526 -0.014491812326014042 0.0 0.0 0.0 -0.008983355015516281 0.9999596476554871
1638451583314476967 1.1356837749481201 -0.01479518786072731 0.0 0.0 0.0 -0.009144731797277927 0.9999581575393677
1638451583481477022 1.1523609161376953 -0.015097816474735737 0.0 0.0 0.0 -0.009132154285907745 0.9999582767486572
1638451583652477026 1.1695947647094727 -0.015403872355818748 0.0 0.0 0.0 -0.008775330148637295 0.9999614953994751
1638451583786477089 1.1830832958221436 -0.015636546537280083 0.0 0.0 0.0 -0.0083331149071455 0.999965250492096
1638451583919476986 1.1964201927185059 -0.015854110941290855 0.0 0.0 0.0 -0.008258993737399578 0.9999659061431885
163845158485477114 1.212996244430542 -0.01613529771566391 0.0 0.0 0.0 -0.00894864834845066 0.9999599456787109
1638451584251477003 1.2294456958770752 -0.016419215127825737 0.0 0.0 0.0 -0.008582829497754574 0.9999631643295288
1638451584384476900 1.242782473564148 -0.016643373295664787 0.0 0.0 0.0 -0.008463580161333084 0.99996417760849
1638451584552477121 1.2593333721160889 -0.016912920400500298 0.0 0.0 0.0 -0.007799114100635052 0.9999696016311646
1638451584684477091 1.2724425792694092 -0.017125554382801056 0.0 0.0 0.0 -0.008071351796388626 0.9999674558639526
1638451584818476915 1.2858047485351562 -0.017351647838950157 0.0 0.0 0.0 -0.00862863752990961 0.9999627470970154
1638451584983477116 1.3021273612976074 -0.01765337772667408 0.0 0.0 0.0 -0.00982305221259594 0.9999517798423767
1638451585148477077 1.31850004196167 -0.017976505681872368 0.0 0.0 0.0 -0.010053790174424648 0.9999494552612305
1638451585316477060 1.3351761102676392 -0.018321679905056953 0.0 0.0 0.0 -0.01053491048514843 0.9999445080757141
1638451585479408979 1.3516243696212769 -0.018674442544579506 0.0 0.0 0.0 -0.010889394208788872 0.9999406933784485
1638451585647408962 1.3684264421463013 -0.01904677040874958 0.0 0.0 0.0 -0.01100422814488411 0.9999394416809082
1638451585781409025 1.3818886280059814 -0.019341016188263893 0.0 0.0 0.0 -0.011047999374568462 0.99993896484375
1638451585949409008 1.398893117904663 -0.019722212105989456 0.0 0.0 0.0 -0.011322790756821632 0.9999358654022217
163845158683409071 1.412203073501587 -0.020023934543132782 0.0 0.0 0.0 -0.011381168849766254 0.9999352097511292
1638451586251409054 1.4290047883987427 -0.020414598286151886 0.0 0.0 0.0 -0.01171076763421297 0.9999314546585083
1638451586385408878 1.4423397779464722 -0.02073037251830101 0.0 0.0 0.0 -0.011778198182582855 0.9999306201934814
1638451586519408941 1.4556242227554321 -0.02104402706027031 0.0 0.0 0.0 -0.011815058998763561 0.999930202960968
1638451586685409069 1.472046136856079 -0.021438734605908394 0.0 0.0 0.0 -0.01219755969941616 0.9999256134033203
1638451586886409044 1.4920356273651123 -0.02192438207566738 0.0 0.0 0.0 -0.012232895940542221 0.9999251961708069
163845158751409006 1.5084065198898315 -0.022335389629006386 0.0 0.0 0.0 -0.012816851027309895 0.9999178647994995
1638451587221409082 1.5252070426940918 -0.022775571793317795 0.0 0.0 0.0 -0.013482663780450821 0.9999091029167175
1638451587389409065 1.54193115234375 -0.023235095664858818 0.0 0.0 0.0 -0.013976449146866798 0.9999023079872131
1638451587523408890 1.5552644729614258 -0.023612605407834053 0.0 0.0 0.0 -0.014253722503781319 0.9998984336853027
1638451587697408915 1.5726205110549927 -0.02411024272441864 0.0 0.0 0.0 -0.014289243146777153 0.9998978972434998
1638451587832408905 1.5862574577331543 -0.024496586993336678 0.0 0.0 0.0 -0.014006591401994228 0.9999018907546997
1638451587989468098 1.6033604145050049 -0.024982832372188568 0.0 0.0 0.0 -0.014304131269454956 0.9998977184295654
1638451588188467979 1.6233224868774414 -0.025553036481142044 0.0 0.0 0.0 -0.014434549026191235 0.9998958110809326
1638451588388468027 1.643182635307312 -0.026138663291931152 0.0 0.0 0.0 -0.01499493420124054 0.9998875856399536
1638451588595468044 1.6637004613876343 -0.026752274483442307 0.0 0.0 0.0 -0.015150380320847034 0.9998852014541626
1638451588797467947 1.6837120056152344 -0.027363166213035583 0.0 0.0 0.0 -0.015222837217152119 0.9998841285705566
1638451588963468075 1.7001818418502808 -0.027859630063176155 0.0 0.0 0.0 -0.014945426024496555 0.9998883008956909
1638451589131468058 1.71682870388031 -0.028360936790704727 0.0 0.0 0.0 -0.01521037146449089 0.999884307384491
1638451589297467947 1.7333489656448364 -0.028864827007055283 0.0 0.0 0.0 -0.015437846072018147 0.999880850315094
1638451589498467922 1.7533349990844727 -0.029477601870894432 0.0 0.0 0.0 -0.015104934573173523 0.9998859167098999
1638451589733468056 1.776787519454956 -0.0301795806735754 0.0 0.0 0.0 -0.014857533387839794 0.999889612197876
1638451589867468119 1.7902722358703613 -0.030578356236219406 0.0 0.0 0.0 -0.014431199058890343 0.9998958706855774
163845159065468073 1.8102086782455444 -0.031152689829468727 0.0 0.0 0.0 -0.01436576247215271 0.9998968243598938
1638451590233468056 1.827033519744873 -0.031632039695978165 0.0 0.0 0.0 -0.014117180369794369 0.9999003410339355
1638451590398468018 1.8434786796569824 -0.03210058435797691 0.0 0.0 0.0 -0.014184871688485146 0.9998993873596191
1638451590582514048 1.8601770401000977 -0.032576169818639755 0.0 0.0 0.0 -0.01443946361541748 0.9998957514762878
1638451590718513966 1.8737126588821411 -0.03296332433819771 0.0 0.0 0.0 -0.014464122243225574 0.9998953938484192
1638451590886513948 1.8903857469558716 -0.033435240387916565 0.0 0.0 0.0 -0.013997340574860573 0.9999020099639893
1638451591121514082 1.9136625528335571 -0.034086596220731735 0.0 0.0 0.0 -0.014226819388568401 0.9998987913131714
1638451591289514065 1.9303356409072876 -0.0345611535012722 0.0 0.0 0.0 -0.01421971246600151 0.9998989105224609
1638451591421514034 1.94354248046875 -0.03493684530258179 0.0 0.0 0.0 -0.014281303621828556 0.9998980164527893
1638451591624514103 1.9635801315307617 -0.035515062510967255 0.0 0.0 0.0 -0.014335977844893932 0.9998972415924072
1638451591792514086 1.9803287982940674 -0.03599616885185242 0.0 0.0 0.0 -0.014423792250454426 0.9998959898948669
1638451591993514061 2.000645160675049 -0.036569252610206604 0.0 0.0 0.0 -0.013931100256741047 0.9999029636383057
1638451592127514124 2.014080047607422 -0.03693767264485359 0.0 0.0 0.0 -0.013592231087386608 0.9999076128005981
1638451592294513941 2.030829668045044 -0.03738677129149437 0.0 0.0 0.0 -0.013459349051117897 0.9999094009399414
1638451592496514082 2.0509445667266846 -0.037925396114587784 0.0 0.0 0.0 -0.013273220509290695 0.999911904335022
1638451592663513899 2.067441463470459 -0.038366008549928665 0.0 0.0 0.0 -0.013586348854005337 0.9999076724052429
1638451592829514027 2.0839381217956543 -0.038806647062301636 0.0 0.0 0.0 -0.013064255937933922 0.9999146461486816
1638451592978798866 2.1005871295928955 -0.0392373725771904 0.0 0.0 0.0 -0.012688404880464077 0.9999194741249084
1638451593145798922 2.11708402633667 -0.03965954855084419 0.0 0.0 0.0 -0.012760115787386894 0.9999185800552368
1638451593343798876 2.1367690563201904 -0.04015863314270973 0.0 0.0 0.0 -0.01267083641141653 0.9999197125434875
1638451593542798996 2.156454563140869 -0.04065414145588875 0.0 0.0 0.0 -0.01266739796847105 0.9999197721481323
1638451593675798893 2.169738292694092 -0.04099060222506523 0.0 0.0 0.0 -0.012573488987982273 0.9999209642410278
1638451593843798876 2.1864638328552246 -0.041407860815525055 0.0 0.0 0.0 -0.012471689842641354 0.9999222159385681
163845159442798996 2.2065796852111816 -0.041903190314769745 0.0 0.0 0.0 -0.0120595283806324 0.999927282333374
1638451594245799065 2.2269234657287598 -0.04239555820822716 0.0 0.0 0.0 -0.012294026091694832 0.9999244213104248
1638451594446799040 2.247014045715332 -0.04288767650723457 0.0 0.0 0.0 -0.012162944301962852 0.9999260306358337
1638451594677798986 2.2699127197265625 -0.04346358776092529 0.0 0.0 0.0 -0.012406623922288418 0.999923050403595
1638451594877799034 2.289825677871704 -0.04397251829504967 0.0 0.0 0.0 -0.013123733922839165 0.9999138712882996
1638451595145798922 2.316417932510376 -0.04467394948005676 0.0 0.0 0.0 -0.013666918501257896 0.999906599521637
1638451595316798925 2.3334453105926514 -0.04514944925904274 0.0 0.0 0.0 -0.014181734062731266 0.9998994469642639
1638451595538254976 2.3537611961364746 -0.04573262482881546 0.0 0.0 0.0 -0.014648129232227802 0.9998927116394043
1638451595670254946 2.36686635017395 -0.046123091131448746 0.0 0.0 0.0 -0.015142528340220451 0.9998853206634521
1638451595837255001 2.3764801025390625 -0.04641060158610344 0.0 0.0 0.0 -0.014698159880936146 0.999891996383667
163845159637255049 2.376657247543335 -0.046415816992521286 0.0 0.0 0.0 -0.014822589233517647 0.999890148639679
1638451596173254967 2.376657247543335 -0.046415816992521286 0.0 0.0 0.0 -0.014851226471364498 0.9998897314071655
1638451596338254929 2.376859426498413 -0.046421900391578674 0.0 0.0 0.0 -0.015395373106002808 0.9998815059661865
1638451596472254992 2.3769099712371826 -0.046423815190792084 0.0 0.0 0.0 -0.020535927265882492 0.9997891187667847
1638451596638254881 2.376985788345337 -0.04642742872238159 0.0 0.0 0.0 -0.032172415405511856 0.9994823336601257
1638451596773254871 2.3768341541290283 -0.04641605541110039 0.0 0.0 0.0 -0.04739388823509216 0.9988762736320496
1638451596943254948 2.3769092559814453 -0.04642683267593384 0.0 0.0 0.0 -0.07272948324680328 0.9973517060279846
163845159775254917 2.3768093585968018 -0.04640982672572136 0.0 0.0 0.0 -0.09686867892742157 0.9952971935272217
1638451597244255066 2.37690806388855 -0.046431735157966614 0.0 0.0 0.0 -0.12937034666538239 0.9915963411331177
1638451597446254969 2.377004623413086 -0.0464622862637043 0.0 0.0 0.0 -0.16975614428520203 0.9854860901832581
1638451597645254850 2.3771212100982666 -0.04651147872209549 0.0 0.0 0.0 -0.21587137877941132 0.9764218330383301
1638451597814254999 2.377187967300415 -0.046547893434762955 0.0 0.0 0.0 -0.2556998133659363 0.9667562246322632
1638451597976655006 2.3772735595703125 -0.04660182073712349 0.0 0.0 0.0 -0.2950018346309662 0.9554966688156128
1638451598142655134 2.3773136138916016 -0.04663269221782684 0.0 0.0 0.0 -0.33323025703430176 0.9428454637527466
1638451598347655058 2.3773484230041504 -0.046669211238622665 0.0 0.0 0.0 -0.3789888322353363 0.9254012703895569
1638451598585655212 2.3772785663604736 -0.046596117317676544 0.0 0.0 0.0 -0.4323154091835022 0.9017224311828613
1638451598791655064 2.377251386642456 -0.04655342176556587 0.0 0.0 0.0 -0.4763292074203491 0.8792670369148254
1638451598923655033 2.377264976501465 -0.04657474905252457 0.0 0.0 0.0 -0.5041688084602356 0.8636050820350647
163845159989655161 2.3772640228271484 -0.04657535254955292 0.0 0.0 0.0 -0.5390429496765137 0.8422783017158508
1638451599222655058 2.3772342205047607 -0.046505533158779144 0.0 0.0 0.0 -0.5659704208374023 0.8244255185127258
1638451599389655113 2.3772008419036865 -0.046410053968429565 0.0 0.0 0.0 -0.5986080169677734 0.8010420799255371
1638451599591655016 2.3771755695343018 -0.046311959624290466 0.0 0.0 0.0 -0.6376620531082153 0.7703162431716919
1638451599723655224 2.377159357070923 -0.04621201008558273 0.0 0.0 0.0 -0.6616519689559937 0.7498111128807068
1638451599888655186 2.37715744972229 -0.04616135358810425 0.0 0.0 0.0 -0.6911226511001587 0.7227374911308289
163845160023655176 2.377159357070923 -0.0461360327899456 0.0 0.0 0.0 -0.7141897082328796 0.6999521851539612
1638451600190654993 2.3771586418151855 -0.04616133123636246 0.0 0.0 0.0 -0.7218576073646545 0.6920416355133057
1638451600393655062 2.3771533966064453 -0.04628777131438255 0.0 0.0 0.0 -0.7218776941299438 0.6920206546783447
1638451600545920849 2.377101182937622 -0.047476235777139664 0.0 0.0 0.0 -0.7226398587226868 0.6912247538566589
1638451600747920990 2.3769896030426025 -0.04995417594909668 0.0 0.0 0.0 -0.7228777408599854 0.6909759640693665
1638451600947921038 2.37678861618042 -0.05440432205796242 0.0 0.0 0.0 -0.722873330116272 0.6909806132316589
1638451601122920990 2.3765437602996826 -0.05978993698954582 0.0 0.0 0.0 -0.7230450510978699 0.6908008456230164
1638451601289921045 2.3762333393096924 -0.06654075533151627 0.0 0.0 0.0 -0.7231295704841614 0.6907123923301697
1638451601423920870 2.375953197479248 -0.07260886579751968 0.0 0.0 0.0 -0.7233906388282776 0.690438985824585
1638451601624920845 2.3754451274871826 -0.083480603992939 0.0 0.0 0.0 -0.7234630584716797 0.6903631091117859
1638451601825920820 2.3748788833618164 -0.09548982232809067 0.0 0.0 0.0 -0.7234694957733154 0.6903563737869263
1638451601991920948 2.3744049072265625 -0.10550164431333542 0.0 0.0 0.0 -0.723702609539032 0.6901119351387024
1638451602192920923 2.3738362789154053 -0.1174854189157486 0.0 0.0 0.0 -0.7236548066139221 0.6901620626449585
1638451602391921043 2.3732800483703613 -0.12926708161830902 0.0 0.0 0.0 -0.7236458659172058 0.690171480178833
1638451602523921013 2.372917890548706 -0.1369783580303192 0.0 0.0 0.0 -0.7234785556793213 0.6903468370437622
1638451602724920988 2.3723604679107666 -0.14888666570186615 0.0 0.0 0.0 -0.7235342264175415 0.6902885437011719
1638451602893920898 2.371889591217041 -0.15897464752197266 0.0 0.0 0.0 -0.7232316136360168 0.6906055808067322
163845160368180084 2.3714354038238525 -0.16873399913311005 0.0 0.0 0.0 -0.7232592701911926 0.6905766129493713
1638451603236180067 2.370978832244873 -0.17867062985897064 0.0 0.0 0.0 -0.7232247591018677 0.6906127333641052
1638451603435180187 2.3704323768615723 -0.19047807157039642 0.0 0.0 0.0 -0.7233361601829529 0.6904960870742798
1638451603569180012 2.3700649738311768 -0.19846779108047485 0.0 0.0 0.0 -0.7229780554771423 0.690871000289917
1638451603737179995 2.369612216949463 -0.2083539217710495 0.0 0.0 0.0 -0.7230727076530457 0.6907719373703003
1638451603871180058 2.3692524433135986 -0.2161666303873062 0.0 0.0 0.0 -0.7234326601028442 0.690394937992096
163845160437180185 2.368795394897461 -0.2259511798620224 0.0 0.0 0.0 -0.7235112190246582 0.6903126239776611
1638451604202180147 2.368330955505371 -0.2357100397348404 0.0 0.0 0.0 -0.7236545085906982 0.6901624202728271
1638451604436180115 2.3676445484161377 -0.24986739456653595 0.0 0.0 0.0 -0.7239945530891418 0.6898056864738464
1638451604637180090 2.3669636249542236 -0.2638223171234131 0.0 0.0 0.0 -0.7242141962051392 0.6895750761032104
1638451604772180080 2.366464376449585 -0.27383291721343994 0.0 0.0 0.0 -0.7245146036148071 0.6892594695091248
1638451604938179970 2.3657894134521484 -0.28715458512306213 0.0 0.0 0.0 -0.724963366985321 0.6887874007225037
1638451605140180111 2.3649542331695557 -0.3033319115638733 0.0 0.0 0.0 -0.7250585556030273 0.688687264919281
1638451605340180159 2.3641304969787598 -0.3193577229976654 0.0 0.0 0.0 -0.7249976396560669 0.6887513995170593
1638451605496603012 2.3634567260742188 -0.3326287269592285 0.0 0.0 0.0 -0.724755585193634 0.6890060901641846
1638451605697602987 2.362647533416748 -0.34873130917549133 0.0 0.0 0.0 -0.7245935201644897 0.6891764998435974
1638451605865602970 2.361959218978882 -0.3624070882797241 0.0 0.0 0.0 -0.7247764468193054 0.6889840960502625
163845160633602953 2.36120343208313 -0.37727051973342896 0.0 0.0 0.0 -0.724754273891449 0.6890074014663696
1638451606199603081 2.3604536056518555 -0.39213430881500244 0.0 0.0 0.0 -0.7246929407119751 0.6890719532966614
1638451606366602898 2.3596973419189453 -0.40699777007102966 0.0 0.0 0.0 -0.7248483896255493 0.6889083981513977
1638451606534602880 2.358942747116089 -0.42178523540496826 0.0 0.0 0.0 -0.7248924374580383 0.6888620257377625
1638451606668602943 2.358330249786377 -0.4336908161640167 0.0 0.0 0.0 -0.7250958681106567 0.6886479258537292
1638451606834603071 2.3575587272644043 -0.4484521448612213 0.0 0.0 0.0 -0.7254931926727295 0.6882293820381165
163845160734602880 2.356609344482422 -0.46624553203582764 0.0 0.0 0.0 -0.7258732318878174 0.6878284811973572
1638451607170603037 2.355959177017212 -0.47837722301483154 0.0 0.0 0.0 -0.7260180711746216 0.6876756548881531
1638451607336602926 2.355147123336792 -0.49336448311805725 0.0 0.0 0.0 -0.7260117530822754 0.6876822710037231
1638451607536602974 2.354180335998535 -0.5113343596458435 0.0 0.0 0.0 -0.7257342338562012 0.6879751682281494
1638451607735603094 2.353228807449341 -0.5292544364929199 0.0 0.0 0.0 -0.7255585789680481 0.6881603598594666
1638451607869602919 2.3526039123535156 -0.5411593914031982 0.0 0.0 0.0 -0.7253845930099487 0.6883438229560852
163845160871947813 2.3516695499420166 -0.5590803623199463 0.0 0.0 0.0 -0.7251572608947754 0.688583254814148
1638451608238947868 2.350898504257202 -0.5739684104919434 0.0 0.0 0.0 -0.7250585556030273 0.688687264919281
1638451608440948009 2.349980354309082 -0.591864824295044 0.0 0.0 0.0 -0.7250242233276367 0.6887233853340149
1638451608573947906 2.3493685722351074 -0.6037704348564148 0.0 0.0 0.0 -0.7250597476959229 0.6886860132217407
1638451608741947889 2.348600387573242 -0.6187093257904053 0.0 0.0 0.0 -0.7251009941101074 0.6886425018310547
1638451608940948009 2.3476905822753906 -0.6364033818244934 0.0 0.0 0.0 -0.7251067161560059 0.6886365413665771
1638451609173947811 2.3466100692749023 -0.6570539474487305 0.0 0.0 0.0 -0.7256134748458862 0.6881025433540344
1638451609339947939 2.3458282947540283 -0.6718654036521912 0.0 0.0 0.0 -0.7256566286087036 0.688057005405426
1638451609542948008 2.344860315322876 -0.6900126934051514 0.0 0.0 0.0 -0.7255538105964661 0.6881654262542725
1638451609809947968 2.3435769081115723 -0.7139474749565125 0.0 0.0 0.0 -0.7257157564163208 0.687994658946991
1638451609974947929 2.3427786827087402 -0.7289101481437683 0.0 0.0 0.0 -0.7254944443702698 0.6882280111312866
1638451610173947811 2.341848373413086 -0.7465778589248657 0.0 0.0 0.0 -0.7254296541213989 0.6882963180541992
1638451610318948030 2.3412253856658936 -0.7585082650184631 0.0 0.0 0.0 -0.725237250328064 0.6884990334510803
1638451610482270002 2.3404488563537598 -0.7734214067459106 0.0 0.0 0.0 -0.7252349853515625 0.6885014176368713
1638451610619270086 2.3398170471191406 -0.7856301069259644 0.0 0.0 0.0 -0.7251887917518616 0.6885500550270081
1638451610794270039 2.339012384414673 -0.8012513518333435 0.0 0.0 0.0 -0.7252400517463684 0.6884960532188416
1638451610995270014 2.3380911350250244 -0.8192996382713318 0.0 0.0 0.0 -0.7247509360313416 0.6890109777450562
1638451611195270061 2.337197780609131 -0.8368932008743286 0.0 0.0 0.0 -0.7248178720474243 0.6889405250549316
1638451611396270037 2.3362903594970703 -0.854790210723877 0.0 0.0 0.0 -0.7248964309692383 0.688857913017273
1638451611599270105 2.3353700637817383 -0.8728132247924805 0.0 0.0 0.0 -0.7248038649559021 0.6889552474021912
1638451611800270081 2.3344533443450928 -0.890658974647522 0.0 0.0 0.0 -0.7252824306488037 0.6884514093399048
163845161234270048 2.33335542678833 -0.9117902517318726 0.0 0.0 0.0 -0.7252315878868103 0.6885050535202026
1638451612168270111 2.3327317237854004 -0.9237966537475586 0.0 0.0 0.0 -0.7251152396202087 0.6886275410652161
1638451612334270000 2.3319623470306396 -0.9387354850769043 0.0 0.0 0.0 -0.7249631881713867 0.688787579536438
1638451612534270048 2.3310413360595703 -0.9567331075668335 0.0 0.0 0.0 -0.7249571084976196 0.6887940168380737
1638451612735270023 2.330127000808716 -0.974629819393158 0.0 0.0 0.0 -0.7249220013618469 0.6888309717178345
1638451612866270065 2.3295228481292725 -0.9863584637641907 0.0 0.0 0.0 -0.7252053618431091 0.6885326504707336
163845161340510178 2.3287556171417236 -1.0011706352233887 0.0 0.0 0.0 -0.7251228094100952 0.6886195540428162
1638451613238510132 2.327836751937866 -1.0187628269195557 0.0 0.0 0.0 -0.7253410220146179 0.6883897185325623
1638451613437510014 2.3269028663635254 -1.0365569591522217 0.0 0.0 0.0 -0.7254419922828674 0.6882832646369934
1638451613571510077 2.326280355453491 -1.0483605861663818 0.0 0.0 0.0 -0.7257072925567627 0.6880035996437073
1638451613737509966 2.325483560562134 -1.0631712675094604 0.0 0.0 0.0 -0.7262212038040161 0.6874610781669617
1638451613870510101 2.3248331546783447 -1.0749480724334717 0.0 0.0 0.0 -0.7265403866767883 0.6871237754821777
163845161435510063 2.3240127563476562 -1.0896304845809937 0.0 0.0 0.0 -0.726585865020752 0.687075674533844
1638451614168509960 2.3233392238616943 -1.1015582084655762 0.0 0.0 0.0 -0.7270580530166626 0.6865760087966919
1638451614368510008 2.322303295135498 -1.1195495128631592 0.0 0.0 0.0 -0.7271772623062134 0.6864497661590576
1638451614536509991 2.321434736251831 -1.1345081329345703 0.0 0.0 0.0 -0.7273723483085632 0.6862429976463318
1638451614702510118 2.3205795288085938 -1.1494929790496826 0.0 0.0 0.0 -0.7265709638595581 0.6870914101600647
1638451614868510008 2.3197484016418457 -1.1644030809402466 0.0 0.0 0.0 -0.7264500856399536 0.6872192621231079
163845161568510056 2.3187670707702637 -1.1822707653045654 0.0 0.0 0.0 -0.7260384559631348 0.6876540780067444
1638451615244510174 2.317918300628662 -1.1978896856307983 0.0 0.0 0.0 -0.7260222434997559 0.6876712441444397
1638451615377510071 2.317276954650879 -1.2097430229187012 0.0 0.0 0.0 -0.7260412573814392 0.6876511573791504
1638451615521133184 2.3166310787200928 -1.2216469049453735 0.0 0.0 0.0 -0.7258971333503723 0.6878032684326172
1638451615719133139 2.3156933784484863 -1.2391114234924316 0.0 0.0 0.0 -0.7258669137954712 0.687835156917572
1638451615885133028 2.314899206161499 -1.2539728879928589 0.0 0.0 0.0 -0.7256684899330139 0.688044548034668
163845161686133003 2.3139443397521973 -1.2718420028686523 0.0 0.0 0.0 -0.7256077527999878 0.6881085634231567
1638451616253133059 2.3131513595581055 -1.28665292263031 0.0 0.0 0.0 -0.7255966067314148 0.6881203055381775
1638451616386133194 2.3125195503234863 -1.298456072807312 0.0 0.0 0.0 -0.7256412506103516 0.6880732178688049
1638451616518133163 2.3118834495544434 -1.3103350400924683 0.0 0.0 0.0 -0.7255992293357849 0.688117504119873
1638451616685132980 2.3110876083374023 -1.3252724409103394 0.0 0.0 0.0 -0.7256557941436768 0.6880578994750977
1638451616884133101 2.3101086616516113 -1.343241810798645 0.0 0.0 0.0 -0.7264827489852905 0.6871846914291382
163845161796132994 2.3090553283691406 -1.3622462749481201 0.0 0.0 0.0 -0.726349413394928 0.6873255968093872
1638451617294133186 2.308072805404663 -1.3799110651016235 0.0 0.0 0.0 -0.7264094352722168 0.6872621774673462
1638451617429133177 2.3074066638946533 -1.391915202140808 0.0 0.0 0.0 -0.7265082597732544 0.6871577501296997
1638451617594133139 2.3065884113311768 -1.4065978527069092 0.0 0.0 0.0 -0.7264481782913208 0.6872212290763855
1638451617763133049 2.3057496547698975 -1.4216597080230713 0.0 0.0 0.0 -0.726702868938446 0.6869519352912903
1638451617929133177 2.304917812347412 -1.4364938735961914 0.0 0.0 0.0 -0.7266845703125 0.6869713068008423
163845161891591835 2.3040096759796143 -1.452616572380066 0.0 0.0 0.0 -0.7266647219657898 0.6869922876358032
1638451618292592049 2.3029978275299072 -1.470431923866272 0.0 0.0 0.0 -0.727135956287384 0.6864935159683228
1638451618491591930 2.3019697666168213 -1.48806893825531 0.0 0.0 0.0 -0.7276448607444763 0.6859540343284607
1638451618691591978 2.300929069519043 -1.5058064460754395 0.0 0.0 0.0 -0.7274597883224487 0.686150312423706
1638451618894592047 2.299844980239868 -1.5240740776062012 0.0 0.0 0.0 -0.7280364036560059 0.6855384707450867
163845161983591938 2.2988178730010986 -1.5411279201507568 0.0 0.0 0.0 -0.7280240058898926 0.685551643371582
1638451619283591986 2.297738790512085 -1.5590406656265259 0.0 0.0 0.0 -0.7280328869819641 0.6855422258377075
1638451619417592049 2.2970187664031982 -1.570991039276123 0.0 0.0 0.0 -0.7279826998710632 0.6855954527854919
1638451619583591938 2.2961223125457764 -1.585897445678711 0.0 0.0 0.0 -0.7279658317565918 0.6856134533882141
1638451619718591928 2.2954087257385254 -1.5978227853775024 0.0 0.0 0.0 -0.727838397026062 0.6857486963272095
1638451619882591963 2.294527769088745 -1.6124764680862427 0.0 0.0 0.0 -0.7280110716819763 0.6855654120445251
163845162050591946 2.293628215789795 -1.6273826360702515 0.0 0.0 0.0 -0.7281653881072998 0.6854014992713928
1638451620218591928 2.292715072631836 -1.6424400806427002 0.0 0.0 0.0 -0.728226900100708 0.6853360533714294
1638451620389591932 2.2917890548706055 -1.6576489210128784 0.0 0.0 0.0 -0.7284167408943176 0.6851343512535095
1638451620532472134 2.2910585403442383 -1.6695225238800049 0.0 0.0 0.0 -0.7285945415496826 0.6849452257156372
1638451620697472095 2.2901508808135986 -1.6841745376586914 0.0 0.0 0.0 -0.728674590587616 0.684860110282898
1638451620830471992 2.289418935775757 -1.6959211826324463 0.0 0.0 0.0 -0.728850245475769 0.6846731305122375
1638451620997472048 2.2884843349456787 -1.7108759880065918 0.0 0.0 0.0 -0.7287243008613586 0.6848072409629822
1638451621231472015 2.287182092666626 -1.7317166328430176 0.0 0.0 0.0 -0.7288744449615479 0.6846473813056946
1638451621364472151 2.2864317893981934 -1.743715763092041 0.0 0.0 0.0 -0.7288101315498352 0.6847158670425415
1638451621532472134 2.285496950149536 -1.7587718963623047 0.0 0.0 0.0 -0.7286922335624695 0.6848413348197937
1638451621697472095 2.2845804691314697 -1.7736517190933228 0.0 0.0 0.0 -0.7284717559814453 0.6850758790969849
1638451621901472092 2.2834713459014893 -1.7918415069580078 0.0 0.0 0.0 -0.7281947731971741 0.6853702664375305
163845162267472219 2.282585620880127 -1.806596279144287 0.0 0.0 0.0 -0.7278729677200317 0.6857119798660278
1638451622266472101 2.281529188156128 -1.8243329524993896 0.0 0.0 0.0 -0.7278857827186584 0.685698390007019
1638451622466472149 2.2804675102233887 -1.8422975540161133 0.0 0.0 0.0 -0.727478563785553 0.6861304044723511
1638451622631472111 2.279608964920044 -1.8569273948669434 0.0 0.0 0.0 -0.7274676561355591 0.6861420273780823
1638451622798472166 2.2787411212921143 -1.8716579675674438 0.0 0.0 0.0 -0.7277852296829224 0.685805082321167
1638451622970472097 2.2778258323669434 -1.886994481086731 0.0 0.0 0.0 -0.7282103300094604 0.685353696346283
1638451623174705029 2.276747941970825 -1.9046539068222046 0.0 0.0 0.0 -0.7284390926361084 0.6851105690002441
1638451623342705011 2.2758281230926514 -1.9195334911346436 0.0 0.0 0.0 -0.7285558581352234 0.6849863529205322
1638451623541704893 2.274716854095459 -1.9373174905776978 0.0 0.0 0.0 -0.7290820479393005 0.6844263076782227
1638451623674705029 2.2739531993865967 -1.9493411779403687 0.0 0.0 0.0 -0.7292808890342712 0.6842144727706909
1638451623838704824 2.2730050086975098 -1.9641683101654053 0.0 0.0 0.0 -0.7293491363525391 0.6841416954994202
1638451623973705053 2.272231101989746 -1.9762674570083618 0.0 0.0 0.0 -0.7292795181274414 0.6842159032821655
1638451624175704956 2.2710845470428467 -1.9943028688430786 0.0 0.0 0.0 -0.7290024161338806 0.684511125087738
1638451624376704931 2.269972801208496 -2.01218843460083 0.0 0.0 0.0 -0.7285869717597961 0.6849533319473267
1638451624517704964 2.269195079803467 -2.0247437953948975 0.0 0.0 0.0 -0.7286492586135864 0.6848870515823364
1638451624682704926 2.268291473388672 -2.039370536804199 0.0 0.0 0.0 -0.7286065816879272 0.6849324703216553
1638451624882704973 2.267181873321533 -2.0573067665100098 0.0 0.0 0.0 -0.7286068797111511 0.6849321126937866
1638451625116704941 2.265885829925537 -2.0784263610839844 0.0 0.0 0.0 -0.7284257411956787 0.6851248145103455
1638451625317704916 2.2646212577819824 -2.0989394187927246 0.0 0.0 0.0 -0.7284974455833435 0.685048520565033
1638451625483705044 2.2634594440460205 -2.117709159851074 0.0 0.0 0.0 -0.7287409901618958 0.6847894191741943
1638451625621105909 2.262417793273926 -2.1343562602996826 0.0 0.0 0.0 -0.7289583086967468 0.684558093547821
1638451625789105892 2.261004686355591 -2.156914472579956 0.0 0.0 0.0 -0.7289209961891174 0.6845978498458862
1638451625922106028 2.259850263595581 -2.175405979156494 0.0 0.0 0.0 -0.728691577911377 0.6848419904708862
1638451626122105837 2.258117198944092 -2.2033965587615967 0.0 0.0 0.0 -0.7283366322517395 0.6852194666862488
1638451626296105862 2.2566590309143066 -2.2274482250213623 0.0 0.0 0.0 -0.7280177474021912 0.6855582594871521
1638451626432106018 2.255523443222046 -2.24642276763916 0.0 0.0 0.0 -0.727994978427887 0.6855824589729309
1638451626565105915 2.2544145584106445 -2.264815330505371 0.0 0.0 0.0 -0.7283520102500916 0.6852031350135803
1638451626735105991 2.2529702186584473 -2.2882843017578125 0.0 0.0 0.0 -0.7285456657409668 0.6849972009658813
1638451626871105909 2.25178599357605 -2.307230234146118 0.0 0.0 0.0 -0.7290728688240051 0.6844360828399658
163845162737105799 2.2503156661987305 -2.3301146030426025 0.0 0.0 0.0 -0.7296556234359741 0.6838148236274719
1638451627171105862 2.2491016387939453 -2.3487796783447266 0.0 0.0 0.0 -0.7297994494438171 0.6836612820625305
1638451627343105793 2.2475104331970215 -2.3727974891662598 0.0 0.0 0.0 -0.7303864359855652 0.6830341815948486
1638451627476105928 2.246260404586792 -2.391435146331787 0.0 0.0 0.0 -0.730393648147583 0.6830264329910278
1638451627643105984 2.244710683822632 -2.41477108001709 0.0 0.0 0.0 -0.730161726474762 0.6832743287086487
1638451627778105974 2.2434728145599365 -2.4334094524383545 0.0 0.0 0.0 -0.7302164435386658 0.6832159161567688
1638451627927105904 2.2420992851257324 -2.4540934562683105 0.0 0.0 0.0 -0.730172872543335 0.6832624077796936
1638451628149714947 2.239905595779419 -2.486619710922241 0.0 0.0 0.0 -0.7307730317115784 0.6826205253601074
1638451628348715067 2.238006114959717 -2.5141682624816895 0.0 0.0 0.0 -0.7313205003738403 0.6820339560508728
1638451628548714876 2.236065626144409 -2.541790008544922 0.0 0.0 0.0 -0.7315351963043213 0.6818036437034607
1638451628682714939 2.234736919403076 -2.560497999191284 0.0 0.0 0.0 -0.7318747639656067 0.6814391613006592
1638451628888715029 2.232670545578003 -2.589278221130371 0.0 0.0 0.0 -0.732181191444397 0.6811099052429199
163845162922715092 2.231318950653076 -2.607985019683838 0.0 0.0 0.0 -0.7320508360862732 0.6812499761581421
1638451629189714909 2.22965145111084 -2.6311347484588623 0.0 0.0 0.0 -0.7319907546043396 0.6813145279884338
1638451629321714878 2.22833514213562 -2.6493871212005615 0.0 0.0 0.0 -0.7321534156799316 0.6811397671699524
1638451629486715078 2.2266759872436523 -2.672410726547241 0.0 0.0 0.0 -0.731988251209259 0.6813172698020935
1638451629620714903 2.225363254547119 -2.690840721130371 0.0 0.0 0.0 -0.7316778898239136 0.6816505193710327
1638451629809715033 2.223496198654175 -2.7170214653015137 0.0 0.0 0.0 -0.7321285009384155 0.6811665296554565
1638451629976715088 2.2218403816223145 -2.739969253540039 0.0 0.0 0.0 -0.7321593165397644 0.6811334490776062
1638451630144715071 2.220154285430908 -2.763498306274414 0.0 0.0 0.0 -0.7318231463432312 0.6814945936203003
1638451630344714880 2.218149185180664 -2.791496515274048 0.0 0.0 0.0 -0.7320204973220825 0.6812825798988342
1638451630478714943 2.2168211936950684 -2.8100779056549072 0.0 0.0 0.0 -0.7318268418312073 0.6814906597137451
1638451630648376942 2.2151780128479004 -2.833127975463867 0.0 0.0 0.0 -0.7319490909576416 0.6813592910766602
1638451630781376839 2.213855743408203 -2.851531982421875 0.0 0.0 0.0 -0.7320823073387146 0.6812161803245544
1638451630950376987 2.2121803760528564 -2.874960422515869 0.0 0.0 0.0 -0.7317878007888794 0.6815325021743774
163845163184377050 2.2108588218688965 -2.8934662342071533 0.0 0.0 0.0 -0.7319605350494385 0.6813470125198364
1638451631249377012 2.209214210510254 -2.91626238822937 0.0 0.0 0.0 -0.7322275638580322 0.6810600161552429
1638451631415376902 2.207531690597534 -2.9392335414886475 0.0 0.0 0.0 -0.732649028301239 0.6806066036224365
1638451631583376884 2.2058019638061523 -2.9624295234680176 0.0 0.0 0.0 -0.7331852912902832 0.6800289154052734
1638451631747376919 2.204056739807129 -2.985548257827759 0.0 0.0 0.0 -0.7332843542098999 0.6799221038818359
1638451631914376974 2.2022922039031982 -3.0088179111480713 0.0 0.0 0.0 -0.7332578301429749 0.6799507141113281
1638451632114377022 2.200183629989624 -3.0367321968078613 0.0 0.0 0.0 -0.7333241105079651 0.6798792481422424
1638451632280376911 2.198451519012451 -3.0596234798431396 0.0 0.0 0.0 -0.7332814335823059 0.6799252033233643
1638451632479377031 2.1963610649108887 -3.087158203125 0.0 0.0 0.0 -0.7335516810417175 0.679633617401123
1638451632646376848 2.194568634033203 -3.1103241443634033 0.0 0.0 0.0 -0.7340627908706665 0.6790815591812134
1638451632779376984 2.1931257247924805 -3.1286683082580566 0.0 0.0 0.0 -0.7344765663146973 0.6786340475082397
1638451632948376894 2.191385507583618 -3.150543689727783 0.0 0.0 0.0 -0.734528660774231 0.6785776615142822
1638451633133689880 2.191291570663452 -3.1517295837402344 0.0 0.0 0.0 -0.7349022030830383 0.6781730651855469
1638451633369689941 2.191281318664551 -3.151855707168579 0.0 0.0 0.0 -0.7350561022758484 0.6780062913894653
1638451633567689896 2.1912708282470703 -3.151982069015503 0.0 0.0 0.0 -0.7398941516876221 0.6727232933044434
1638451633736690044 2.191265344619751 -3.1520326137542725 0.0 0.0 0.0 -0.7468136548995972 0.6650333404541016
1638451633937690020 2.191267967224121 -3.152007579803467 0.0 0.0 0.0 -0.760735273361206 0.6490623354911804
1638451634168689966 2.1912496089935303 -3.152107000350952 0.0 0.0 0.0 -0.7840092778205872 0.6207491159439087
1638451634367689848 2.191215991973877 -3.152228832244873 0.0 0.0 0.0 -0.8084407448768616 0.5885776281356812
1638451634565690041 2.191171169281006 -3.1523470878601074 0.0 0.0 0.0 -0.8356550931930542 0.5492545366287231
1638451634731689930 2.191150426864624 -3.152393341064453 0.0 0.0 0.0 -0.8596105575561523 0.5109497308731079
1638451634931689978 2.191167116165161 -3.152374029159546 0.0 0.0 0.0 -0.8885170817375183 0.45884355902671814
1638451635131690025 2.191136360168457 -3.152414560317993 0.0 0.0 0.0 -0.917243242263794 0.398327499628067
1638451635330689907 2.1911933422088623 -3.1523642539978027 0.0 0.0 0.0 -0.9421358704566956 0.3352312743663788
1638451635529690027 2.191234588623047 -3.1523349285125732 0.0 0.0 0.0 -0.9626697301864624 0.27067872881889343
1638451635775097847 2.1913678646087646 -3.1522622108459473 0.0 0.0 0.0 -0.9810974597930908 0.19351427257061005
1638451635944097996 2.191558599472046 -3.1521944999694824 0.0 0.0 0.0 -0.9906219840049744 0.13663128018379211
1638451636176097870 2.191582202911377 -3.1521832942962646 0.0 0.0 0.0 -0.9982662200927734 0.058860551565885544
1638451636349097967 2.1915063858032227 -3.15218448638916 0.0 0.0 0.0 -0.9999999403953552 -0.0002615888952277601
1638451636548097849 2.191253423690796 -3.1521730422973633 0.0 0.0 0.0 0.9996393322944641 0.02685636840760708
1638451636748097897 2.191228151321411 -3.1521716117858887 0.0 0.0 0.0 0.9996514320373535 0.026401149109005928
1638451636882097960 2.1912786960601807 -3.152174472808838 0.0 0.0 0.0 0.9996612071990967 0.026029106229543686
163845163715097857 2.191354513168335 -3.1521778106689453 0.0 0.0 0.0 -0.9997934103012085 -0.020327165722846985
1638451637217097998 2.1914303302764893 -3.1521799564361572 0.0 0.0 0.0 -0.9999377727508545 -0.011156251654028893
1638451637450097799 2.1914050579071045 -3.152179479598999 0.0 0.0 0.0 -0.9999439120292664 -0.01059337891638279
1638451637632097960 2.191101312637329 -3.1521730422973633 0.0 0.0 0.0 -0.9999443292617798 -0.010551062412559986
1638451637798097849 2.1895575523376465 -3.152141571044922 0.0 0.0 0.0 -0.999949038028717 -0.010098091326653957
1638451637967097998 2.187887191772461 -3.1521077156066895 0.0 0.0 0.0 -0.9999489784240723 -0.010103574022650719
1638451638204029799 2.1845216751098633 -3.1520402431488037 0.0 0.0 0.0 -0.9999496340751648 -0.010035628452897072
1638451638388029814 2.1792078018188477 -3.151933193206787 0.0 0.0 0.0 -0.9999456405639648 -0.010426972061395645
1638451638556029797 2.1727802753448486 -3.1517999172210693 0.0 0.0 0.0 -0.9999472498893738 -0.010272008366882801
1638451638722029924 2.165163278579712 -3.1516411304473877 0.0 0.0 0.0 -0.9999431371688843 -0.010661682114005089
1638451638923029900 2.1539530754089355 -3.1514062881469727 0.0 0.0 0.0 -0.9999444484710693 -0.010542836971580982
163845163992029810 2.143906593322754 -3.151196002960205 0.0 0.0 0.0 -0.9999454617500305 -0.01044366043061018
1638451639293030024 2.1318864822387695 -3.1509413719177246 0.0 0.0 0.0 -0.9999460577964783 -0.010387515649199486
1638451639494029999 2.118980884552002 -3.15067195892334 0.0 0.0 0.0 -0.999948263168335 -0.010170209221541882
1638451639730029821 2.102431058883667 -3.150336265563965 0.0 0.0 0.0 -0.9999495148658752 -0.010047786869108677
1638451639931029797 2.0867161750793457 -3.1500260829925537 0.0 0.0 0.0 -0.9999513030052185 -0.009866598062217236
1638451640199029922 2.0652058124542236 -3.149616003036499 0.0 0.0 0.0 -0.9999572038650513 -0.009252817369997501
1638451640368029833 2.05148983001709 -3.149360179901123 0.0 0.0 0.0 -0.9999563694000244 -0.009342578239738941
1638451640535029888 2.03676176071167 -3.149078369140625 0.0 0.0 0.0 -0.999951183795929 -0.00987875647842884
1638451640746009111 2.0187442302703857 -3.14872407913208 0.0 0.0 0.0 -0.9999536275863647 -0.00962854828685522
1638451640917009115 2.0029280185699463 -3.1484217643737793 0.0 0.0 0.0 -0.999955415725708 -0.009440205991268158
1638451641151009083 1.9796720743179321 -3.147962808609009 0.0 0.0 0.0 -0.9999498128890991 -0.010017509572207928
1638451641317008972 1.9625657796859741 -3.1476120948791504 0.0 0.0 0.0 -0.9999467134475708 -0.0103213582187891
1638451641582009077 1.933617353439331 -3.1469693183898926 0.0 0.0 0.0 -0.9999330639839172 -0.011570954695343971
1638451641750009060 1.915246844291687 -3.1465401649475098 0.0 0.0 0.0 -0.9999306201934814 -0.011781463399529457
1638451641950009108 1.8924224376678467 -3.146017074584961 0.0 0.0 0.0 -0.9999362826347351 -0.01128892321139574
1638451642185009003 1.8643096685409546 -3.1453700065612793 0.0 0.0 0.0 -0.9999300837516785 -0.01182377990335226
1638451642385009050 1.840448260307312 -3.144818067550659 0.0 0.0 0.0 -0.9999364614486694 -0.011275095865130424
1638451642587009192 1.8164345026016235 -3.144272804260254 0.0 0.0 0.0 -0.9999369382858276 -0.011230752803385258
1638451642786009073 1.792825698852539 -3.1437320709228516 0.0 0.0 0.0 -0.9999340176582336 -0.011487632989883423
1638451642989009142 1.768508791923523 -3.143162488937378 0.0 0.0 0.0 -0.9999311566352844 -0.011735094711184502
1638451643237294912 1.7404977083206177 -3.1424968242645264 0.0 0.0 0.0 -0.9999310970306396 -0.011739623732864857
1638451643374294996 1.7242271900177002 -3.142117738723755 0.0 0.0 0.0 -0.9999303221702576 -0.011807091534137726
1638451643540294886 1.7042120695114136 -3.1416501998901367 0.0 0.0 0.0 -0.9999330639839172 -0.011572504416108131
1638451643673295021 1.6883970499038696 -3.141289234161377 0.0 0.0 0.0 -0.9999375939369202 -0.01117341686040163
1638451643843295097 1.6680015325546265 -3.1408417224884033 0.0 0.0 0.0 -0.9999420642852783 -0.010766580700874329
1638451643977294922 1.6519330739974976 -3.1404967308044434 0.0 0.0 0.0 -0.9999440908432007 -0.010571802966296673
1638451644243294954 1.620275855064392 -3.139847755432129 0.0 0.0 0.0 -0.999949038028717 -0.010094157420098782
1638451644380295038 1.6041055917739868 -3.1395199298858643 0.0 0.0 0.0 -0.9999459385871887 -0.01040039025247097
1638451644516294956 1.5878342390060425 -3.1391849517822266 0.0 0.0 0.0 -0.9999481439590454 -0.0101842749863863
1638451644682295084 1.5680959224700928 -3.138784170150757 0.0 0.0 0.0 -0.9999457001686096 -0.01042148843407631
1638451644884294987 1.543954849243164 -3.1382791996002197 0.0 0.0 0.0 -0.9999440312385559 -0.010582293383777142
163845164518295050 1.5278860330581665 -3.1379458904266357 0.0 0.0 0.0 -0.9999462366104126 -0.010370231233537197
1638451645220294952 1.5036942958831787 -3.137441396713257 0.0 0.0 0.0 -0.9999426603317261 -0.010710793547332287
1638451645386295080 1.4838297367095947 -3.137026071548462 0.0 0.0 0.0 -0.9999501705169678 -0.009980318136513233
1638451645566246986 1.459839940071106 -3.136547803878784 0.0 0.0 0.0 -0.9999518394470215 -0.009816056117415428
1638451645798247099 1.4322056770324707 -3.1360182762145996 0.0 0.0 0.0 -0.9999582767486572 -0.00913611613214016
163845164632247066 1.4042925834655762 -3.135512113571167 0.0 0.0 0.0 -0.9999586939811707 -0.009088554419577122
1638451646267247200 1.3764303922653198 -3.1349923610687256 0.0 0.0 0.0 -0.9999512434005737 -0.009876730851829052
1638451646468247175 1.3524161577224731 -3.1344761848449707 0.0 0.0 0.0 -0.9999359250068665 -0.011319558136165142
1638451646669247150 1.3284533023834229 -3.133925437927246 0.0 0.0 0.0 -0.9999338388442993 -0.011501817964017391
1638451646837247133 1.3082611560821533 -3.1334502696990967 0.0 0.0 0.0 -0.9999292492866516 -0.01189434714615345
163845164741247129 1.2838689088821411 -3.132856845855713 0.0 0.0 0.0 -0.9999247193336487 -0.01226947084069252
1638451647274247169 1.2559592723846436 -3.1321849822998047 0.0 0.0 0.0 -0.9999298453330994 -0.011847023852169514
1638451647574247122 1.2201793193817139 -3.1313693523406982 0.0 0.0 0.0 -0.9999415874481201 -0.010810446925461292
1638451647842247009 1.1882697343826294 -3.1306955814361572 0.0 0.0 0.0 -0.9999444484710693 -0.010540095157921314
163845164844247150 1.1642552614212036 -3.130188465118408 0.0 0.0 0.0 -0.9999420642852783 -0.01076515018939972
1638451648290951967 1.136243224143982 -3.1295599937438965 0.0 0.0 0.0 -0.9999293684959412 -0.011883500032126904
1638451648458951950 1.1161524057388306 -3.1290695667266846 0.0 0.0 0.0 -0.9999229311943054 -0.01241298858076334
1638451648626951933 1.095986247062683 -3.128554344177246 0.0 0.0 0.0 -0.9999132752418518 -0.01316954754292965
1638451648793951988 1.0759220123291016 -3.1280202865600586 0.0 0.0 0.0 -0.9999117255210876 -0.013287077657878399
1638451648998951912 1.0515055656433105 -3.1273787021636963 0.0 0.0 0.0 -0.9999144077301025 -0.013083962723612785
1638451649131952047 1.0355653762817383 -3.1269607543945312 0.0 0.0 0.0 -0.9999131560325623 -0.013179202564060688
1638451649335952044 1.0112758874893188 -3.126307487487793 0.0 0.0 0.0 -0.9999077916145325 -0.013579114340245724
1638451649569952011 0.9833682775497437 -3.1255576610565186 0.0 0.0 0.0 -0.9999076128005981 -0.013593536801636219
1638451649735951900 0.9637090563774109 -3.125025749206543 0.0 0.0 0.0 -0.9999096989631653 -0.01343750674277544
1638451649968951941 0.9358018040657043 -3.124263286590576 0.0 0.0 0.0 -0.9999053478240967 -0.013757315464317799
1638451650171952009 0.9115382432937622 -3.123589515686035 0.0 0.0 0.0 -0.9999011754989624 -0.014058170840144157
1638451650438951969 0.8796091675758362 -3.1226792335510254 0.0 0.0 0.0 -0.9998939633369446 -0.014560585841536522
1638451650570951939 0.8637711405754089 -3.1222262382507324 0.0 0.0 0.0 -0.9998992085456848 -0.01419870462268591
1638451650775075912 0.8394063115119934 -3.121551513671875 0.0 0.0 0.0 -0.9999074339866638 -0.013604383915662766
1638451650943075895 0.8193678259849548 -3.1209990978240967 0.0 0.0 0.0 -0.9999040365219116 -0.01385446172207594
1638451651143075943 0.7955088019371033 -3.1203432083129883 0.0 0.0 0.0 -0.9999071359634399 -0.01362929679453373
1638451651345075846 0.7714473009109497 -3.119687557220459 0.0 0.0 0.0 -0.9999078512191772 -0.013573273085057735
1638451651545075893 0.7477655410766602 -3.1190364360809326 0.0 0.0 0.0 -0.9999048709869385 -0.01379402820020914
1638451651713075876 0.7276006937026978 -3.118476629257202 0.0 0.0 0.0 -0.9999015927314758 -0.014028013683855534
1638451651880075932 0.707663893699646 -3.1179115772247314 0.0 0.0 0.0 -0.9998997449874878 -0.014161276631057262
163845165214075994 0.691623330116272 -3.117459297180176 0.0 0.0 0.0 -0.9999008774757385 -0.01408057939261198
1638451652281075954 0.6596940159797668 -3.116558074951172 0.0 0.0 0.0 -0.9999048113822937 -0.013796412386000156
1638451652414075851 0.6437287926673889 -3.1161258220672607 0.0 0.0 0.0 -0.9999110102653503 -0.013341670855879784
1638451652650075912 0.6155171394348145 -3.1153817176818848 0.0 0.0 0.0 -0.9999170899391174 -0.012875364162027836
1638451652816076040 0.5957815051078796 -3.1148691177368164 0.0 0.0 0.0 -0.9999150633811951 -0.013033184222877026
1638451652986075878 0.575514554977417 -3.114337682723999 0.0 0.0 0.0 -0.9999110698699951 -0.013336068019270897
1638451653184747934 0.551883339881897 -3.1136860847473145 0.0 0.0 0.0 -0.999902069568634 -0.013996187597513199
1638451653419748068 0.5238252282142639 -3.1128857135772705 0.0 0.0 0.0 -0.999891996383667 -0.014695397578179836
1638451653618747950 0.5001199245452881 -3.112169027328491 0.0 0.0 0.0 -0.999884843826294 -0.015177068300545216
1638451653784748077 0.4802097976207733 -3.1115570068359375 0.0 0.0 0.0 -0.9998762607574463 -0.015730848535895348
1638451653989748001 0.4556455910205841 -3.1107730865478516 0.0 0.0 0.0 -0.9998734593391418 -0.01590665988624096
1638451654222748041 0.4276403486728668 -3.109896183013916 0.0 0.0 0.0 -0.9998782873153687 -0.015600091777741909
1638451654490747929 0.3957902193069458 -3.1088860034942627 0.0 0.0 0.0 -0.9998711943626404 -0.01605064608156681
1638451654727748156 0.36753225326538086 -3.107994318008423 0.0 0.0 0.0 -0.9998857378959656 -0.015114729292690754
1638451654928748131 0.3437005281448364 -3.107271909713745 0.0 0.0 0.0 -0.9998854994773865 -0.015130582265555859
163845165595747948 0.32381579279899597 -3.106658935546875 0.0 0.0 0.0 -0.9998738169670105 -0.015885086730122566
1638451655329748154 0.29596343636512756 -3.1057538986206055 0.0 0.0 0.0 -0.9998646974563599 -0.01644851453602314
1638451655528748035 0.2720065414905548 -3.104985237121582 0.0 0.0 0.0 -0.9998685121536255 -0.016216207295656204
1638451655794690132 0.24002976715564728 -3.103975534439087 0.0 0.0 0.0 -0.9998825788497925 -0.015325467102229595
163845165626690006 0.2122514843940735 -3.103131055831909 0.0 0.0 0.0 -0.9998874664306641 -0.015003280714154243
1638451656194689989 0.19229024648666382 -3.102534770965576 0.0 0.0 0.0 -0.9998891353607178 -0.014888733625411987
1638451656428689957 0.16435907781124115 -3.1017212867736816 0.0 0.0 0.0 -0.9998990297317505 -0.014211696572601795
1638451656669690132 0.1356939673423767 -3.1008963584899902 0.0 0.0 0.0 -0.9998992085456848 -0.014198466204106808
1638451656975690126 0.09926186501979828 -3.0998406410217285 0.0 0.0 0.0 -0.9998921751976013 -0.014686338603496552
1638451657173690081 0.0755562111735344 -3.0991361141204834 0.0 0.0 0.0 -0.9998894333839417 -0.014869305305182934
1638451657440690041 0.043552007526159286 -3.098196506500244 0.0 0.0 0.0 -0.9998977780342102 -0.01429954543709755
1638451657641690016 0.01949138008058071 -3.0975089073181152 0.0 0.0 0.0 -0.999901294708252 -0.014049946330487728
1638451657879689932 -0.008972039446234703 -3.0967140197753906 0.0 0.0 0.0 -0.9999055862426758 -0.013739912770688534
163845165881690073 -0.033084236085414886 -3.0960593223571777 0.0 0.0 0.0 -0.9999113082885742 -0.013318665325641632
1638451658348954916 -0.06496448814868927 -3.0952138900756836 0.0 0.0 0.0 -0.9999158978462219 -0.012971319258213043
1638451658650954962 -0.1009434163570404 -3.094252109527588 0.0 0.0 0.0 -0.9999030828475952 -0.013922404497861862
1638451658816955090 -0.1208043172955513 -3.093688488006592 0.0 0.0 0.0 -0.9998969435691833 -0.014356044121086597
1638451658982954979 -0.14071589708328247 -3.0931262969970703 0.0 0.0 0.0 -0.999899685382843 -0.014165924862027168
1638451659183954954 -0.16472643613815308 -3.0924582481384277 0.0 0.0 0.0 -0.9999057054519653 -0.0137309730052948
1638451659348954916 -0.18451200425624847 -3.0919179916381836 0.0 0.0 0.0 -0.9999090433120728 -0.013488642871379852
1638451659582954884 -0.21257136762142181 -3.0911617279052734 0.0 0.0 0.0 -0.9999129176139832 -0.013198512606322765
1638451659785954952 -0.23665864765644073 -3.090521812438965 0.0 0.0 0.0 -0.9999147653579712 -0.01305654738098383
163845166021955013 -0.26479464769363403 -3.0897910594940186 0.0 0.0 0.0 -0.9999154806137085 -0.013002787716686726
1638451660226954937 -0.2891097068786621 -3.08914852142334 0.0 0.0 0.0 -0.9999111890792847 -0.013327128253877163
1638451660494955063 -0.316510945558548 -3.0883994102478027 0.0 0.0 0.0 -0.9999085068702698 -0.013528335839509964
1638451660777282000 -0.31696638464927673 -3.0883870124816895 0.0 0.0 0.0 -0.9999082684516907 -0.013545380905270576
1638451660978282213 -0.31696638464927673 -3.0883870124816895 0.0 0.0 0.0 -0.9999083876609802 -0.0135375140234828
1638451661146282196 -0.31696638464927673 -3.0883870124816895 0.0 0.0 0.0 -0.9999035000801086 -0.013893201015889645
1638451661379281998 -0.3169410824775696 -3.0883877277374268 0.0 0.0 0.0 -0.9999067783355713 -0.013655400834977627
1638451661544282198 -0.31696638464927673 -3.0883870124816895 0.0 0.0 0.0 -0.9999074339866638 -0.013606172055006027
1638451661811282158 -0.31696638464927673 -3.0883870124816895 0.0 0.0 0.0 -0.9999073147773743 -0.01361344289034605
163845166244282198 -0.31696638464927673 -3.0883870124816895 0.0 0.0 0.0 -0.9999087452888489 -0.01350950263440609
1638451662277282000 -0.31696638464927673 -3.0883870124816895 0.0 0.0 0.0 -0.9999073147773743 -0.01361344289034605
1638451662648282051 -0.3171941339969635 -3.0883805751800537 0.0 0.0 0.0 0.9996527433395386 0.026351338252425194
1638451662847282171 -0.31721940636634827 -3.088379144668579 0.0 0.0 0.0 0.9993005990982056 0.03739410266280174
163845166348282146 -0.3171437680721283 -3.088385581970215 0.0 0.0 0.0 0.9985402822494507 0.05401194468140602
1638451663313723087 -0.31726935505867004 -3.088369607925415 0.0 0.0 0.0 0.9967235922813416 0.08088333904743195
1638451663546723127 -0.3172939121723175 -3.0883631706237793 0.0 0.0 0.0 0.993739902973175 0.11171820014715195
1638451663779722929 -0.3172699213027954 -3.088371515274048 0.0 0.0 0.0 0.9894667863845825 0.1447601318359375
1638451663977723122 -0.3173898756504059 -3.0883312225341797 0.0 0.0 0.0 0.9848865866661072 0.17320044338703156
1638451664182723045 -0.31738924980163574 -3.088329553604126 0.0 0.0 0.0 0.9793808460235596 0.20202255249023438
1638451664381722927 -0.3173663914203644 -3.0883400440216064 0.0 0.0 0.0 0.9731225371360779 0.2302880436182022
1638451664582723141 -0.3174111843109131 -3.0883164405822754 0.0 0.0 0.0 0.965819776058197 0.25921446084976196
1638451664790723085 -0.3174104392528534 -3.08831524848938 0.0 0.0 0.0 0.9576120972633362 0.2880609631538391
1638451664995723009 -0.31741127371788025 -3.0883164405822754 0.0 0.0 0.0 0.9485215544700623 0.3167125880718231
1638451665228723049 -0.31747135519981384 -3.0882699489593506 0.0 0.0 0.0 0.9372506141662598 0.34865647554397583
1638451665527723074 -0.31747186183929443 -3.0882701873779297 0.0 0.0 0.0 0.9212214946746826 0.3890385627746582
1638451665692450047 -0.3174702227115631 -3.088268518447876 0.0 0.0 0.0 0.9114798903465271 0.41134464740753174
1638451665892449856 -0.3174208998680115 -3.0883259773254395 0.0 0.0 0.0 0.8989290595054626 0.43809425830841064
1638451666130450010 -0.3173626959323883 -3.088408946990967 0.0 0.0 0.0 0.8829005360603333 0.46956002712249756
1638451666336449862 -0.31737521290779114 -3.0883870124816895 0.0 0.0 0.0 0.8683837652206421 0.495892733335495
1638451666639449835 -0.31731411814689636 -3.0884976387023926 0.0 0.0 0.0 0.8451185822486877 0.5345789194107056
1638451666972450018 -0.3172619342803955 -3.0886127948760986 0.0 0.0 0.0 0.8178541660308838 0.5754255056381226
1638451667172449827 -0.31725209951400757 -3.0886361598968506 0.0 0.0 0.0 0.801030695438385 0.5986232757568359
1638451667489449978 -0.3172449767589569 -3.088660478591919 0.0 0.0 0.0 0.7725527286529541 0.634950578212738
1638451667687449932 -0.3172454535961151 -3.088660717010498 0.0 0.0 0.0 0.753934383392334 0.6569496989250183
1638451667884449959 -0.3172568678855896 -3.088560104370117 0.0 0.0 0.0 0.7345494031906128 0.6785552501678467
1638451668193096161 -0.3172570466995239 -3.0885348320007324 0.0 0.0 0.0 0.7041459679603577 0.7100552320480347
1638451668458096027 -0.3172540068626404 -3.088459014892578 0.0 0.0 0.0 0.6860015988349915 0.7276000380516052
1638451668723096132 -0.3172540068626404 -3.088459014892578 0.0 0.0 0.0 0.6858186721801758 0.7277724742889404
1638451668988095999 -0.3172540068626404 -3.088459014892578 0.0 0.0 0.0 0.6859539747238159 0.7276449203491211
1638451669265095949 -0.3172540068626404 -3.088459014892578 0.0 0.0 0.0 0.6857886910438538 0.727800726890564
1638451669613095999 -0.3172540068626404 -3.088459014892578 0.0 0.0 0.0 0.6856934428215027 0.7278904318809509
1638451669781095982 -0.317252516746521 -3.0884337425231934 0.0 0.0 0.0 0.6858779191970825 0.7277166247367859
163845167046096087 -0.3171338438987732 -3.0864882469177246 0.0 0.0 0.0 0.6850399971008301 0.7285054922103882
1638451670345096111 -0.31669923663139343 -3.0794906616210938 0.0 0.0 0.0 0.6847683191299438 0.728760838508606
1638451670578096151 -0.31612759828567505 -3.0703461170196533 0.0 0.0 0.0 0.6845359206199646 0.7289791107177734
1638451670883149147 -0.31508907675743103 -3.053774833679199 0.0 0.0 0.0 0.6846964955329895 0.7288283109664917
163845167123149014 -0.31452977657318115 -3.044832229614258 0.0 0.0 0.0 0.6845528483390808 0.7289632558822632
1638451671221148968 -0.31362903118133545 -3.0304839611053467 0.0 0.0 0.0 0.6845626831054688 0.7289539575576782
1638451671423149109 -0.31262022256851196 -3.0143673419952393 0.0 0.0 0.0 0.6847386956214905 0.7287886738777161
1638451671622148991 -0.31161966919898987 -2.9983770847320557 0.0 0.0 0.0 0.6848312020301819 0.7287017703056335
1638451671891149044 -0.31028926372528076 -2.9768788814544678 0.0 0.0 0.0 0.6849704384803772 0.728570818901062
1638451672190149069 -0.3088270127773285 -2.953080892562866 0.0 0.0 0.0 0.6850149035453796 0.7285290360450745
1638451672425148964 -0.30768021941185 -2.9343860149383545 0.0 0.0 0.0 0.6850374937057495 0.7285078167915344
1638451672693149090 -0.30634528398513794 -2.9129133224487305 0.0 0.0 0.0 0.6844903826713562 0.7290218472480774
1638451672929149151 -0.3050846457481384 -2.8930842876434326 0.0 0.0 0.0 0.684209942817688 0.7292850613594055
1638451673199286938 -0.303541362285614 -2.8692660331726074 0.0 0.0 0.0 0.6836840510368347 0.7297781109809875
1638451673500287056 -0.3017696738243103 -2.842571496963501 0.0 0.0 0.0 0.6830300688743591 0.7303902506828308
1638451673667287111 -0.30076420307159424 -2.827672004699707 0.0 0.0 0.0 0.6828389763832092 0.7305688858032227
1638451673836287022 -0.2997347116470337 -2.8124189376831055 0.0 0.0 0.0 0.682981014251709 0.7304360866546631
163845167436287069 -0.29853618144989014 -2.7944884300231934 0.0 0.0 0.0 0.6832547783851624 0.730180025100708
1638451674170287132 -0.29773956537246704 -2.7824668884277344 0.0 0.0 0.0 0.6834114789962769 0.7300333976745605
1638451674369287014 -0.29657554626464844 -2.76481294631958 0.0 0.0 0.0 0.6835530996322632 0.7299007773399353
1638451674635287046 -0.2950001657009125 -2.741098642349243 0.0 0.0 0.0 0.6833906769752502 0.7300528883934021
1638451674870286942 -0.2936007082462311 -2.7201120853424072 0.0 0.0 0.0 0.6829737424850464 0.7304428815841675
163845167535287142 -0.292619913816452 -2.7053377628326416 0.0 0.0 0.0 0.6833760142326355 0.7300665974617004
1638451675169286966 -0.29183870553970337 -2.693467378616333 0.0 0.0 0.0 0.6833516955375671 0.7300893664360046
1638451675369287014 -0.2906564772129059 -2.675687789916992 0.0 0.0 0.0 0.6831537485122681 0.7302745580673218
1638451675629153013 -0.2890705466270447 -2.6520752906799316 0.0 0.0 0.0 0.6829738020896912 0.7304428815841675
1638451675995152950 -0.28688132762908936 -2.6194722652435303 0.0 0.0 0.0 0.68304044008255 0.7303805947303772
1638451676231153011 -0.28546959161758423 -2.59830904006958 0.0 0.0 0.0 0.683381974697113 0.7300610542297363
1638451676629153013 -0.28314733505249023 -2.5626964569091797 0.0 0.0 0.0 0.6840276718139648 0.7294560670852661
1638451676831152916 -0.2819898724555969 -2.5446367263793945 0.0 0.0 0.0 0.6842712163925171 0.729227602481842
163845167733152819 -0.28084689378738403 -2.526702404022217 0.0 0.0 0.0 0.684148371219635 0.7293428182601929
1638451677334152937 -0.2791118323802948 -2.4997518062591553 0.0 0.0 0.0 0.6837463974952698 0.7297196984291077
1638451677667152882 -0.27713900804519653 -2.469595432281494 0.0 0.0 0.0 0.6833944320678711 0.7300493121147156
1638451677868152857 -0.2757697105407715 -2.4492409229278564 0.0 0.0 0.0 0.682489275932312 0.7308955788612366
1638451678106153011 -0.27396854758262634 -2.4228780269622803 0.0 0.0 0.0 0.6828084588050842 0.7305974364280701
1638451678363144875 -0.27193117141723633 -2.392573595046997 0.0 0.0 0.0 0.6831808686256409 0.7302491664886475
1638451678529145002 -0.27060702443122864 -2.37262225151062 0.0 0.0 0.0 0.6834866404533386 0.7299630045890808
1638451678729145050 -0.26905107498168945 -2.348830223083496 0.0 0.0 0.0 0.6838459372520447 0.7296264171600342
1638451678995144844 -0.26700007915496826 -2.3172078132629395 0.0 0.0 0.0 0.6838796734809875 0.7295947670936584
1638451679227144957 -0.26518940925598145 -2.2894248962402344 0.0 0.0 0.0 0.6836053729057312 0.7298518419265747
1638451679426144838 -0.2636364698410034 -2.2657594680786133 0.0 0.0 0.0 0.6834153532981873 0.7300297617912292
1638451679693145037 -0.26151540875434875 -2.2341158390045166 0.0 0.0 0.0 0.6827665567398071 0.7306365370750427
1638451679893144846 -0.2598997950553894 -2.2103025913238525 0.0 0.0 0.0 0.6825898885726929 0.7308016419410706
1638451680126144886 -0.2579766511917114 -2.182451009750366 0.0 0.0 0.0 0.6821603775024414 0.7312025427818298
1638451680325145006 -0.2563234865665436 -2.1586148738861084 0.0 0.0 0.0 0.6823689937591553 0.7310079336166382
1638451680524144888 -0.2546882927417755 -2.134904384613037 0.0 0.0 0.0 0.6822457909584045 0.7311229109764099
1638451680729146004 -0.2528807520866394 -2.1088969707489014 0.0 0.0 0.0 0.6820887923240662 0.731269359588623
163845168131146049 -0.250312477350235 -2.0727429389953613 0.0 0.0 0.0 0.6810802221298218 0.7322088479995728
1638451681397145987 -0.247113898396492 -2.029428005218506 0.0 0.0 0.0 0.6800695061683655 0.7331476211547852
1638451681771146059 -0.24372102320194244 -1.9848836660385132 0.0 0.0 0.0 0.6794467568397522 0.73372483253479
163845168272146177 -0.24098554253578186 -1.948919653892517 0.0 0.0 0.0 0.6798651814460754 0.7333371043205261
1638451682273146152 -0.23915831744670868 -1.9249441623687744 0.0 0.0 0.0 0.6795136332511902 0.7336628437042236
1638451682540146112 -0.23672138154506683 -1.89314603805542 0.0 0.0 0.0 0.6793941855430603 0.7337735295295715
1638451682841145992 -0.23391233384609222 -1.8573147058486938 0.0 0.0 0.0 0.6785460710525513 0.7345578670501709
1638451683159820795 -0.23102958500385284 -1.8216416835784912 0.0 0.0 0.0 0.6776145696640015 0.7354172468185425
1638451683325820923 -0.22940649092197418 -1.8018900156021118 0.0 0.0 0.0 0.677444577217102 0.7355738282203674
1638451683692820787 -0.22584836184978485 -1.7580441236495972 0.0 0.0 0.0 0.6785240769386292 0.7345781326293945
1638451683990820885 -0.22301095724105835 -1.7224689722061157 0.0 0.0 0.0 0.6781830191612244 0.7348930239677429
1638451684188820839 -0.2211148589849472 -1.6988794803619385 0.0 0.0 0.0 0.6781556606292725 0.7349182963371277
1638451684390820980 -0.2191840261220932 -1.6747342348098755 0.0 0.0 0.0 0.6784395575523376 0.7346562147140503
1638451684689821005 -0.2163592129945755 -1.639234185218811 0.0 0.0 0.0 0.678444504737854 0.7346516847610474
163845168525820971 -0.2131698727607727 -1.5995230674743652 0.0 0.0 0.0 0.6779571771621704 0.7351014018058777
1638451685228820801 -0.21118929982185364 -1.5751787424087524 0.0 0.0 0.0 0.6774669885635376 0.7355531454086304
1638451685531821012 -0.20821763575077057 -1.5390304327011108 0.0 0.0 0.0 0.677841067314148 0.7352084517478943
1638451685967751980 -0.2039586305618286 -1.4874457120895386 0.0 0.0 0.0 0.6771304607391357 0.7358630299568176
1638451686135751963 -0.20228834450244904 -1.4674439430236816 0.0 0.0 0.0 0.6769141554832458 0.7360619306564331
1638451686334752083 -0.20028454065322876 -1.4437365531921387 0.0 0.0 0.0 0.6764378547668457 0.7364996671676636
1638451686635751963 -0.19720233976840973 -1.4082074165344238 0.0 0.0 0.0 0.6753302812576294 0.737515389919281
1638451686935751915 -0.19403329491615295 -1.3723807334899902 0.0 0.0 0.0 0.6750317811965942 0.7377886176109314
1638451687306751966 -0.19009673595428467 -1.3281352519989014 0.0 0.0 0.0 0.6751561164855957 0.7376748919487
1638451687640752077 -0.1865588128566742 -1.2884790897369385 0.0 0.0 0.0 0.6746817827224731 0.7381086945533752
1638451687973752022 -0.18296056985855103 -1.2487521171569824 0.0 0.0 0.0 0.6741082072257996 0.7386325597763062
1638451688173007965 -0.18080690503120422 -1.2252863645553589 0.0 0.0 0.0 0.6739570498466492 0.7387705445289612
1638451688440007925 -0.17783325910568237 -1.1932541131973267 0.0 0.0 0.0 0.6734852194786072 0.7392007112503052
1638451688742007971 -0.1740695685148239 -1.1526273488998413 0.0 0.0 0.0 0.6740809082984924 0.738657534122467
1638451688941008091 -0.17155827581882477 -1.1249754428863525 0.0 0.0 0.0 0.6747113466262817 0.738081693649292
1638451689178008080 -0.16862809658050537 -1.0921770334243774 0.0 0.0 0.0 0.6749337911605835 0.7378782629966736
1638451689484008074 -0.1648443192243576 -1.0497223138809204 0.0 0.0 0.0 0.6748408675193787 0.7379632592201233
1638451689749007940 -0.16153265535831451 -1.0129936933517456 0.0 0.0 0.0 0.6745399236679077 0.7382383942604065
1638451689951008081 -0.15901580452919006 -0.9852150082588196 0.0 0.0 0.0 0.6743391752243042 0.7384217977523804
1638451690187007904 -0.15599647164344788 -0.9524244070053101 0.0 0.0 0.0 0.6734593510627747 0.7392242550849915
1638451690521008015 -0.1517159342765808 -0.9059227705001831 0.0 0.0 0.0 0.6746662259101868 0.7381229400634766
1638451690795034885 -0.14798492193222046 -0.8645811676979065 0.0 0.0 0.0 0.6744436621665955 0.7383263111114502
163845169198034859 -0.14414094388484955 -0.8226400017738342 0.0 0.0 0.0 0.6736456155776978 0.7390545606613159
1638451691434034824 -0.13976985216140747 -0.7762993574142456 0.0 0.0 0.0 0.6727905869483948 0.7398329377174377
1638451691768034935 -0.13533753156661987 -0.7297102212905884 0.0 0.0 0.0 0.6731433272361755 0.7395120859146118
163845169269034815 -0.13148102164268494 -0.6879734992980957 0.0 0.0 0.0 0.6740717887878418 0.7386658191680908
1638451692368034840 -0.12767471373081207 -0.6465626358985901 0.0 0.0 0.0 0.674005389213562 0.7387264370918274
1638451692798034906 -0.12217184156179428 -0.5870835781097412 0.0 0.0 0.0 0.6736689805984497 0.7390332221984863
1638451693204302788 -0.11729056388139725 -0.5341557264328003 0.0 0.0 0.0 0.6737542152404785 0.7389554977416992
1638451693583302975 -0.11245336383581161 -0.48150336742401123 0.0 0.0 0.0 0.6738324165344238 0.7388842105865479
1638451693884302855 -0.10858116298913956 -0.43976813554763794 0.0 0.0 0.0 0.6732289791107178 0.7394340634346008
1638451694189302921 -0.1045834869146347 -0.3976379334926605 0.0 0.0 0.0 0.6724357008934021 0.7401555180549622
1638451694489302874 -0.10056361556053162 -0.35617098212242126 0.0 0.0 0.0 0.6720752716064453 0.7404828071594238
1638451694723302841 -0.09738072752952576 -0.3237011134624481 0.0 0.0 0.0 0.6713526844978333 0.7411380410194397
1638451694890302896 -0.09508522599935532 -0.30045241117477417 0.0 0.0 0.0 0.671687126159668 0.7408348917961121
1638451695189302921 -0.09101134538650513 -0.25899070501327515 0.0 0.0 0.0 0.6720905900001526 0.7404689192771912
1638451695423302889 -0.08786159753799438 -0.22649221122264862 0.0 0.0 0.0 0.6719298362731934 0.7406148314476013
1638451695683074951 -0.08423410356044769 -0.18928474187850952 0.0 0.0 0.0 0.6716835498809814 0.7408381700515747
1638451695952075005 -0.0805925726890564 -0.15228213369846344 0.0 0.0 0.0 0.6717638969421387 0.7407653331756592
1638451696184075117 -0.07742853462696075 -0.11993760615587234 0.0 0.0 0.0 0.671951174736023 0.7405954599380493
1638451696419075012 -0.07428348809480667 -0.0872606560587883 0.0 0.0 0.0 0.6728572249412537 0.739772379398346
1638451696717075109 -0.07038236409425735 -0.04596027359366417 0.0 0.0 0.0 0.6730343103408813 0.7396112680435181
1638451696901075125 -0.0679820328950882 -0.020483998581767082 0.0 0.0 0.0 0.6729092001914978 0.7397250533103943
1638451697134075165 -0.06493136286735535 0.011693457141518593 0.0 0.0 0.0 0.6729815006256104 0.739659309387207
1638451697433074951 -0.060993537306785583 0.05296492204070091 0.0 0.0 0.0 0.6727070808410645 0.7399089336395264
1638451697732074976 -0.05701927840709686 0.09466515481472015 0.0 0.0 0.0 0.6728105545043945 0.739814817905426
163845169831075001 -0.053131669759750366 0.13604307174682617 0.0 0.0 0.0 0.6733412742614746 0.7393317818641663
1638451698483155966 -0.0487828329205513 0.1821315884590149 0.0 0.0 0.0 0.6729302406311035 0.7397059202194214
1638451698783156157 -0.04877565801143646 0.18220718204975128 0.0 0.0 0.0 0.6727705597877502 0.739851176738739
1638451699185156107 -0.04877566918730736 0.18220718204975128 0.0 0.0 0.0 0.6728342771530151 0.7397932410240173
1638451699522156000 -0.04877805337309837 0.18218198418617249 0.0 0.0 0.0 0.6729613542556763 0.7396776676177979
1638451699791156054 -0.048775650560855865 0.18220718204975128 0.0 0.0 0.0 0.6727523803710938 0.7398677468299866
1638451700123156071 -0.04877564683556557 0.18220718204975128 0.0 0.0 0.0 0.6726986765861511 0.7399165630340576
1638451700391155958 -0.04877564311027527 0.18220718204975128 0.0 0.0 0.0 0.672773540019989 0.7398484945297241
1638451700626156092 -0.04877563565969467 0.18220718204975128 0.0 0.0 0.0 0.6727683544158936 0.7398531436920166
1638451700926054001 -0.04877563938498497 0.18220718204975128 0.0 0.0 0.0 0.6727754473686218 0.7398467659950256
1638451701227053881 -0.04877563938498497 0.18220718204975128 0.0 0.0 0.0 0.6728566884994507 0.7397728562355042
1638451701593053818 -0.04874613508582115 0.18250946700572968 0.0 0.0 0.0 0.6697695255279541 0.7425690293312073
163845170291053963 -0.048738785088062286 0.18253394961357117 0.0 0.0 0.0 0.6345528364181519 0.7728794813156128
1638451702528053999 -0.04871717840433121 0.1826065331697464 0.0 0.0 0.0 0.5673679113388062 0.8234644532203674
163845170329053926 -0.04881301522254944 0.18242812156677246 0.0 0.0 0.0 0.44191625714302063 0.8970562815666199
1638451703380523205 -0.048989202827215195 0.18224725127220154 0.0 0.0 0.0 0.33658432960510254 0.941653311252594
1638451703682523012 -0.049070246517658234 0.18218620121479034 0.0 0.0 0.0 0.23868073523044586 0.9710980653762817
1638451703984523058 -0.04914027079939842 0.18215754628181458 0.0 0.0 0.0 0.13837586343288422 0.990379810333252
1638451704322523117 -0.04871648922562599 0.18222670257091522 0.0 0.0 0.0 0.026000166311860085 0.999661922454834
1638451704524523020 -0.04866594076156616 0.18222473561763763 0.0 0.0 0.0 -0.04213864728808403 0.9991117715835571
1638451704893522978 -0.04861491918563843 0.18222171068191528 0.0 0.0 0.0 -0.14696893095970154 0.9891411066055298
1638451705229523182 -0.048300135880708694 0.18212591111660004 0.0 0.0 0.0 -0.14747290313243866 0.9890661239624023
1638451705606523037 -0.042492449283599854 0.18034511804580688 0.0 0.0 0.0 -0.14834986627101898 0.9889349341392517
1638451705987886906 -0.19019453255077548 0.09860048061514545 -0.025059175610218677 0.00011054722942780695 -0.004718083242085311 -0.09774327522020529 0.9952004854265526
1638451706292886972 -0.17323964118517687 0.09523113816685738 -0.024897214438603644 0.00011151020072085736 -0.004718060392797369 -0.09794639334021099 0.9951804752994904
1638451706493886948 -0.15983576223848212 0.092561415920101 -0.024769169973780786 0.00011244466565664131 -0.004718038200718629 -0.09814349835366548 0.9951610534679772
1638451706726886988 -0.14397538358550777 0.08939780281216878 -0.024617655836334754 0.00011275233895530288 -0.004718031078217335 -0.09820839823587876 0.9951546977491508
1638451707102886915 -0.11843470884848774 0.08430460165256831 -0.024373666784176455 0.00011242247455882078 -0.004718038803931973 -0.09813881882669387 0.9951615307889435
1638451707438886881 -0.09569975524951618 0.07976587472715443 -0.024156477142405312 0.00011282550659366154 -0.004718029249784162 -0.0982238299228593 0.9951531578500902
1638451707672887087 -0.07966543031103088 0.07656862900904882 -0.024003302043901862 0.00011309567176110541 -0.004718022783147552 -0.09828081457890243 0.995147532062879
163845170871887016 -0.045979475810079995 0.06736102123655552 -0.01874442373115226 -0.000739471716753615 -0.004679184452489048 -0.0952742324348089 0.9954397683824969
1638451708326452017 -0.028709208307079667 0.06402172761760908 -0.018578071767359636 -0.0007389496457162378 -0.004679266999176636 -0.09538529890731456 0.9954291468356459
1638451708525451899 -0.017576779435427833 0.06186891017117435 -0.0184708404290868 -0.0007396796639241677 -0.004679151831088103 -0.09523000690804054 0.9954440517984783
1638451708825452089 -0.017427670708514212 0.06184014493220155 -0.018469404328123412 -0.0007400926600765203 -0.0046790863205952585 -0.09514213418919454 0.995452411274846
1638451709189451933 -0.017427670708514212 0.06184014493220155 -0.018469404328123412 -0.0007403673910793975 -0.004679042935408322 -0.09508369017036537 0.9954580116405066
1638451709526452065 -0.017427670708514212 0.06184014493220154 -0.018469404328123412 -0.0007402730816737218 -0.004679057965467378 -0.09510375998570562 0.9954561171226423
1638451709828452110 -0.017452520501031743 0.061844946814432214 -0.018469643681179888 -0.0007405712464875065 -0.00467901072010079 -0.09504032244792171 0.9954621625718562
1638451710129451990 -0.017427670708514212 0.06184014493220155 -0.018469404328123412 -0.0007401599328973284 -0.004679075698258873 -0.09512782319018293 0.9954537828919232
1638451710428452015 -0.017427672322210208 0.061840159745644996 -0.01846940437794714 -0.0007400938893923607 -0.004679086227817568 -0.09514187801254644 0.9954524570526752
1638451710731787205 -0.017427672322210208 0.061840159745644996 -0.01846940437794714 -0.0007403235699405715 -0.004679049988068394 -0.09509301929691522 0.9954571454313789
1638451710932787180 -0.017427672322210208 0.061840159745644996 -0.01846940437794714 -0.0007402076438911371 -0.004679068303385559 -0.09511768089649861 0.9954547840101107
