1638451543150178988 0.0 0.0 0.0 0.0 0.0 0.0 1.0
1638451543350647716 0.00091552734375 -0.00672149658203125 0.0 0.0 0.0 0.0015008741756901145 0.9999988675117493
1638451543551236447 -0.00018310546875 -0.004512786865234375 0.0 0.0 0.0 0.0028201863169670105 0.9999960064888
1638451543751907315 0.003925323486328125 -0.004589080810546875 0.0 0.0 0.0 -0.00036564667243510485 0.9999999403953552
1638451543952434534 -0.001495361328125 -0.004085540771484375 0.0 0.0 0.0 0.0012011926155537367 0.9999992847442627
1638451544153484471 -0.00051116943359375 -0.001499176025390625 0.0 0.0 0.0 0.00233065290376544 0.9999972581863403
1638451544353536422 -0.0012969970703125 -0.00365447998046875 0.0 0.0 0.0 0.001205090549774468 0.9999992847442627
1638451544554147393 0.00079345703125 -0.003551483154296875 0.0 0.0 0.0 0.0015460088616237044 0.9999988079071045
1638451544754660758 0.00225830078125 -0.004199981689453125 0.0 0.0 0.0 0.0008804455865174532 0.9999995827674866
1638451544955310063 -0.001834869384765625 -0.00518798828125 0.0 0.0 0.0 0.00180345238186419 0.9999983906745911
1638451545155943273 -0.001453399658203125 -0.004322052001953125 0.0 0.0 0.0 0.0036684214137494564 0.9999932646751404
1638451545359300696 -0.002895355224609375 -0.0044097900390625 0.0 0.0 0.0 0.0035109901800751686 0.9999938607215881
1638451545757509567 0.002044677734375 -0.004367828369140625 0.0 0.0 0.0 0.0020127776078879833 0.9999979734420776
1638451545958220123 -0.003223419189453125 -0.0021820068359375 0.0 0.0 0.0 0.0020519110839813948 0.9999979138374329
1638451546158942293 -0.001155853271484375 -0.00144195556640625 0.0 0.0 0.0 0.001550731249153614 0.9999988079071045
1638451546359660089 -0.00537109375 -0.00054168701171875 0.0 0.0 0.0 0.003133191494271159 0.9999951124191284
1638451546560481611 -0.00092315673828125 -0.002803802490234375 0.0 0.0 0.0 0.0018502078019082546 0.9999982714653015
1638451546761191975 -0.002437591552734375 -0.00440216064453125 0.0 0.0 0.0 0.003230055095627904 0.9999947547912598
1638451546962087186 -0.000598907470703125 -0.003269195556640625 0.0 0.0 0.0 0.001150613185018301 0.9999993443489075
1638451547162734736 0.00235748291015625 -0.00084686279296875 0.0 0.0 0.0 0.0013526920229196548 0.9999991059303284
1638451547363471247 0.00373077392578125 -0.005268096923828125 0.0 0.0 0.0 0.001897130161523819 0.9999982118606567
1638451547564160204 -0.002105712890625 -0.005046844482421875 0.0 0.0 0.0 0.0025598471984267235 0.9999967217445374
1638451547765031716 -0.005077362060546875 -0.0049591064453125 0.0 0.0 0.0 0.004372866824269295 0.9999904632568359
1638451547965695934 0.00060272216796875 -0.00392913818359375 0.0 0.0 0.0 0.0007110032602213323 0.9999997615814209
1638451548166496351 -0.002178192138671875 -0.002651214599609375 0.0 0.0 0.0 0.0023620796855539083 0.9999971985816956
1638451548367172496 -0.00139617919921875 -0.00334930419921875 0.0 0.0 0.0 0.0020530857145786285 0.9999979138374329
1638451548567925360 -0.00070953369140625 -0.00159454345703125 0.0 0.0 0.0 0.001811172696761787 0.9999983310699463
1638451548768630307 0.00295257568359375 -0.000453948974609375 0.0 0.0 0.0 0.001572189386934042 0.9999987483024597
1638451548969325411 -1.52587890625e-05 -0.00629425048828125 0.0 0.0 0.0 0.0016751497751101851 0.9999985694885254
1638451549169959471 0.00060272216796875 -0.00128936767578125 0.0 0.0 0.0 0.0015324992127716541 0.9999988079071045
1638451549370506916 0.001262664794921875 -0.00244903564453125 0.0 0.0 0.0 0.002175385830923915 0.999997615814209
1638451549571053996 -0.00252532958984375 -0.00438690185546875 0.0 0.0 0.0 0.000404692575102672 0.9999999403953552
1638451549771675505 -0.001621246337890625 -0.003108978271484375 0.0 0.0 0.0 0.001876536407507956 0.9999982118606567
1638451549972283680 -0.000545501708984375 -0.00519561767578125 0.0 0.0 0.0 0.002094055525958538 0.9999977946281433
1638451550173005554 0.00038909912109375 -0.00567626953125 0.0 0.0 0.0 0.002815940883010626 0.9999960064888
1638451550373808367 -0.00218963623046875 -0.004669189453125 0.0 0.0 0.0 0.004358619451522827 0.9999905228614807
1638451550574635139 -0.000244140625 -0.003326416015625 0.0 0.0 0.0 0.0028919652104377747 0.9999958276748657
1638451550775342378 0.00066375732421875 -0.004482269287109375 0.0 0.0 0.0 0.0026791158597916365 0.9999964237213135
1638451550976002429 -5.340576171875e-05 -0.005435943603515625 0.0 0.0 0.0 0.0005329831037670374 0.9999998807907104
1638451551176675188 -0.00261688232421875 -0.00267791748046875 0.0 0.0 0.0 0.002199008595198393 0.9999975562095642
1638451551377244665 -0.0008392333984375 -0.004119873046875 0.0 0.0 0.0 0.0016774684190750122 0.9999985694885254
1638451551577923309 -0.001758575439453125 -0.006229400634765625 0.0 0.0 0.0 0.003405460622161627 0.9999942183494568
1638451551778622110 -0.00049591064453125 -0.00539398193359375 0.0 0.0 0.0 0.0028224738780409098 0.9999960064888
1638451551979235806 0.00030517578125 -0.00360870361328125 0.0 0.0 0.0 0.0017688123043626547 0.9999984502792358
1638451552179861221 -0.00099945068359375 -0.007114410400390625 0.0 0.0 0.0 0.003140437649562955 0.9999950528144836
1638451552380540543 -0.000823974609375 -0.004726409912109375 0.0 0.0 0.0 0.0022391234524548054 0.9999974966049194
1638451552581047570 0.002796173095703125 -0.002960205078125 0.0 0.0 0.0 0.00011855992488563061 1.0
1638451552781695642 -0.001148223876953125 -0.004772186279296875 0.0 0.0 0.0 0.003172046272084117 0.9999949932098389
1638451552982345692 -0.000308990478515625 -0.00864410400390625 0.0 0.0 0.0 0.002911982126533985 0.999995768070221
1638451553182863084 -1.1444091796875e-05 -0.00893402099609375 0.0 0.0 0.0 0.0023580132983624935 0.9999971985816956
1638451553383611782 -0.001941680908203125 -0.002643585205078125 0.0 0.0 0.0 0.0031725335866212845 0.9999949932098389
1638451553584296469 -0.00180816650390625 -0.007068634033203125 0.0 0.0 0.0 0.0025984831154346466 0.9999966025352478
1638451553784942300 0.005023956298828125 -0.00426483154296875 0.0 0.0 0.0 0.0013760982546955347 0.9999990463256836
1638451553985505475 0.003101348876953125 -0.004261016845703125 0.0 0.0 0.0 0.0018412749050185084 0.9999983310699463
1638451554186039534 0.000720977783203125 -0.001827239990234375 0.0 0.0 0.0 0.0010379292070865631 0.999999463558197
1638451554386638802 0.001758575439453125 -0.0055694580078125 0.0 0.0 0.0 0.00238265423104167 0.9999971389770508
1638451554587188747 -0.0019989013671875 -0.005245208740234375 0.0 0.0 0.0 0.0024607053492218256 0.9999969601631165
1638451554787901351 -0.0033416748046875 -0.004383087158203125 0.0 0.0 0.0 0.0015700554940849543 0.9999987483024597
1638451554988548432 0.00063323974609375 -0.005977630615234375 0.0 0.0 0.0 0.003411965211853385 0.999994158744812
1638451555189246036 -0.00205230712890625 -0.0023956298828125 0.0 0.0 0.0 0.0019182130927219987 0.999998152256012
1638451555389923847 0.001056671142578125 -0.00390625 0.0 0.0 0.0 0.0024055445101112127 0.999997079372406
1638451555590538845 0.00360870361328125 -0.005290985107421875 0.0 0.0 0.0 0.001922626979649067 0.999998152256012
1638451555791235302 0.002887725830078125 -0.004398345947265625 0.0 0.0 0.0 0.0038910338189452887 0.9999924302101135
1638451555991641287 0.003711700439453125 -0.00566864013671875 0.0 0.0 0.0 0.0017253754194825888 0.9999985098838806
1638451556192177377 -0.00324249267578125 -0.008686065673828125 0.0 0.0 0.0 0.0022733774967491627 0.9999974370002747
1638451556392619612 0.00470733642578125 -0.0043487548828125 0.0 0.0 0.0 -0.0005637724534608424 0.9999998211860657
1638451556593315288 -0.002468109130859375 -0.004230499267578125 0.0 0.0 0.0 0.00221679313108325 0.9999975562095642
1638451556794064611 0.00037384033203125 -0.003055572509765625 0.0 0.0 0.0 0.0020961014088243246 0.9999977946281433
1638451556994768412 -0.000579833984375 -0.00225067138671875 0.0 0.0 0.0 0.0031865958590060472 0.9999949336051941
1638451557195550496 -0.000949859619140625 -0.00293731689453125 0.0 0.0 0.0 0.0021085382904857397 0.9999977946281433
1638451557396278933 -0.00171661376953125 -0.003780364990234375 0.0 0.0 0.0 0.0014986428432166576 0.9999988675117493
1638451557596830336 0.002197265625 -0.005794525146484375 0.0 0.0 0.0 0.0025019904132932425 0.9999968409538269
1638451557797621327 -0.00336456298828125 -0.00348663330078125 0.0 0.0 0.0 0.0037745411973446608 0.999992847442627
1638451557998314190 -0.001918792724609375 -0.002140045166015625 0.0 0.0 0.0 0.002422231948003173 0.999997079372406
1638451558198979241 -0.004730224609375 -0.00269317626953125 0.0 0.0 0.0 0.003443110268563032 0.9999940991401672
1638451558399713095 -0.0037994384765625 -0.00254058837890625 0.0 0.0 0.0 0.002307190326973796 0.9999973177909851
1638451558600130173 0.00235748291015625 -0.00638580322265625 0.0 0.0 0.0 0.0015525257913395762 0.9999988079071045
1638451558800862673 0.00182342529296875 -0.00235748291015625 0.0 0.0 0.0 0.0018047998892143369 0.9999983906745911
1638451559001546109 0.00206756591796875 -0.00420379638671875 0.0 0.0 0.0 0.0007428313256241381 0.9999997019767761
1638451559202218660 0.00112152099609375 -0.00290679931640625 0.0 0.0 0.0 0.0013199519598856568 0.9999991059303284
1638451559402905430 -0.00226593017578125 -0.001224517822265625 0.0 0.0 0.0 0.003326506121084094 0.9999944567680359
1638451559603583658 -0.001251220703125 -0.004711151123046875 0.0 0.0 0.0 0.002184753306210041 0.999997615814209
1638451559804133551 -0.0029754638671875 -0.00356292724609375 0.0 0.0 0.0 0.0034716951195150614 0.9999939799308777
1638451560004845425 0.000202178955078125 -0.00565338134765625 0.0 0.0 0.0 0.0031916226726025343 0.9999949336051941
1638451560205596883 -0.000789642333984375 -0.0025482177734375 0.0 0.0 0.0 0.002490106038749218 0.9999969005584717
1638451560406361519 0.002471923828125 -0.004802703857421875 0.0 0.0 0.0 0.001694604754447937 0.9999985694885254
1638451560607299959 -0.00304412841796875 -0.004302978515625 0.0 0.0 0.0 0.0037679674569517374 0.9999929070472717
1638451560808196472 0.002002716064453125 -0.00232696533203125 0.0 0.0 0.0 0.0017473185434937477 0.9999984502792358
1638451561009036786 -0.0041046142578125 -0.004913330078125 0.0 0.0 0.0 0.007260964717715979 0.9999736547470093
1638451561209771890 -0.00089263916015625 -0.0034332275390625 0.0 0.0 0.0 0.003241325728595257 0.9999947547912598
1638451561410593922 -0.000675201416015625 -0.005664825439453125 0.0 0.0 0.0 0.0021704372484236956 0.999997615814209
1638451561611239598 0.00051116943359375 -0.003475189208984375 0.0 0.0 0.0 0.001763155683875084 0.9999984502792358
1638451561811883242 -0.003986358642578125 -0.002468109130859375 0.0 0.0 0.0 0.002347002038732171 0.9999972581863403
1638451562012525584 0.00603485107421875 -0.006816864013671875 0.0 0.0 0.0 0.001711978460662067 0.9999985098838806
1638451562213346783 -0.0033721923828125 -0.00247955322265625 0.0 0.0 0.0 0.002791068283841014 0.9999961256980896
1638451562414006052 -0.003070831298828125 -0.006107330322265625 0.0 0.0 0.0 0.004293664358556271 0.9999907612800598
1638451562614703343 -0.00263214111328125 -0.00457763671875 0.0 0.0 0.0 0.004015196580439806 0.9999919533729553
1638451562815404228 -0.001804351806640625 -0.00174713134765625 0.0 0.0 0.0 0.002812290797010064 0.9999960660934448
1638451563016157509 -0.00079345703125 -0.0019989013671875 0.0 0.0 0.0 0.0017441681120544672 0.9999984502792358
1638451563216845477 0.00052642822265625 -0.005260467529296875 0.0 0.0 0.0 0.0008841989329084754 0.9999995827674866
1638451563417498704 -0.001495361328125 -0.004177093505859375 0.0 0.0 0.0 0.0024168293457478285 0.999997079372406
1638451563618126202 0.002124786376953125 -0.00719451904296875 0.0 0.0 0.0 0.003407049458473921 0.9999942183494568
1638451563818664116 -0.003185272216796875 -0.003086090087890625 0.0 0.0 0.0 0.00192084105219692 0.999998152256012
1638451564019252238 -0.001567840576171875 -0.003265380859375 0.0 0.0 0.0 0.0026236437261104584 0.999996542930603
1638451564219780047 -0.000583648681640625 -0.004108428955078125 0.0 0.0 0.0 0.0009558687452226877 0.9999995231628418
1638451564420348638 -0.0020294189453125 -0.00032806396484375 0.0 0.0 0.0 0.0011464448180049658 0.9999993443489075
1638451564620891604 0.00179290771484375 -0.00464630126953125 0.0 0.0 0.0 0.000189462851267308 1.0
1638451564821436757 0.01062774658203125 -0.0055694580078125 0.0 0.0 0.0 0.00109408691059798 0.9999994039535522
1638451565022197538 0.015697479248046875 -0.00675201416015625 0.0 0.0 0.0 0.0015213092556223273 0.9999988675117493
1638451565222733160 0.025341033935546875 -0.00662994384765625 0.0 0.0 0.0 0.00017665978521108627 1.0
1638451565423405450 0.0321044921875 -0.007312774658203125 0.0 0.0 0.0 0.0014403423992916942 0.9999989867210388
1638451565624187899 0.04384613037109375 -0.007198333740234375 0.0 0.0 0.0 -0.0002998431446030736 0.9999999403953552
1638451565824919096 0.04706573486328125 -0.002567291259765625 0.0 0.0 0.0 0.0003956095315515995 0.9999999403953552
1638451566025354977 0.06262969970703125 -0.00469207763671875 0.0 0.0 0.0 -0.0020784444641321898 0.9999978542327881
1638451566225865702 0.06768798828125 -0.0052642822265625 0.0 0.0 0.0 -0.0023840961512178183 0.9999971389770508
1638451566426671276 0.08256912231445312 -0.005580902099609375 0.0 0.0 0.0 -0.0014661862514913082 0.999998927116394
1638451566627445391 0.10152435302734375 -0.00554656982421875 0.0 0.0 0.0 -0.002102524507790804 0.9999977946281433
1638451566828072785 0.1068115234375 -0.00372314453125 0.0 0.0 0.0 -0.002952484181150794 0.9999956488609314
1638451567028783149 0.11661529541015625 -0.0041961669921875 0.0 0.0 0.0 -0.0009900648146867752 0.9999995231628418
1638451567229394605 0.12858200073242188 -0.00336456298828125 0.0 0.0 0.0 -0.00027218658942729235 0.9999999403953552
1638451567430013874 0.13856887817382812 -0.00653839111328125 0.0 0.0 0.0 0.0007545663393102586 0.9999997019767761
1638451567630818875 0.15325164794921875 -0.00627899169921875 0.0 0.0 0.0 0.002475835382938385 0.9999969601631165
1638451567831466790 0.16026687622070312 -0.00505828857421875 0.0 0.0 0.0 -0.0001567919971421361 1.0
1638451568032276895 0.177734375 -0.00933074951171875 0.0 0.0 0.0 0.00020220961596351117 1.0
1638451568232830642 0.18566131591796875 -0.00661468505859375 0.0 0.0 0.0 -0.0007423479692079127 0.9999997019767761
1638451568433354753 0.194305419921875 -0.00774383544921875 0.0 0.0 0.0 -0.002887396141886711 0.9999958276748657
1638451568633954959 0.20729827880859375 -0.008213043212890625 0.0 0.0 0.0 -0.0002678950550034642 0.9999999403953552
1638451568834631572 0.22078704833984375 -0.00620269775390625 0.0 0.0 0.0 -0.0005299170734360814 0.9999998807907104
1638451569035880955 0.230499267578125 -0.008556365966796875 0.0 0.0 0.0 0.0019883220084011555 0.9999980330467224
1638451569235625679 0.250396728515625 -0.00928497314453125 0.0 0.0 0.0 -0.0029315033461898565 0.9999957084655762
1638451569436363908 0.25861358642578125 -0.008144378662109375 0.0 0.0 0.0 -0.004042288288474083 0.9999918341636658
1638451569637005885 0.2724418640136719 -0.00672149658203125 0.0 0.0 0.0 -0.0019983358215540648 0.9999980330467224
1638451569837863127 0.27237701416015625 -0.003143310546875 0.0 0.0 0.0 0.0008011784520931542 0.9999997019767761
1638451570038688909 0.29141998291015625 -0.00899505615234375 0.0 0.0 0.0 0.0003415305109228939 0.9999999403953552
1638451570239477087 0.300689697265625 -0.00780487060546875 0.0 0.0 0.0 -0.0004231055499985814 0.9999998807907104
1638451570440325682 0.30802154541015625 -0.006500244140625 0.0 0.0 0.0 0.0017568367766216397 0.9999984502792358
1638451570641127714 0.319732666015625 -0.002231597900390625 0.0 0.0 0.0 0.0011437658686190844 0.9999993443489075
1638451570841848234 0.33835601806640625 -0.007610321044921875 0.0 0.0 0.0 -0.001971871592104435 0.9999980330467224
1638451571042530889 0.34911346435546875 -0.00677490234375 0.0 0.0 0.0 -8.478959352942184e-05 1.0
1638451571243318598 0.357940673828125 -0.00690460205078125 0.0 0.0 0.0 0.00047840175102464855 0.9999998807907104
1638451571444013493 0.3759346008300781 -0.00806427001953125 0.0 0.0 0.0 -0.0016950678545981646 0.9999985694885254
1638451571644623022 0.3872184753417969 -0.0093994140625 0.0 0.0 0.0 -5.396204414864769e-06 1.0
1638451571845236406 0.395965576171875 -0.00699615478515625 0.0 0.0 0.0 -0.0014344766968861222 0.9999989867210388
1638451572045927550 0.4044914245605469 -0.00742340087890625 0.0 0.0 0.0 0.0014402680099010468 0.9999989867210388
1638451572246667811 0.41780853271484375 -0.00400543212890625 0.0 0.0 0.0 0.002770828315988183 0.9999961853027344
1638451572447346508 0.42669677734375 -0.00519561767578125 0.0 0.0 0.0 0.000950644607655704 0.9999995231628418
1638451572648219218 0.4421195983886719 -0.00287628173828125 0.0 0.0 0.0 -0.00042095978278666735 0.9999999403953552
1638451572848628015 0.45558929443359375 -0.00708770751953125 0.0 0.0 0.0 -0.0010563450632616878 0.999999463558197
1638451573049066916 0.46286773681640625 -0.006496429443359375 0.0 0.0 0.0 -0.00025573570746928453 0.9999999403953552
1638451573249699935 0.48186492919921875 -0.0073394775390625 0.0 0.0 0.0 -0.0004951079608872533 0.9999998807907104
1638451573450196337 0.48786163330078125 -0.004817962646484375 0.0 0.0 0.0 -0.0002578814746811986 0.9999999403953552
1638451573650911597 0.4926261901855469 -0.004360198974609375 0.0 0.0 0.0 0.0029017964843660593 0.999995768070221
1638451573851741859 0.5089645385742188 -0.00443267822265625 0.0 0.0 0.0 0.00301549443975091 0.9999954700469971
1638451574052319096 0.5159378051757812 -0.005596160888671875 0.0 0.0 0.0 0.0018387380987405777 0.9999983310699463
1638451574252910968 0.5330696105957031 -0.004947662353515625 0.0 0.0 0.0 0.0003814810188487172 0.9999999403953552
1638451574453611280 0.547119140625 -0.005298614501953125 0.0 0.0 0.0 0.0014923864509910345 0.9999988675117493
1638451574654150704 0.5555000305175781 -0.007869720458984375 0.0 0.0 0.0 0.0006310328026302159 0.9999998211860657
1638451574854917944 0.5640373229980469 -0.006378173828125 0.0 0.0 0.0 0.004897412844002247 0.9999880194664001
1638451575055601953 0.576141357421875 -0.005176544189453125 0.0 0.0 0.0 0.0037805908359587193 0.999992847442627
1638451575256108303 0.5875358581542969 -0.006679534912109375 0.0 0.0 0.0 0.0019302850123494864 0.999998152256012
1638451575456466162 0.6100349426269531 -0.008792877197265625 0.0 0.0 0.0 -0.004172702319920063 0.9999912977218628
1638451575656894386 0.6125869750976562 -0.004825592041015625 0.0 0.0 0.0 0.0006679088692180812 0.9999997615814209
1638451575857653501 0.6210556030273438 -0.00635528564453125 0.0 0.0 0.0 0.003307758364826441 0.9999945163726807
1638451576058248290 0.6370010375976562 -0.00832366943359375 0.0 0.0 0.0 0.0008702168706804514 0.9999996423721313
1638451576258844954 0.6483154296875 -0.00324249267578125 0.0 0.0 0.0 0.0003168883267790079 0.9999999403953552
1638451576459255574 0.6636161804199219 -0.007171630859375 0.0 0.0 0.0 -0.0020977561362087727 0.9999977946281433
1638451576660041668 0.6731758117675781 -0.004940032958984375 0.0 0.0 0.0 -0.0005761702195741236 0.9999998211860657
1638451576860860732 0.6851577758789062 -0.00612640380859375 0.0 0.0 0.0 0.0023976326920092106 0.9999971389770508
1638451577061617919 0.6941299438476562 -0.008213043212890625 0.0 0.0 0.0 0.0004342237953096628 0.9999998807907104
1638451577262328960 0.7028694152832031 -0.008159637451171875 0.0 0.0 0.0 0.0007650926127098501 0.9999997019767761
1638451577463091929 0.7206230163574219 -0.00696563720703125 0.0 0.0 0.0 0.000993457855656743 0.9999995231628418
1638451577663851148 0.729461669921875 -0.006378173828125 0.0 0.0 0.0 0.002077890560030937 0.9999978542327881
1638451577864598336 0.7416801452636719 -0.006053924560546875 0.0 0.0 0.0 0.0005655110580846667 0.9999998211860657
1638451578067888739 0.7607917785644531 -0.006519317626953125 0.0 0.0 0.0 -0.0016464305808767676 0.9999986290931702
1638451578466047073 0.7807998657226562 -0.00682830810546875 0.0 0.0 0.0 0.00022073826403357089 1.0
1638451578666655404 0.789276123046875 -0.005687713623046875 0.0 0.0 0.0 0.0021314872428774834 0.9999977350234985
1638451578867597595 0.8014144897460938 -0.00740814208984375 0.0 0.0 0.0 0.004411025438457727 0.9999902844429016
1638451579068051653 0.8210029602050781 -0.008014678955078125 0.0 0.0 0.0 0.0007950503495521843 0.9999997019767761
1638451579268512950 0.82843017578125 -0.005126953125 0.0 0.0 0.0 0.0009201877401210368 0.9999995827674866
1638451579469226908 0.8408012390136719 -0.006122589111328125 0.0 0.0 0.0 0.004114487208425999 0.9999915361404419
1638451579669813676 0.8543281555175781 -0.005275726318359375 0.0 0.0 0.0 0.002132906811311841 0.9999977350234985
1638451579870325756 0.861602783203125 -0.00397491455078125 0.0 0.0 0.0 0.0014296346344053745 0.9999989867210388
1638451580070945702 0.877166748046875 -0.0027618408203125 0.0 0.0 0.0 0.0014465341810137033 0.999998927116394
1638451580271442156 0.8854255676269531 -0.0050811767578125 0.0 0.0 0.0 0.001381222391501069 0.9999990463256836
1638451580472196167 0.8990402221679688 -0.00466156005859375 0.0 0.0 0.0 0.0031236354261636734 0.9999951124191284
1638451580672789133 0.9156990051269531 -0.00567626953125 0.0 0.0 0.0 0.002334571210667491 0.9999972581863403
1638451580873588978 0.9283943176269531 -0.004550933837890625 0.0 0.0 0.0 -4.680948677560082e-06 1.0
1638451581074089130 0.9371261596679688 -0.00641632080078125 0.0 0.0 0.0 0.0023574649821966887 0.9999971985816956
1638451581274591053 0.9517135620117188 -0.00705718994140625 0.0 0.0 0.0 0.0004749317595269531 0.9999998807907104
1638451581475194488 0.9598007202148438 -0.00440216064453125 0.0 0.0 0.0 0.002712162444368005 0.9999963045120239
1638451581675767559 0.9778518676757812 -0.00594329833984375 0.0 0.0 0.0 -0.0009156782180070877 0.9999995827674866
1638451581876509850 0.9845962524414062 -0.00212860107421875 0.0 0.0 0.0 0.0010028856340795755 0.9999995231628418
1638451582077029742 1.0015373229980469 -0.0074920654296875 0.0 0.0 0.0 0.0006866848561912775 0.9999997615814209
1638451582283913378 1.015838623046875 -0.004840850830078125 0.0 0.0 0.0 0.001972631551325321 0.9999980330467224
1638451582478405990 1.0312614440917969 -0.007076263427734375 0.0 0.0 0.0 0.0026417220942676067 0.9999964833259583
1638451582679044114 1.0461196899414062 -0.004077911376953125 0.0 0.0 0.0 0.0020261909812688828 0.9999979734420776
1638451582879696404 1.0721015930175781 -0.0078582763671875 0.0 0.0 0.0 0.0026894700713455677 0.9999963641166687
1638451583080421143 1.09344482421875 -0.006801605224609375 0.0 0.0 0.0 0.002447477774694562 0.9999970197677612
1638451583281132497 1.1142578125 -0.0001220703125 0.0 0.0 0.0 0.00022387868375517428 1.0
1638451583481946508 1.13214111328125 -0.005878448486328125 0.0 0.0 0.0 0.003399582114070654 0.9999942183494568
1638451583682571558 1.1547355651855469 -0.00498199462890625 0.0 0.0 0.0 0.003012395463883877 0.9999954700469971
1638451583883116711 1.1778373718261719 -0.00623321533203125 0.0 0.0 0.0 0.0007487610564567149 0.9999997019767761
1638451584083818221 1.1949043273925781 -0.005962371826171875 0.0 0.0 0.0 0.004207221791148186 0.9999911785125732
1638451584284624367 1.2177238464355469 -0.007129669189453125 0.0 0.0 0.0 0.0040947007946670055 0.9999915957450867
1638451584485237647 1.2362251281738281 -0.005863189697265625 0.0 0.0 0.0 0.0026464322581887245 0.9999964833259583
1638451584685677902 1.2606697082519531 -0.004405975341796875 0.0 0.0 0.0 0.0006745971622876823 0.9999997615814209
1638451584886133575 1.2812881469726562 -0.003734588623046875 0.0 0.0 0.0 -0.001339109381660819 0.9999991059303284
1638451585086904460 1.2994194030761719 -0.00112152099609375 0.0 0.0 0.0 0.0018918984569609165 0.9999982118606567
1638451585287554094 1.3193473815917969 1.9073486328125e-05 0.0 0.0 0.0 0.0003218653437215835 0.9999999403953552
1638451585488184197 1.3399543762207031 -0.004100799560546875 0.0 0.0 0.0 -0.00044480161159299314 0.9999998807907104
1638451585688699141 1.3613815307617188 -0.00626373291015625 0.0 0.0 0.0 -0.0026947546284645796 0.9999963641166687
1638451585889273982 1.3790168762207031 -0.0035552978515625 0.0 0.0 0.0 -0.0038415417075157166 0.9999926090240479
1638451586090046013 1.3982124328613281 -0.00101470947265625 0.0 0.0 0.0 0.0009028506465256214 0.9999995827674866
1638451586290677105 1.4220809936523438 -0.003665924072265625 0.0 0.0 0.0 -0.0021349494345486164 0.9999977350234985
1638451586491273978 1.4390068054199219 -0.00505828857421875 0.0 0.0 0.0 -0.0010692196665331721 0.9999994039535522
1638451586691828714 1.4579048156738281 -0.00324249267578125 0.0 0.0 0.0 -0.0019153662724420428 0.999998152256012
1638451586892498557 1.47845458984375 -0.00560760498046875 0.0 0.0 0.0 -0.0021120612509548664 0.9999977946281433
1638451587093059492 1.4953079223632812 -0.00525665283203125 0.0 0.0 0.0 -0.0022691788617521524 0.9999974370002747
1638451587293809127 1.5162162780761719 -0.0046844482421875 0.0 0.0 0.0 -0.0019303866429254413 0.999998152256012
1638451587494726421 1.5316352844238281 -0.005157470703125 0.0 0.0 0.0 -0.001470716204494238 0.999998927116394
1638451587695407774 1.5577926635742188 -0.00572967529296875 0.0 0.0 0.0 -0.0032106901053339243 0.9999948740005493
1638451587896181160 1.5752372741699219 -0.00325775146484375 0.0 0.0 0.0 -0.004056116566061974 0.999991774559021
1638451588097002619 1.5945625305175781 -0.00334930419921875 0.0 0.0 0.0 -0.0020219392608851194 0.9999979734420776
1638451588297628138 1.6166572570800781 -0.00635528564453125 0.0 0.0 0.0 -0.004368680529296398 0.9999904632568359
1638451588498209438 1.6359176635742188 -0.0069122314453125 0.0 0.0 0.0 -0.004002234432846308 0.9999920129776001
1638451588698896728 1.6544303894042969 -0.005588531494140625 0.0 0.0 0.0 -0.0035203942097723484 0.9999938011169434
1638451588899311359 1.6865959167480469 -0.006389617919921875 0.0 0.0 0.0 -0.006404268555343151 0.9999794960021973
1638451589100097817 1.70111083984375 -0.00745391845703125 0.0 0.0 0.0 -0.003492737654596567 0.9999939203262329
1638451589300520573 1.7246627807617188 -0.008544921875 0.0 0.0 0.0 -0.005644442513585091 0.999984085559845
1638451589501140519 1.7442131042480469 -0.005985260009765625 0.0 0.0 0.0 -0.004638805985450745 0.9999892115592957
1638451589701785673 1.7632369995117188 -0.00791168212890625 0.0 0.0 0.0 -0.0036272050347179174 0.9999934434890747
1638451589902419942 1.7804794311523438 -0.004673004150390625 0.0 0.0 0.0 -0.005149254109710455 0.9999867677688599
1638451590103225568 1.7973709106445312 -0.00713348388671875 0.0 0.0 0.0 -0.001120002823881805 0.9999993443489075
1638451590303965412 1.8171768188476562 -0.00533294677734375 0.0 0.0 0.0 -0.002057702047750354 0.9999978542327881
1638451590504380250 1.8415718078613281 -0.005859375 0.0 0.0 0.0 -0.0042289686389267445 0.9999910593032837
1638451590705135302 1.85797119140625 -0.0068359375 0.0 0.0 0.0 -0.0012837962713092566 0.9999991655349731
1638451590905807541 1.8818550109863281 -0.008960723876953125 0.0 0.0 0.0 -0.0012799815740436316 0.9999991655349731
1638451591106559260 1.9038162231445312 -0.00606536865234375 0.0 0.0 0.0 -0.0027760551311075687 0.9999961256980896
1638451591307359833 1.9221572875976562 -0.00543975830078125 0.0 0.0 0.0 -0.001881987671367824 0.9999982118606567
1638451591507922278 1.9386787414550781 -0.00894927978515625 0.0 0.0 0.0 0.00031166200642473996 0.9999999403953552
1638451591708666549 1.9580917358398438 -0.00846099853515625 0.0 0.0 0.0 -0.0015441491268575191 0.9999988079071045
1638451591909323631 1.97412109375 -0.005390167236328125 0.0 0.0 0.0 0.0010392485419288278 0.999999463558197
1638451592110193737 1.9974441528320312 -0.007633209228515625 0.0 0.0 0.0 -0.00041952927131205797 0.9999999403953552
1638451592311116031 2.0115280151367188 -0.00957489013671875 0.0 0.0 0.0 0.0015496278647333384 0.9999988079071045
1638451592512148848 2.0348129272460938 -0.00731658935546875 0.0 0.0 0.0 0.0017540385015308857 0.9999984502792358
1638451592712996766 2.057201385498047 -0.0059967041015625 0.0 0.0 0.0 0.001427835668437183 0.9999989867210388
1638451592913808694 2.07928466796875 -0.008670806884765625 0.0 0.0 0.0 0.00027692329604178667 0.9999999403953552
1638451593114610986 2.099323272705078 -0.01078033447265625 0.0 0.0 0.0 -0.000619562400970608 0.9999998211860657
1638451593315465623 2.11865234375 -0.013477325439453125 0.0 0.0 0.0 0.0010221177944913507 0.999999463558197
1638451593516306771 2.1380386352539062 -0.010166168212890625 0.0 0.0 0.0 0.000983265577815473 0.9999995231628418
1638451593716943852 2.1575698852539062 -0.013916015625 0.0 0.0 0.0 -0.0003501494647935033 0.9999999403953552
1638451593917672289 2.1763687133789062 -0.00960540771484375 0.0 0.0 0.0 0.0024085724726319313 0.999997079372406
1638451594118310360 2.198486328125 -0.00998687744140625 0.0 0.0 0.0 0.0011972802458330989 0.9999992847442627
1638451594319053537 2.218658447265625 -0.01158905029296875 0.0 0.0 0.0 -0.00013104279059916735 1.0
1638451594519690306 2.238372802734375 -0.01141357421875 0.0 0.0 0.0 0.0012019447749480605 0.9999992847442627
1638451594720314419 2.2593154907226562 -0.011844635009765625 0.0 0.0 0.0 -0.0004793723055627197 0.9999998807907104
1638451594920738581 2.2750930786132812 -0.012508392333984375 0.0 0.0 0.0 -0.0008172113448381424 0.9999996423721313
1638451595121424205 2.299175262451172 -0.014068603515625 0.0 0.0 0.0 -0.001772315357811749 0.9999984502792358
1638451595322036703 2.31903076171875 -0.01258087158203125 0.0 0.0 0.0 -0.00191798887681216 0.999998152256012
1638451595523647914 2.3394546508789062 -0.01572418212890625 0.0 0.0 0.0 -0.0022598805371671915 0.9999974370002747
1638451595723298313 2.3593368530273438 -0.01003265380859375 0.0 0.0 0.0 -0.0030283008236438036 0.9999954104423523
1638451595923848675 2.3731307983398438 -0.01349639892578125 0.0 0.0 0.0 -0.003358508925884962 0.9999943375587463
1638451596124325389 2.37152099609375 -0.013248443603515625 0.0 0.0 0.0 -0.002823500195518136 0.9999960064888
1638451596324928043 2.3734664916992188 -0.01490020751953125 0.0 0.0 0.0 -0.0028931181877851486 0.9999958276748657
1638451596525405018 2.376941680908203 -0.009899139404296875 0.0 0.0 0.0 -0.007487616501748562 0.9999719858169556
1638451596726078298 2.3823471069335938 -0.005336761474609375 0.0 0.0 0.0 -0.021036654710769653 0.999778687953949
1638451596926713609 2.380615234375 -0.00431060791015625 0.0 0.0 0.0 -0.04558047652244568 0.9989606738090515
1638451597127170063 2.384441375732422 0.00403594970703125 0.0 0.0 0.0 -0.08036654442548752 0.9967653751373291
1638451597327778186 2.3848495483398438 0.010974884033203125 0.0 0.0 0.0 -0.1168871745467186 0.993145227432251
1638451597528648500 2.3869705200195312 0.016246795654296875 0.0 0.0 0.0 -0.15496203303337097 0.9879204034805298
1638451597729467199 2.3909912109375 0.022747039794921875 0.0 0.0 0.0 -0.2008332461118698 0.9796254634857178
1638451597930351420 2.3931198120117188 0.028839111328125 0.0 0.0 0.0 -0.24681660532951355 0.9690622091293335
1638451598131221890 2.394866943359375 0.033031463623046875 0.0 0.0 0.0 -0.2932242155075073 0.9560437202453613
1638451598332023974 2.40203857421875 0.03885650634765625 0.0 0.0 0.0 -0.3411819338798523 0.9399972558021545
1638451598532748349 2.407257080078125 0.040313720703125 0.0 0.0 0.0 -0.38591888546943665 0.9225327372550964
1638451598733332461 2.410175323486328 0.045207977294921875 0.0 0.0 0.0 -0.42926710844039917 0.9031776189804077
1638451598933992303 2.4101028442382812 0.05097198486328125 0.0 0.0 0.0 -0.4721387028694153 0.8815242648124695
1638451599134614385 2.4158401489257812 0.053752899169921875 0.0 0.0 0.0 -0.5127612352371216 0.8585312366485596
1638451599335194955 2.4195938110351562 0.057037353515625 0.0 0.0 0.0 -0.5557039976119995 0.8313802480697632
1638451599535560314 2.427051544189453 0.05661773681640625 0.0 0.0 0.0 -0.5976629257202148 0.8017474412918091
1638451599736034997 2.429340362548828 0.0601806640625 0.0 0.0 0.0 -0.6349577903747559 0.7725468277931213
1638451599937433861 2.43548583984375 0.061237335205078125 0.0 0.0 0.0 -0.6705716252326965 0.7418447732925415
1638451600136991290 2.440448760986328 0.06378936767578125 0.0 0.0 0.0 -0.7070508003234863 0.7071627378463745
1638451600337664362 2.4450302124023438 0.06456756591796875 0.0 0.0 0.0 -0.7102009654045105 0.7039989829063416
1638451600538284048 2.442577362060547 0.06534957885742188 0.0 0.0 0.0 -0.7101877331733704 0.7040123343467712
1638451600738671282 2.4419631958007812 0.06240081787109375 0.0 0.0 0.0 -0.7120500206947327 0.7021287083625793
1638451600939313884 2.441986083984375 0.059234619140625 0.0 0.0 0.0 -0.7103546857833862 0.7038438320159912
1638451601139836224 2.439178466796875 0.052783966064453125 0.0 0.0 0.0 -0.710806131362915 0.703387975692749
1638451601340628829 2.4421615600585938 0.04559326171875 0.0 0.0 0.0 -0.7109719514846802 0.7032203078269958
1638451601541360391 2.4430923461914062 0.03743743896484375 0.0 0.0 0.0 -0.7115379571914673 0.7026476860046387
1638451601741987785 2.442798614501953 0.02789306640625 0.0 0.0 0.0 -0.7106691002845764 0.7035263776779175
1638451601942906590 2.4412918090820312 0.014556884765625 0.0 0.0 0.0 -0.7102565169334412 0.7039429545402527
1638451602146344339 2.4402694702148438 0.001598358154296875 0.0 0.0 0.0 -0.7111573815345764 0.7030328512191772
1638451602544670228 2.442150115966797 -0.0212249755859375 0.0 0.0 0.0 -0.7100984454154968 0.7041024565696716
1638451602745155016 2.443225860595703 -0.03433990478515625 0.0 0.0 0.0 -0.7132320404052734 0.7009279727935791
1638451602945876578 2.4405441284179688 -0.045261383056640625 0.0 0.0 0.0 -0.7111619114875793 0.7030282616615295
1638451603146331000 2.4426345825195312 -0.058933258056640625 0.0 0.0 0.0 -0.7141490578651428 0.6999936699867249
1638451603346847351 2.4435195922851562 -0.06912612915039062 0.0 0.0 0.0 -0.7117180228233337 0.702465295791626
1638451603547630216 2.4404830932617188 -0.07779693603515625 0.0 0.0 0.0 -0.7093877792358398 0.7048183679580688
1638451603748098701 2.440876007080078 -0.09328079223632812 0.0 0.0 0.0 -0.7120044827461243 0.7021749019622803
1638451603948786929 2.4394607543945312 -0.10436248779296875 0.0 0.0 0.0 -0.7104324102401733 0.7037654519081116
1638451604149249529 2.43994140625 -0.11632919311523438 0.0 0.0 0.0 -0.712885856628418 0.7012800574302673
1638451604349799057 2.438507080078125 -0.12542343139648438 0.0 0.0 0.0 -0.7122438549995422 0.7019321322441101
1638451604550451608 2.4397048950195312 -0.13851165771484375 0.0 0.0 0.0 -0.7113749384880066 0.7028127312660217
1638451604751042595 2.439289093017578 -0.1571502685546875 0.0 0.0 0.0 -0.7119665145874023 0.7022134065628052
1638451604951675666 2.4381484985351562 -0.16925811767578125 0.0 0.0 0.0 -0.7114489674568176 0.7027377486228943
1638451605152042900 2.438213348388672 -0.183197021484375 0.0 0.0 0.0 -0.71353679895401 0.7006177306175232
1638451605352824567 2.438140869140625 -0.20008468627929688 0.0 0.0 0.0 -0.71246337890625 0.7017092704772949
1638451605553519410 2.439849853515625 -0.21414566040039062 0.0 0.0 0.0 -0.7120131850242615 0.7021660804748535
1638451605754280191 2.440349578857422 -0.23035430908203125 0.0 0.0 0.0 -0.7124747633934021 0.7016977071762085
1638451605955041545 2.439544677734375 -0.24785232543945312 0.0 0.0 0.0 -0.7106001973152161 0.7035960555076599
1638451606155764774 2.438396453857422 -0.26660919189453125 0.0 0.0 0.0 -0.7119147777557373 0.7022658586502075
1638451606356281333 2.4369888305664062 -0.2874641418457031 0.0 0.0 0.0 -0.7124444842338562 0.7017284631729126
1638451606557048625 2.4375991821289062 -0.30274200439453125 0.0 0.0 0.0 -0.7118930220603943 0.7022879719734192
1638451606757539090 2.4379959106445312 -0.32151031494140625 0.0 0.0 0.0 -0.713183581829071 0.7009773254394531
1638451606958219661 2.4339828491210938 -0.34197235107421875 0.0 0.0 0.0 -0.7112345099449158 0.7029548287391663
1638451607158944713 2.4393081665039062 -0.3609886169433594 0.0 0.0 0.0 -0.7124525308609009 0.7017202973365784
1638451607359453980 2.434612274169922 -0.3776435852050781 0.0 0.0 0.0 -0.7131598591804504 0.7010014653205872
1638451607562769853 2.4345932006835938 -0.3934822082519531 0.0 0.0 0.0 -0.7122426629066467 0.7019332647323608
1638451607961311682 2.4363479614257812 -0.42868804931640625 0.0 0.0 0.0 -0.7109612226486206 0.703231155872345
1638451608162217049 2.4367904663085938 -0.4496917724609375 0.0 0.0 0.0 -0.7102760076522827 0.7039232850074768
1638451608362978508 2.437774658203125 -0.46273040771484375 0.0 0.0 0.0 -0.7112038135528564 0.7029858827590942
1638451608563893614 2.437152862548828 -0.4841766357421875 0.0 0.0 0.0 -0.7090175151824951 0.705190896987915
1638451608764495175 2.4343185424804688 -0.5031242370605469 0.0 0.0 0.0 -0.7124210596084595 0.701752245426178
1638451608965168871 2.4363937377929688 -0.5205001831054688 0.0 0.0 0.0 -0.7116483449935913 0.70253586769104
1638451609165887673 2.434619903564453 -0.5379829406738281 0.0 0.0 0.0 -0.7110552787780762 0.7031360864639282
1638451609366588662 2.433258056640625 -0.5605926513671875 0.0 0.0 0.0 -0.7106875777244568 0.7035077810287476
1638451609567335432 2.431774139404297 -0.5768051147460938 0.0 0.0 0.0 -0.7101113200187683 0.7040894031524658
1638451609767805688 2.4337539672851562 -0.5919303894042969 0.0 0.0 0.0 -0.711540937423706 0.7026446461677551
1638451609968541365 2.4347000122070312 -0.6074256896972656 0.0 0.0 0.0 -0.7120570540428162 0.7021216154098511
1638451610169246260 2.4326248168945312 -0.6279258728027344 0.0 0.0 0.0 -0.7096700668334961 0.7045341730117798
1638451610369969906 2.43206787109375 -0.6408538818359375 0.0 0.0 0.0 -0.7087918519973755 0.7054176926612854
1638451610570840220 2.434978485107422 -0.6585655212402344 0.0 0.0 0.0 -0.7089670896530151 0.7052415609359741
1638451610771651471 2.4285659790039062 -0.6763801574707031 0.0 0.0 0.0 -0.7076231837272644 0.7065899968147278
1638451610972547932 2.4289474487304688 -0.6938438415527344 0.0 0.0 0.0 -0.7075084447860718 0.7067049145698547
1638451611173375901 2.431804656982422 -0.7105865478515625 0.0 0.0 0.0 -0.7083397507667542 0.7058716416358948
1638451611374048713 2.431163787841797 -0.7313804626464844 0.0 0.0 0.0 -0.7103721499443054 0.7038262486457825
1638451611574654700 2.4301528930664062 -0.7485237121582031 0.0 0.0 0.0 -0.7110058665275574 0.7031860947608948
1638451611775527671 2.429546356201172 -0.765380859375 0.0 0.0 0.0 -0.7074361443519592 0.7067772746086121
1638451611976249441 2.426525115966797 -0.7850570678710938 0.0 0.0 0.0 -0.7086601257324219 0.7055500149726868
1638451612177017879 2.4275436401367188 -0.8031158447265625 0.0 0.0 0.0 -0.7083927989006042 0.7058184146881104
1638451612377741576 2.427845001220703 -0.8161964416503906 0.0 0.0 0.0 -0.7090803980827332 0.7051276564598083
1638451612578441315 2.426525115966797 -0.8347091674804688 0.0 0.0 0.0 -0.7080711126327515 0.7061411142349243
1638451612779210690 2.4277877807617188 -0.8516311645507812 0.0 0.0 0.0 -0.7075734734535217 0.7066397666931152
1638451612979830115 2.427093505859375 -0.8693046569824219 0.0 0.0 0.0 -0.7084060907363892 0.7058050632476807
1638451613180549959 2.42486572265625 -0.8900184631347656 0.0 0.0 0.0 -0.7073736190795898 0.7068398594856262
1638451613381279229 2.427021026611328 -0.911865234375 0.0 0.0 0.0 -0.7087398767471313 0.7054699063301086
1638451613581996364 2.425884246826172 -0.9257087707519531 0.0 0.0 0.0 -0.7082027792930603 0.7060090899467468
1638451613782624643 2.4261474609375 -0.9454116821289062 0.0 0.0 0.0 -0.7095731496810913 0.7046318054199219
1638451613983150786 2.426044464111328 -0.9623374938964844 0.0 0.0 0.0 -0.709631085395813 0.7045734524726868
1638451614183922713 2.422718048095703 -0.9822921752929688 0.0 0.0 0.0 -0.7091224193572998 0.7050853967666626
1638451614384571930 2.4240493774414062 -0.996246337890625 0.0 0.0 0.0 -0.7092284560203552 0.7049787044525146
1638451614585115625 2.425853729248047 -1.0134811401367188 0.0 0.0 0.0 -0.7101840376853943 0.7040160894393921
1638451614785817499 2.425098419189453 -1.0316848754882812 0.0 0.0 0.0 -0.708285391330719 0.7059261798858643
1638451614986476717 2.427387237548828 -1.050323486328125 0.0 0.0 0.0 -0.7089702486991882 0.705238401889801
1638451615187107600 2.4264602661132812 -1.0678482055664062 0.0 0.0 0.0 -0.7093241214752197 0.7048825025558472
1638451615387718692 2.422161102294922 -1.0866317749023438 0.0 0.0 0.0 -0.7079640626907349 0.7062484622001648
1638451615588294470 2.423961639404297 -1.09893798828125 0.0 0.0 0.0 -0.7080281972885132 0.7061841487884521
1638451615788931500 2.423412322998047 -1.1158676147460938 0.0 0.0 0.0 -0.7072605490684509 0.7069529891014099
1638451615989434985 2.421905517578125 -1.1333808898925781 0.0 0.0 0.0 -0.7080844044685364 0.7061277627944946
1638451616190040556 2.421905517578125 -1.1506004333496094 0.0 0.0 0.0 -0.7074398398399353 0.706773579120636
1638451616390670398 2.421886444091797 -1.1645698547363281 0.0 0.0 0.0 -0.7070074677467346 0.7072060704231262
1638451616591245395 2.424213409423828 -1.1880264282226562 0.0 0.0 0.0 -0.7067083120346069 0.7075050473213196
1638451616791923259 2.4235458374023438 -1.2010726928710938 0.0 0.0 0.0 -0.7071971297264099 0.7070164084434509
1638451616992570913 2.420440673828125 -1.2188186645507812 0.0 0.0 0.0 -0.7071047425270081 0.7071087956428528
1638451617193162838 2.4240646362304688 -1.2390060424804688 0.0 0.0 0.0 -0.708146870136261 0.7060651183128357
1638451617393947474 2.4225845336914062 -1.2569007873535156 0.0 0.0 0.0 -0.7073829174041748 0.7068305611610413
1638451617594467627 2.4223709106445312 -1.2729377746582031 0.0 0.0 0.0 -0.7081359624862671 0.7060760855674744
1638451617795067051 2.4231643676757812 -1.29107666015625 0.0 0.0 0.0 -0.7082228064537048 0.7059890031814575
1638451617995586996 2.4248886108398438 -1.3103866577148438 0.0 0.0 0.0 -0.707389771938324 0.7068236470222473
1638451618196342933 2.424285888671875 -1.3275833129882812 0.0 0.0 0.0 -0.7071248292922974 0.7070887088775635
1638451618396937202 2.420654296875 -1.3449172973632812 0.0 0.0 0.0 -0.7074841856956482 0.7067291736602783
1638451618597690535 2.420989990234375 -1.3673667907714844 0.0 0.0 0.0 -0.7092521786689758 0.7049548625946045
1638451618798304960 2.421520233154297 -1.3777885437011719 0.0 0.0 0.0 -0.7088888883590698 0.7053201794624329
1638451618998858134 2.419635772705078 -1.4046134948730469 0.0 0.0 0.0 -0.710385262966156 0.7038130164146423
1638451619199510737 2.4226455688476562 -1.42022705078125 0.0 0.0 0.0 -0.7095438838005066 0.7046612501144409
1638451619400250268 2.4231948852539062 -1.4387893676757812 0.0 0.0 0.0 -0.7089670896530151 0.7052415609359741
1638451619600903079 2.4198837280273438 -1.4576911926269531 0.0 0.0 0.0 -0.709831953048706 0.7043710350990295
1638451619801593755 2.41815185546875 -1.47161865234375 0.0 0.0 0.0 -0.7092579007148743 0.7049490809440613
1638451620002165210 2.4207229614257812 -1.4853744506835938 0.0 0.0 0.0 -0.7095584869384766 0.7046465277671814
1638451620202675728 2.420063018798828 -1.5071258544921875 0.0 0.0 0.0 -0.710675835609436 0.7035196423530579
1638451620403251662 2.4194412231445312 -1.5268783569335938 0.0 0.0 0.0 -0.7086371183395386 0.7055731415748596
1638451620603657855 2.4175186157226562 -1.5465507507324219 0.0 0.0 0.0 -0.7113209366798401 0.702867329120636
1638451620804236602 2.4186477661132812 -1.5608139038085938 0.0 0.0 0.0 -0.7117102742195129 0.7024731040000916
1638451621005136292 2.4165267944335938 -1.5755691528320312 0.0 0.0 0.0 -0.7082480788230896 0.705963671207428
1638451621205794572 2.4183120727539062 -1.5898628234863281 0.0 0.0 0.0 -0.7096248865127563 0.7045797109603882
1638451621406389465 2.4184188842773438 -1.6022605895996094 0.0 0.0 0.0 -0.709160566329956 0.7050470113754272
1638451621606892587 2.4154739379882812 -1.6255989074707031 0.0 0.0 0.0 -0.7097496390342712 0.7044540047645569
1638451621807654514 2.4215316772460938 -1.6365318298339844 0.0 0.0 0.0 -0.7083081603050232 0.7059033513069153
1638451622008543162 2.420001983642578 -1.6667404174804688 0.0 0.0 0.0 -0.7086963057518005 0.7055136561393738
1638451622209117221 2.419757843017578 -1.6804580688476562 0.0 0.0 0.0 -0.7091136574745178 0.7050941586494446
1638451622409724407 2.4179000854492188 -1.6970138549804688 0.0 0.0 0.0 -0.7086993455886841 0.7055106163024902
1638451622610379770 2.41680908203125 -1.71368408203125 0.0 0.0 0.0 -0.708000898361206 0.706211507320404
1638451622810750754 2.416168212890625 -1.7311325073242188 0.0 0.0 0.0 -0.7095635533332825 0.7046414613723755
1638451623011540806 2.417743682861328 -1.754364013671875 0.0 0.0 0.0 -0.7073324918746948 0.7068809866905212
1638451623211944082 2.4158401489257812 -1.7719917297363281 0.0 0.0 0.0 -0.7103646397590637 0.7038338780403137
1638451623412483662 2.415557861328125 -1.7952919006347656 0.0 0.0 0.0 -0.7108336687088013 0.7033601403236389
1638451623613002982 2.41607666015625 -1.8121871948242188 0.0 0.0 0.0 -0.7091783881187439 0.7050290703773499
1638451623813642719 2.414287567138672 -1.8368072509765625 0.0 0.0 0.0 -0.7119218111038208 0.7022587656974792
1638451624016945675 2.41571044921875 -1.8503608703613281 0.0 0.0 0.0 -0.7107571959495544 0.7034374475479126
1638451624415158593 2.415130615234375 -1.8969039916992188 0.0 0.0 0.0 -0.710132360458374 0.7040682435035706
1638451624615980522 2.4138259887695312 -1.9180145263671875 0.0 0.0 0.0 -0.7094672918319702 0.7047383785247803
1638451624816733751 2.414337158203125 -1.9283981323242188 0.0 0.0 0.0 -0.7101348638534546 0.7040656805038452
1638451625017483647 2.413970947265625 -1.9583969116210938 0.0 0.0 0.0 -0.7107570171356201 0.7034376263618469
1638451625218267553 2.4119186401367188 -1.9798316955566406 0.0 0.0 0.0 -0.7092626094818115 0.704944372177124
1638451625419071460 2.412952423095703 -1.9956588745117188 0.0 0.0 0.0 -0.7095035910606384 0.704701840877533
1638451625619886618 2.4170455932617188 -2.0248947143554688 0.0 0.0 0.0 -0.7099231481552124 0.7042791843414307
1638451625820602190 2.411468505859375 -2.051158905029297 0.0 0.0 0.0 -0.7120217680931091 0.7021574378013611
1638451626021313543 2.409942626953125 -2.0757064819335938 0.0 0.0 0.0 -0.7096490263938904 0.704555332660675
1638451626222131461 2.412364959716797 -2.0945053100585938 0.0 0.0 0.0 -0.7070022821426392 0.7072112560272217
1638451626422719011 2.4108200073242188 -2.1041030883789062 0.0 0.0 0.0 -0.7082059979438782 0.706005871295929
1638451626623174423 2.410369873046875 -2.14825439453125 0.0 0.0 0.0 -0.7101803421974182 0.7040197849273682
1638451626823866297 2.4101181030273438 -2.1786041259765625 0.0 0.0 0.0 -0.7109575867652893 0.7032349109649658
1638451627024644526 2.410717010498047 -2.2040481567382812 0.0 0.0 0.0 -0.7104409337043762 0.7037568092346191
1638451627225140564 2.4100723266601562 -2.2233543395996094 0.0 0.0 0.0 -0.7115089297294617 0.7026770114898682
1638451627425872022 2.40924072265625 -2.2487716674804688 0.0 0.0 0.0 -0.7113243341445923 0.7028639316558838
1638451627626604261 2.4062576293945312 -2.2740249633789062 0.0 0.0 0.0 -0.7096199989318848 0.7045845985412598
1638451627827288740 2.4070510864257812 -2.3076629638671875 0.0 0.0 0.0 -0.7118061184883118 0.7023760080337524
1638451628028035667 2.409740447998047 -2.3305702209472656 0.0 0.0 0.0 -0.7106484770774841 0.7035472393035889
1638451628228711395 2.4088363647460938 -2.3608322143554688 0.0 0.0 0.0 -0.7100571393966675 0.7041440606117249
1638451628429463061 2.4086837768554688 -2.3851966857910156 0.0 0.0 0.0 -0.7116047739982605 0.7025799751281738
1638451628630128112 2.4046630859375 -2.408519744873047 0.0 0.0 0.0 -0.713568389415741 0.7005856037139893
1638451628830917227 2.409587860107422 -2.435504913330078 0.0 0.0 0.0 -0.7094632387161255 0.704742431640625
1638451629031797802 2.406566619873047 -2.4606170654296875 0.0 0.0 0.0 -0.7108973860740662 0.7032957673072815
1638451629232530927 2.4054489135742188 -2.4942970275878906 0.0 0.0 0.0 -0.7145248055458069 0.6996101140975952
1638451629433308063 2.405475616455078 -2.5171356201171875 0.0 0.0 0.0 -0.7104800343513489 0.7037173509597778
1638451629634182335 2.406566619873047 -2.5394363403320312 0.0 0.0 0.0 -0.7108267545700073 0.7033671140670776
1638451629834917647 2.405384063720703 -2.574146270751953 0.0 0.0 0.0 -0.7107611894607544 0.7034333944320679
1638451630035648428 2.4045791625976562 -2.5995864868164062 0.0 0.0 0.0 -0.7106558680534363 0.7035397887229919
1638451630236508430 2.402507781982422 -2.6335678100585938 0.0 0.0 0.0 -0.7099599242210388 0.7042421102523804
1638451630437159991 2.400615692138672 -2.6536636352539062 0.0 0.0 0.0 -0.7134737968444824 0.7006818652153015
1638451630637766343 2.3993301391601562 -2.6841659545898438 0.0 0.0 0.0 -0.7131727337837219 0.7009883522987366
1638451630838436915 2.4042129516601562 -2.7124176025390625 0.0 0.0 0.0 -0.7118080854415894 0.7023739814758301
1638451631038859357 2.397235870361328 -2.734058380126953 0.0 0.0 0.0 -0.7110438942909241 0.7031475901603699
1638451631240012228 2.399261474609375 -2.764659881591797 0.0 0.0 0.0 -0.7098603248596191 0.7043424844741821
1638451631440221439 2.4008102416992188 -2.797901153564453 0.0 0.0 0.0 -0.7124819755554199 0.7016904354095459
1638451631640836020 2.3989639282226562 -2.8205947875976562 0.0 0.0 0.0 -0.7126912474632263 0.7014778852462769
1638451631841305547 2.400249481201172 -2.8538856506347656 0.0 0.0 0.0 -0.7127482295036316 0.7014199495315552
1638451632041825439 2.397785186767578 -2.8803749084472656 0.0 0.0 0.0 -0.7145196199417114 0.6996154189109802
1638451632242338300 2.397075653076172 -2.9057350158691406 0.0 0.0 0.0 -0.713763952255249 0.7003863453865051
1638451632442909495 2.397480010986328 -2.932159423828125 0.0 0.0 0.0 -0.712023913860321 0.7021552324295044
1638451632643750434 2.3929519653320312 -2.9610519409179688 0.0 0.0 0.0 -0.7125757932662964 0.70159512758255
1638451632844370067 2.3939208984375 -2.9940567016601562 0.0 0.0 0.0 -0.7129373550415039 0.7012277245521545
1638451633045228923 2.394512176513672 -3.0068397521972656 0.0 0.0 0.0 -0.7129776477813721 0.7011867761611938
1638451633245877463 2.395732879638672 -3.0101165771484375 0.0 0.0 0.0 -0.7135701775550842 0.7005837559700012
1638451633446593244 2.3913497924804688 -3.0084495544433594 0.0 0.0 0.0 -0.714259684085846 0.6998807787895203
1638451633647324858 2.3963241577148438 -3.0093002319335938 0.0 0.0 0.0 -0.7188402414321899 0.6951753497123718
1638451633848043243 2.400279998779297 -3.019420623779297 0.0 0.0 0.0 -0.7272399067878723 0.6863833665847778
1638451634049567734 2.401988983154297 -3.016864776611328 0.0 0.0 0.0 -0.7429003715515137 0.669402003288269
1638451634249725850 2.405689239501953 -3.012592315673828 0.0 0.0 0.0 -0.7648778557777405 0.6441753506660461
1638451634450328191 2.416973114013672 -3.0196609497070312 0.0 0.0 0.0 -0.7900641560554504 0.6130241751670837
1638451634651004024 2.424652099609375 -3.021587371826172 0.0 0.0 0.0 -0.8186613321304321 0.5742765665054321
1638451634851817983 2.4334640502929688 -3.024200439453125 0.0 0.0 0.0 -0.8458685874938965 0.5333913564682007
1638451635052563191 2.4414443969726562 -3.0226516723632812 0.0 0.0 0.0 -0.8775292038917542 0.4795232117176056
1638451635253154387 2.4475784301757812 -3.0236778259277344 0.0 0.0 0.0 -0.9083881974220276 0.41812780499458313
1638451635453834698 2.4511642456054688 -3.0349082946777344 0.0 0.0 0.0 -0.9344301819801331 0.35614636540412903
1638451635654422143 2.4588394165039062 -3.0365066528320312 0.0 0.0 0.0 -0.9561131596565247 0.29299768805503845
1638451635855159487 2.457775115966797 -3.0357437133789062 0.0 0.0 0.0 -0.9738187193870544 0.22732606530189514
1638451636055773183 2.4630203247070312 -3.050579071044922 0.0 0.0 0.0 -0.9868507385253906 0.16163435578346252
1638451636256425994 2.462799072265625 -3.0531387329101562 0.0 0.0 0.0 -0.9954512119293213 0.095272496342659
1638451636456694163 2.4650955200195312 -3.0615577697753906 0.0 0.0 0.0 -0.99960857629776 0.02797698974609375
1638451636657169836 2.465625762939453 -3.0616531372070312 0.0 0.0 0.0 -0.9999796152114868 0.006388815585523844
1638451636857656447 2.4611129760742188 -3.0537376403808594 0.0 0.0 0.0 -0.9999867081642151 0.00516121881082654
1638451637058017014 2.464824676513672 -3.0623512268066406 0.0 0.0 0.0 -0.9999905228614807 0.004355254117399454
1638451637261352574 2.4589462280273438 -3.0657310485839844 0.0 0.0 0.0 -0.9998690485954285 0.016182387247681618
1638451637659596430 2.4631118774414062 -3.059490203857422 0.0 0.0 0.0 -0.999768078327179 0.021535953506827354
1638451637860269971 2.4617996215820312 -3.0616073608398438 0.0 0.0 0.0 -0.9997034668922424 0.024351410567760468
1638451638060801530 2.456798553466797 -3.0613021850585938 0.0 0.0 0.0 -0.9998106360435486 0.019458690658211708
1638451638261307516 2.45654296875 -3.054126739501953 0.0 0.0 0.0 -0.9997345209121704 0.02304155007004738
1638451638462073714 2.457366943359375 -3.0548171997070312 0.0 0.0 0.0 -0.9996605515480042 0.026053059846162796
1638451638662717306 2.443584442138672 -3.0569229125976562 0.0 0.0 0.0 -0.9997807741165161 0.02093813382089138
1638451638863270949 2.433582305908203 -3.059803009033203 0.0 0.0 0.0 -0.9997239112854004 0.023495852947235107
1638451639063805424 2.42559814453125 -3.0563125610351562 0.0 0.0 0.0 -0.999694287776947 0.024725258350372314
1638451639264296670 2.4142684936523438 -3.0567359924316406 0.0 0.0 0.0 -0.9997316598892212 0.023165732622146606
1638451639465065837 2.395061492919922 -3.061267852783203 0.0 0.0 0.0 -0.9997668862342834 0.02159077674150467
1638451639665611980 2.386707305908203 -3.0656051635742188 0.0 0.0 0.0 -0.9997787475585938 0.021033599972724915
1638451639866397658 2.373119354248047 -3.0650558471679688 0.0 0.0 0.0 -0.9997187852859497 0.023714540526270866
1638451640072217735 2.354564666748047 -3.063232421875 0.0 0.0 0.0 -0.9997708797454834 0.021404733881354332
1638451640267834323 2.3426132202148438 -3.069202423095703 0.0 0.0 0.0 -0.9997218251228333 0.02358606830239296
1638451640468571146 2.327136993408203 -3.0621604919433594 0.0 0.0 0.0 -0.9997501373291016 0.02235412783920765
1638451640669049683 2.3083572387695312 -3.0668182373046875 0.0 0.0 0.0 -0.9996809959411621 0.025256289169192314
1638451640869627754 2.2906494140625 -3.0670509338378906 0.0 0.0 0.0 -0.999674379825592 0.025517867878079414
1638451641070310513 2.269786834716797 -3.0685806274414062 0.0 0.0 0.0 -0.9996127486228943 0.02782648801803589
1638451641271006502 2.24395751953125 -3.0648956298828125 0.0 0.0 0.0 -0.9997925758361816 0.020367838442325592
1638451641471670719 2.2286605834960938 -3.0624122619628906 0.0 0.0 0.0 -0.9997308850288391 0.02319910190999508
1638451641672473897 2.206951141357422 -3.0746231079101562 0.0 0.0 0.0 -0.9996868968009949 0.025022592395544052
1638451641873369108 2.180675506591797 -3.0685501098632812 0.0 0.0 0.0 -0.9997165203094482 0.02380821295082569
1638451642074080826 2.159332275390625 -3.0760765075683594 0.0 0.0 0.0 -0.9997039437294006 0.024330435320734978
1638451642274981193 2.1359786987304688 -3.0678138732910156 0.0 0.0 0.0 -0.999757707118988 0.02201148495078087
1638451642475809579 2.110706329345703 -3.073333740234375 0.0 0.0 0.0 -0.9997853636741638 0.020717406645417213
1638451642676484161 2.0894775390625 -3.075164794921875 0.0 0.0 0.0 -0.9996940493583679 0.02473359927535057
1638451642877191608 2.0613937377929688 -3.075817108154297 0.0 0.0 0.0 -0.9997463822364807 0.022520381957292557
1638451643077957702 2.0342788696289062 -3.0757293701171875 0.0 0.0 0.0 -0.9998064041137695 0.01967608742415905
1638451643278727755 2.015789031982422 -3.0749588012695312 0.0 0.0 0.0 -0.9997285604476929 0.023297661915421486
1638451643479439265 1.9902458190917969 -3.0730743408203125 0.0 0.0 0.0 -0.9996962547302246 0.024644935503602028
1638451643680009783 1.9640426635742188 -3.0846900939941406 0.0 0.0 0.0 -0.9997541904449463 0.022170471027493477
1638451643880592853 1.9433364868164062 -3.0822601318359375 0.0 0.0 0.0 -0.9997524619102478 0.022248296067118645
1638451644081271862 1.9175643920898438 -3.0827407836914062 0.0 0.0 0.0 -0.9996940493583679 0.024734314531087875
1638451644281900142 1.8929367065429688 -3.079357147216797 0.0 0.0 0.0 -0.999678909778595 0.025339946150779724
1638451644482523994 1.8728446960449219 -3.0875205993652344 0.0 0.0 0.0 -0.9996650218963623 0.025881456211209297
1638451644683440246 1.8472976684570312 -3.093608856201172 0.0 0.0 0.0 -0.9995686411857605 0.029369497671723366
1638451644884104255 1.8251152038574219 -3.0898704528808594 0.0 0.0 0.0 -0.9996974468231201 0.024597028270363808
1638451645084678732 1.7970809936523438 -3.093170166015625 0.0 0.0 0.0 -0.9997002482414246 0.024483216926455498
1638451645285292115 1.7723884582519531 -3.084003448486328 0.0 0.0 0.0 -0.9997527003288269 0.022237449884414673
1638451645485841852 1.752349853515625 -3.090484619140625 0.0 0.0 0.0 -0.9996820092201233 0.02521672286093235
1638451645686602373 1.7274284362792969 -3.086406707763672 0.0 0.0 0.0 -0.9996414184570312 0.026778314262628555
1638451645887209818 1.7015914916992188 -3.0903701782226562 0.0 0.0 0.0 -0.9996857047080994 0.02506883069872856
1638451646087877213 1.6719856262207031 -3.0898170471191406 0.0 0.0 0.0 -0.9996665716171265 0.0258221086114645
1638451646288366948 1.649658203125 -3.0898971557617188 0.0 0.0 0.0 -0.9997434020042419 0.02265135943889618
1638451646489162105 1.623992919921875 -3.0911026000976562 0.0 0.0 0.0 -0.9997545480728149 0.022154977545142174
1638451646689874969 1.6019783020019531 -3.088573455810547 0.0 0.0 0.0 -0.9997623562812805 0.021800773218274117
1638451646890623407 1.577239990234375 -3.101764678955078 0.0 0.0 0.0 -0.9997662901878357 0.021619021892547607
1638451647091351115 1.5544357299804688 -3.0937538146972656 0.0 0.0 0.0 -0.999724268913269 0.02348262444138527
1638451647292190283 1.5294113159179688 -3.0892601013183594 0.0 0.0 0.0 -0.9997538328170776 0.022188110277056694
1638451647492921324 1.5049552917480469 -3.098236083984375 0.0 0.0 0.0 -0.9997883439064026 0.020572597160935402
1638451647693706793 1.4813117980957031 -3.0936126708984375 0.0 0.0 0.0 -0.9997362494468689 0.02296515740454197
1638451647894392521 1.4547309875488281 -3.092815399169922 0.0 0.0 0.0 -0.99973464012146 0.023036304861307144
1638451648095014603 1.4350967407226562 -3.098186492919922 0.0 0.0 0.0 -0.9997101426124573 0.024075523018836975
1638451648295851219 1.4118118286132812 -3.098377227783203 0.0 0.0 0.0 -0.9997292160987854 0.023270847275853157
1638451648496416945 1.3928718566894531 -3.1059951782226562 0.0 0.0 0.0 -0.9997403621673584 0.022785674780607224
1638451648697141059 1.366851806640625 -3.109355926513672 0.0 0.0 0.0 -0.9997569918632507 0.022044498473405838
1638451648897480011 1.3439826965332031 -3.111186981201172 0.0 0.0 0.0 -0.9997953176498413 0.020232325419783592
1638451649098063081 1.3233146667480469 -3.1072463989257812 0.0 0.0 0.0 -0.9997636079788208 0.021743210032582283
1638451649298711621 1.2968368530273438 -3.1047439575195312 0.0 0.0 0.0 -0.9997120499610901 0.023995675146579742
1638451649499475892 1.2780952453613281 -3.1093597412109375 0.0 0.0 0.0 -0.999703049659729 0.024368690326809883
1638451649700196152 1.2446670532226562 -3.1120033264160156 0.0 0.0 0.0 -0.9997331500053406 0.023099707439541817
1638451649900872297 1.2249679565429688 -3.1081390380859375 0.0 0.0 0.0 -0.9997859001159668 0.020691782236099243
1638451650101602974 1.1942520141601562 -3.111419677734375 0.0 0.0 0.0 -0.999776303768158 0.02115016058087349
1638451650302324275 1.1790847778320312 -3.1189727783203125 0.0 0.0 0.0 -0.9997075796127319 0.02418277971446514
1638451650503085994 1.1483230590820312 -3.1090621948242188 0.0 0.0 0.0 -0.9997574687004089 0.0220235213637352
1638451650703595939 1.1222114562988281 -3.1058006286621094 0.0 0.0 0.0 -0.9996938705444336 0.024742895737290382
1638451650904134529 1.0920181274414062 -3.1213302612304688 0.0 0.0 0.0 -0.9998469352722168 0.017494933679699898
1638451651104575253 1.0761489868164062 -3.113983154296875 0.0 0.0 0.0 -0.9997557401657104 0.022102419286966324
1638451651305400046 1.0505256652832031 -3.1197433471679688 0.0 0.0 0.0 -0.999660313129425 0.026061639189720154
1638451651505910199 1.0234375 -3.115192413330078 0.0 0.0 0.0 -0.9997660517692566 0.021629272028803825
1638451651712362578 1.001312255859375 -3.1207618713378906 0.0 0.0 0.0 -0.9997898936271667 0.020497750490903854
1638451651907080142 0.9740524291992188 -3.1215438842773438 0.0 0.0 0.0 -0.9997787475585938 0.02103562466800213
1638451652111332018 0.9534111022949219 -3.1244735717773438 0.0 0.0 0.0 -0.9997542500495911 0.022168327122926712
1638451652308390243 0.9259147644042969 -3.1225662231445312 0.0 0.0 0.0 -0.9997590780258179 0.021949034184217453
1638451652509069304 0.8997802734375 -3.1269302368164062 0.0 0.0 0.0 -0.9997649192810059 0.021682187914848328
1638451652709655968 0.88134765625 -3.1240692138671875 0.0 0.0 0.0 -0.9997418522834778 0.02272072248160839
1638451652910278675 0.8609085083007812 -3.1271820068359375 0.0 0.0 0.0 -0.9997022747993469 0.02439943701028824
1638451653111064508 0.8394851684570312 -3.131805419921875 0.0 0.0 0.0 -0.9997571706771851 0.022035321220755577
1638451653311755966 0.802337646484375 -3.12451171875 0.0 0.0 0.0 -0.9997902512550354 0.020481184124946594
1638451653512353516 0.7795333862304688 -3.122772216796875 0.0 0.0 0.0 -0.9997833371162415 0.02081453986465931
1638451653713108932 0.7590446472167969 -3.1337509155273438 0.0 0.0 0.0 -0.999801754951477 0.019910167902708054
1638451653913723305 0.73455810546875 -3.13580322265625 0.0 0.0 0.0 -0.999823272228241 0.01879851147532463
1638451654114327053 0.7092666625976562 -3.1298561096191406 0.0 0.0 0.0 -0.9998248219490051 0.01871674880385399
1638451654315047469 0.6856155395507812 -3.1346206665039062 0.0 0.0 0.0 -0.9998355507850647 0.01813451014459133
1638451654515670123 0.6568374633789062 -3.1369667053222656 0.0 0.0 0.0 -0.9998199939727783 0.018973955884575844
1638451654716350747 0.6334152221679688 -3.1358108520507812 0.0 0.0 0.0 -0.9998400211334229 0.017885997891426086
1638451654917134758 0.612030029296875 -3.1400794982910156 0.0 0.0 0.0 -0.9998164772987366 0.019156312569975853
1638451655117834236 0.5808601379394531 -3.1352005004882812 0.0 0.0 0.0 -0.9998549222946167 0.017033185809850693
1638451655318494964 0.5597152709960938 -3.1430816650390625 0.0 0.0 0.0 -0.9998221397399902 0.018861204385757446
1638451655519296163 0.5344657897949219 -3.1398773193359375 0.0 0.0 0.0 -0.9997726082801819 0.021323570981621742
1638451655720119654 0.5123977661132812 -3.141246795654297 0.0 0.0 0.0 -0.9997721910476685 0.021343830972909927
1638451655920839184 0.4908256530761719 -3.1492385864257812 0.0 0.0 0.0 -0.9998031258583069 0.019840683788061142
1638451656124225006 0.463165283203125 -3.1427688598632812 0.0 0.0 0.0 -0.9998034834861755 0.019823161885142326
1638451656522712251 0.41680145263671875 -3.150157928466797 0.0 0.0 0.0 -0.9998294711112976 0.01846800185739994
1638451656723556524 0.3987617492675781 -3.1459503173828125 0.0 0.0 0.0 -0.9997122883796692 0.023985544219613075
1638451656924298555 0.37242889404296875 -3.1513137817382812 0.0 0.0 0.0 -0.9997533559799194 0.02221003919839859
1638451657124978866 0.358367919921875 -3.1540679931640625 0.0 0.0 0.0 -0.9998089671134949 0.01954462379217148
1638451657325664386 0.3315315246582031 -3.1454238891601562 0.0 0.0 0.0 -0.9997955560684204 0.020218977704644203
1638451657526402094 0.31027984619140625 -3.1536865234375 0.0 0.0 0.0 -0.999779462814331 0.021001895889639854
1638451657727106625 0.2839851379394531 -3.1464385986328125 0.0 0.0 0.0 -0.9997355341911316 0.022997692227363586
1638451657927748914 0.2578239440917969 -3.1523056030273438 0.0 0.0 0.0 -0.9997478723526001 0.02245471440255642
1638451658128402350 0.23671340942382812 -3.1522865295410156 0.0 0.0 0.0 -0.9997085928916931 0.024139758199453354
1638451658329161673 0.21500778198242188 -3.1539840698242188 0.0 0.0 0.0 -0.9997096061706543 0.024098046123981476
1638451658530078603 0.19029617309570312 -3.1611709594726562 0.0 0.0 0.0 -0.9996809363365173 0.025259148329496384
1638451658730422139 0.164520263671875 -3.1576385498046875 0.0 0.0 0.0 -0.9997965693473816 0.020169872790575027
1638451658931072033 0.14484405517578125 -3.163341522216797 0.0 0.0 0.0 -0.9997299909591675 0.023237714543938637
1638451659131728646 0.12099456787109375 -3.1639404296875 0.0 0.0 0.0 -0.9997156262397766 0.023847302421927452
1638451659332434479 0.100799560546875 -3.160602569580078 0.0 0.0 0.0 -0.9997086524963379 0.024136658757925034
1638451659533114113 0.08137893676757812 -3.1654129028320312 0.0 0.0 0.0 -0.9997127652168274 0.02396552450954914
1638451659733987135 0.05783843994140625 -3.169780731201172 0.0 0.0 0.0 -0.9996817111968994 0.025227567180991173
1638451659934728385 0.037433624267578125 -3.1658287048339844 0.0 0.0 0.0 -0.9996057748794556 0.028075896203517914
1638451660135441666 0.013336181640625 -3.165119171142578 0.0 0.0 0.0 -0.9996063709259033 0.028056353330612183
1638451660336314949 -0.01026153564453125 -3.1637535095214844 0.0 0.0 0.0 -0.9996459484100342 0.026607191190123558
1638451660537017969 -0.02750396728515625 -3.1687774658203125 0.0 0.0 0.0 -0.9996702671051025 0.025678033009171486
1638451660737778855 -0.030986785888671875 -3.16064453125 0.0 0.0 0.0 -0.9996334910392761 0.02707289159297943
1638451660938501927 -0.0234222412109375 -3.1687164306640625 0.0 0.0 0.0 -0.9995952844619751 0.028446726500988007
1638451661139362189 -0.030162811279296875 -3.1648635864257812 0.0 0.0 0.0 -0.9996140599250793 0.02778037078678608
1638451661340213910 -0.02921295166015625 -3.1672439575195312 0.0 0.0 0.0 -0.9996708035469055 0.025657298043370247
1638451661540836512 -0.028781890869140625 -3.163623809814453 0.0 0.0 0.0 -0.9995961785316467 0.028415387496352196
1638451661741512604 -0.0271148681640625 -3.1646652221679688 0.0 0.0 0.0 -0.9995957016944885 0.02843397669494152
1638451661942148696 -0.025875091552734375 -3.165813446044922 0.0 0.0 0.0 -0.999657392501831 0.026174373924732208
1638451662142999896 -0.03195953369140625 -3.1681747436523438 0.0 0.0 0.0 -0.9995925426483154 0.02854408137500286
1638451662343596977 -0.028255462646484375 -3.1621742248535156 0.0 0.0 0.0 -0.9996553063392639 0.026254693046212196
1638451662544308226 -0.032535552978515625 -3.1685943603515625 0.0 0.0 0.0 -0.9996694326400757 0.025710923597216606
1638451662744941870 -0.030895233154296875 -3.1606979370117188 0.0 0.0 0.0 -0.9998826384544373 0.015319539234042168
1638451662945609994 -0.03295135498046875 -3.1669654846191406 0.0 0.0 0.0 -0.9999985098838806 0.0017094166250899434
1638451663146165251 -0.03365325927734375 -3.1728286743164062 0.0 0.0 0.0 0.9998507499694824 0.017275145277380943
1638451663346514620 -0.034824371337890625 -3.1755905151367188 0.0 0.0 0.0 0.9992453455924988 0.03884311020374298
1638451663547139618 -0.035549163818359375 -3.179912567138672 0.0 0.0 0.0 0.9983251094818115 0.05785256624221802
1638451663747680240 -0.033176422119140625 -3.1798477172851562 0.0 0.0 0.0 0.9963589310646057 0.08525745570659637
1638451663948194819 -0.040645599365234375 -3.1817398071289062 0.0 0.0 0.0 0.9930291771888733 0.11786898970603943
1638451664148828151 -0.037052154541015625 -3.186542510986328 0.0 0.0 0.0 0.9893885850906372 0.14529360830783844
1638451664349298042 -0.0379638671875 -3.1904029846191406 0.0 0.0 0.0 0.9849187135696411 0.17301787436008453
1638451664549832466 -0.038288116455078125 -3.195842742919922 0.0 0.0 0.0 0.9796921014785767 0.20050770044326782
1638451664750514184 -0.041065216064453125 -3.1923561096191406 0.0 0.0 0.0 0.9732680320739746 0.2296723574399948
1638451664950971992 -0.043483734130859375 -3.2052764892578125 0.0 0.0 0.0 0.9656774997711182 0.2597440481185913
1638451665151500582 -0.045684814453125 -3.2009239196777344 0.0 0.0 0.0 0.9582034349441528 0.2860877513885498
1638451665351842659 -0.04680633544921875 -3.2003707885742188 0.0 0.0 0.0 0.9488411545753479 0.3157537877559662
1638451665552321718 -0.048496246337890625 -3.196685791015625 0.0 0.0 0.0 0.9399042725563049 0.3414381444454193
1638451665753014581 -0.05030059814453125 -3.2143020629882812 0.0 0.0 0.0 0.9299777746200562 0.3676157295703888
1638451665953584318 -0.056644439697265625 -3.2100601196289062 0.0 0.0 0.0 0.9172894358634949 0.3982212245464325
1638451666154217233 -0.052944183349609375 -3.2105140686035156 0.0 0.0 0.0 0.9061204791069031 0.423019677400589
1638451666354844158 -0.058612823486328125 -3.2080307006835938 0.0 0.0 0.0 0.893610417842865 0.44884341955184937
1638451666555388947 -0.05792236328125 -3.2240142822265625 0.0 0.0 0.0 0.8798030018806458 0.47533851861953735
1638451666755987486 -0.06290435791015625 -3.2176284790039062 0.0 0.0 0.0 0.8656725883483887 0.5006105899810791
1638451666956798893 -0.06520843505859375 -3.2296409606933594 0.0 0.0 0.0 0.8509307503700256 0.5252779126167297
1638451667157366234 -0.06603622436523438 -3.2139663696289062 0.0 0.0 0.0 0.8346563577651978 0.5507710576057434
1638451667357829511 -0.06802749633789062 -3.2131500244140625 0.0 0.0 0.0 0.8178149461746216 0.5754812955856323
1638451667558482686 -0.07134628295898438 -3.2264976501464844 0.0 0.0 0.0 0.8012687563896179 0.5983046293258667
1638451667759133883 -0.07485198974609375 -3.2144546508789062 0.0 0.0 0.0 0.7822877764701843 0.6229172348976135
1638451667960172793 -0.07908248901367188 -3.208690643310547 0.0 0.0 0.0 0.7610970735549927 0.6486380100250244
1638451668160345701 -0.08152008056640625 -3.2063522338867188 0.0 0.0 0.0 0.7417922616004944 0.6706297397613525
1638451668360976793 -0.08728408813476562 -3.2067489624023438 0.0 0.0 0.0 0.7238432765007019 0.6899644136428833
1638451668561761689 -0.09216690063476562 -3.2208290100097656 0.0 0.0 0.0 0.7166640758514404 0.6974185109138489
1638451668762483460 -0.08586883544921875 -3.230236053466797 0.0 0.0 0.0 0.7190842032432556 0.6949229836463928
1638451668963149240 -0.08483505249023438 -3.2126235961914062 0.0 0.0 0.0 0.7171056270599365 0.6969645023345947
1638451669163706216 -0.0876922607421875 -3.2259521484375 0.0 0.0 0.0 0.716819167137146 0.6972590684890747
1638451669364375537 -0.08725357055664062 -3.226154327392578 0.0 0.0 0.0 0.7170215845108032 0.6970509886741638
1638451669565012879 -0.08951950073242188 -3.2075271606445312 0.0 0.0 0.0 0.7164676189422607 0.6976203322410583
1638451669765666940 -0.08516693115234375 -3.2172164916992188 0.0 0.0 0.0 0.7174725532531738 0.6965867280960083
1638451669966101415 -0.08852005004882812 -3.2353897094726562 0.0 0.0 0.0 0.7146491408348083 0.6994830965995789
1638451670166586931 -0.085784912109375 -3.2212142944335938 0.0 0.0 0.0 0.7152466773986816 0.6988720297813416
1638451670367292972 -0.09018325805664062 -3.2254905700683594 0.0 0.0 0.0 0.7141672968864441 0.6999750733375549
1638451670568020837 -0.08600997924804688 -3.2115859985351562 0.0 0.0 0.0 0.7163744568824768 0.6977159976959229
1638451670768677971 -0.09207534790039062 -3.2094879150390625 0.0 0.0 0.0 0.7139744162559509 0.7001717686653137
1638451670969462450 -0.08463668823242188 -3.1934890747070312 0.0 0.0 0.0 0.7160020470619202 0.6980981826782227
1638451671169916196 -0.08364105224609375 -3.173664093017578 0.0 0.0 0.0 0.7179334759712219 0.6961117386817932
1638451671370582861 -0.09568023681640625 -3.166248321533203 0.0 0.0 0.0 0.7143619656562805 0.6997764110565186
1638451671571396664 -0.09949493408203125 -3.1500167846679688 0.0 0.0 0.0 0.7136971950531006 0.7004543542861938
1638451671772203852 -0.09092330932617188 -3.1418533325195312 0.0 0.0 0.0 0.7161810994148254 0.6979144811630249
1638451671973032031 -0.08275604248046875 -3.1229934692382812 0.0 0.0 0.0 0.7193530201911926 0.6946446895599365
1638451672173879480 -0.09627151489257812 -3.1152305603027344 0.0 0.0 0.0 0.7161291241645813 0.6979678273200989
1638451672374766253 -0.09027099609375 -3.1006813049316406 0.0 0.0 0.0 0.7181092500686646 0.6959303617477417
1638451672575457137 -0.09426116943359375 -3.0817337036132812 0.0 0.0 0.0 0.7188252210617065 0.6951908469200134
1638451672776119115 -0.08992767333984375 -3.0678024291992188 0.0 0.0 0.0 0.7176988124847412 0.6963536739349365
1638451672977033805 -0.09069442749023438 -3.0468978881835938 0.0 0.0 0.0 0.7193803787231445 0.6946163773536682
1638451673177455727 -0.087005615234375 -3.0265846252441406 0.0 0.0 0.0 0.7161137461662292 0.6979836225509644
1638451673378159476 -0.09265899658203125 -3.0107879638671875 0.0 0.0 0.0 0.7168182134628296 0.6972600817680359
1638451673578879997 -0.09537506103515625 -2.9947280883789062 0.0 0.0 0.0 0.7166063189506531 0.6974778771400452
1638451673779365461 -0.09582901000976562 -2.9740219116210938 0.0 0.0 0.0 0.7135443091392517 0.7006101012229919
1638451673979783581 -0.0932769775390625 -2.9512710571289062 0.0 0.0 0.0 0.7155464887619019 0.6985650658607483
1638451674180606082 -0.09885406494140625 -2.941913604736328 0.0 0.0 0.0 0.7164950370788574 0.6975921988487244
1638451674381369572 -0.10018539428710938 -2.9200057983398438 0.0 0.0 0.0 0.715362012386322 0.698754072189331
1638451674582112801 -0.10406112670898438 -2.904308319091797 0.0 0.0 0.0 0.715210497379303 0.6989091038703918
1638451674782683632 -0.1034088134765625 -2.8844833374023438 0.0 0.0 0.0 0.7129069566726685 0.7012585997581482
1638451674983621916 -0.10106658935546875 -2.8772811889648438 0.0 0.0 0.0 0.7181121706962585 0.6959273815155029
1638451675184241966 -0.10047149658203125 -2.8538856506347656 0.0 0.0 0.0 0.7162360548973083 0.6978580951690674
1638451675385045665 -0.10165786743164062 -2.8465042114257812 0.0 0.0 0.0 0.7171995043754578 0.6968678832054138
1638451675585806342 -0.10205078125 -2.81585693359375 0.0 0.0 0.0 0.7173638939857483 0.6966987252235413
1638451675786460455 -0.10398101806640625 -2.8141555786132812 0.0 0.0 0.0 0.7140547037124634 0.7000898718833923
1638451675987061703 -0.10250091552734375 -2.7891921997070312 0.0 0.0 0.0 0.7169756293296814 0.6970982551574707
1638451676187497271 -0.10642242431640625 -2.7712440490722656 0.0 0.0 0.0 0.712239146232605 0.7019369006156921
1638451676388028674 -0.10319137573242188 -2.7580337524414062 0.0 0.0 0.0 0.7153280973434448 0.6987887620925903
1638451676588846435 -0.10292816162109375 -2.733551025390625 0.0 0.0 0.0 0.7169325351715088 0.6971426010131836
1638451676789366223 -0.1044921875 -2.7166061401367188 0.0 0.0 0.0 0.7158946394920349 0.6982083320617676
1638451676989940741 -0.10318756103515625 -2.7032127380371094 0.0 0.0 0.0 0.718052327632904 0.6959891319274902
1638451677190483308 -0.10271835327148438 -2.6822471618652344 0.0 0.0 0.0 0.7155979871749878 0.6985123753547668
1638451677390884050 -0.10684585571289062 -2.6578636169433594 0.0 0.0 0.0 0.7169696092605591 0.6971044540405273
1638451677591370730 -0.10541534423828125 -2.6410484313964844 0.0 0.0 0.0 0.7156966328620911 0.6984112858772278
1638451677792012205 -0.10400390625 -2.623485565185547 0.0 0.0 0.0 0.7169492244720459 0.6971253752708435
1638451677992564199 -0.10645294189453125 -2.6025161743164062 0.0 0.0 0.0 0.7154108285903931 0.6987040638923645
1638451678193463438 -0.11130523681640625 -2.5806350708007812 0.0 0.0 0.0 0.7168521881103516 0.6972251534461975
1638451678394088141 -0.10894012451171875 -2.557361602783203 0.0 0.0 0.0 0.7174859642982483 0.6965729594230652
1638451678594918941 -0.108245849609375 -2.5401954650878906 0.0 0.0 0.0 0.7179268002510071 0.6961185932159424
1638451678795394059 -0.10717391967773438 -2.5078201293945312 0.0 0.0 0.0 0.7168142199516296 0.6972641944885254
1638451678995987096 -0.10802841186523438 -2.4880828857421875 0.0 0.0 0.0 0.7174822688102722 0.6965767741203308
1638451679196748311 -0.11109542846679688 -2.4704132080078125 0.0 0.0 0.0 0.7189977169036865 0.6950123906135559
1638451679397466089 -0.10935592651367188 -2.450756072998047 0.0 0.0 0.0 0.7179691195487976 0.6960749626159668
1638451679597870685 -0.11140823364257812 -2.4165878295898438 0.0 0.0 0.0 0.7151411771774292 0.6989800333976746
1638451679798357314 -0.10948562622070312 -2.4006729125976562 0.0 0.0 0.0 0.7157814502716064 0.6983243823051453
1638451679998795243 -0.10926055908203125 -2.3803138732910156 0.0 0.0 0.0 0.715538740158081 0.6985730528831482
1638451680199520886 -0.11088180541992188 -2.3524513244628906 0.0 0.0 0.0 0.7180526256561279 0.6959888339042664
1638451680402871360 -0.11224365234375 -2.3291549682617188 0.0 0.0 0.0 0.7156547904014587 0.6984541416168213
1638451680801330933 -0.109893798828125 -2.2869644165039062 0.0 0.0 0.0 0.7159488797187805 0.6981527209281921
1638451681001946105 -0.11690521240234375 -2.2606430053710938 0.0 0.0 0.0 0.7155408263206482 0.6985709071159363
1638451681202636434 -0.11078643798828125 -2.23779296875 0.0 0.0 0.0 0.7171713709831238 0.6968968510627747
1638451681403250877 -0.11714935302734375 -2.2162857055664062 0.0 0.0 0.0 0.7151535749435425 0.6989673972129822
1638451681603909435 -0.11327362060546875 -2.2000694274902344 0.0 0.0 0.0 0.7145571708679199 0.6995770931243896
1638451681804316323 -0.11507034301757812 -2.1662025451660156 0.0 0.0 0.0 0.7131441235542297 0.7010174989700317
1638451682005273271 -0.11502838134765625 -2.151012420654297 0.0 0.0 0.0 0.7166690826416016 0.6974133849143982
1638451682206140061 -0.11913681030273438 -2.1320114135742188 0.0 0.0 0.0 0.7170822024345398 0.6969886422157288
1638451682406819401 -0.11358261108398438 -2.101348876953125 0.0 0.0 0.0 0.7150416970252991 0.6990818381309509
1638451682607557075 -0.11206817626953125 -2.0791244506835938 0.0 0.0 0.0 0.7157453894615173 0.698361337184906
1638451682808203497 -0.11249160766601562 -2.0518646240234375 0.0 0.0 0.0 0.7152835130691528 0.6988344192504883
1638451683008968775 -0.1161651611328125 -2.0394668579101562 0.0 0.0 0.0 0.7141648530960083 0.6999775767326355
1638451683209774263 -0.11741256713867188 -2.0128822326660156 0.0 0.0 0.0 0.7142295241355896 0.6999115943908691
1638451683410293288 -0.11300277709960938 -1.9929885864257812 0.0 0.0 0.0 0.7132895588874817 0.7008695006370544
1638451683610897105 -0.11405563354492188 -1.9631004333496094 0.0 0.0 0.0 0.7130624651908875 0.7011004686355591
1638451683811667332 -0.11438751220703125 -1.9447593688964844 0.0 0.0 0.0 0.7150464057922363 0.6990769505500793
1638451684012266670 -0.11383056640625 -1.929290771484375 0.0 0.0 0.0 0.7129353284835815 0.7012298107147217
1638451684212758195 -0.11510848999023438 -1.8922920227050781 0.0 0.0 0.0 0.7147260308265686 0.6994045376777649
1638451684413258990 -0.11890792846679688 -1.8539810180664062 0.0 0.0 0.0 0.7149412631988525 0.6991845369338989
1638451684613985361 -0.12015914916992188 -1.8418464660644531 0.0 0.0 0.0 0.7161486148834229 0.6979478001594543
1638451684814785745 -0.12241363525390625 -1.8131752014160156 0.0 0.0 0.0 0.7154281139373779 0.6986863613128662
1638451685015547742 -0.12061309814453125 -1.7842788696289062 0.0 0.0 0.0 0.7146341800689697 0.6994984149932861
1638451685216173852 -0.1185302734375 -1.764190673828125 0.0 0.0 0.0 0.7148677110671997 0.6992596983909607
1638451685416781732 -0.11822891235351562 -1.7320785522460938 0.0 0.0 0.0 0.7158421874046326 0.698262095451355
1638451685617410133 -0.11986160278320312 -1.7093276977539062 0.0 0.0 0.0 0.7133374214172363 0.7008207440376282
1638451685818240725 -0.12137603759765625 -1.6981239318847656 0.0 0.0 0.0 0.7149032950401306 0.6992233395576477
1638451686018844178 -0.1219940185546875 -1.6574516296386719 0.0 0.0 0.0 0.713171124458313 0.7009899616241455
1638451686219502736 -0.12218856811523438 -1.6380615234375 0.0 0.0 0.0 0.7147458791732788 0.6993842720985413
1638451686420184836 -0.12323760986328125 -1.6180152893066406 0.0 0.0 0.0 0.7141836285591125 0.6999583840370178
1638451686623574269 -0.12206268310546875 -1.5890884399414062 0.0 0.0 0.0 0.712147057056427 0.7020303606987
1638451687021861340 -0.12236785888671875 -1.5361862182617188 0.0 0.0 0.0 0.712238073348999 0.7019379734992981
1638451687222547763 -0.12305450439453125 -1.5145339965820312 0.0 0.0 0.0 0.7135998606681824 0.7005535364151001
1638451687423271218 -0.12295913696289062 -1.4897842407226562 0.0 0.0 0.0 0.7135518789291382 0.7006024122238159
1638451687624014985 -0.12192535400390625 -1.4628829956054688 0.0 0.0 0.0 0.7105648517608643 0.7036316990852356
1638451687824784378 -0.12388229370117188 -1.4461936950683594 0.0 0.0 0.0 0.7143118977546692 0.6998274326324463
1638451688025388977 -0.12645721435546875 -1.4178237915039062 0.0 0.0 0.0 0.7128323912620544 0.7013344764709473
1638451688225894825 -0.12143325805664062 -1.3988075256347656 0.0 0.0 0.0 0.711678147315979 0.7025056481361389
1638451688426624790 -0.12759017944335938 -1.3831710815429688 0.0 0.0 0.0 0.7133294343948364 0.7008289098739624
1638451688627416527 -0.12429046630859375 -1.3589859008789062 0.0 0.0 0.0 0.714219868183136 0.6999214291572571
1638451688827984615 -0.12270355224609375 -1.3270149230957031 0.0 0.0 0.0 0.7121327519416809 0.7020447850227356
1638451689028524578 -0.1240081787109375 -1.2997474670410156 0.0 0.0 0.0 0.7137938141822815 0.7003558874130249
1638451689229044124 -0.12557601928710938 -1.261474609375 0.0 0.0 0.0 0.7138810753822327 0.70026695728302
1638451689429949769 -0.12512969970703125 -1.2348480224609375 0.0 0.0 0.0 0.7167063355445862 0.6973750591278076
1638451689630869529 -0.12786102294921875 -1.2029190063476562 0.0 0.0 0.0 0.7158392071723938 0.6982651352882385
1638451689832060647 -0.12952804565429688 -1.1845474243164062 0.0 0.0 0.0 0.7149016261100769 0.6992250680923462
1638451690032021903 -0.12511062622070312 -1.1475982666015625 0.0 0.0 0.0 0.7141333818435669 0.7000096440315247
1638451690232877443 -0.13307952880859375 -1.1258583068847656 0.0 0.0 0.0 0.7157934308052063 0.6983121037483215
1638451690433632253 -0.123291015625 -1.1043586730957031 0.0 0.0 0.0 0.7171962261199951 0.696871280670166
1638451690634445553 -0.12934112548828125 -1.0743370056152344 0.0 0.0 0.0 0.7158126831054688 0.6982923150062561
1638451690835285416 -0.1304168701171875 -1.0424156188964844 0.0 0.0 0.0 0.7164554595947266 0.6976327896118164
1638451691036127258 -0.12778472900390625 -1.0113525390625 0.0 0.0 0.0 0.7183353304862976 0.695697009563446
1638451691236786545 -0.13329315185546875 -0.9877891540527344 0.0 0.0 0.0 0.7144088745117188 0.6997284889221191
1638451691437682711 -0.132568359375 -0.9587860107421875 0.0 0.0 0.0 0.7157422304153442 0.6983645558357239
1638451691638299706 -0.13323211669921875 -0.9317855834960938 0.0 0.0 0.0 0.7144473791122437 0.6996892094612122
1638451691839058422 -0.13132858276367188 -0.9132003784179688 0.0 0.0 0.0 0.7162759304046631 0.6978171467781067
1638451692039899222 -0.13738250732421875 -0.8846702575683594 0.0 0.0 0.0 0.7161309123039246 0.6979659795761108
1638451692240593510 -0.13378143310546875 -0.8606224060058594 0.0 0.0 0.0 0.7174911499023438 0.6965676546096802
1638451692441192328 -0.13532638549804688 -0.8228607177734375 0.0 0.0 0.0 0.7161194682121277 0.6979777216911316
1638451692641762238 -0.13430404663085938 -0.7958831787109375 0.0 0.0 0.0 0.715607762336731 0.6985023617744446
1638451692842358243 -0.13779449462890625 -0.7679710388183594 0.0 0.0 0.0 0.7155673503875732 0.6985437273979187
1638451693043220659 -0.13672637939453125 -0.7449760437011719 0.0 0.0 0.0 0.7172744274139404 0.6967908143997192
1638451693243981510 -0.13516998291015625 -0.7164688110351562 0.0 0.0 0.0 0.7179453372955322 0.6960994601249695
1638451693449287639 -0.1396026611328125 -0.6934089660644531 0.0 0.0 0.0 0.7193955183029175 0.6946006417274475
1638451693645401649 -0.13921356201171875 -0.6644477844238281 0.0 0.0 0.0 0.7179954648017883 0.6960477828979492
1638451693845896663 -0.1368865966796875 -0.6406135559082031 0.0 0.0 0.0 0.7158297896385193 0.6982747912406921
1638451694046547669 -0.13922119140625 -0.6054420471191406 0.0 0.0 0.0 0.7170777916908264 0.6969931721687317
1638451694246995078 -0.13785552978515625 -0.5811958312988281 0.0 0.0 0.0 0.716232180595398 0.6978620290756226
1638451694447640719 -0.13881301879882812 -0.5606307983398438 0.0 0.0 0.0 0.7157607674598694 0.6983455419540405
1638451694648339278 -0.14188385009765625 -0.5377082824707031 0.0 0.0 0.0 0.7153457403182983 0.6987707018852234
1638451694848944710 -0.14331817626953125 -0.5057945251464844 0.0 0.0 0.0 0.7141137719154358 0.7000296711921692
1638451695049630091 -0.1447296142578125 -0.47779083251953125 0.0 0.0 0.0 0.7161400318145752 0.6979566216468811
1638451695249942759 -0.14312744140625 -0.448486328125 0.0 0.0 0.0 0.7144743204116821 0.6996616721153259
1638451695450576525 -0.14373779296875 -0.41402435302734375 0.0 0.0 0.0 0.7178875803947449 0.6961590647697449
1638451695654185023 -0.1404876708984375 -0.3914642333984375 0.0 0.0 0.0 0.7161926627159119 0.6979026198387146
1638451695851962496 -0.14453506469726562 -0.3623924255371094 0.0 0.0 0.0 0.7155404090881348 0.6985713839530945
1638451696052497355 -0.14359283447265625 -0.3352165222167969 0.0 0.0 0.0 0.7166829705238342 0.6973991394042969
1638451696253152111 -0.14154434204101562 -0.3079071044921875 0.0 0.0 0.0 0.7168870568275452 0.6971893310546875
1638451696453802335 -0.14440536499023438 -0.2746734619140625 0.0 0.0 0.0 0.7176346778869629 0.6964197158813477
1638451696654651052 -0.14595413208007812 -0.2522850036621094 0.0 0.0 0.0 0.7202535271644592 0.6937109231948853
1638451696855457581 -0.14798736572265625 -0.22218704223632812 0.0 0.0 0.0 0.7192414999008179 0.6947601437568665
1638451697056223485 -0.14627838134765625 -0.19760894775390625 0.0 0.0 0.0 0.719277560710907 0.6947228312492371
1638451697256921106 -0.14368438720703125 -0.16572952270507812 0.0 0.0 0.0 0.7190267443656921 0.6949824094772339
1638451697457680082 -0.15249252319335938 -0.13744354248046875 0.0 0.0 0.0 0.7187155485153198 0.6953042149543762
1638451697658319109 -0.14682388305664062 -0.11493682861328125 0.0 0.0 0.0 0.7180586457252502 0.6959825754165649
1638451697858937302 -0.14870452880859375 -0.08794021606445312 0.0 0.0 0.0 0.7174438238143921 0.6966163516044617
1638451698059562474 -0.14818572998046875 -0.057254791259765625 0.0 0.0 0.0 0.7200477123260498 0.693924605846405
1638451698260317961 -0.14818954467773438 -0.03108978271484375 0.0 0.0 0.0 0.7201037406921387 0.6938664317131042
1638451698464167296 -0.14815521240234375 -0.01415252685546875 0.0 0.0 0.0 0.7184467315673828 0.6955819725990295
1638451698862083215 -0.14699554443359375 -0.0080718994140625 0.0 0.0 0.0 0.7207705974578857 0.6931736469268799
1638451699062877921 -0.15089035034179688 -0.00872039794921875 0.0 0.0 0.0 0.7198680639266968 0.6941109299659729
1638451699263443145 -0.14837265014648438 -0.00617218017578125 0.0 0.0 0.0 0.7185572981834412 0.6954677700996399
1638451699464116130 -0.1501007080078125 -0.0043792724609375 0.0 0.0 0.0 0.71645587682724 0.6976324319839478
1638451699664953805 -0.14994049072265625 -0.007678985595703125 0.0 0.0 0.0 0.7202794551849365 0.6936839818954468
1638451699868359540 -0.14882659912109375 -0.007678985595703125 0.0 0.0 0.0 0.7176334261894226 0.6964210271835327
1638451700266334262 -0.14670181274414062 -0.0086822509765625 0.0 0.0 0.0 0.7201188802719116 0.6938506960868835
1638451700467280481 -0.15028762817382812 -0.0096588134765625 0.0 0.0 0.0 0.7216492295265198 0.6922589540481567
1638451700667933049 -0.14775466918945312 -0.004180908203125 0.0 0.0 0.0 0.721393883228302 0.6925250291824341
1638451700868520981 -0.14813613891601562 -0.009654998779296875 0.0 0.0 0.0 0.7195377349853516 0.6944532990455627
1638451701069297562 -0.14920806884765625 -0.005168914794921875 0.0 0.0 0.0 0.7187243103981018 0.6952951550483704
1638451701269898515 -0.14986801147460938 -0.00557708740234375 0.0 0.0 0.0 0.7210386991500854 0.6928947567939758
1638451701470749732 -0.14722442626953125 -0.00905609130859375 0.0 0.0 0.0 0.7210361957550049 0.692897379398346
1638451701671247194 -0.14774322509765625 0.002948760986328125 0.0 0.0 0.0 0.7159262895584106 0.6981759071350098
1638451701871929972 -0.150299072265625 -0.000652313232421875 0.0 0.0 0.0 0.7092873454093933 0.7049194574356079
1638451702072675250 -0.15266036987304688 0.00060272216796875 0.0 0.0 0.0 0.6943358778953552 0.7196511030197144
1638451702273356204 -0.15173721313476562 0.00498199462890625 0.0 0.0 0.0 0.6723429560661316 0.7402397990226746
1638451702474053252 -0.15807723999023438 0.010852813720703125 0.0 0.0 0.0 0.6435655951499939 0.7653909921646118
1638451702674850719 -0.16054534912109375 0.012493133544921875 0.0 0.0 0.0 0.6071085929870605 0.7946189045906067
1638451702875688342 -0.16790008544921875 0.016998291015625 0.0 0.0 0.0 0.5629794597625732 0.8264708518981934
1638451703076274712 -0.1750640869140625 0.02664947509765625 0.0 0.0 0.0 0.511376142501831 0.8593569993972778
1638451703276988583 -0.17696380615234375 0.027637481689453125 0.0 0.0 0.0 0.4544074535369873 0.8907939195632935
1638451703477580526 -0.19390106201171875 0.03397369384765625 0.0 0.0 0.0 0.39164960384368896 0.9201144576072693
1638451703678182937 -0.19638824462890625 0.03546142578125 0.0 0.0 0.0 0.329801470041275 0.9440503120422363
1638451703878916444 -0.20160675048828125 0.03884124755859375 0.0 0.0 0.0 0.2675215005874634 0.9635518789291382
1638451704079367395 -0.20534515380859375 0.05027008056640625 0.0 0.0 0.0 0.20122383534908295 0.9795452952384949
1638451704280037411 -0.20530319213867188 0.058452606201171875 0.0 0.0 0.0 0.1369476616382599 0.990578293800354
1638451704480593156 -0.21407318115234375 0.06620025634765625 0.0 0.0 0.0 0.07242469489574432 0.9973738789558411
1638451704681099732 -0.20157623291015625 0.07646942138671875 0.0 0.0 0.0 0.0015935992123559117 0.9999987483024597
1638451704881173750 -0.23280715942382812 0.089019775390625 0.0 0.0 0.0 -0.05025358870625496 0.9987365007400513
1638451705082151584 -0.2111663818359375 0.08056640625 0.0 0.0 0.0 -0.0834890678524971 0.9965087175369263
1638451705282937384 -0.20557022094726562 0.08242034912109375 0.0 0.0 0.0 -0.08407089859247208 0.9964597821235657
1638451705483705318 -0.20653533935546875 0.07749557495117188 0.0 0.0 0.0 -0.08339617401361465 0.9965164661407471
1638451705684475545 -0.19960403442382812 0.07889938354492188 0.0 0.0 0.0 -0.08459925651550293 0.9964150786399841
1638451705885832030 -0.19283294677734375 0.08065032958984375 0.0 0.0 0.0 -0.08239991962909698 0.9965993165969849
1638451706085978862 -0.18463516235351562 0.078521728515625 0.0 0.0 0.0 -0.08400437980890274 0.9964653849601746
1638451706286622211 -0.17315673828125 0.07273101806640625 0.0 0.0 0.0 -0.08345509320497513 0.9965115189552307
1638451706487137017 -0.16386795043945312 0.07088470458984375 0.0 0.0 0.0 -0.08333059400320053 0.9965219497680664
1638451706687798752 -0.14947891235351562 0.071502685546875 0.0 0.0 0.0 -0.08475984632968903 0.9964014291763306
1638451706888553718 -0.1419677734375 0.06464767456054688 0.0 0.0 0.0 -0.08210647106170654 0.9966235756874084
1638451707089113681 -0.12601470947265625 0.06712722778320312 0.0 0.0 0.0 -0.0856960341334343 0.9963213205337524
1638451707289726822 -0.11650848388671875 0.062427520751953125 0.0 0.0 0.0 -0.08144494146108627 0.996677815914154
1638451707490491788 -0.10131072998046875 0.05896759033203125 0.0 0.0 0.0 -0.08225331455469131 0.996611475944519
1638451707691148887 -0.09040069580078125 0.05794525146484375 0.0 0.0 0.0 -0.0833272710442543 0.9965222477912903
1638451707891820883 -0.07598114013671875 0.04988861083984375 0.0 0.0 0.0 -0.08484797924757004 0.9963939189910889
1638451708092686684 -0.06169891357421875 0.04705047607421875 0.0 0.0 0.0 -0.07994494587182999 0.9967992901802063
1638451708293440869 -0.048908233642578125 0.05162811279296875 0.0 0.0 0.0 -0.08315311372280121 0.9965367913246155
1638451708494280367 -0.03553009033203125 0.04925537109375 0.0 0.0 0.0 -0.07964573800563812 0.996823251247406
1638451708695315545 -0.038890838623046875 0.05243682861328125 0.0 0.0 0.0 -0.07947985082864761 0.9968364834785461
1638451708895951082 -0.03559112548828125 0.05223846435546875 0.0 0.0 0.0 -0.08135392516851425 0.996685266494751
1638451709096572504 -0.0360107421875 0.04994964599609375 0.0 0.0 0.0 -0.08239945024251938 0.9965993762016296
1638451709297262834 -0.033512115478515625 0.046672821044921875 0.0 0.0 0.0 -0.08058351278305054 0.9967478513717651
1638451709497900090 -0.03600311279296875 0.050048828125 0.0 0.0 0.0 -0.08069948107004166 0.9967384934425354
1638451709698644691 -0.0370025634765625 0.05004119873046875 0.0 0.0 0.0 -0.08071350306272507 0.9967373609542847
1638451709899259446 -0.03334808349609375 0.049121856689453125 0.0 0.0 0.0 -0.08226733654737473 0.9966102838516235
1638451710102603409 -0.0356292724609375 0.04354095458984375 0.0 0.0 0.0 -0.08225996792316437 0.9966108798980713
1638451710500994596 -0.0325164794921875 0.04071807861328125 0.0 0.0 0.0 -0.08154521882534027 0.9966696500778198
1638451710701546173 -0.032318115234375 0.045856475830078125 0.0 0.0 0.0 -0.08186671882867813 0.9966433048248291
1638451710902206554 -0.033634185791015625 0.0513916015625 0.0 0.0 0.0 -0.08022989332675934 0.9967764019966125
