1638451542.945831 0.0000000 0.0000000 0.0000000 0.0000000 0.0000000 0.0000000 1.0000000
1638451564.649639 0.0000721 0.0001022 0.0112792 -0.0004060 0.0016914 0.0004555 0.9999984
1638451564.784031 0.0000033 0.0001078 0.0144539 -0.0007907 0.0015612 0.0010434 0.9999979
1638451564.918422 -0.0001230 -0.0001536 0.0180261 -0.0005455 0.0018381 0.0007303 0.9999979
1638451565.052814 -0.0000033 0.0000415 0.0227126 -0.0006346 0.0018479 0.0008067 0.9999978
1638451565.187201 0.0000566 -0.0001156 0.0274607 -0.0010692 0.0016380 0.0020155 0.9999961
1638451565.388779 -0.0001571 0.0000254 0.0342478 -0.0006152 0.0021452 0.0011553 0.9999968
1638451565.657551 -0.0002302 0.0000081 0.0444073 -0.0004334 0.0024192 0.0013891 0.9999960
1638451565.926322 -0.0002701 0.0000131 0.0559155 -0.0003711 0.0027965 0.0015501 0.9999948
1638451566.262280 -0.0003398 -0.0004173 0.0729860 -0.0001777 0.0030099 0.0020013 0.9999934
1638451566.598231 -0.0007049 -0.0002420 0.0895053 0.0006633 0.0036324 0.0010046 0.9999927
1638451567.001371 -0.0007379 -0.0003878 0.1099673 0.0011683 0.0034364 0.0014588 0.9999924
1638451567.404519 -0.0009591 -0.0007238 0.1301289 0.0011619 0.0034531 0.0015442 0.9999922
1638451567.807667 -0.0010674 -0.0009355 0.1506365 0.0013001 0.0034801 0.0014707 0.9999920
1638451568.278014 -0.0013154 -0.0010978 0.1735360 0.0021988 0.0038527 0.0010582 0.9999896
1638451568.748373 -0.0016916 -0.0010446 0.1968593 0.0024024 0.0035529 0.0007540 0.9999905
1638451569.285919 -0.0019326 -0.0017014 0.2235928 0.0030070 0.0038517 0.0007627 0.9999878
1638451569.890642 -0.0024397 -0.0019363 0.2529265 0.0035162 0.0039277 0.0002079 0.9999861
1638451570.562559 -0.0029117 -0.0027626 0.2861750 0.0045667 0.0032246 -0.0002980 0.9999843
1638451571.234476 -0.0034069 -0.0033327 0.3184454 0.0054850 0.0025224 -0.0002299 0.9999818
1638451571.906397 -0.0038414 -0.0035378 0.3510010 0.0060236 0.0019766 0.0003352 0.9999799
1638451572.645510 -0.0041512 -0.0035087 0.3866368 0.0057947 0.0020469 0.0004133 0.9999810
1638451573.384625 -0.0048456 -0.0035297 0.4214173 0.0052284 0.0023892 -0.0000313 0.9999835
1638451574.190969 -0.0054015 -0.0041229 0.4602214 0.0059884 0.0014175 0.0007769 0.9999807
1638451574.997512 -0.0056362 -0.0045797 0.4988196 0.0046516 0.0014336 0.0038594 0.9999807
1638451575.736648 -0.0062251 -0.0037203 0.5345973 0.0032295 0.0019276 0.0032165 0.9999877
1638451576.542959 -0.0065344 -0.0038796 0.5734394 0.0024869 0.0031785 0.0035067 0.9999857
1638451577.214886 -0.0069734 -0.0042724 0.6058669 0.0039728 0.0041902 0.0020860 0.9999812
1638451577.954013 -0.0078299 -0.0044446 0.6416529 0.0027377 0.0024296 0.0006242 0.9999931
1638451578.760329 -0.0083646 -0.0048682 0.6810646 0.0020473 0.0017349 0.0002045 0.9999964
1638451579.633845 -0.0090802 -0.0051597 0.7231618 0.0010462 0.0014945 -0.0000574 0.9999983
1638451580.507385 -0.0096825 -0.0055319 0.7648981 0.0021429 0.0012996 0.0007284 0.9999966
1638451585.883542 -0.0153931 -0.0053541 1.1450465 0.0069759 0.0014162 0.0001866 0.9999747
1638451586.824292 -0.0158755 -0.0055799 1.2197111 0.0059801 0.0025302 0.0008206 0.9999786
1638451587.764969 -0.0164057 -0.0067030 1.2967130 0.0043157 0.0037566 0.0024446 0.9999806
1638451590.519826 -0.0173196 -0.0071756 1.5197667 0.0063499 0.0010152 0.0007864 0.9999790
1638451591.393418 -0.0188910 -0.0076713 1.5903693 0.0070169 0.0009383 0.0001467 0.9999749
1638451592.132495 -0.0201001 -0.0074198 1.6498084 0.0065316 -0.0004847 -0.0024389 0.9999756
1638451592.938733 -0.0219415 -0.0079438 1.7151957 0.0057565 -0.0015249 -0.0030516 0.9999776
1638451594.618385 -0.0242374 -0.0083357 1.8503124 0.0048262 -0.0014385 -0.0000647 0.9999873
1638451596.029356 -0.0258062 -0.0085800 1.9376341 0.0062347 0.0001474 -0.0000887 0.9999806
1638451597.171765 -0.0244970 -0.0080937 1.9456931 0.0058555 0.1214967 0.0008225 0.9925742
1638451597.575468 -0.0169157 -0.0080908 1.9401463 0.0055839 0.2092689 0.0017266 0.9778407
1638451597.979222 -0.0122250 -0.0080331 1.9455988 0.0058947 0.3076256 0.0027326 0.9514853
1638451598.586388 -0.0210044 -0.0080233 1.9459336 0.0060395 0.4517089 0.0049829 0.8921310
1638451598.790137 -0.0226358 -0.0080335 1.9456213 0.0062409 0.4999686 0.0044709 0.8660095
1638451598.858070 -0.0230006 -0.0080344 1.9454068 0.0065415 0.5135528 0.0048615 0.8580193
1638451599.129892 -0.0228763 -0.0080256 1.9455030 0.0063269 0.5701110 0.0049703 0.8215283
1638451599.197869 -0.0228828 -0.0080311 1.9454800 0.0056211 0.5840279 0.0051208 0.8116980
1638451599.265855 -0.0227675 -0.0080294 1.9455248 0.0060553 0.5972073 0.0050186 0.8020484
1638451599.401765 -0.0225064 -0.0080256 1.9456539 0.0056435 0.6239531 0.0058456 0.7814196
1638451599.603085 -0.0219295 -0.0080322 1.9457802 0.0051325 0.6621867 0.0062031 0.7492957
1638451579.969815 -0.0094151 -0.0052699 0.7395229 0.0008864 0.0014235 0.0003783 0.9999985
1638451580.977766 -0.0100339 -0.0057480 0.7874773 0.0023520 0.0018427 0.0003186 0.9999955
1638451586.421146 -0.0157049 -0.0057252 1.1875031 0.0067261 0.0017970 0.0001813 0.9999757
1638451587.496204 -0.0159648 -0.0061123 1.2751735 0.0043592 0.0038483 0.0023582 0.9999803
1638451591.594985 -0.0192176 -0.0073924 1.6063812 0.0078342 0.0007333 -0.0008493 0.9999687
1638451593.140290 -0.0220353 -0.0078957 1.7308717 0.0060369 -0.0014056 -0.0022601 0.9999782
1638451594.416821 -0.0237452 -0.0083213 1.8348712 0.0049523 -0.0020534 -0.0002723 0.9999856
1638451595.559028 -0.0254675 -0.0089779 1.9257340 0.0050219 0.0004686 0.0002526 0.9999872
1638451596.365349 -0.0245738 -0.0087247 1.9375783 0.0058706 0.0036926 0.0000960 0.9999759
1638451597.104571 -0.0173866 -0.0080478 1.9397066 0.0059906 0.1039618 0.0013724 0.9945623
1638451597.777339 -0.0200087 -0.0081142 1.9387143 0.0057445 0.2594254 0.0016072 0.9657447
1638451598.315517 -0.0198808 -0.0081027 1.9396605 0.0053996 0.3893891 0.0040281 0.9210487
1638451598.790137 -0.0188095 -0.0081033 1.9403540 0.0060770 0.4959276 0.0042559 0.8683321
1638451599.197869 -0.0192290 -0.0080780 1.9401964 0.0050969 0.5790233 0.0038897 0.8152858
1638451599.871490 -0.0221355 -0.0085614 1.9390482 0.0026971 0.7036919 0.0070646 0.7104650
1638451600.072779 -0.0215048 -0.0086286 1.9392170 0.0036752 0.7303543 0.0078415 0.6830136
1638451600.743792 -0.0208473 -0.0085814 1.9392111 0.0035906 0.7321321 0.0074248 0.6811128
1638451601.884615 -0.0173167 -0.0085895 1.9390205 0.0040369 0.7330076 0.0065157 0.6801773
1638451602.220175 -0.0159751 -0.0086046 1.9389336 0.0034732 0.7328720 0.0067682 0.6803240
1638451602.622867 -0.0142436 -0.0085876 1.9388552 0.0033554 0.7328906 0.0054439 0.6803164
1638451602.891321 -0.0131005 -0.0086338 1.9387859 0.0036147 0.7325243 0.0055123 0.6807089
1638451603.159755 -0.0119832 -0.0086216 1.9387238 0.0039582 0.7322389 0.0051535 0.6810169
1638451603.495300 -0.0104963 -0.0085880 1.9386542 0.0038333 0.7320778 0.0058188 0.6811854
1638451603.830868 -0.0090975 -0.0086206 1.9385600 0.0054435 0.7320735 0.0056595 0.6811804
1638451604.233506 -0.0074257 -0.0086653 1.9384416 0.0066398 0.7325212 0.0058698 0.6806865
1638451604.703298 -0.0051742 -0.0086513 1.9383161 0.0077285 0.7331788 0.0048757 0.6799746
1638451605.173048 -0.0025344 -0.0086797 1.9381589 0.0082553 0.7336274 0.0043041 0.6794881
1638451605.709924 0.0005542 -0.0086121 1.9380001 0.0071669 0.7331617 0.0053056 0.6799959
1638451606.246820 0.0039520 -0.0085514 1.9377881 0.0065361 0.7335901 0.0067438 0.6795273
1638451606.850877 0.0078283 -0.0084386 1.9375505 0.0051668 0.7342350 0.0089024 0.6788174
1638451607.454905 0.0117201 -0.0084297 1.9373299 0.0038852 0.7344184 0.0101609 0.6786098
1638451608.058937 0.0155498 -0.0084736 1.9371127 0.0038523 0.7333759 0.0088185 0.6797552
1638451608.730063 0.0197640 -0.0083891 1.9368823 0.0049491 0.7329106 0.0070847 0.6802701
1638451609.401194 0.0241716 -0.0084080 1.9366126 0.0055334 0.7333121 0.0068984 0.6798347
1638451610.072336 0.0283996 -0.0084403 1.9364156 0.0051641 0.7328855 0.0064871 0.6803015
1638451610.743455 0.0326757 -0.0084076 1.9361911 0.0055752 0.7320684 0.0055724 0.6811855
1638451611.481675 0.0372985 -0.0083950 1.9359323 0.0056011 0.7318885 0.0066327 0.6813691
1638451612.219857 0.0420498 -0.0084446 1.9356785 0.0070755 0.7315237 0.0065283 0.6817480
1638451612.958083 0.0468281 -0.0084508 1.9354056 0.0080887 0.7315627 0.0064899 0.6816953
1638451613.763643 0.0519312 -0.0084933 1.9351140 0.0086799 0.7324539 0.0063536 0.6807317
1638451614.570261 0.0571369 -0.0085294 1.9348402 0.0084656 0.7325963 0.0043061 0.6805971
1638451615.313478 0.0618095 -0.0085964 1.9345961 0.0090783 0.7314503 0.0032805 0.6818264
1638451616.120605 0.0668453 -0.0085421 1.9343301 0.0093574 0.7312612 0.0032223 0.6820258
1638451616.926960 0.0719093 -0.0086346 1.9340492 0.0094801 0.7315505 0.0045007 0.6817065
1638451617.733329 0.0768836 -0.0085883 1.9337860 0.0092528 0.7316226 0.0041725 0.6816343
1638451618.405291 0.0811181 -0.0086215 1.9335402 0.0094439 0.7325528 0.0051339 0.6806253
1638451619.211688 0.0862819 -0.0085686 1.9332393 0.0081268 0.7331802 0.0068375 0.6799515
1638451619.883649 0.0906294 -0.0085584 1.9329903 0.0082081 0.7330552 0.0071910 0.6800817
1638451620.689963 0.0957679 -0.0086596 1.9327180 0.0083999 0.7338661 0.0063643 0.6792124
1638451621.429054 0.1005267 -0.0086923 1.9324712 0.0087585 0.7334630 0.0031734 0.6796655
1638451622.302561 0.1059622 -0.0087162 1.9321722 0.0099854 0.7318923 0.0038859 0.6813361
1638451623.041677 0.1106443 -0.0086464 1.9319018 0.0086857 0.7326757 0.0072313 0.6804841
1638451623.915173 0.1161426 -0.0086031 1.9315976 0.0069347 0.7335523 0.0067420 0.6795642
1638451624.654291 0.1208026 -0.0086160 1.9313617 0.0076915 0.7324452 0.0046392 0.6807667
1638451625.460634 0.1264370 -0.0086690 1.9310656 0.0090581 0.7320843 0.0032326 0.6811461
1638451626.199757 0.1334056 -0.0088815 1.9307415 0.0118444 0.7307509 -0.0007287 0.6825411
1638451627.006103 0.1411887 -0.0089720 1.9302964 0.0100458 0.7325120 0.0022328 0.6806763
1638451627.745258 0.1485849 -0.0089628 1.9298972 0.0062594 0.7332789 0.0046383 0.6798834
1638451628.350010 0.1543768 -0.0089321 1.9295568 0.0062484 0.7344133 0.0037237 0.6786636
1638451629.089160 0.1615122 -0.0089848 1.9290917 0.0074527 0.7353877 0.0028800 0.6775995
1638451629.693905 0.1673762 -0.0090924 1.9287752 0.0048626 0.7348539 0.0013794 0.6782067
1638451630.231437 0.1725163 -0.0090454 1.9284754 0.0053506 0.7347376 -0.0000245 0.6783303
1638451630.701789 0.1770206 -0.0090626 1.9281970 0.0056175 0.7348881 0.0008859 0.6781646
1638451631.239347 0.1822661 -0.0090363 1.9278259 0.0056029 0.7355546 0.0046490 0.6774263
1638451631.709701 0.1867541 -0.0090117 1.9275107 0.0052786 0.7366738 0.0065239 0.6761962
1638451632.247241 0.1918777 -0.0090749 1.9271549 0.0060411 0.7365577 0.0066166 0.6763154
1638451632.650511 0.1956290 -0.0090654 1.9269001 0.0068027 0.7371415 0.0062957 0.6756749
1638451633.121483 0.1978916 -0.0090963 1.9267386 0.0071100 0.7374697 0.0068678 0.6753079
1638451633.592461 0.1979290 -0.0090652 1.9265097 0.0068063 0.7436151 0.0070271 0.6685364
1638451633.928412 0.1979088 -0.0091141 1.9261019 0.0070552 0.7645369 0.0066387 0.6445072
1638451634.264361 0.1975425 -0.0092718 1.9255296 0.0051489 0.8006614 0.0086131 0.5990331
1638451634.600313 0.1975822 -0.0092403 1.9245032 0.0052779 0.8467932 0.0093244 0.5318143
1638451634.936302 0.1985667 -0.0091760 1.9251888 0.0047484 0.9025857 0.0080632 0.4304086
1638451635.339491 0.1998064 -0.0090884 1.9255080 0.0055972 0.9586494 0.0077688 0.2844287
1638451635.742652 0.2005284 -0.0090042 1.9246849 0.0031248 0.9897264 0.0079383 0.1427196
1638451635.809839 0.2004525 -0.0090124 1.9248223 0.0025933 0.9930472 0.0084104 0.1173877
1638451636.078588 0.2004934 -0.0090073 1.9247116 0.0006671 0.9997128 0.0094563 0.0220099
1638451636.212962 0.2005783 -0.0089962 1.9244878 -0.0009152 0.9996336 0.0090288 -0.0255032
1638451636.347335 0.2003370 -0.0090357 1.9255061 -0.0038239 0.9974571 0.0094968 -0.0705294
1638451624.923072 0.1224952 -0.0086589 1.9312725 0.0083467 0.7322488 0.0039277 0.6809747
1638451625.930985 0.1308299 -0.0087938 1.9308577 0.0106426 0.7315185 0.0003796 0.6817384
1638451627.207693 0.1431902 -0.0089831 1.9301918 0.0091160 0.7330520 0.0016595 0.6801094
1638451628.417205 0.1550277 -0.0089822 1.9295080 0.0062572 0.7344413 0.0042572 0.6786299
1638451629.290747 0.1634499 -0.0089865 1.9289945 0.0064663 0.7352852 0.0021911 0.6777235
1638451630.097054 0.1712171 -0.0090937 1.9285514 0.0049733 0.7347848 0.0002613 0.6782820
1638451630.970568 0.1796240 -0.0090493 1.9280010 0.0062910 0.7349738 0.0028095 0.6780605
1638451631.776894 0.1873915 -0.0090703 1.9274834 0.0049795 0.7368537 0.0067461 0.6760002
1638451632.516012 0.1944140 -0.0091163 1.9269928 0.0060476 0.7369941 0.0073626 0.6758320
1638451633.457925 0.1979132 -0.0090858 1.9266037 0.0068271 0.7392078 0.0067564 0.6734089
1638451634.062792 0.1981057 -0.0090733 1.9258615 0.0065786 0.7780955 0.0069119 0.6280735
1638451634.600313 0.1977823 -0.0092312 1.9247458 0.0045953 0.8482748 0.0088954 0.5294616
1638451635.205095 0.1991484 -0.0091179 1.9246223 0.0056773 0.9403721 0.0082393 0.3400002
1638451635.809839 0.1997302 -0.0089957 1.9235653 0.0031602 0.9916034 0.0086563 0.1289875
1638451635.944214 0.2000059 -0.0089592 1.9229116 0.0025490 0.9967743 0.0091298 0.0796948
1638451636.145775 0.2005918 -0.0090435 1.9254792 0.0010465 0.9999455 0.0092626 -0.0047096
1638451636.280149 0.2009807 -0.0090403 1.9260482 -0.0043567 0.9983018 0.0088266 -0.0574162
1638451640.191486 0.2002250 -0.0090144 1.9249128 -0.0033335 0.9979394 0.0088911 -0.0634567
1638451640.459787 0.2002398 -0.0090115 1.9248159 -0.0037894 0.9978411 0.0092946 -0.0649037
1638451641.063434 0.2002273 -0.0090084 1.9246728 -0.0026275 0.9977674 0.0114650 -0.0657413
1638451641.264659 0.2002216 -0.0090070 1.9246274 -0.0028214 0.9977063 0.0119940 -0.0665606
1638451641.465867 0.2002145 -0.0090065 1.9245738 -0.0017438 0.9976783 0.0120807 -0.0669995
1638451641.667058 0.2002095 -0.0090062 1.9245231 -0.0017617 0.9976161 0.0128418 -0.0677801
1638451641.868331 0.2002033 -0.0090044 1.9244663 -0.0019308 0.9976180 0.0127008 -0.0677739
1638451642.139314 0.2001940 -0.0090036 1.9243867 -0.0018734 0.9976235 0.0120074 -0.0678206
1638451642.478538 0.2001832 -0.0090001 1.9242895 -0.0022743 0.9976040 0.0117525 -0.0681387
1638451642.885843 0.2001688 -0.0089961 1.9241720 -0.0018855 0.9976026 0.0131374 -0.0679178
1638451643.221216 0.2001580 -0.0089913 1.9240742 -0.0025642 0.9975946 0.0140388 -0.0678333
1638451643.623173 0.2001451 -0.0089906 1.9239595 -0.0020895 0.9976741 0.0139201 -0.0666947
1638451644.025113 0.2001351 -0.0089902 1.9238497 -0.0020272 0.9977208 0.0118914 -0.0663908
1638451644.427171 0.2001228 -0.0089866 1.9237393 -0.0023847 0.9977473 0.0112139 -0.0660978
1638451644.829123 0.2001107 -0.0089866 1.9236290 -0.0024928 0.9977310 0.0098162 -0.0665595
1638451645.231198 0.2000985 -0.0089858 1.9235140 -0.0025227 0.9977620 0.0067642 -0.0664743
1638451645.633221 0.2000860 -0.0089842 1.9233959 -0.0026237 0.9977919 0.0064395 -0.0660525
1638451646.035220 0.2000734 -0.0089834 1.9232824 -0.0025413 0.9978141 0.0063725 -0.0657261
1638451646.504276 0.2000586 -0.0089806 1.9231478 -0.0034492 0.9976250 0.0065320 -0.0684821
1638451646.906238 0.2000457 -0.0089814 1.9230350 -0.0034955 0.9975684 0.0048003 -0.0694409
1638451647.308330 0.2000328 -0.0089806 1.9229190 -0.0031313 0.9976348 0.0048941 -0.0684908
1638451647.710314 0.2000215 -0.0089767 1.9228040 -0.0028557 0.9976573 0.0058647 -0.0680980
1638451648.112316 0.2000083 -0.0089732 1.9226893 -0.0025340 0.9975513 0.0082566 -0.0694037
1638451648.581302 0.1999929 -0.0089700 1.9225565 -0.0019187 0.9973949 0.0091843 -0.0715227
1638451648.983299 0.1999801 -0.0089686 1.9224415 -0.0028027 0.9973671 0.0087305 -0.0719360
1638451649.385644 0.1999663 -0.0089659 1.9223269 -0.0025058 0.9973245 0.0086537 -0.0725450
1638451649.854960 0.1999500 -0.0089604 1.9221920 -0.0023457 0.9972557 0.0118785 -0.0730366
1638451650.324131 0.1999333 -0.0089570 1.9220583 -0.0011505 0.9971969 0.0135680 -0.0735731
1638451650.793158 0.1999176 -0.0089537 1.9219210 -0.0014261 0.9971877 0.0127685 -0.0738352
1638451651.262333 0.1999027 -0.0089510 1.9217883 -0.0019046 0.9971780 0.0121557 -0.0740581
1638451651.664435 0.1998883 -0.0089477 1.9216748 -0.0027383 0.9971234 0.0115578 -0.0748586
1638451652.133522 0.1998740 -0.0089475 1.9215441 -0.0040449 0.9970715 0.0100387 -0.0757052
1638451652.535550 0.1998634 -0.0089453 1.9214326 -0.0046402 0.9971041 0.0074980 -0.0755358
1638451652.937661 0.1998517 -0.0089439 1.9213171 -0.0028566 0.9970303 0.0068684 -0.0766509
1638451653.340872 0.1998372 -0.0089416 1.9212062 -0.0020717 0.9968514 0.0055175 -0.0790731
1638451653.676923 0.1998254 -0.0089408 1.9211134 -0.0020709 0.9967260 0.0050261 -0.0806709
1638451653.945634 0.1998165 -0.0089400 1.9210396 -0.0024830 0.9966340 0.0040129 -0.0818440
1638451654.213865 0.1998067 -0.0089384 1.9209638 -0.0028396 0.9966345 0.0045835 -0.0817965
1638451654.482058 0.1997972 -0.0089365 1.9208901 -0.0026932 0.9965282 0.0039024 -0.0831209
1638451654.817246 0.1997866 -0.0089339 1.9208001 -0.0029625 0.9964482 0.0051902 -0.0839960
1638451655.086612 0.1997764 -0.0089326 1.9207275 -0.0023974 0.9963349 0.0069472 -0.0852217
1638451655.423976 0.1997646 -0.0089312 1.9206372 -0.0027936 0.9961957 0.0080856 -0.0867227
1638451655.694004 0.1997551 -0.0089296 1.9205666 -0.0035184 0.9961915 0.0083125 -0.0867240
1638451655.963684 0.1997457 -0.0089296 1.9204965 -0.0035213 0.9961925 0.0077702 -0.0867626
1638451656.232179 0.1997372 -0.0089278 1.9204279 -0.0045563 0.9961470 0.0073292 -0.0872738
1638451656.500654 0.1997270 -0.0089284 1.9203615 -0.0031012 0.9961816 0.0072463 -0.0869485
1638451656.769111 0.1997170 -0.0089262 1.9202950 -0.0032087 0.9961315 0.0064410 -0.0875799
1638451657.037598 0.1997075 -0.0089276 1.9202296 -0.0016913 0.9960809 0.0048536 -0.0882971
1638451657.306100 0.1996977 -0.0089267 1.9201652 -0.0020340 0.9961097 0.0039731 -0.0880091
1638451657.641700 0.1996861 -0.0089259 1.9200833 -0.0028781 0.9961754 0.0045052 -0.0872126
1638451657.843045 0.1996787 -0.0089256 1.9200337 -0.0028126 0.9961888 0.0048531 -0.0870431
1638451658.112725 0.1996687 -0.0089259 1.9199688 -0.0020202 0.9962493 0.0058417 -0.0863081
1638451658.315596 0.1996611 -0.0089259 1.9199208 -0.0011777 0.9962556 0.0057088 -0.0862605
1638451658.518558 0.1996535 -0.0089250 1.9198718 -0.0007151 0.9962187 0.0045603 -0.0867580
1638451658.721611 0.1996453 -0.0089243 1.9198236 0.0006168 0.9962264 0.0029274 -0.0867406
1638451658.924756 0.1996378 -0.0089249 1.9197745 0.0012259 0.9962203 0.0023226 -0.0868231
1638451659193828 0.1996285 -0.0089255 1.9197103 0.0013035 0.9962568 0.0007092 -0.0864297
1638451659395757 0.1996210 -0.0089253 1.9196627 0.0012651 0.9963298 -0.0005155 -0.0855863
1638451659665015 0.1996107 -0.0089247 1.9195982 0.0026785 0.9963890 -0.0030547 -0.0848081
1638451659934296 0.1996013 -0.0089236 1.9195348 0.0033673 0.9963920 -0.0046774 -0.0846742
1638451660203508 0.1995910 -0.0089242 1.9194704 0.0047978 0.9963676 -0.0058429 -0.0848206
1638451654884284 0.1997841 -0.0089347 1.9207815 -0.0023369 0.9964124 0.0059381 -0.0843896
1638451655356488 0.1997670 -0.0089300 1.9206553 -0.0033449 0.9962315 0.0074409 -0.0863496
1638451655829063 0.1997506 -0.0089300 1.9205315 -0.0035256 0.9961848 0.0085343 -0.0867792
1638451656299300 0.1997344 -0.0089287 1.9204111 -0.0037542 0.9961817 0.0072829 -0.0869194
1638451656903339 0.1997121 -0.0089274 1.9202617 -0.0030773 0.9960897 0.0064288 -0.0880594
1638451657507463 0.1996904 -0.0089269 1.9201155 -0.0020898 0.9961612 0.0038785 -0.0874269
1638451658045122 0.1996714 -0.0089254 1.9199852 -0.0026780 0.9962420 0.0050773 -0.0864231
1638451658586232 0.1996507 -0.0089255 1.9198561 0.0001657 0.9962350 0.0038632 -0.0866073
1638451659126556 0.1996305 -0.0089259 1.9197268 0.0019037 0.9962699 0.0008598 -0.0862672
1638451659597699 0.1996136 -0.0089245 1.9196147 0.0016111 0.9963656 -0.0025096 -0.0851276
1638451660270720 0.1995889 -0.0089240 1.9194541 0.0043928 0.9963373 -0.0058670 -0.0851957
1638451664113022 0.1995523 -0.0089157 1.9193864 0.0050779 0.9535935 -0.0092576 -0.3009119
1638451664247126 0.1995484 -0.0089155 1.9193842 0.0039909 0.9472570 -0.0083236 -0.3203420
1638451664448277 0.1995584 -0.0089168 1.9193993 0.0048882 0.9371686 -0.0111303 -0.3486649
1638451664984823 0.1995375 -0.0089148 1.9193915 0.0024550 0.9048954 -0.0093118 -0.4255250
1638451665118940 0.1995407 -0.0089150 1.9193940 -0.0008775 0.8939394 -0.0091098 -0.4480944
1638451665185995 0.1995413 -0.0089153 1.9193960 0.0008781 0.8889233 -0.0084379 -0.4579774
1638451665253048 0.1995387 -0.0089151 1.9193929 0.0018233 0.8823153 -0.0088773 -0.4705716
1638451665320100 0.1995363 -0.0089146 1.9193895 0.0007726 0.8772182 -0.0092943 -0.4800013
1638451654951719 0.1997819 -0.0089331 1.9207634 -0.0031723 0.9963912 0.0065502 -0.0845669
1638451656366419 0.1997320 -0.0089284 1.9203938 -0.0036370 0.9961658 0.0078750 -0.0870552
1638451657238976 0.1997004 -0.0089277 1.9201818 -0.0019445 0.9960839 0.0048525 -0.0882590
1638451657910165 0.1996761 -0.0089264 1.9200169 -0.0023837 0.9962135 0.0056544 -0.0867241
1638451659530384 0.1996160 -0.0089254 1.9196298 0.0025591 0.9963343 -0.0014581 -0.0854945
1638451649921995 0.1999474 -0.0089603 1.9221735 -0.0017697 0.9972707 0.0116490 -0.0728856
1638451650525160 0.1999276 -0.0089556 1.9220006 -0.0018900 0.9971510 0.0141697 -0.0740648
1638451651329357 0.1998999 -0.0089504 1.9217687 -0.0019129 0.9971936 0.0113886 -0.0739704
1638451652066506 0.1998757 -0.0089490 1.9215637 -0.0033230 0.9971033 0.0101309 -0.0753085
1638451653072058 0.1998470 -0.0089428 1.9212804 -0.0031592 0.9969804 0.0062209 -0.0773401
1638451654012695 0.1998142 -0.0089414 1.9210218 -0.0019298 0.9966562 0.0048618 -0.0815420
1638451654683178 0.1997915 -0.0089358 1.9208357 -0.0023452 0.9964459 0.0045701 -0.0840782
1638451655558975 0.1997594 -0.0089292 1.9206018 -0.0032160 0.9962040 0.0073238 -0.0866813
1638451656433537 0.1997297 -0.0089276 1.9203780 -0.0037393 0.9961596 0.0066479 -0.0872228
1638451657373222 0.1996952 -0.0089277 1.9201486 -0.0015320 0.9961323 0.0044649 -0.0877397
163845165847962 0.1996633 -0.0089257 1.9199367 -0.0011497 0.9962780 0.0051914 -0.0860332
1638451658992151 0.1996354 -0.0089253 1.9197586 0.0013988 0.9962173 0.0020824 -0.0868613
1638451659732333 0.1996089 -0.0089245 1.9195819 0.0020998 0.9963728 -0.0029163 -0.0850204
1638451663978909 0.1995743 -0.0089171 1.9194057 0.0058150 0.9590350 -0.0109667 -0.2830156
1638451655289008 0.1997697 -0.0089313 1.9206730 -0.0028678 0.9962211 0.0078087 -0.0864542
1638451655356488 0.1997672 -0.0089300 1.9206551 -0.0034642 0.9962264 0.0074601 -0.0864016
1638451655423976 0.1997646 -0.0089312 1.9206374 -0.0027125 0.9961938 0.0080415 -0.0867516
1638451655626486 0.1997571 -0.0089303 1.9205843 -0.0026186 0.9961922 0.0080804 -0.0867702
1638451656500654 0.1997269 -0.0089284 1.9203615 -0.0029276 0.9961849 0.0072361 -0.0869177
1638451656634885 0.1997222 -0.0089274 1.9203285 -0.0026947 0.9961473 0.0067680 -0.0873929
1638451656769111 0.1997169 -0.0089262 1.9202950 -0.0032026 0.9961366 0.0064803 -0.0875189
1638451657440344 0.1996934 -0.0089270 1.9201323 -0.0024289 0.9961107 0.0047425 -0.0879488
1638451657574582 0.1996883 -0.0089272 1.9200993 -0.0021108 0.9961511 0.0049451 -0.0874871
1638451657708816 0.1996836 -0.0089265 1.9200656 -0.0027004 0.9961613 0.0048744 -0.0873591
1638451657775931 0.1996815 -0.0089264 1.9200501 -0.0030761 0.9961525 0.0056075 -0.0874030
1638451657977529 0.1996737 -0.0089256 1.9200013 -0.0030095 0.9962249 0.0058169 -0.0865621
1638451658315596 0.1996611 -0.0089259 1.9199208 -0.0012154 0.9962501 0.0057264 -0.0863217
1638451658383240 0.1996584 -0.0089251 1.9199047 -0.0013006 0.9962842 0.0046871 -0.0859892
1638451658653917 0.1996486 -0.0089258 1.9198393 0.0005363 0.9961828 0.0043826 -0.0871798
1638451658789316 0.1996428 -0.0089254 1.9198078 0.0012994 0.9962319 0.0030956 -0.0866645
1638451659059354 0.1996333 -0.0089248 1.9197427 0.0008681 0.9962227 0.0014676 -0.0868182
1638451659328446 0.1996234 -0.0089262 1.9196786 0.0020197 0.9963049 -0.0000994 -0.0858632
1638451659866974 0.1996030 -0.0089247 1.9195507 0.0036293 0.9964392 -0.0039169 -0.0841451
1638451660001619 0.1995987 -0.0089245 1.9195186 0.0036867 0.9963782 -0.0050430 -0.0848024
1638451660136271 0.1995938 -0.0089236 1.9194863 0.0036739 0.9963690 -0.0058015 -0.0848629
1638451662088210 0.1995838 -0.0089223 1.9194251 0.0051486 0.9963693 -0.0080094 -0.0846021
1638451662289943 0.1995834 -0.0089223 1.9194247 0.0051602 0.9963400 -0.0080067 -0.0849462
1638451662831466 0.1995722 -0.0089215 1.9194221 0.0055682 0.9939439 -0.0085629 -0.1094129
1638451662899334 0.1995711 -0.0089210 1.9194213 0.0053121 0.9931989 -0.0083524 -0.1160088
1638451662967210 0.1995707 -0.0089211 1.9194211 0.0057183 0.9923311 -0.0085206 -0.1231812
1638451663102984 0.1995670 -0.0089203 1.9194168 0.0058886 0.9904436 -0.0095289 -0.1374630
1638451663306703 0.1995670 -0.0089203 1.9194155 0.0053274 0.9862896 -0.0090012 -0.1646923
1638451663374624 0.1995665 -0.0089203 1.9194145 0.0056434 0.9845657 -0.0086873 -0.1747085
1638451663576524 0.1995569 -0.0089195 1.9194117 0.0061561 0.9791138 -0.0097372 -0.2029866
1638451663643594 0.1995535 -0.0089193 1.9194123 0.0071594 0.9769026 -0.0092847 -0.2133632
1638451663710661 0.1995508 -0.0089191 1.9194114 0.0072290 0.9749126 -0.0093584 -0.2222736
1638451663777726 0.1995478 -0.0089190 1.9194113 0.0074528 0.9726492 -0.0102794 -0.2319316
1638451663844789 0.1995451 -0.0089186 1.9194102 0.0069031 0.9701815 -0.0103736 -0.2420589
1638451663911850 0.1995353 -0.0089180 1.9194028 0.0064749 0.9685148 -0.0089108 -0.2487121
1638451664045967 0.1995348 -0.0089178 1.9194031 0.0078968 0.9621837 -0.0086300 -0.2721500
1638451664113022 0.1995339 -0.0089178 1.9194022 0.0082331 0.9594600 -0.0095225 -0.2815636
163845166480075 0.1995306 -0.0089165 1.9193978 0.0079133 0.9554629 -0.0092780 -0.2948591
1638451664247126 0.1995297 -0.0089164 1.9193954 0.0077818 0.9518724 -0.0084271 -0.3062799
1638451664314175 0.1995307 -0.0089173 1.9194000 0.0066492 0.9491509 -0.0080103 -0.3146494
1638451664381222 0.1995317 -0.0089169 1.9194034 0.0050181 0.9456311 -0.0094248 -0.3250659
1638451664448277 0.1995324 -0.0089169 1.9194090 0.0043556 0.9423579 -0.0103727 -0.3344174
1638451664515352 0.1995317 -0.0089168 1.9194105 0.0033176 0.9386830 -0.0099796 -0.3446209
1638451664582426 0.1995328 -0.0089178 1.9194117 0.0030378 0.9337457 -0.0093061 -0.3578030
1638451664649497 0.1995344 -0.0089172 1.9194065 0.0019474 0.9281985 -0.0094215 -0.3719611
1638451664716566 0.1995317 -0.0089166 1.9193993 0.0016619 0.9227675 -0.0094712 -0.3852371
1638451664783633 0.1995257 -0.0089159 1.9193902 0.0007487 0.9180996 -0.0081771 -0.3962647
1638451664850699 0.1995199 -0.0089161 1.9193974 0.0011325 0.9157255 -0.0077316 -0.4017283
163845166417762 0.1995193 -0.0089167 1.9194069 0.0031963 0.9136552 -0.0086711 -0.4063851
1638451664984823 0.1995168 -0.0089167 1.9194103 0.0043611 0.9104099 -0.0101574 -0.4135597
1638451665051883 0.1995140 -0.0089167 1.9194124 0.0037827 0.9064282 -0.0102208 -0.4222192
1638451665118940 0.1995097 -0.0089169 1.9194143 0.0033399 0.9027712 -0.0090081 -0.4300138
163845166585995 0.1995075 -0.0089171 1.9194162 0.0036317 0.8988017 -0.0080795 -0.4382659
1638451665253048 0.1995007 -0.0089163 1.9194109 0.0050741 0.8934600 -0.0088170 -0.4490276
1638451665320100 0.1994976 -0.0089161 1.9194113 0.0038913 0.8890055 -0.0090297 -0.4577909
1638451665387149 0.1994926 -0.0089158 1.9194101 0.0032841 0.8843603 -0.0083829 -0.4667180
1638451665454290 0.1994919 -0.0089159 1.9194103 0.0029340 0.8793908 -0.0077243 -0.4760288
1638451665589537 0.1994890 -0.0089156 1.9194086 0.0049076 0.8682265 -0.0092027 -0.4960583
1638451665657305 0.1994843 -0.0089151 1.9194064 -0.0038181 -0.8630033 0.0093517 0.5050974
1638451665725078 0.1994789 -0.0089147 1.9194049 -0.0023678 -0.8580249 0.0075746 0.5135468
1638451665860645 0.1994735 -0.0089146 1.9194055 -0.0037968 -0.8480231 0.0081239 0.5298834
1638451665928438 0.1994783 -0.0089150 1.9194072 -0.0054947 -0.8415611 0.0100751 0.5400401
1638451665996238 0.1994781 -0.0089149 1.9194074 -0.0044348 -0.8360484 0.0094410 0.5485565
1638451666131856 0.1994893 -0.0089153 1.9194074 -0.0047013 -0.8223863 0.0089325 0.5688400
1638451666199676 0.1994861 -0.0089152 1.9194074 -0.0044119 -0.8163210 0.0086012 0.5775177
1638451666335333 0.1994795 -0.0089151 1.9194076 -0.0051488 -0.8046182 0.0090001 0.5937020
1638451666739406 0.1994757 -0.0089139 1.9194077 0.0041674 -0.7646250 0.0044888 0.6444464
1638451667007401 0.1994737 -0.0089135 1.9194075 0.0092030 -0.7358676 0.0021127 0.6770596
1638451672975200 0.1994666 -0.0089142 1.9194081 -0.0042638 -0.5825177 0.0038941 0.8127975
1638451673979495 0.1994647 -0.0089143 1.9194083 -0.0039394 -0.5788824 0.0023243 0.8153982
1638451674180339 0.1994643 -0.0089144 1.9194083 -0.0046533 -0.5785995 0.0024038 0.8155950
1638451676123027 0.1994606 -0.0089148 1.9194087 -0.0067197 -0.5729232 -0.0023266 0.8195782
1638451678469926 0.1994565 -0.0089168 1.9194102 -0.0202219 -0.5730619 -0.0162942 0.8191006
1638451679143615 0.1994551 -0.0089175 1.9194107 -0.0250049 -0.5733285 -0.0209047 0.8186771
1638451680688441 0.1994513 -0.0089186 1.9194124 -0.0360034 -0.5737233 -0.0316585 0.8176448
1638451681762646 0.1994485 -0.0089192 1.9194137 -0.0438138 -0.5738297 -0.0388842 0.8168768
1638451682302696 0.1994472 -0.0089196 1.9194142 -0.0474661 -0.5739191 -0.0427252 0.8164180
1638451682437788 0.1994470 -0.0089198 1.9194140 -0.0484595 -0.5738730 -0.0435909 0.8163462
1638451683110027 0.1994459 -0.0089203 1.9194148 -0.0532729 -0.5738944 -0.0480814 0.8157790
1638451686809459 0.1994398 -0.0089215 1.9194169 -0.0791682 -0.5736192 -0.0728142 0.8120292
1638451689161304 0.1994358 -0.0089218 1.9194185 -0.0956651 -0.5732166 -0.0882114 0.8090054
1638451690034783 0.1994339 -0.0089219 1.9194191 -0.1017770 -0.5730003 -0.0939165 0.8077697
1638451690169164 0.1994336 -0.0089219 1.9194192 -0.1026879 -0.5729784 -0.0948112 0.8075653
1638451693260064 0.1994274 -0.0089213 1.9194211 -0.1241137 -0.5719357 -0.1149027 0.8026722
1638451694066416 0.1994260 -0.0089209 1.9194217 -0.1297059 -0.5715843 -0.1200818 0.8012790
1638451694939918 0.1994246 -0.0089205 1.9194223 -0.1357139 -0.5711715 -0.1257342 0.7997097
1638451688892539 0.1994364 -0.0089203 1.9194182 -0.0756327 -0.5731024 -0.0691338 0.8130522
1638451689497258 0.1994353 -0.0089201 1.9194185 -0.0756427 -0.5730820 -0.0691453 0.8130646
1638451690437925 0.1994334 -0.0089198 1.9194192 -0.0756530 -0.5730919 -0.0691634 0.8130552
1638451692856864 0.1994289 -0.0089189 1.9194205 -0.0756976 -0.5730823 -0.0692955 0.8130465
1638451695141495 0.1994248 -0.0089177 1.9194220 -0.0757253 -0.5731233 -0.0694790 0.8129994
1638451696216739 0.1994229 -0.0089173 1.9194225 -0.0757430 -0.5731384 -0.0695756 0.8129789
1638451692050540 0.1994303 -0.0089190 1.9194195 -0.0734460 -0.5655518 -0.0657758 0.8187981
1638451693528866 0.1994276 -0.0089184 1.9194205 -0.0733122 -0.5656200 -0.0659523 0.8187488
1638451693864837 0.1994270 -0.0089182 1.9194208 -0.0732805 -0.5656270 -0.0660009 0.8187429
1638451694872726 0.1994253 -0.0089177 1.9194214 -0.0731850 -0.5656749 -0.0661380 0.8187073
1638451695074303 0.1994249 -0.0089177 1.9194214 -0.0731576 -0.5656824 -0.0661711 0.8187019
1638451695208688 0.1994246 -0.0089176 1.9194217 -0.0731461 -0.5656881 -0.0661919 0.8186973
1638451695880685 0.1994233 -0.0089173 1.9194221 -0.0730845 -0.5657133 -0.0662864 0.8186777
1638451696283950 0.1994223 -0.0089171 1.9194225 -0.0730474 -0.5657309 -0.0663449 0.8186641
1638451696552797 0.1994223 -0.0089171 1.9194224 -0.0730210 -0.5657414 -0.0663818 0.8186562
1638451696955956 0.1994214 -0.0089170 1.9194226 -0.0729842 -0.5657560 -0.0664400 0.8186447
1638451697090337 0.1994214 -0.0089170 1.9194229 -0.0729717 -0.5657606 -0.0664593 0.8186411
