1638451543388161898 -2.531069185351953e-05 1.8202621701601807e-11 0.0 0.0 0.0 7.778406143188477e-05 1.0
1638451543557162046 -2.531069185351953e-05 1.1544397660046002e-09 0.0 0.0 0.0 0.00010414980351924896 1.0
1638451543690161943 -5.500536224417596e-12 3.732790077037862e-09 0.0 0.0 0.0 0.00011528655886650085 1.0
1638451543859161854 -5.500536224417596e-12 3.732790077037862e-09 0.0 0.0 0.0 9.396858513355255e-05 1.0
1638451543994161844 -6.2636345762867585e-12 5.014610504616712e-09 0.0 0.0 0.0 0.0001158546656370163 1.0
1638451544160161972 -5.9633279217430335e-12 3.537987458557268e-09 0.0 0.0 0.0 0.00014551915228366852 1.0
1638451544328161955 -2.5310688215540722e-05 -9.549510515682869e-09 0.0 0.0 0.0 0.00011709332466125488 1.0
1638451544497161865 -2.54570648415553e-12 -3.066908282889358e-09 0.0 0.0 0.0 0.00026690028607845306 0.9999999403953552
1638451544663161993 -2.256217348367562e-12 -1.374220182093211e-09 0.0 0.0 0.0 -7.44163990020752e-05 1.0
1638451544797161818 -6.83005789512553e-13 -7.42898320638119e-09 0.0 0.0 0.0 0.00011749565601348877 1.0
1638451544966161966 -2.531068639655132e-05 -1.4219629917988641e-08 0.0 0.0 0.0 0.0001274850219488144 1.0
1638451545167161942 -9.141321597253005e-13 -7.042490146602631e-09 0.0 0.0 0.0 0.00011947564780712128 1.0
1638451545366688967 -1.7994294747823714e-13 -8.685297814281512e-09 0.0 0.0 0.0 0.0001218654215335846 1.0
1638451545500689030 -1.7994294747823714e-13 -8.685297814281512e-09 0.0 0.0 0.0 0.00018817000091075897 1.0
1638451545666688919 -2.531068639655132e-05 -1.5729819224929997e-08 0.0 0.0 0.0 0.00017335638403892517 1.0
1638451545866688967 -8.443190807963519e-13 -8.803254125666626e-09 0.0 0.0 0.0 0.00010672397911548615 1.0
1638451545999689102 -4.184502137155599e-13 -9.309683690617021e-09 0.0 0.0 0.0 3.106892108917236e-05 1.0
1638451546166688919 -4.184502137155599e-13 -9.309683690617021e-09 0.0 0.0 0.0 9.39834862947464e-05 1.0
1638451546298689127 -8.733777047929825e-15 -9.160847191935773e-09 0.0 0.0 0.0 0.00010767020285129547 1.0
1638451546463689089 -7.025052197948134e-13 -8.502894388584537e-09 0.0 0.0 0.0 0.00013726390898227692 1.0
1638451546596688986 -7.025052197948134e-13 -8.502894388584537e-09 0.0 0.0 0.0 0.00011425837874412537 1.0
1638451546764688969 -7.43366360220904e-13 -3.939746751058237e-09 0.0 0.0 0.0 0.00013529323041439056 1.0
1638451546896688938 -2.531068639655132e-05 -1.1211459316484707e-08 0.0 0.0 0.0 0.00012062862515449524 1.0
163845154761688900 -2.531068639655132e-05 -1.5134945741124284e-08 0.0 0.0 0.0 3.779120743274689e-05 1.0
1638451547207689047 -3.7376324908341974e-13 -1.0219956436685607e-08 0.0 0.0 0.0 0.00021488219499588013 1.0
1638451547340688944 1.8410991047684844e-12 -1.8110821287109502e-08 0.0 0.0 0.0 0.00014872662723064423 1.0
1638451547507688999 -2.531068275857251e-05 -2.4017833055722804e-08 0.0 0.0 0.0 8.465349674224854e-05 1.0
1638451547674689054 3.319408550112035e-12 -1.9395800521238016e-08 0.0 0.0 0.0 1.576356589794159e-05 1.0
1638451547806689024 -2.5310680939583108e-05 -2.8316875955169962e-08 0.0 0.0 0.0 0.0001068897545337677 1.0
1638451547950635910 5.099235703825977e-12 -2.3485144495793975e-08 0.0 0.0 0.0 2.7570873498916626e-05 1.0
1638451548118635893 4.180933377284646e-12 -2.0536424116812668e-08 0.0 0.0 0.0 0.00013634003698825836 1.0
1638451548251636028 5.205543895242526e-12 -2.4306171297894252e-08 0.0 0.0 0.0 9.907782077789307e-05 1.0
1638451548419636011 3.892820094053562e-12 -1.946802719032803e-08 0.0 0.0 0.0 0.00010089017450809479 1.0
1638451548553636074 -2.5310680939583108e-05 -2.7575900674037257e-08 0.0 0.0 0.0 0.0001403316855430603 1.0
1638451548689635992 5.331967506405633e-12 -2.4175250246116775e-08 0.0 0.0 0.0 0.00027985870838165283 0.9999999403953552
1638451548859636068 4.680988669597541e-12 -2.334592430486282e-08 0.0 0.0 0.0 3.766268491744995e-05 1.0
1638451548991636038 4.680988669597541e-12 -2.334592430486282e-08 0.0 0.0 0.0 3.91639769077301e-05 1.0
1638451549159636021 -2.5310679120593704e-05 -3.6096619027148336e-08 0.0 0.0 0.0 0.0001660417765378952 1.0
1638451549324635983 5.333685750008588e-12 -2.592031478343415e-08 0.0 0.0 0.0 0.00012485496699810028 1.0
1638451549478636026 5.333685750008588e-12 -2.592031478343415e-08 0.0 0.0 0.0 6.786920130252838e-05 1.0
1638451549611635923 5.333685750008588e-12 -2.592031478343415e-08 0.0 0.0 0.0 0.00013303756713867188 1.0
1638451549749635935 -2.5310679120593704e-05 -3.726175634710671e-08 0.0 0.0 0.0 0.0001469627022743225 1.0
1638451549916635990 6.168731324363019e-12 -2.9433216752750013e-08 0.0 0.0 0.0 0.00017570145428180695 1.0
163845155048635960 6.240570560311909e-12 -2.8912644722822733e-08 0.0 0.0 0.0 0.00010379962623119354 1.0
1638451550216635942 6.240570560311909e-12 -2.8912644722822733e-08 0.0 0.0 0.0 0.00016267038881778717 1.0
1638451550348635912 6.240570560311909e-12 -2.8912644722822733e-08 0.0 0.0 0.0 7.763877511024475e-05 1.0
1638451550516587019 4.980937103743477e-12 -2.2426883461434954e-08 0.0 0.0 0.0 0.0001402534544467926 1.0
1638451550649587154 4.980937103743477e-12 -2.2426883461434954e-08 0.0 0.0 0.0 0.00027661770582199097 0.9999999403953552
1638451550818587065 -2.531068275857251e-05 -2.722604008909002e-08 0.0 0.0 0.0 0.000111360102891922 1.0
1638451550951586962 2.5216946586414934e-12 -1.936827054294099e-08 0.0 0.0 0.0 0.00013917312026023865 1.0
1638451551119587183 1.8020592613618436e-12 -2.314235558742439e-08 0.0 0.0 0.0 5.603022873401642e-05 1.0
1638451551251587152 1.1167824477686938e-12 -2.3105961588498758e-08 0.0 0.0 0.0 0.00014039501547813416 1.0
1638451551418586969 1.1167824477686938e-12 -2.3105961588498758e-08 0.0 0.0 0.0 0.00013912469148635864 1.0
1638451551553586960 -2.5310684577561915e-05 -3.111096447128148e-08 0.0 0.0 0.0 0.00022310204803943634 1.0
1638451551720587015 -2.5310684577561915e-05 -3.019479777321976e-08 0.0 0.0 0.0 0.00011110305786132812 1.0
1638451551852586985 -2.5310684577561915e-05 -3.4254625802532246e-08 0.0 0.0 0.0 0.00010296516120433807 1.0
163845155217587185 -1.9747749442633467e-12 -1.951654127196889e-08 0.0 0.0 0.0 0.00015546567738056183 1.0
1638451552217586994 -9.383105186930307e-13 -1.9136367157557288e-08 0.0 0.0 0.0 0.00017048604786396027 1.0
1638451552351587057 4.505604738044497e-14 -2.278151178813914e-08 0.0 0.0 0.0 8.477643132209778e-05 1.0
1638451552518587112 -8.120906697757155e-14 -2.1924890347690962e-08 0.0 0.0 0.0 7.247738540172577e-05 1.0
1638451552651587009 -2.389517349179332e-13 -2.4581170876558645e-08 0.0 0.0 0.0 9.339116513729095e-05 1.0
1638451552818587065 -3.5640164864486623e-13 -2.418341082943698e-08 0.0 0.0 0.0 7.486343383789062e-05 1.0
1638451552953413010 9.48980884108927e-14 -2.3419145733782898e-08 0.0 0.0 0.0 0.0001345127820968628 1.0
1638451553122412920 -3.035535581577542e-12 -1.6518747258942312e-08 0.0 0.0 0.0 0.00025859102606773376 0.9999999403953552
1638451553256412983 -2.5310688215540722e-05 -2.2805132005032647e-08 0.0 0.0 0.0 0.0001432429999113083 1.0
1638451553425412893 -2.531068639655132e-05 -2.7276914948970443e-08 0.0 0.0 0.0 0.00036561861634254456 0.9999999403953552
1638451553557412863 -2.714511558241095e-12 -1.533333993108954e-08 0.0 0.0 0.0 9.129196405410767e-05 1.0
1638451553726413012 -2.714511558241095e-12 -1.533333993108954e-08 0.0 0.0 0.0 7.766671478748322e-05 1.0
1638451553859412909 -1.6783913668605432e-12 -1.5813556686339325e-08 0.0 0.0 0.0 7.161684334278107e-05 1.0
163845155425412798 -4.8019471428698e-13 -1.7902214821674534e-08 0.0 0.0 0.0 0.00016862712800502777 1.0
1638451554191412926 -2.545880173343562e-12 -1.3491157524470054e-08 0.0 0.0 0.0 1.2952834367752075e-05 1.0
1638451554291412830 -1.829259833885377e-12 -1.969928398182219e-08 0.0 0.0 0.0 -0.00015773065388202667 1.0
1638451554459412813 -2.0672628105872226e-12 -2.0430075409194615e-08 0.0 0.0 0.0 0.0001889485865831375 1.0
1638451554591413021 -8.06590471497115e-13 -2.3728844666948135e-08 0.0 0.0 0.0 0.00012205727398395538 1.0
1638451554757412910 -1.7104015686414398e-13 -2.631587037171812e-08 0.0 0.0 0.0 0.0003413446247577667 0.9999999403953552
1638451554923412800 1.907396332892497e-12 -3.215654942323454e-08 0.0 0.0 0.0 0.00016007199883460999 1.0
163845155556412935 -2.5310684577561915e-05 -3.4408611071512496e-08 0.0 0.0 0.0 -2.378597855567932e-06 1.0
1638451555223412991 1.879398112830666e-12 -3.2932554461240215e-08 0.0 0.0 0.0 0.00014005973935127258 1.0
1638451555373929977 1.7516882042101223e-12 -3.4347277022561684e-08 0.0 0.0 0.0 0.00015898793935775757 1.0
1638451555573930025 1.5290000168755036e-12 -3.605061493772155e-08 0.0 0.0 0.0 9.169057011604309e-05 1.0
1638451555773930073 1.271601313829196e-12 -3.535362935735975e-08 0.0 0.0 0.0 0.00014984607696533203 1.0
1638451555972929955 1.271601313829196e-12 -3.535362935735975e-08 0.0 0.0 0.0 0.00012806430459022522 1.0
1638451556171930075 1.271601313829196e-12 -3.535362935735975e-08 0.0 0.0 0.0 0.00015136413276195526 1.0
1638451556305929899 1.6164025413295535e-12 -3.558553629545713e-08 0.0 0.0 0.0 0.00014432333409786224 1.0
1638451556436929941 1.7721104531714937e-12 -3.888303368171364e-08 0.0 0.0 0.0 7.852911949157715e-06 1.0
1638451556604929924 1.8189513480496022e-12 -3.6533666758487016e-08 0.0 0.0 0.0 0.0002497732639312744 0.9999999403953552
1638451556738929987 -2.5310684577561915e-05 -4.277389820117605e-08 0.0 0.0 0.0 0.00011147372424602509 1.0
1638451556911930084 -2.5310684577561915e-05 -4.082964366602937e-08 0.0 0.0 0.0 0.0001653674989938736 1.0
163845155745929909 1.4498837243651086e-12 -3.5055769842529116e-08 0.0 0.0 0.0 0.00010154582560062408 1.0
1638451557232929945 -2.5310684577561915e-05 -3.977812923494639e-08 0.0 0.0 0.0 0.00012200139462947845 1.0
1638451557420929909 1.3255893778485461e-12 -3.4281466554375584e-08 0.0 0.0 0.0 0.0001276601105928421 1.0
1638451557553930044 1.3255893778485461e-12 -3.4281466554375584e-08 0.0 0.0 0.0 0.00013928301632404327 1.0
1638451557720929861 1.3255893778485461e-12 -3.4281466554375584e-08 0.0 0.0 0.0 8.308514952659607e-05 1.0
1638451557908455133 1.3255893778485461e-12 -3.4281466554375584e-08 0.0 0.0 0.0 0.00014585815370082855 1.0
163845155843455124 -1.5534614068203612e-13 -3.0201270817542536e-08 0.0 0.0 0.0 0.00015561841428279877 1.0
1638451558209455013 -2.5310684577561915e-05 -4.0502133202835466e-08 0.0 0.0 0.0 0.00033226609230041504 0.9999999403953552
1638451558381455183 -1.6666291827518998e-12 -2.7781657863101827e-08 0.0 0.0 0.0 0.00021173246204853058 1.0
1638451558515455008 -2.12041560525289e-12 -2.655023578768123e-08 0.0 0.0 0.0 5.891174077987671e-05 1.0
1638451558647455215 -2.12041560525289e-12 -2.655023578768123e-08 0.0 0.0 0.0 8.177012205123901e-05 1.0
1638451558815455198 -2.039507451812028e-12 -2.2889487638622086e-08 0.0 0.0 0.0 0.0001068115234375 1.0
1638451558955455065 -2.5310688215540722e-05 -2.9067155793427446e-08 0.0 0.0 0.0 0.00013705529272556305 1.0
163845155995455170 -2.4034446308163204e-12 -2.31660841620851e-08 0.0 0.0 0.0 1.7557293176651e-05 1.0
1638451559275454998 -4.162728321766007e-12 -1.97730702922172e-08 0.0 0.0 0.0 0.00020521320402622223 1.0
1638451559424455166 -2.5310690034530126e-05 -2.9870975026824453e-08 0.0 0.0 0.0 -5.335360765457153e-05 1.0
1638451559557455063 -3.579921949159459e-12 -2.73591478361368e-08 0.0 0.0 0.0 0.0001356136053800583 1.0
1638451559724455118 -2.5310690034530126e-05 -2.705638380007258e-08 0.0 0.0 0.0 8.852407336235046e-05 1.0
1638451559838455200 -6.153467492497899e-12 -1.554229811517871e-08 0.0 0.0 0.0 8.04513692855835e-05 1.0
16384515605455017 -6.153467492497899e-12 -1.554229811517871e-08 0.0 0.0 0.0 0.00012674182653427124 1.0
1638451560171455145 -2.531069185351953e-05 -2.0222648444701008e-08 0.0 0.0 0.0 0.00015287846326828003 1.0
1638451560323455095 -2.5310690034530126e-05 -2.4547432531107916e-08 0.0 0.0 0.0 0.0001146215945482254 1.0
1638451560471904039 -2.5310690034530126e-05 -2.3333877052778007e-08 0.0 0.0 0.0 0.00013447925448417664 1.0
1638451560607903957 -5.994047706098238e-12 -1.217573419864948e-08 0.0 0.0 0.0 -1.0151416063308716e-06 1.0
1638451560774904013 -7.921471638361322e-12 -5.991841689478861e-09 0.0 0.0 0.0 0.00015293993055820465 1.0
1638451560974904060 -7.514258312801836e-12 -1.0364713531885172e-08 0.0 0.0 0.0 0.00014293566346168518 1.0
1638451561140903950 -2.531069185351953e-05 -1.992115805649064e-08 0.0 0.0 0.0 0.00021728500723838806 1.0
1638451561315904140 -6.456646849117842e-12 -1.2448420072530553e-08 0.0 0.0 0.0 9.778887033462524e-06 1.0
1638451561518903971 -6.714526937928733e-12 -1.3888080907520362e-08 0.0 0.0 0.0 6.0345977544784546e-05 1.0
1638451561745903969 -6.714526937928733e-12 -1.3888080907520362e-08 0.0 0.0 0.0 -0.0001564566045999527 1.0
1638451561930903912 -2.5310695491498336e-05 -4.828825339586729e-09 0.0 0.0 0.0 -0.00020146556198596954 1.0
163845156298904133 -2.5310693672508933e-05 -2.1924341453427587e-08 0.0 0.0 0.0 0.0003499053418636322 0.9999999403953552
1638451562276904106 -1.0994324374513642e-11 -6.717448819415495e-09 0.0 0.0 0.0 0.0002509038895368576 0.9999999403953552
1638451562450904131 -2.531069731048774e-05 -7.171406579686845e-09 0.0 0.0 0.0 9.336508810520172e-05 1.0
1638451562599904060 -1.1177863322442416e-11 -1.7709665955933929e-09 0.0 0.0 0.0 4.774704575538635e-05 1.0
1638451562767904043 -1.0906051235715086e-11 -3.1772728892320856e-10 0.0 0.0 0.0 3.84841114282608e-05 1.0
1638451562910584927 -1.0821234533442414e-11 7.75985553591596e-10 0.0 0.0 0.0 0.00010609440505504608 1.0
163845156378584909 -2.531069731048774e-05 -5.446848749812716e-09 0.0 0.0 0.0 0.00010836124420166016 1.0
1638451563247585058 -1.1415060736930105e-11 8.52666895423404e-11 0.0 0.0 0.0 5.2500516176223755e-05 1.0
1638451563414584875 -1.1224316615043861e-11 -3.650834842772177e-11 0.0 0.0 0.0 6.810761988162994e-05 1.0
1638451563614584923 -2.531069731048774e-05 -6.924273154851335e-09 0.0 0.0 0.0 4.739686846733093e-05 1.0
1638451563748584986 -1.1221269573258308e-11 -2.364189732873001e-09 0.0 0.0 0.0 0.00011828914284706116 1.0
1638451563917584896 2.5310675482614897e-05 4.3456294118726646e-10 0.0 0.0 0.0 -3.962405025959015e-05 1.0
163845156451584959 0.0006327669834718108 -4.353862834705069e-07 0.0 0.0 0.0 -0.0004710294015239924 0.9999998807907104
1638451564216584921 0.002227338496595621 -2.74005219580431e-06 0.0 0.0 0.0 -0.0007547865970991552 0.9999997019767761
1638451564402585030 0.005239306483417749 -7.40617724659387e-06 0.0 0.0 0.0 -0.001013336586765945 0.999999463558197
1638451564543585062 0.008048783987760544 -1.4167102563078515e-05 0.0 0.0 0.0 -0.0013672648929059505 0.9999990463256836
1638451564712584972 0.011946616694331169 -2.4338984076166525e-05 0.0 0.0 0.0 -0.0012802645796909928 0.9999991655349731
1638451564918585062 0.01789460889995098 -3.877486233250238e-05 0.0 0.0 0.0 -0.0013491525314748287 0.9999991059303284
163845156553585052 0.022678308188915253 -5.296740710036829e-05 0.0 0.0 0.0 -0.0015557886799797416 0.9999988079071045
1638451565189584970 0.02801883965730667 -6.853966624476016e-05 0.0 0.0 0.0 -0.0015203481307253242 0.9999988675117493
1638451565356585026 0.034650202840566635 -9.07238936633803e-05 0.0 0.0 0.0 -0.0018885459285229445 0.9999982118606567
1638451565500622988 0.03988947719335556 -0.00010986469715135172 0.0 0.0 0.0 -0.0018418942345306277 0.9999983310699463
1638451565666623116 0.04700172320008278 -0.00013788300566375256 0.0 0.0 0.0 -0.0022143125534057617 0.9999975562095642
1638451565798623085 0.053531818091869354 -0.0001668008917476982 0.0 0.0 0.0 -0.0021781029645353556 0.999997615814209
1638451565963623047 0.06175769120454788 -0.00020721741020679474 0.0 0.0 0.0 -0.0027046506293118 0.9999963641166687
163845156697623110 0.06914832442998886 -0.00024402601411566138 0.0 0.0 0.0 -0.0025534024462103844 0.9999967217445374
1638451566262623072 0.07891809940338135 -0.0002970591885969043 0.0 0.0 0.0 -0.0028033796697854996 0.9999960660934448
1638451566396623135 0.08676426857709885 -0.0003444114699959755 0.0 0.0 0.0 -0.0033171898685395718 0.9999945163726807
1638451566569622993 0.09709082543849945 -0.00040914732380770147 0.0 0.0 0.0 -0.003202797845005989 0.9999948740005493
1638451566702623129 0.10503818839788437 -0.0004644421860575676 0.0 0.0 0.0 -0.003289194544777274 0.9999945759773254
1638451566875622988 0.11533937603235245 -0.0005381234805099666 0.0 0.0 0.0 -0.003570455824956298 0.999993622303009
163845156710622978 0.12328673899173737 -0.0005933184293098748 0.0 0.0 0.0 -0.0036382819525897503 0.9999933838844299
1638451567147623062 0.1315377950668335 -0.0006536501459777355 0.0 0.0 0.0 -0.0035284014884382486 0.9999938011169434
1638451567318623066 0.14183896780014038 -0.0007306560291908681 0.0 0.0 0.0 -0.0037414103280752897 0.9999930262565613
1638451567451622963 0.14973567426204681 -0.0007907409453764558 0.0 0.0 0.0 -0.0041135321371257305 0.9999915361404419
1638451567654623032 0.1618843972682953 -0.0008893483900465071 0.0 0.0 0.0 -0.004065984860062599 0.9999917149543762
1638451567823622942 0.1719323992729187 -0.0009692382882349193 0.0 0.0 0.0 -0.003977753687649965 0.9999920725822449
1638451567964710951 0.180006206035614 -0.001038139103911817 0.0 0.0 0.0 -0.004455041140317917 0.9999901056289673
163845156897711086 0.18782688677310944 -0.0011073662899434566 0.0 0.0 0.0 -0.004470573738217354 0.9999899864196777
1638451568263710976 0.19764702022075653 -0.0011970470659434795 0.0 0.0 0.0 -0.00460490258410573 0.99998939037323
1638451568394711018 0.20541703701019287 -0.0012713137548416853 0.0 0.0 0.0 -0.004918653983622789 0.9999879002571106
1638451568563710928 0.21533837914466858 -0.0013648523017764091 0.0 0.0 0.0 -0.004820121452212334 0.9999883770942688
1638451568696711063 0.223260298371315 -0.0014384051319211721 0.0 0.0 0.0 -0.004482895135879517 0.999989926815033
1638451568862710953 0.2330297827720642 -0.0015307682333514094 0.0 0.0 0.0 -0.004699658136814833 0.9999889731407166
1638451568995711088 0.2408251017332077 -0.0016053869621828198 0.0 0.0 0.0 -0.0050869290716946125 0.9999870657920837
1638451569161710978 0.2506957948207855 -0.0017030638409778476 0.0 0.0 0.0 -0.005112767219543457 0.9999869465827942
1638451569293710947 0.2584657371044159 -0.0017859614454209805 0.0 0.0 0.0 -0.00522673549130559 0.9999863505363464
1638451569426711082 0.26628631353378296 -0.0018702775705605745 0.0 0.0 0.0 -0.005514500662684441 0.9999848008155823
1638451569560710907 0.2742840349674225 -0.0019574048928916454 0.0 0.0 0.0 -0.005618999246507883 0.9999842047691345
1638451569726711035 0.2840786278247833 -0.002070468617603183 0.0 0.0 0.0 -0.005685511045157909 0.9999838471412659
1638451569858711004 0.29182320833206177 -0.0021592869888991117 0.0 0.0 0.0 -0.005938306916505098 0.9999823570251465
16384515705711079 0.3005801737308502 -0.0022581738885492086 0.0 0.0 0.0 -0.005433972459286451 0.9999852180480957
1638451570171710968 0.3105013072490692 -0.0023709272500127554 0.0 0.0 0.0 -0.005474161822348833 0.9999850392341614
1638451570304710865 0.31834712624549866 -0.002458148170262575 0.0 0.0 0.0 -0.005593240726739168 0.9999843835830688
1638451570459342003 0.3282935917377472 -0.002570813288912177 0.0 0.0 0.0 -0.005672091152518988 0.9999839067459106
1638451570627341986 0.3383665382862091 -0.0026863873936235905 0.0 0.0 0.0 -0.005450780503451824 0.9999851584434509
1638451570759342194 0.34626293182373047 -0.00277646048925817 0.0 0.0 0.0 -0.005898117553442717 0.9999825954437256
1638451570927342176 0.3563106656074524 -0.0028860915917903185 0.0 0.0 0.0 -0.005484177265316248 0.9999849796295166
163845157162342167 0.36440959572792053 -0.0029759143944829702 0.0 0.0 0.0 -0.005436721257865429 0.9999852180480957
1638451571196341991 0.37240728735923767 -0.003064798191189766 0.0 0.0 0.0 -0.00546471681445837 0.9999850392341614
1638451571361342192 0.38217663764953613 -0.0031718716491013765 0.0 0.0 0.0 -0.005609043408185244 0.9999842643737793
1638451571492341995 0.39002248644828796 -0.003257087664678693 0.0 0.0 0.0 -0.0052717868238687515 0.9999861121177673
1638451571592342138 0.3958688974380493 -0.0033198457676917315 0.0 0.0 0.0 -0.005338274873793125 0.9999857544898987
1638451571761342049 0.4058913588523865 -0.0034251785837113857 0.0 0.0 0.0 -0.005362548399716616 0.9999856352806091
1638451571895342112 0.41381311416625977 -0.0035130693577229977 0.0 0.0 0.0 -0.0054650576785206795 0.9999850392341614
163845157262342167 0.42363306879997253 -0.0036184515338391066 0.0 0.0 0.0 -0.005490018520504236 0.9999849200248718
1638451572261342049 0.4353511929512024 -0.0037439949810504913 0.0 0.0 0.0 -0.005414459388703108 0.9999853372573853
1638451572426342010 0.44514593482017517 -0.003843805054202676 0.0 0.0 0.0 -0.005217647645622492 0.9999864101409912
1638451572563342094 0.45316895842552185 -0.0039277514442801476 0.0 0.0 0.0 -0.005283202510327101 0.9999860525131226
1638451572721342087 0.46255868673324585 -0.004027365706861019 0.0 0.0 0.0 -0.005506908521056175 0.999984860420227
1638451572854341984 0.4704551696777344 -0.004112358670681715 0.0 0.0 0.0 -0.005441837944090366 0.9999852180480957
1638451572994803190 0.4781997799873352 -0.004200550261884928 0.0 0.0 0.0 -0.0057405345141887665 0.999983549118042
163845157394803095 0.484122097492218 -0.0042681884951889515 0.0 0.0 0.0 -0.006017754785716534 0.9999818801879883
1638451573263803005 0.494169682264328 -0.004389937501400709 0.0 0.0 0.0 -0.005821848753839731 0.9999830722808838
1638451573399803162 0.5021166205406189 -0.004488593433052301 0.0 0.0 0.0 -0.0064426083117723465 0.9999792575836182
1638451573565803051 0.5119617581367493 -0.004609778057783842 0.0 0.0 0.0 -0.006213790737092495 0.9999806880950928
1638451573698803186 0.5199593305587769 -0.004707280080765486 0.0 0.0 0.0 -0.005848752334713936 0.9999828934669495
1638451573868803024 0.5300069451332092 -0.0048307981342077255 0.0 0.0 0.0 -0.00611944030970335 0.9999812841415405
16384515743803015 0.5380045771598816 -0.004925517365336418 0.0 0.0 0.0 -0.005978524684906006 0.9999821186065674
1638451574104803085 0.5441039800643921 -0.004998055286705494 0.0 0.0 0.0 -0.005737410858273506 0.999983549118042
1638451574271803141 0.5541010499000549 -0.005115181673318148 0.0 0.0 0.0 -0.00595104368403554 0.9999822974205017
1638451574471803188 0.5661481618881226 -0.005253278184682131 0.0 0.0 0.0 -0.005960781127214432 0.9999822378158569
1638451574607803106 0.5742217302322388 -0.005345270037651062 0.0 0.0 0.0 -0.005634738132357597 0.9999841451644897
1638451574772803068 0.5840669274330139 -0.005457006394863129 0.0 0.0 0.0 -0.005453106947243214 0.9999851584434509
1638451574906803131 0.5919886827468872 -0.0055491202510893345 0.0 0.0 0.0 -0.00645463727414608 0.9999791979789734
163845157573803186 0.6019349098205566 -0.005676806438714266 0.0 0.0 0.0 -0.006461517419666052 0.9999791383743286
1638451575206803083 0.6098817586898804 -0.005780885461717844 0.0 0.0 0.0 -0.006321229971945286 0.9999800324440002
1638451575339802980 0.6176261901855469 -0.005879969801753759 0.0 0.0 0.0 -0.006594829726964235 0.999978244304657
1638451575517437935 0.6294199228286743 -0.0060377600602805614 0.0 0.0 0.0 -0.006885965820401907 0.9999762773513794
1638451575650438070 0.6372402310371399 -0.0061427876353263855 0.0 0.0 0.0 -0.006592622492462397 0.999978244304657
1638451575818438053 0.6472116708755493 -0.0062806871719658375 0.0 0.0 0.0 -0.0070684729143977165 0.9999750256538391
1638451575951437950 0.654981255531311 -0.0063916416838765144 0.0 0.0 0.0 -0.007435966748744249 0.9999723434448242
1638451576116437912 0.6648259162902832 -0.006541294977068901 0.0 0.0 0.0 -0.007705552503466606 0.9999703168869019
1638451576248438120 0.6725953221321106 -0.006664650980383158 0.0 0.0 0.0 -0.008075656369328499 0.9999673962593079
1638451576449438095 0.6844643950462341 -0.006857954431325197 0.0 0.0 0.0 -0.00846228189766407 0.99996417760849
1638451576617438078 0.694308876991272 -0.007022473495453596 0.0 0.0 0.0 -0.008589294739067554 0.999963104724884
1638451576819437981 0.7062284350395203 -0.007228610571473837 0.0 0.0 0.0 -0.008695866912603378 0.9999622106552124
163845157718438101 0.7180719375610352 -0.007440574932843447 0.0 0.0 0.0 -0.00916348211467266 0.9999580383300781
1638451577218437910 0.7299151420593262 -0.007661332376301289 0.0 0.0 0.0 -0.009392324835062027 0.9999558925628662
1638451577417438030 0.7418343424797058 -0.00788896530866623 0.0 0.0 0.0 -0.00922843161970377 0.9999574422836304
1638451577621438026 0.7540066838264465 -0.008115561679005623 0.0 0.0 0.0 -0.008580031804740429 0.9999631643295288
1638451577754437923 0.7619783282279968 -0.008253529667854309 0.0 0.0 0.0 -0.008553378283977509 0.9999634027481079
1638451577932161093 0.7718481421470642 -0.008417746052145958 0.0 0.0 0.0 -0.008258013986051083 0.9999659061431885
1638451578100161076 0.781895101070404 -0.008582690730690956 0.0 0.0 0.0 -0.00811825692653656 0.9999670386314392
1638451578266160965 0.7918661832809448 -0.008747393265366554 0.0 0.0 0.0 -0.008082244545221329 0.9999673366546631
1638451578403161049 0.799964427947998 -0.008880984969437122 0.0 0.0 0.0 -0.00833769142627716 0.999965250492096
1638451578569160938 0.8098090291023254 -0.009040354751050472 0.0 0.0 0.0 -0.00817910023033619 0.999966561794281
1638451578709161043 0.8181352019309998 -0.009171217679977417 0.0 0.0 0.0 -0.007712585851550102 0.9999702572822571
1638451578855160952 0.8266891241073608 -0.00930780079215765 0.0 0.0 0.0 -0.00802139937877655 0.9999678134918213
163845157920160913 0.8364578485488892 -0.009459177032113075 0.0 0.0 0.0 -0.00772233447059989 0.9999701976776123
1638451579221160889 0.8482765555381775 -0.009641529992222786 0.0 0.0 0.0 -0.007939668372273445 0.9999684691429138
1638451579355160952 0.8562231659889221 -0.00976619217544794 0.0 0.0 0.0 -0.007578341290354729 0.9999712705612183
1638451579520160913 0.8659918904304504 -0.009921085089445114 0.0 0.0 0.0 -0.008005727082490921 0.9999679327011108
1638451579651160955 0.8737612962722778 -0.010043211281299591 0.0 0.0 0.0 -0.008033719845116138 0.9999677538871765
1638451579818161011 0.8836311101913452 -0.010205533355474472 0.0 0.0 0.0 -0.008057260885834694 0.9999675154685974
163845158019160986 0.8955255150794983 -0.01040479727089405 0.0 0.0 0.0 -0.008117865771055222 0.9999670386314392
1638451580188160896 0.9054964184761047 -0.01057487167418003 0.0 0.0 0.0 -0.008704513311386108 0.9999620914459229
1638451580355160952 0.9152901768684387 -0.010744846425950527 0.0 0.0 0.0 -0.008805979043245316 0.9999611973762512
1638451580507216930 0.9252358675003052 -0.010914289392530918 0.0 0.0 0.0 -0.008580748923122883 0.9999631643295288
1638451580706216812 0.9370794296264648 -0.01112110074609518 0.0 0.0 0.0 -0.008867559023201466 0.9999606609344482
1638451580905216932 0.9488975405693054 -0.011337757110595703 0.0 0.0 0.0 -0.00918485876172781 0.999957799911499
163845158171216822 0.9588428735733032 -0.011522650718688965 0.0 0.0 0.0 -0.009097431786358356 0.9999586343765259
1638451581270216942 0.9707874655723572 -0.01174408383667469 0.0 0.0 0.0 -0.009583214297890663 0.999954104423523
1638451581472216845 0.9828584790229797 -0.011972172185778618 0.0 0.0 0.0 -0.009413623251020908 0.9999557137489319
1638451581670216799 0.9947016835212708 -0.012195334769785404 0.0 0.0 0.0 -0.009818561375141144 0.9999517798423767
1638451581845216990 1.005051851272583 -0.012394984252750874 0.0 0.0 0.0 -0.009847166016697884 0.9999515414237976
163845158245216799 1.0179580450057983 -0.012647264637053013 0.0 0.0 0.0 -0.009465115144848824 0.9999551773071289
1638451582211216927 1.0304086208343506 -0.012882839888334274 0.0 0.0 0.0 -0.009529598988592625 0.9999545812606812
1638451582422216892 1.0493124723434448 -0.01323029026389122 0.0 0.0 0.0 -0.008737689815461636 0.9999618530273438
1638451582594216824 1.0663186311721802 -0.013531368225812912 0.0 0.0 0.0 -0.008781555108726025 0.9999614357948303
1638451582759216785 1.0827172994613647 -0.013826563023030758 0.0 0.0 0.0 -0.00908232294023037 0.9999587535858154
1638451582945477009 1.0990400314331055 -0.014124673791229725 0.0 0.0 0.0 -0.009403041563928127 0.9999557733535767
163845158345476913 1.1090108156204224 -0.014306783676147461 0.0 0.0 0.0 -0.009058010764420033 0.9999589920043945
1638451583147476912 1.1191080808639526 -0.014491812326014042 0.0 0.0 0.0 -0.008983355015516281 0.9999596476554871
1638451583314476967 1.1356837749481201 -0.01479518786072731 0.0 0.0 0.0 -0.009144731797277927 0.9999581575393677
1638451583446476936 1.1489444971084595 -0.015035114251077175 0.0 0.0 0.0 -0.009218905121088028 0.9999575018882751
1638451583614476919 1.1657733917236328 -0.015337004326283932 0.0 0.0 0.0 -0.008721350692212582 0.9999619722366333
1638451583753477097 1.1797680854797363 -0.015580845065414906 0.0 0.0 0.0 -0.008466553874313831 0.99996417760849
1638451583919476986 1.1964201927185059 -0.015854110941290855 0.0 0.0 0.0 -0.008258993737399578 0.9999659061431885
163845158452477121 1.2097316980361938 -0.01607777550816536 0.0 0.0 0.0 -0.008669656701385975 0.9999623894691467
1638451584218477011 1.2262064218521118 -0.016363702714443207 0.0 0.0 0.0 -0.008552758023142815 0.9999634027481079
1638451584352477074 1.2394672632217407 -0.016587456688284874 0.0 0.0 0.0 -0.008401239290833473 0.999964714050293
1638451584519477129 1.2560687065124512 -0.016861092299222946 0.0 0.0 0.0 -0.008074795827269554 0.9999673962593079
1638451584651477098 1.2691526412963867 -0.017072085291147232 0.0 0.0 0.0 -0.008179033175110817 0.999966561794281
1638451584818476915 1.2858047485351562 -0.017351647838950157 0.0 0.0 0.0 -0.00862863752990961 0.9999627470970154
1638451584950477123 1.2989387512207031 -0.01759173534810543 0.0 0.0 0.0 -0.009506506845355034 0.9999548196792603
1638451585115477085 1.3152862787246704 -0.017912331968545914 0.0 0.0 0.0 -0.00991156417876482 0.9999508857727051
1638451585249476910 1.3284703493118286 -0.018179571256041527 0.0 0.0 0.0 -0.010508337989449501 0.999944806098938
1638451585415477037 1.3450450897216797 -0.01853165030479431 0.0 0.0 0.0 -0.01088666170835495 0.9999407529830933
1638451585547409058 1.3584312200546265 -0.018825603649020195 0.0 0.0 0.0 -0.011245716363191605 0.9999367594718933
1638451585715409040 1.3752840757369995 -0.019197309389710426 0.0 0.0 0.0 -0.010759524069726467 0.9999421238899231
1638451585849409103 1.3887966871261597 -0.019494928419589996 0.0 0.0 0.0 -0.011091942898929119 0.9999384880065918
163845158617409086 1.4056493043899536 -0.01987411081790924 0.0 0.0 0.0 -0.011343574151396751 0.9999356865882874
1638451586151408911 1.4190351963043213 -0.020180700346827507 0.0 0.0 0.0 -0.011628828942775726 0.9999324083328247
1638451586319408894 1.4357101917266846 -0.020573800429701805 0.0 0.0 0.0 -0.01197079848498106 0.99992835521698
1638451586519408941 1.4556242227554321 -0.02104402706027031 0.0 0.0 0.0 -0.011815058998763561 0.999930202960968
1638451586652409077 1.468807339668274 -0.021360227838158607 0.0 0.0 0.0 -0.012036528438329697 0.9999275803565979
1638451586818408966 1.4853050708770752 -0.021759208291769028 0.0 0.0 0.0 -0.012300686910748482 0.99992436170578
1638451586952409029 1.4985637664794922 -0.022086866199970245 0.0 0.0 0.0 -0.012648834846913815 0.9999200105667114
1638451587122409105 1.515364646911621 -0.022515883669257164 0.0 0.0 0.0 -0.012954485602676868 0.9999160766601562
1638451587254409075 1.5285974740982056 -0.022867323830723763 0.0 0.0 0.0 -0.01357241254299879 0.999907910823822
1638451587422409058 1.5451949834823608 -0.02332625910639763 0.0 0.0 0.0 -0.013947137631475925 0.9999027252197266
1638451587556408882 1.558604121208191 -0.02370818704366684 0.0 0.0 0.0 -0.014357928186655045 0.9998969435691833
1638451587697408915 1.5726205110549927 -0.02411024272441864 0.0 0.0 0.0 -0.014289243146777153 0.9998978972434998
1638451587865408897 1.5895971059799194 -0.024590685963630676 0.0 0.0 0.0 -0.014160780236124992 0.9998997449874878
1638451587989468098 1.6033604145050049 -0.024982832372188568 0.0 0.0 0.0 -0.014304131269454956 0.9998977184295654
1638451588155467987 1.6200335025787354 -0.025458376854658127 0.0 0.0 0.0 -0.014337112195789814 0.9998972415924072
1638451588322468042 1.6366047859191895 -0.02594292350113392 0.0 0.0 0.0 -0.014721747487783432 0.9998916387557983
1638451588455467939 1.6498616933822632 -0.02633744850754738 0.0 0.0 0.0 -0.014775818213820457 0.9998908042907715
1638451588595468044 1.6637004613876343 -0.026752274483442307 0.0 0.0 0.0 -0.015150380320847034 0.9998852014541626
1638451588764467955 1.6804231405258179 -0.027262380346655846 0.0 0.0 0.0 -0.015411267057061195 0.9998812675476074
1638451588897468090 1.693679928779602 -0.027663322165608406 0.0 0.0 0.0 -0.015175934880971909 0.999884843826294
163845158996467972 1.7134639024734497 -0.028259480372071266 0.0 0.0 0.0 -0.014931970275938511 0.99988853931427
1638451589264467955 1.73006010055542 -0.028763478621840477 0.0 0.0 0.0 -0.015367288142442703 0.9998819231987
1638451589397468090 1.7432408332824707 -0.029166998341679573 0.0 0.0 0.0 -0.015387389808893204 0.9998816251754761
1638451589565468073 1.759988784790039 -0.029677512124180794 0.0 0.0 0.0 -0.015005343593657017 0.9998874068260193
1638451589766468048 1.780076503753662 -0.030277708545327187 0.0 0.0 0.0 -0.014968164265155792 0.9998879432678223
1638451589900468111 1.7935612201690674 -0.030673706904053688 0.0 0.0 0.0 -0.014550249092280865 0.9998941421508789
163845159098468065 1.8135230541229248 -0.03124750219285488 0.0 0.0 0.0 -0.014231967739760876 0.9998987317085266
1638451590266468048 1.8303731679916382 -0.031726252287626266 0.0 0.0 0.0 -0.014083904214203358 0.9999008178710938
1638451590448513985 1.8468436002731323 -0.03219662979245186 0.0 0.0 0.0 -0.01434959378093481 0.9998970627784729
1638451590615514040 1.863440752029419 -0.03267037123441696 0.0 0.0 0.0 -0.01441518496721983 0.9998961091041565
1638451590753514051 1.87712824344635 -0.03306130692362785 0.0 0.0 0.0 -0.014214293099939823 0.9998989701271057
1638451590920514107 1.8936748504638672 -0.03352658450603485 0.0 0.0 0.0 -0.013766324147582054 0.9999052286148071
163845159153514004 1.907008409500122 -0.033899255096912384 0.0 0.0 0.0 -0.013863185420632362 0.9999039173126221
1638451591223514080 1.9237321615219116 -0.034372370690107346 0.0 0.0 0.0 -0.014252951368689537 0.9998984336853027
1638451591355514050 1.9369138479232788 -0.03474704921245575 0.0 0.0 0.0 -0.014261922799050808 0.9998983144760132
1638451591524513960 1.9535613059997559 -0.03522488847374916 0.0 0.0 0.0 -0.01470304187387228 0.9998918771743774
1638451591725513935 1.9737508296966553 -0.035805437713861465 0.0 0.0 0.0 -0.01435172837227583 0.9998970031738281
1638451591858514071 1.9870080947875977 -0.03618606925010681 0.0 0.0 0.0 -0.014124558307230473 0.999900221824646
163845159226514053 2.00390887260437 -0.036660246551036835 0.0 0.0 0.0 -0.013940068893134594 0.9999028444290161
1638451592161514044 2.017394542694092 -0.03702802583575249 0.0 0.0 0.0 -0.013660402968525887 0.9999067187309265
1638451592294513941 2.030829668045044 -0.03738677129149437 0.0 0.0 0.0 -0.013459349051117897 0.9999094009399414
1638451592463514090 2.0476300716400146 -0.03783706575632095 0.0 0.0 0.0 -0.013368921354413033 0.9999106526374817
1638451592597513914 2.0609893798828125 -0.038193415850400925 0.0 0.0 0.0 -0.013148149475455284 0.9999135732650757
1638451592762514114 2.077359676361084 -0.03863313049077988 0.0 0.0 0.0 -0.013283301144838333 0.9999117851257324
1638451592930514097 2.0939579010009766 -0.03906691074371338 0.0 0.0 0.0 -0.013030161149799824 0.9999151229858398
1638451593112798929 2.1138200759887695 -0.039576612412929535 0.0 0.0 0.0 -0.012643111869692802 0.9999200701713562
1638451593244798899 2.127002477645874 -0.039912234991788864 0.0 0.0 0.0 -0.012548461556434631 0.9999212622642517
1638451593443799019 2.146636962890625 -0.0404064916074276 0.0 0.0 0.0 -0.012704422697424889 0.9999192953109741
1638451593608798981 2.1630332469940186 -0.040822092443704605 0.0 0.0 0.0 -0.012755684554576874 0.9999186396598816
1638451593776798964 2.1798596382141113 -0.041243311017751694 0.0 0.0 0.0 -0.012343982234597206 0.999923825263977
16384515949799004 2.203214406967163 -0.041822001338005066 0.0 0.0 0.0 -0.012060239911079407 0.999927282333374
1638451594212799072 2.223583459854126 -0.04231386259198189 0.0 0.0 0.0 -0.012160148471593857 0.9999260902404785
1638451594413799047 2.2437245845794678 -0.04280766472220421 0.0 0.0 0.0 -0.012155525386333466 0.9999260902404785
1638451594611799002 2.2634100914001465 -0.04329845681786537 0.0 0.0 0.0 -0.012672372162342072 0.9999197125434875
1638451594743798971 2.276516914367676 -0.043629832565784454 0.0 0.0 0.0 -0.012822963297367096 0.9999178051948547
1638451594912798882 2.293241500854492 -0.044061679393053055 0.0 0.0 0.0 -0.012971867807209492 0.9999158382415771
163845159544799089 2.3064489364624023 -0.04440734162926674 0.0 0.0 0.0 -0.013260385021567345 0.9999120831489563
1638451595216799021 2.3234262466430664 -0.04486672580242157 0.0 0.0 0.0 -0.01391434483230114 0.9999032020568848
1638451595417798996 2.3434135913848877 -0.04543367400765419 0.0 0.0 0.0 -0.014483178965747356 0.9998950958251953
1638451595604254961 2.360313653945923 -0.0459267683327198 0.0 0.0 0.0 -0.014868354424834251 0.9998894333839417
1638451595769254923 2.3757970333099365 -0.04639052599668503 0.0 0.0 0.0 -0.014740018174052238 0.9998913407325745
1638451595904254913 2.376657247543335 -0.046415816992521286 0.0 0.0 0.0 -0.014915158972144127 0.9998887777328491
163845159670255041 2.376657247543335 -0.046415816992521286 0.0 0.0 0.0 -0.014790883287787437 0.9998906254768372
1638451596206254959 2.376657247543335 -0.046415816992521286 0.0 0.0 0.0 -0.014870771206915379 0.9998894333839417
1638451596371254921 2.376859426498413 -0.046421900391578674 0.0 0.0 0.0 -0.016210392117500305 0.999868631362915
1638451596506254911 2.3769352436065674 -0.04642491415143013 0.0 0.0 0.0 -0.02284770831465721 0.9997389316558838
1638451596638254881 2.376985788345337 -0.04642742872238159 0.0 0.0 0.0 -0.032172415405511856 0.9994823336601257
1638451596806254864 2.3768088817596436 -0.046413544565439224 0.0 0.0 0.0 -0.05193687975406647 0.9986503720283508
1638451596943254948 2.3769092559814453 -0.04642683267593384 0.0 0.0 0.0 -0.07272948324680328 0.9973517060279846
1638451597108254910 2.3768093585968018 -0.04640982672572136 0.0 0.0 0.0 -0.10345026105642319 0.9946346282958984
1638451597244255066 2.37690806388855 -0.046431735157966614 0.0 0.0 0.0 -0.12937034666538239 0.9915963411331177
1638451597413254976 2.377028465270996 -0.04647059738636017 0.0 0.0 0.0 -0.16331565380096436 0.9865738749504089
1638451597546254873 2.377004861831665 -0.0464615598320961 0.0 0.0 0.0 -0.1927919238805771 0.9812396764755249
1638451597714254856 2.377098321914673 -0.04650059714913368 0.0 0.0 0.0 -0.2327125072479248 0.9725455641746521
1638451597847254992 2.3772099018096924 -0.046560581773519516 0.0 0.0 0.0 -0.2634056508541107 0.9646851420402527
16384515989654999 2.3772943019866943 -0.04661625996232033 0.0 0.0 0.0 -0.30274054408073425 0.9530730247497559
1638451598142655134 2.3773136138916016 -0.04663269221782684 0.0 0.0 0.0 -0.33323025703430176 0.9428454637527466
1638451598314655066 2.377312183380127 -0.04663396254181862 0.0 0.0 0.0 -0.3723612427711487 0.9280878901481628
1638451598515655041 2.3772940635681152 -0.04661601409316063 0.0 0.0 0.0 -0.4161683917045593 0.9092875719070435
1638451598718655109 2.377293586730957 -0.046616461127996445 0.0 0.0 0.0 -0.4604046046733856 0.8877092003822327
1638451598923655033 2.377264976501465 -0.04657474905252457 0.0 0.0 0.0 -0.5041688084602356 0.8636050820350647
1638451599122655153 2.377274513244629 -0.0465984120965004 0.0 0.0 0.0 -0.545183539390564 0.8383166790008545
1638451599255655050 2.3772342205047607 -0.046505533158779144 0.0 0.0 0.0 -0.5728878378868103 0.8196337819099426
1638451599422655106 2.3772077560424805 -0.04643438756465912 0.0 0.0 0.0 -0.6054409742355347 0.795890212059021
1638451599555655003 2.3771705627441406 -0.046287138015031815 0.0 0.0 0.0 -0.630553662776947 0.7761456370353699
1638451599756655216 2.3771653175354004 -0.046262290328741074 0.0 0.0 0.0 -0.6681889891624451 0.7439915537834167
1638451599924655199 2.37715744972229 -0.04616135358810425 0.0 0.0 0.0 -0.6976932883262634 0.7163965702056885
163845160056655169 2.3771586418151855 -0.046161334961652756 0.0 0.0 0.0 -0.7192935943603516 0.6947062015533447
1638451600257655144 2.3771586418151855 -0.04616133123636246 0.0 0.0 0.0 -0.7216495275497437 0.6922585964202881
1638451600426655054 2.377150058746338 -0.04636363312602043 0.0 0.0 0.0 -0.7221006751060486 0.6917880177497864
1638451600545920849 2.377101182937622 -0.047476235777139664 0.0 0.0 0.0 -0.7226398587226868 0.6912247538566589
1638451600714920998 2.377014636993408 -0.04939790815114975 0.0 0.0 0.0 -0.7228612899780273 0.6909931898117065
1638451600848920822 2.376897096633911 -0.052002258598804474 0.0 0.0 0.0 -0.7228963375091553 0.6909565329551697
163845160120920992 2.3766984939575195 -0.05640183389186859 0.0 0.0 0.0 -0.7229254841804504 0.6909260153770447
1638451601188920975 2.3764288425445557 -0.06229306012392044 0.0 0.0 0.0 -0.7231800556182861 0.6906595230102539
1638451601356920958 2.376098155975342 -0.06947369128465652 0.0 0.0 0.0 -0.7231916189193726 0.6906474828720093
1638451601523921013 2.375706911087036 -0.07789306342601776 0.0 0.0 0.0 -0.7233624458312988 0.6904684901237488
1638451601690920830 2.3752572536468506 -0.08747527748346329 0.0 0.0 0.0 -0.7234979867935181 0.690326452255249
1638451601858920813 2.374783992767334 -0.09751245379447937 0.0 0.0 0.0 -0.7234998345375061 0.6903245449066162
1638451601991920948 2.3744049072265625 -0.10550164431333542 0.0 0.0 0.0 -0.723702609539032 0.6901119351387024
1638451602159920931 2.373929977416992 -0.1155134066939354 0.0 0.0 0.0 -0.723690390586853 0.6901247501373291
1638451602358920813 2.3733747005462646 -0.12726977467536926 0.0 0.0 0.0 -0.7236136198043823 0.6902052760124207
1638451602557920933 2.3728208541870117 -0.13905157148838043 0.0 0.0 0.0 -0.7233884334564209 0.6904412508010864
1638451602691920996 2.3724496364593506 -0.14699046313762665 0.0 0.0 0.0 -0.7234947681427002 0.6903298497200012
1638451602859920979 2.371983289718628 -0.15695196390151978 0.0 0.0 0.0 -0.7233260869979858 0.690506637096405
163845160368180084 2.3714354038238525 -0.16873399913311005 0.0 0.0 0.0 -0.7232592701911926 0.6905766129493713
1638451603269180059 2.370885133743286 -0.18069331347942352 0.0 0.0 0.0 -0.7233570218086243 0.6904742121696472
1638451603402180195 2.3705217838287354 -0.18855653703212738 0.0 0.0 0.0 -0.723360538482666 0.6904705166816711
1638451603602180004 2.3699798583984375 -0.20033885538578033 0.0 0.0 0.0 -0.7229937314987183 0.6908546090126038
1638451603770179987 2.3695220947265625 -0.21032609045505524 0.0 0.0 0.0 -0.723055362701416 0.690790057182312
1638451603970180035 2.3689799308776855 -0.22200703620910645 0.0 0.0 0.0 -0.723358690738678 0.690472424030304
1638451604103180170 2.36861252784729 -0.2298194020986557 0.0 0.0 0.0 -0.723671019077301 0.6901451349258423
1638451604269180059 2.3681421279907227 -0.23965398967266083 0.0 0.0 0.0 -0.7239602208137512 0.6898416876792908
1638451604470180035 2.367530345916748 -0.2522185146808624 0.0 0.0 0.0 -0.7241066098213196 0.6896880865097046
1638451604603180170 2.367077589035034 -0.26149651408195496 0.0 0.0 0.0 -0.7241845726966858 0.6896061897277832
1638451604805180073 2.3663330078125 -0.27646195888519287 0.0 0.0 0.0 -0.7245280742645264 0.6892452836036682
1638451604972180128 2.365654945373535 -0.28978344798088074 0.0 0.0 0.0 -0.7249360680580139 0.6888161301612854
1638451605173180103 2.3648200035095215 -0.30593544244766235 0.0 0.0 0.0 -0.7251164317131042 0.6886262893676758
1638451605340180159 2.3641304969787598 -0.3193577229976654 0.0 0.0 0.0 -0.7249976396560669 0.6887513995170593
1638451605496603012 2.3634567260742188 -0.3326287269592285 0.0 0.0 0.0 -0.724755585193634 0.6890060901641846
1638451605697602987 2.362647533416748 -0.34873130917549133 0.0 0.0 0.0 -0.7245935201644897 0.6891764998435974
1638451605865602970 2.361959218978882 -0.3624070882797241 0.0 0.0 0.0 -0.7247764468193054 0.6889840960502625
163845160666602945 2.361053228378296 -0.380253404378891 0.0 0.0 0.0 -0.7246055006980896 0.6891639232635498
1638451606266602993 2.360158681869507 -0.3979736566543579 0.0 0.0 0.0 -0.7248407602310181 0.6889164447784424
1638451606467602968 2.359238862991333 -0.4159713387489319 0.0 0.0 0.0 -0.7249062657356262 0.688847541809082
1638451606601603031 2.3586339950561523 -0.427801251411438 0.0 0.0 0.0 -0.7251306772232056 0.6886113286018372
1638451606767602921 2.357867956161499 -0.44256284832954407 0.0 0.0 0.0 -0.7253458499908447 0.6883846521377563
1638451606901602983 2.3572425842285156 -0.454391747713089 0.0 0.0 0.0 -0.7257120609283447 0.6879985332489014
1638451607102602959 2.3562865257263184 -0.4722861647605896 0.0 0.0 0.0 -0.725702166557312 0.6880090236663818
1638451607303602934 2.3553097248077393 -0.49038225412368774 0.0 0.0 0.0 -0.7261641621589661 0.6875213384628296
1638451607470602989 2.3544981479644775 -0.5053948760032654 0.0 0.0 0.0 -0.7258725762367249 0.6878291964530945
1638451607669602871 2.3535430431365967 -0.5233147144317627 0.0 0.0 0.0 -0.7255185842514038 0.6882026195526123
1638451607869602919 2.3526039123535156 -0.5411593914031982 0.0 0.0 0.0 -0.7253845930099487 0.6883438229560852
163845160871947813 2.3516695499420166 -0.5590803623199463 0.0 0.0 0.0 -0.7251572608947754 0.688583254814148
1638451608238947868 2.350898504257202 -0.5739684104919434 0.0 0.0 0.0 -0.7250585556030273 0.688687264919281
1638451608407948017 2.3501296043395996 -0.5889579057693481 0.0 0.0 0.0 -0.7249684929847717 0.6887820363044739
1638451608540947914 2.349515199661255 -0.6009140610694885 0.0 0.0 0.0 -0.7249419689178467 0.6888099908828735
1638451608708947897 2.348750352859497 -0.6158024668693542 0.0 0.0 0.0 -0.7251015305519104 0.6886420249938965
1638451608841948032 2.3481454849243164 -0.6275816559791565 0.0 0.0 0.0 -0.724930465221405 0.6888220310211182
16384516096947994 2.347390651702881 -0.6421917676925659 0.0 0.0 0.0 -0.7253382802009583 0.6883926391601562
1638451609207947969 2.3464508056640625 -0.6600617170333862 0.0 0.0 0.0 -0.7255178093910217 0.6882033944129944
1638451609339947939 2.3458282947540283 -0.6718654036521912 0.0 0.0 0.0 -0.7256566286087036 0.688057005405426
1638451609508947849 2.3450191020965576 -0.6870302557945251 0.0 0.0 0.0 -0.7257876992225647 0.6879187226295471
1638451609710947990 2.3440537452697754 -0.7051015496253967 0.0 0.0 0.0 -0.7257886528968811 0.6879177689552307
1638451609842947960 2.343416452407837 -0.7169551849365234 0.0 0.0 0.0 -0.725676953792572 0.6880356073379517
16384516108947849 2.3426239490509033 -0.7318421006202698 0.0 0.0 0.0 -0.7255148887634277 0.6882064938545227
1638451610206948042 2.341691493988037 -0.7495604157447815 0.0 0.0 0.0 -0.7254270315170288 0.6882991194725037
1638451610407948017 2.340752363204956 -0.7675825357437134 0.0 0.0 0.0 -0.7252041101455688 0.6885339617729187
1638451610619270086 2.3398170471191406 -0.7856301069259644 0.0 0.0 0.0 -0.7251887917518616 0.6885500550270081
1638451610752269983 2.339203119277954 -0.7975609302520752 0.0 0.0 0.0 -0.7250097393989563 0.6887386441230774
1638451610927270174 2.3384017944335938 -0.8131823539733887 0.0 0.0 0.0 -0.7248249053955078 0.6889331340789795
1638451611161270142 2.337341070175171 -0.8340620398521423 0.0 0.0 0.0 -0.7247241139411926 0.6890391707420349
1638451611363270044 2.336439847946167 -0.8518579602241516 0.0 0.0 0.0 -0.7248483896255493 0.6889084577560425
1638451611499270201 2.335822820663452 -0.8639407157897949 0.0 0.0 0.0 -0.7250259518623352 0.6887215375900269
1638451611699270010 2.3349111080169678 -0.8817867636680603 0.0 0.0 0.0 -0.7249003648757935 0.6888536810874939
1638451611900269985 2.3339836597442627 -0.8997333645820618 0.0 0.0 0.0 -0.7251781821250916 0.6885612607002258
163845161267270041 2.3332014083862305 -0.9147475957870483 0.0 0.0 0.0 -0.7253153324127197 0.6884167790412903
1638451612300270081 2.33211088180542 -0.9358285665512085 0.0 0.0 0.0 -0.7248789668083191 0.6888762712478638
1638451612468270063 2.331348419189453 -0.9507423639297485 0.0 0.0 0.0 -0.7248664498329163 0.6888893842697144
1638451612668270111 2.330430507659912 -0.9687148928642273 0.0 0.0 0.0 -0.7250052690505981 0.6887432932853699
1638451612866270065 2.3295228481292725 -0.9863584637641907 0.0 0.0 0.0 -0.7252053618431091 0.6885326504707336
163845161373510170 2.3286023139953613 -1.0041279792785645 0.0 0.0 0.0 -0.7252294421195984 0.6885072588920593
1638451613205510139 2.3279857635498047 -1.015906572341919 0.0 0.0 0.0 -0.7252631783485413 0.6884717345237732
1638451613371510029 2.327214241027832 -1.0306425094604492 0.0 0.0 0.0 -0.7253967523574829 0.6883310079574585
1638451613571510077 2.326280355453491 -1.0483605861663818 0.0 0.0 0.0 -0.7257072925567627 0.6880035996437073
1638451613704509974 2.3256468772888184 -1.060189127922058 0.0 0.0 0.0 -0.7261428236961365 0.6875438690185547
1638451613870510101 2.3248331546783447 -1.0749480724334717 0.0 0.0 0.0 -0.7265403866767883 0.6871237754821777
163845161468510056 2.3238472938537598 -1.0925872325897217 0.0 0.0 0.0 -0.7265937924385071 0.6870672702789307
1638451614268510103 2.3228256702423096 -1.1105034351348877 0.0 0.0 0.0 -0.7271962761878967 0.6864295601844788
1638451614401510000 2.3221352100372314 -1.122455358505249 0.0 0.0 0.0 -0.7272998094558716 0.686319887638092
1638451614569509983 2.3212571144104004 -1.1375656127929688 0.0 0.0 0.0 -0.7272768020629883 0.68634432554245
1638451614770509958 2.320237874984741 -1.1556086540222168 0.0 0.0 0.0 -0.7264630794525146 0.6872054934501648
1638451614902510166 2.3195836544036865 -1.167385220527649 0.0 0.0 0.0 -0.7262698411941528 0.6874096989631653
163845161568510056 2.3187670707702637 -1.1822707653045654 0.0 0.0 0.0 -0.7260384559631348 0.6876540780067444
1638451615277510166 2.317760467529297 -1.200796127319336 0.0 0.0 0.0 -0.7260403633117676 0.6876521110534668
1638451615411509991 2.31711745262146 -1.2126747369766235 0.0 0.0 0.0 -0.7260936498641968 0.6875958442687988
1638451615554133177 2.3164753913879395 -1.2245280742645264 0.0 0.0 0.0 -0.7259527444839478 0.6877445578575134
1638451615719133139 2.3156933784484863 -1.2391114234924316 0.0 0.0 0.0 -0.7258669137954712 0.687835156917572
1638451615952133179 2.3145833015441895 -1.2599124908447266 0.0 0.0 0.0 -0.7255685329437256 0.6881499290466309
1638451616119132996 2.313789129257202 -1.2747485637664795 0.0 0.0 0.0 -0.7258081436157227 0.6878972053527832
1638451616253133059 2.3131513595581055 -1.28665292263031 0.0 0.0 0.0 -0.7255966067314148 0.6881203055381775
1638451616418133020 2.312365770339966 -1.3013373613357544 0.0 0.0 0.0 -0.7257800698280334 0.6879268288612366
1638451616551133156 2.31172513961792 -1.3133175373077393 0.0 0.0 0.0 -0.7255837321281433 0.6881338953971863
1638451616718132973 2.3109288215637207 -1.328229546546936 0.0 0.0 0.0 -0.7259800434112549 0.6877157688140869
1638451616851133108 2.310274839401245 -1.340234398841858 0.0 0.0 0.0 -0.726218581199646 0.6874638795852661
1638451616996133089 2.309553861618042 -1.3532748222351074 0.0 0.0 0.0 -0.7263568639755249 0.6873177886009216
1638451617161133051 2.3087334632873535 -1.368033528327942 0.0 0.0 0.0 -0.7265675663948059 0.6870949864387512
1638451617294133186 2.308072805404663 -1.3799110651016235 0.0 0.0 0.0 -0.7264094352722168 0.6872621774673462
1638451617462133169 2.3072428703308105 -1.3948466777801514 0.0 0.0 0.0 -0.7266196012496948 0.6870399713516235
1638451617594133139 2.3065884113311768 -1.4065978527069092 0.0 0.0 0.0 -0.7264481782913208 0.6872212290763855
1638451617763133049 2.3057496547698975 -1.4216597080230713 0.0 0.0 0.0 -0.726702868938446 0.6869519352912903
1638451617896133184 2.305083751678467 -1.4335371255874634 0.0 0.0 0.0 -0.7266157865524292 0.6870440244674683
163845161858591843 2.304177761077881 -1.4496346712112427 0.0 0.0 0.0 -0.7267903089523315 0.6868594288825989
1638451618225591898 2.303340435028076 -1.4644430875778198 0.0 0.0 0.0 -0.7269222140312195 0.6867197751998901
1638451618392591953 2.3024818897247314 -1.4793263673782349 0.0 0.0 0.0 -0.7272616624832153 0.6863603591918945
1638451618558591843 2.3016247749328613 -1.493956208229065 0.0 0.0 0.0 -0.7273864150047302 0.6862280964851379
1638451618691591978 2.300929069519043 -1.5058064460754395 0.0 0.0 0.0 -0.7274597883224487 0.686150312423706
1638451618894592047 2.299844980239868 -1.5240740776062012 0.0 0.0 0.0 -0.7280364036560059 0.6855384707450867
163845161950591946 2.298999071121216 -1.5381213426589966 0.0 0.0 0.0 -0.728097677230835 0.6854733824729919
1638451619216591835 2.2980992794036865 -1.553078293800354 0.0 0.0 0.0 -0.728277862071991 0.6852819323539734
1638451619417592049 2.2970187664031982 -1.570991039276123 0.0 0.0 0.0 -0.7279826998710632 0.6855954527854919
1638451619616591930 2.2959461212158203 -1.588828206062317 0.0 0.0 0.0 -0.7280535101890564 0.6855202913284302
1638451619817591906 2.2948787212371826 -1.6066402196884155 0.0 0.0 0.0 -0.7280775904655457 0.6854947209358215
1638451619949591875 2.2941696643829346 -1.6184136867523193 0.0 0.0 0.0 -0.7281114459037781 0.685458779335022
1638451620117591858 2.2932586669921875 -1.6334712505340576 0.0 0.0 0.0 -0.7281302213668823 0.6854388117790222
1638451620318591833 2.292175531387329 -1.6513330936431885 0.0 0.0 0.0 -0.7282664775848389 0.6852940320968628
1638451620489591837 2.2912490367889404 -1.666440486907959 0.0 0.0 0.0 -0.7285932898521423 0.684946596622467
1638451620697472095 2.2901508808135986 -1.6841745376586914 0.0 0.0 0.0 -0.728674590587616 0.684860110282898
1638451620863472223 2.2892301082611084 -1.698952555656433 0.0 0.0 0.0 -0.7286821007728577 0.6848520636558533
1638451620997472048 2.2884843349456787 -1.7108759880065918 0.0 0.0 0.0 -0.7287243008613586 0.6848072409629822
1638451621164472103 2.2875521183013916 -1.7258055210113525 0.0 0.0 0.0 -0.7287573218345642 0.6847720146179199
1638451621298472166 2.2868006229400635 -1.737804651260376 0.0 0.0 0.0 -0.728836178779602 0.6846880912780762
1638451621465472221 2.2858657836914062 -1.752810001373291 0.0 0.0 0.0 -0.7284890413284302 0.6850574612617493
1638451621598472118 2.2851245403289795 -1.7648097276687622 0.0 0.0 0.0 -0.7284426689147949 0.6851067543029785
1638451621764472008 2.2842178344726562 -1.7795885801315308 0.0 0.0 0.0 -0.7282959222793579 0.6852627396583557
1638451621966472149 2.2831201553344727 -1.7976523637771606 0.0 0.0 0.0 -0.7279832363128662 0.685594916343689
1638451622100472212 2.2824087142944336 -1.8095523118972778 0.0 0.0 0.0 -0.727977454662323 0.6856010556221008
1638451622266472101 2.281529188156128 -1.8243329524993896 0.0 0.0 0.0 -0.7278857827186584 0.685698390007019
1638451622466472149 2.2804675102233887 -1.8422975540161133 0.0 0.0 0.0 -0.727478563785553 0.6861304044723511
1638451622599472046 2.2797741889953613 -1.8540973663330078 0.0 0.0 0.0 -0.72737056016922 0.6862449049949646
1638451622798472166 2.2787411212921143 -1.8716579675674438 0.0 0.0 0.0 -0.7277852296829224 0.685805082321167
1638451622970472097 2.2778258323669434 -1.886994481086731 0.0 0.0 0.0 -0.7282103300094604 0.685353696346283
1638451623108705044 2.2771103382110596 -1.8987423181533813 0.0 0.0 0.0 -0.7283456921577454 0.6852098703384399
1638451623275704861 2.2761974334716797 -1.9135717153549194 0.0 0.0 0.0 -0.7287505269050598 0.6847792863845825
1638451623474704981 2.2750868797302246 -1.931431770324707 0.0 0.0 0.0 -0.7288371920585632 0.6846870183944702
1638451623607704878 2.274329900741577 -1.943405032157898 0.0 0.0 0.0 -0.7291466593742371 0.6843574643135071
1638451623806704998 2.27319073677063 -1.9612635374069214 0.0 0.0 0.0 -0.7292889952659607 0.6842057704925537
1638451623938704967 2.2724292278289795 -1.9731605052947998 0.0 0.0 0.0 -0.7292495965957642 0.6842477917671204
1638451624108705044 2.2714672088623047 -1.9882657527923584 0.0 0.0 0.0 -0.7291756272315979 0.6843265891075134
1638451624242704868 2.2707087993621826 -2.0003151893615723 0.0 0.0 0.0 -0.7287384271621704 0.684792160987854
1638451624443704844 2.269601821899414 -2.0181756019592285 0.0 0.0 0.0 -0.7286549806594849 0.6848809719085693
1638451624615705013 2.2686522006988525 -2.0335097312927246 0.0 0.0 0.0 -0.7284990549087524 0.6850467920303345
1638451624748704910 2.2679197788238525 -2.0453577041625977 0.0 0.0 0.0 -0.7286878824234009 0.6848459839820862
1638451624915704966 2.2669997215270996 -2.060262441635132 0.0 0.0 0.0 -0.7284432053565979 0.6851061582565308
163845162548704863 2.2662713527679443 -2.0721359252929688 0.0 0.0 0.0 -0.7283931970596313 0.6851593255996704
1638451625218704939 2.2652618885040283 -2.0885820388793945 0.0 0.0 0.0 -0.7285864353179932 0.6849538683891296
1638451625351704836 2.264397144317627 -2.1025772094726562 0.0 0.0 0.0 -0.7285398244857788 0.6850034594535828
1638451625516705036 2.263207197189331 -2.121751070022583 0.0 0.0 0.0 -0.7288405299186707 0.6846835017204285
1638451625655105829 2.2621357440948486 -2.138852834701538 0.0 0.0 0.0 -0.7288686633110046 0.6846535801887512
1638451625822105885 2.260716438293457 -2.1615118980407715 0.0 0.0 0.0 -0.7288697361946106 0.6846523880958557
1638451625957105875 2.2595374584198 -2.1804330348968506 0.0 0.0 0.0 -0.7287596464157104 0.6847695708274841
1638451626122105837 2.258117198944092 -2.2033965587615967 0.0 0.0 0.0 -0.7283366322517395 0.6852194666862488
1638451626263105869 2.256936550140381 -2.2228500843048096 0.0 0.0 0.0 -0.7281665802001953 0.6854001879692078
1638451626399106026 2.2558000087738037 -2.2417991161346436 0.0 0.0 0.0 -0.7278226613998413 0.6857653856277466
1638451626565105915 2.2544145584106445 -2.264815330505371 0.0 0.0 0.0 -0.7283520102500916 0.6852031350135803
1638451626699105978 2.2532713413238525 -2.2834086418151855 0.0 0.0 0.0 -0.728606104850769 0.6849329471588135
1638451626871105909 2.25178599357605 -2.307230234146118 0.0 0.0 0.0 -0.7290728688240051 0.6844360828399658
163845162737105799 2.2503156661987305 -2.3301146030426025 0.0 0.0 0.0 -0.7296556234359741 0.6838148236274719
1638451627171105862 2.2491016387939453 -2.3487796783447266 0.0 0.0 0.0 -0.7297994494438171 0.6836612820625305
1638451627343105793 2.2475104331970215 -2.3727974891662598 0.0 0.0 0.0 -0.7303864359855652 0.6830341815948486
1638451627476105928 2.246260404586792 -2.391435146331787 0.0 0.0 0.0 -0.730393648147583 0.6830264329910278
1638451627643105984 2.244710683822632 -2.41477108001709 0.0 0.0 0.0 -0.730161726474762 0.6832743287086487
1638451627811105967 2.243169069290161 -2.4379806518554688 0.0 0.0 0.0 -0.7301331758499146 0.6833049058914185
1638451627960105896 2.241793155670166 -2.4586899280548096 0.0 0.0 0.0 -0.7302798628807068 0.6831481456756592
1638451628114715099 2.2402358055114746 -2.481771230697632 0.0 0.0 0.0 -0.7306990027427673 0.6826997399330139
1638451628248714924 2.238971471786499 -2.500255584716797 0.0 0.0 0.0 -0.7309777140617371 0.6824013590812683
1638451628447715044 2.2370524406433105 -2.5277771949768066 0.0 0.0 0.0 -0.7314127087593079 0.6819351315498352
1638451628615715027 2.2354025840759277 -2.551156759262085 0.0 0.0 0.0 -0.7317628860473633 0.6815593242645264
1638451628748714924 2.234071731567383 -2.569788694381714 0.0 0.0 0.0 -0.7319698929786682 0.6813369989395142
1638451628921715021 2.232332706451416 -2.5939486026763916 0.0 0.0 0.0 -0.7321546077728271 0.6811384558677673
163845162955715084 2.230982542037964 -2.6126554012298584 0.0 0.0 0.0 -0.7320845127105713 0.6812137961387634
1638451629254714966 2.2289998531341553 -2.6401727199554443 0.0 0.0 0.0 -0.7321553230285645 0.68113774061203
1638451629453715086 2.2270119190216064 -2.6677403450012207 0.0 0.0 0.0 -0.7320859432220459 0.6812122464179993
1638451629620714903 2.225363254547119 -2.690840721130371 0.0 0.0 0.0 -0.7316778898239136 0.6816505193710327
1638451629755714893 2.224029064178467 -2.709599256515503 0.0 0.0 0.0 -0.7318410873413086 0.6814752817153931
1638451629909714937 2.222499370574951 -2.730830430984497 0.0 0.0 0.0 -0.7320854663848877 0.6812127828598022
163845163043715000 2.2211639881134033 -2.7493858337402344 0.0 0.0 0.0 -0.7318859696388245 0.6814271211624146
1638451630211714983 2.2194831371307373 -2.7728898525238037 0.0 0.0 0.0 -0.7319409847259521 0.6813680529594421
1638451630444715023 2.217149257659912 -2.805483102798462 0.0 0.0 0.0 -0.7318621277809143 0.681452751159668
1638451630615376949 2.215508222579956 -2.828507900238037 0.0 0.0 0.0 -0.7318063378334045 0.6815126538276672
1638451630748376846 2.2141873836517334 -2.846937417984009 0.0 0.0 0.0 -0.732164204120636 0.6811281442642212
1638451630916377068 2.212514638900757 -2.8702645301818848 0.0 0.0 0.0 -0.7317633032798767 0.6815588474273682
163845163151377058 2.211185932159424 -2.8888967037200928 0.0 0.0 0.0 -0.7318570613861084 0.6814581751823425
1638451631215376854 2.2095510959625244 -2.9116175174713135 0.0 0.0 0.0 -0.7322436571121216 0.6810427308082581
1638451631349376917 2.2081968784332275 -2.930196762084961 0.0 0.0 0.0 -0.732523500919342 0.6807417273521423
1638451631515377045 2.206502914428711 -2.9530909061431885 0.0 0.0 0.0 -0.7329784035682678 0.6802518963813782
1638451631648376942 2.205106258392334 -2.9716670513153076 0.0 0.0 0.0 -0.7331900000572205 0.6800237894058228
1638451631814376831 2.203347682952881 -2.9948863983154297 0.0 0.0 0.0 -0.7334359288215637 0.679758608341217
1638451631946377039 2.201948881149292 -3.0133609771728516 0.0 0.0 0.0 -0.7332831025123596 0.6799234747886658
1638451632114377022 2.200183629989624 -3.0367321968078613 0.0 0.0 0.0 -0.7333241105079651 0.6798792481422424
1638451632247376919 2.198798894882202 -3.055030107498169 0.0 0.0 0.0 -0.7332766056060791 0.6799304485321045
1638451632413377047 2.197054624557495 -3.0780727863311768 0.0 0.0 0.0 -0.7334604859352112 0.679732084274292
1638451632545377016 2.195652723312378 -3.096369504928589 0.0 0.0 0.0 -0.7337667942047119 0.6794013977050781
1638451632713376999 2.1938488483428955 -3.119508981704712 0.0 0.0 0.0 -0.7343857884407043 0.6787322759628296
1638451632848376989 2.1923770904541016 -3.1381049156188965 0.0 0.0 0.0 -0.7346128225326538 0.6784865856170654
163845163315377045 2.191311836242676 -3.151477336883545 0.0 0.0 0.0 -0.7346527576446533 0.6784433126449585
1638451633168689966 2.191291570663452 -3.1517295837402344 0.0 0.0 0.0 -0.7348038554191589 0.6782796382904053
1638451633369689941 2.191281318664551 -3.151855707168579 0.0 0.0 0.0 -0.7350561022758484 0.6780062913894653
1638451633567689896 2.1912708282470703 -3.151982069015503 0.0 0.0 0.0 -0.7398941516876221 0.6727232933044434
1638451633769690037 2.1912684440612793 -3.152007579803467 0.0 0.0 0.0 -0.7486436367034912 0.662972629070282
1638451633969689846 2.1912639141082764 -3.1520326137542725 0.0 0.0 0.0 -0.7635678648948669 0.6457275748252869
1638451634168689966 2.1912496089935303 -3.152107000350952 0.0 0.0 0.0 -0.7840092778205872 0.6207491159439087
1638451634367689848 2.191215991973877 -3.152228832244873 0.0 0.0 0.0 -0.8084407448768616 0.5885776281356812
1638451634597689867 2.1911609172821045 -3.1523702144622803 0.0 0.0 0.0 -0.840175211429596 0.5423150658607483
1638451634764689922 2.1911380290985107 -3.1524155139923096 0.0 0.0 0.0 -0.8645067811012268 0.5026211738586426
1638451634964689970 2.191122531890869 -3.152435541152954 0.0 0.0 0.0 -0.8933625817298889 0.449336439371109
1638451635164690018 2.1911537647247314 -3.1523962020874023 0.0 0.0 0.0 -0.9217004776000977 0.38790231943130493
1638451635363689899 2.1911933422088623 -3.1523642539978027 0.0 0.0 0.0 -0.945854127407074 0.3245919644832611
1638451635610097885 2.1912779808044434 -3.152308464050293 0.0 0.0 0.0 -0.9686354398727417 0.24848614633083344
1638451635809098005 2.1914384365081787 -3.1522343158721924 0.0 0.0 0.0 -0.9833097457885742 0.18193942308425903
1638451635944097996 2.191558599472046 -3.1521944999694824 0.0 0.0 0.0 -0.9906219840049744 0.13663128018379211
1638451636176097870 2.191582202911377 -3.1521832942962646 0.0 0.0 0.0 -0.9982662200927734 0.058860551565885544
1638451636309098005 2.1915316581726074 -3.152184247970581 0.0 0.0 0.0 -0.9999014735221863 0.01403925009071827
1638451636449097872 2.1912786960601807 -3.152174472808838 0.0 0.0 0.0 0.9996591210365295 0.026107758283615112
1638451636648097992 2.191228151321411 -3.1521716117858887 0.0 0.0 0.0 0.9996479153633118 0.026533901691436768
1638451636815097809 2.1913039684295654 -3.1521756649017334 0.0 0.0 0.0 0.9996517300605774 0.0263897106051445
163845163715097857 2.191354513168335 -3.1521778106689453 0.0 0.0 0.0 -0.9997934103012085 -0.020327165722846985
1638451637149097919 2.1913797855377197 -3.1521785259246826 0.0 0.0 0.0 -0.9998960494995117 -0.014417669735848904
1638451637316097975 2.1914303302764893 -3.1521799564361572 0.0 0.0 0.0 -0.999943733215332 -0.01060792151838541
1638451637518097878 2.1914303302764893 -3.1521799564361572 0.0 0.0 0.0 -0.9999434947967529 -0.010631047189235687
1638451637665097952 2.190873622894287 -3.1521682739257812 0.0 0.0 0.0 -0.999946117401123 -0.01037988718599081
1638451637798097849 2.1895575523376465 -3.152141571044922 0.0 0.0 0.0 -0.999949038028717 -0.010098091326653957
1638451637967097998 2.187887191772461 -3.1521077156066895 0.0 0.0 0.0 -0.9999489784240723 -0.010103574022650719
1638451638154029846 2.1851541996002197 -3.152052879333496 0.0 0.0 0.0 -0.999950110912323 -0.009988781996071339
1638451638421029806 2.178043842315674 -3.151909112930298 0.0 0.0 0.0 -0.9999468326568604 -0.010312656871974468
1638451638590029955 2.171337842941284 -3.1517703533172607 0.0 0.0 0.0 -0.9999480843544006 -0.01018904335796833
1638451638756029844 2.1633918285369873 -3.1516034603118896 0.0 0.0 0.0 -0.999943733215332 -0.010606014169752598
1638451638923029900 2.1539530754089355 -3.1514062881469727 0.0 0.0 0.0 -0.9999444484710693 -0.010542836971580982
1638451639125029802 2.141957998275757 -3.1511549949645996 0.0 0.0 0.0 -0.9999432563781738 -0.010651550255715847
1638451639360029936 2.127837657928467 -3.1508562564849854 0.0 0.0 0.0 -0.999943733215332 -0.010608159936964512
1638451639562029839 2.1143245697021484 -3.1505768299102783 0.0 0.0 0.0 -0.9999472498893738 -0.010269743390381336
1638451639764029980 2.0999510288238525 -3.1502864360809326 0.0 0.0 0.0 -0.9999496936798096 -0.010029548779129982
1638451639897029877 2.0894744396209717 -3.1500802040100098 0.0 0.0 0.0 -0.9999523162841797 -0.009765870869159698
163845164098029852 2.073303699493408 -3.149768590927124 0.0 0.0 0.0 -0.9999525547027588 -0.00974393729120493
1638451640300029993 2.0571837425231934 -3.149466037750244 0.0 0.0 0.0 -0.9999560713768005 -0.009376193396747112
1638451640502029896 2.039646625518799 -3.149134874343872 0.0 0.0 0.0 -0.9999526739120483 -0.009728798642754555
1638451640712009192 2.0217556953430176 -3.148782730102539 0.0 0.0 0.0 -0.9999514222145081 -0.009854797273874283
1638451640917009115 2.0029280185699463 -3.1484217643737793 0.0 0.0 0.0 -0.999955415725708 -0.009440205991268158
1638451641118009090 1.9829617738723755 -3.148029327392578 0.0 0.0 0.0 -0.999947726726532 -0.01022253930568695
1638451641317008972 1.9625657796859741 -3.1476120948791504 0.0 0.0 0.0 -0.9999467134475708 -0.0103213582187891
1638451641516009092 1.9408290386199951 -3.1471354961395264 0.0 0.0 0.0 -0.9999336004257202 -0.011525419540703297
1638451641716009140 1.918915867805481 -3.1466264724731445 0.0 0.0 0.0 -0.9999310374259949 -0.011745226569473743
1638451641916009188 1.896445870399475 -3.1461079120635986 0.0 0.0 0.0 -0.9999363422393799 -0.011282367631793022
1638451642119009018 1.8722296953201294 -3.1455535888671875 0.0 0.0 0.0 -0.9999338984489441 -0.01149704959243536
1638451642318009138 1.8484443426132202 -3.1449995040893555 0.0 0.0 0.0 -0.999934732913971 -0.011427436023950577
1638451642520009041 1.8244307041168213 -3.144453287124634 0.0 0.0 0.0 -0.9999339580535889 -0.011493354104459286
1638451642719009161 1.8006953001022339 -3.143914222717285 0.0 0.0 0.0 -0.9999325275421143 -0.011616965755820274
1638451642922008991 1.7765300273895264 -3.1433522701263428 0.0 0.0 0.0 -0.9999302625656128 -0.01181090623140335
1638451643171294928 1.748594880104065 -3.1426892280578613 0.0 0.0 0.0 -0.9999290108680725 -0.011917710304260254
1638451643374294996 1.7242271900177002 -3.142117738723755 0.0 0.0 0.0 -0.9999303221702576 -0.011807091534137726
1638451643573294878 1.7002899646759033 -3.1415600776672363 0.0 0.0 0.0 -0.9999347925186157 -0.01141801942139864
1638451643711294889 1.6837916374206543 -3.141186475753784 0.0 0.0 0.0 -0.9999380707740784 -0.011130742728710175
1638451643877295017 1.6639021635055542 -3.1407535076141357 0.0 0.0 0.0 -0.9999421238899231 -0.01075609028339386
163845164445295000 1.6440125703811646 -3.1403300762176514 0.0 0.0 0.0 -0.9999450445175171 -0.010483832098543644
1638451644210294962 1.6241981983184814 -3.1399264335632324 0.0 0.0 0.0 -0.9999504685401917 -0.009950279258191586
1638451644345294952 1.6082303524017334 -3.1396048069000244 0.0 0.0 0.0 -0.9999481439590454 -0.010183559730648994
1638451644516294956 1.5878342390060425 -3.1391849517822266 0.0 0.0 0.0 -0.9999481439590454 -0.0101842749863863
1638451644649295092 1.5719929933547974 -3.1388638019561768 0.0 0.0 0.0 -0.999950110912323 -0.009989378042519093
1638451644818295002 1.551875352859497 -3.1384453773498535 0.0 0.0 0.0 -0.9999440908432007 -0.010576213710010052
1638451644951294899 1.5359584093093872 -3.1381123065948486 0.0 0.0 0.0 -0.9999467730522156 -0.010318616405129433
1638451645118294954 1.5159672498703003 -3.137698173522949 0.0 0.0 0.0 -0.9999435544013977 -0.010626755654811859
1638451645320295095 1.491775631904602 -3.137190341949463 0.0 0.0 0.0 -0.9999443888664246 -0.01054855901747942
1638451645452295065 1.4758837223052979 -3.136866569519043 0.0 0.0 0.0 -0.9999483227729797 -0.010166513733565807
1638451645666247129 1.4479714632034302 -3.1363162994384766 0.0 0.0 0.0 -0.9999524354934692 -0.009755619801580906
1638451645865247011 1.42423415184021 -3.135874032974243 0.0 0.0 0.0 -0.9999597072601318 -0.008979839272797108
163845164666246986 1.400344729423523 -3.1354410648345947 0.0 0.0 0.0 -0.9999600648880005 -0.00893454160541296
1638451646267247200 1.3764303922653198 -3.1349923610687256 0.0 0.0 0.0 -0.9999512434005737 -0.009876730851829052
1638451646468247175 1.3524161577224731 -3.1344761848449707 0.0 0.0 0.0 -0.9999359250068665 -0.011319558136165142
1638451646702247143 1.3245059251785278 -3.133833885192871 0.0 0.0 0.0 -0.9999319314956665 -0.011667626909911633
1638451646907247066 1.2999364137649536 -3.133249521255493 0.0 0.0 0.0 -0.9999260902404785 -0.012155872769653797
1638451647107247114 1.2759742736816406 -3.132664442062378 0.0 0.0 0.0 -0.9999281764030457 -0.01198482047766447
1638451647307247162 1.2520118951797485 -3.1320927143096924 0.0 0.0 0.0 -0.9999334812164307 -0.011533286422491074
1638451647607247114 1.216206431388855 -3.131283760070801 0.0 0.0 0.0 -0.999942421913147 -0.010733203962445259
1638451647842247009 1.1882697343826294 -3.1306955814361572 0.0 0.0 0.0 -0.9999444484710693 -0.010540095157921314
163845164811247158 1.1681774854660034 -3.130272388458252 0.0 0.0 0.0 -0.9999433159828186 -0.01064749713987112
1638451648222951889 1.144264578819275 -3.1297476291656494 0.0 0.0 0.0 -0.9999346733093262 -0.01143256202340126
1638451648357951880 1.1282219886779785 -3.1293678283691406 0.0 0.0 0.0 -0.9999254941940308 -0.012208440341055393
1638451648526952028 1.1080049276351929 -3.1288647651672363 0.0 0.0 0.0 -0.9999200105667114 -0.012647216208279133
1638451648693951845 1.0879908800125122 -3.1283421516418457 0.0 0.0 0.0 -0.9999104738235474 -0.013379218056797981
1638451648862951994 1.0677242279052734 -3.1278042793273926 0.0 0.0 0.0 -0.9999150037765503 -0.013036759570240974
1638451648998951912 1.0515055656433105 -3.1273787021636963 0.0 0.0 0.0 -0.9999144077301025 -0.013083962723612785
1638451649165951967 1.0314412117004395 -3.1268508434295654 0.0 0.0 0.0 -0.9999091625213623 -0.013478868640959263
1638451649369951963 1.007202386856079 -3.126197338104248 0.0 0.0 0.0 -0.9999093413352966 -0.0134656373411417
1638451649668951988 0.9716790318489075 -3.12524151802063 0.0 0.0 0.0 -0.9999062418937683 -0.01369151845574379
1638451649868952036 0.9477692246437073 -3.1245932579040527 0.0 0.0 0.0 -0.999907374382019 -0.013609152287244797
163845165068951845 0.923834502696991 -3.1239302158355713 0.0 0.0 0.0 -0.9999054670333862 -0.013751475140452385
1638451650271951914 0.8995457291603088 -3.123250961303711 0.0 0.0 0.0 -0.9999027252197266 -0.013946839608252048
1638451650471951962 0.8756623268127441 -3.122565507888794 0.0 0.0 0.0 -0.9998984932899475 -0.01424888614565134
1638451650640075922 0.8555484414100647 -3.121995449066162 0.0 0.0 0.0 -0.99990314245224 -0.01391906663775444
1638451650809075832 0.835231602191925 -3.1214375495910645 0.0 0.0 0.0 -0.9999065399169922 -0.0136703010648489
1638451650943075895 0.8193678259849548 -3.1209990978240967 0.0 0.0 0.0 -0.9999040365219116 -0.01385446172207594
1638451651176075935 0.7915871143341064 -3.1202361583709717 0.0 0.0 0.0 -0.999906599521637 -0.013668274506926537
1638451651309075832 0.7756978869438171 -3.1198036670684814 0.0 0.0 0.0 -0.9999054670333862 -0.013751117512583733
1638451651478075981 0.7556594014167786 -3.1192550659179688 0.0 0.0 0.0 -0.9999052882194519 -0.013764824718236923
1638451651680075884 0.7315476536750793 -3.118586301803589 0.0 0.0 0.0 -0.9999051690101624 -0.013771618716418743
1638451651913075924 0.7036917209625244 -3.1177995204925537 0.0 0.0 0.0 -0.999901294708252 -0.014051971957087517
1638451652114075899 0.6796562075614929 -3.117119073867798 0.0 0.0 0.0 -0.9999009966850281 -0.014069851487874985
1638451652314075947 0.6557469964027405 -3.116450071334839 0.0 0.0 0.0 -0.9999082684516907 -0.013543473556637764
1638451652516075850 0.6314827799797058 -3.1157994270324707 0.0 0.0 0.0 -0.9999129772186279 -0.013191957026720047
1638451652749075890 0.6037263870239258 -3.115074872970581 0.0 0.0 0.0 -0.9999169707298279 -0.012888118624687195
163845165319075871 0.5715928077697754 -3.114231824874878 0.0 0.0 0.0 -0.9999068379402161 -0.013648249208927155
1638451653252748013 0.5438629984855652 -3.1134612560272217 0.0 0.0 0.0 -0.9999018311500549 -0.014009776525199413
1638451653518748045 0.5120863318443298 -3.1125338077545166 0.0 0.0 0.0 -0.999886691570282 -0.015053700655698776
1638451653718748093 0.4881029427051544 -3.111802339553833 0.0 0.0 0.0 -0.9998820424079895 -0.015359556302428246
1638451653954748154 0.4597691595554352 -3.1109042167663574 0.0 0.0 0.0 -0.9998738765716553 -0.01588127203285694
1638451654222748041 0.4276403486728668 -3.109896183013916 0.0 0.0 0.0 -0.9998782873153687 -0.015600091777741909
1638451654424747944 0.40368303656578064 -3.109140634536743 0.0 0.0 0.0 -0.9998712539672852 -0.01604635640978813
1638451654592748165 0.38357144594192505 -3.108494520187378 0.0 0.0 0.0 -0.9998744130134583 -0.015847301110625267
1638451654860748053 0.3516950011253357 -3.107515335083008 0.0 0.0 0.0 -0.9998849034309387 -0.015171585604548454
163845165529747963 0.33173421025276184 -3.1069047451019287 0.0 0.0 0.0 -0.9998818039894104 -0.015374337323009968
1638451655195748091 0.3118246793746948 -3.106274366378784 0.0 0.0 0.0 -0.9998629689216614 -0.016554834321141243
1638451655363748074 0.29183995723724365 -3.1056201457977295 0.0 0.0 0.0 -0.9998726844787598 -0.015956245362758636
1638451655694689989 0.2519453763961792 -3.104344606399536 0.0 0.0 0.0 -0.9998781681060791 -0.015608077868819237
1638451655960690022 0.22019542753696442 -3.103370189666748 0.0 0.0 0.0 -0.9998847842216492 -0.015179094858467579
1638451656227689981 0.18829289078712463 -3.1024169921875 0.0 0.0 0.0 -0.999893844127655 -0.014568572863936424
1638451656395689964 0.1683565378189087 -3.1018357276916504 0.0 0.0 0.0 -0.9998965859413147 -0.014381076209247112
1638451656601690054 0.1438659429550171 -3.101130962371826 0.0 0.0 0.0 -0.9998939037322998 -0.014568453654646873
1638451656868690014 0.11198771744966507 -3.100212335586548 0.0 0.0 0.0 -0.999896228313446 -0.014404676854610443
1638451657107690096 0.08352557569742203 -3.099372386932373 0.0 0.0 0.0 -0.9998921155929565 -0.014689795672893524
1638451657273689985 0.06356426328420639 -3.0987792015075684 0.0 0.0 0.0 -0.9998881220817566 -0.014956079423427582
1638451657473690033 0.03960517793893814 -3.0980827808380127 0.0 0.0 0.0 -0.9998949766159058 -0.014493359252810478
1638451657674690008 0.015544469468295574 -3.097398042678833 0.0 0.0 0.0 -0.9999016523361206 -0.014026583172380924
1638451657914690018 -0.013096131384372711 -3.0966010093688965 0.0 0.0 0.0 -0.9999065399169922 -0.013673280365765095
1638451658213954926 -0.04892312362790108 -3.0956380367279053 0.0 0.0 0.0 -0.9999120831489563 -0.013258231803774834
1638451658415955067 -0.07288409024477005 -3.0950095653533936 0.0 0.0 0.0 -0.9999170899391174 -0.012875602580606937
1638451658617954969 -0.09704705327749252 -3.0943596363067627 0.0 0.0 0.0 -0.9999063611030579 -0.013683412224054337
1638451658816955090 -0.1208043172955513 -3.093688488006592 0.0 0.0 0.0 -0.9998969435691833 -0.014356044121086597
163845165950955057 -0.14883744716644287 -3.0928990840911865 0.0 0.0 0.0 -0.9999045133590698 -0.013818821869790554
1638451659216954947 -0.16869869828224182 -3.09234881401062 0.0 0.0 0.0 -0.9999045133590698 -0.013821085914969444
1638451659348954916 -0.18451200425624847 -3.0919179916381836 0.0 0.0 0.0 -0.9999090433120728 -0.013488642871379852
1638451659549954891 -0.2085483968257904 -3.091269016265869 0.0 0.0 0.0 -0.999909520149231 -0.013453717343509197
1638451659751955032 -0.23261034488677979 -3.0906286239624023 0.0 0.0 0.0 -0.9999110698699951 -0.013334638439118862
1638451659953954935 -0.25659680366516113 -3.09000563621521 0.0 0.0 0.0 -0.9999156594276428 -0.012987053953111172
1638451660155955076 -0.28060832619667053 -3.0893747806549072 0.0 0.0 0.0 -0.9999136328697205 -0.01314165536314249
1638451660360955000 -0.3050496280193329 -3.0887176990509033 0.0 0.0 0.0 -0.9999072551727295 -0.013617257587611675
1638451660564954996 -0.3169410824775696 -3.0883877277374268 0.0 0.0 0.0 -0.9999070763587952 -0.013633587397634983
1638451660812282085 -0.31696638464927673 -3.0883870124816895 0.0 0.0 0.0 -0.9999058842658997 -0.01371809933334589
163845166113282061 -0.31696638464927673 -3.0883870124816895 0.0 0.0 0.0 -0.999904990196228 -0.013782346621155739
1638451661213282108 -0.31696638464927673 -3.0883870124816895 0.0 0.0 0.0 -0.9999081492424011 -0.013554916717112064
1638451661346282005 -0.31696638464927673 -3.0883870124816895 0.0 0.0 0.0 -0.9999093413352966 -0.013463253155350685
1638451661611282110 -0.31696638464927673 -3.0883870124816895 0.0 0.0 0.0 -0.9999076724052429 -0.013588650152087212
1638451661811282158 -0.31696638464927673 -3.0883870124816895 0.0 0.0 0.0 -0.9999073147773743 -0.01361344289034605
163845166244282198 -0.31696638464927673 -3.0883870124816895 0.0 0.0 0.0 -0.9999087452888489 -0.01350950263440609
1638451662210282087 -0.31696638464927673 -3.0883870124816895 0.0 0.0 0.0 -0.9999081492424011 -0.013552174903452396
1638451662414282084 -0.3171434998512268 -3.0883820056915283 0.0 0.0 0.0 -0.9998837113380432 -0.015250850468873978
1638451662714282036 -0.3171941339969635 -3.0883805751800537 0.0 0.0 0.0 0.9995602965354919 0.02965082786977291
1638451662947282076 -0.3171941637992859 -3.088381052017212 0.0 0.0 0.0 0.9989983439445496 0.044747501611709595
1638451663147722960 -0.31721919775009155 -3.088376760482788 0.0 0.0 0.0 0.9979586601257324 0.06386313587427139
1638451663347723007 -0.31726935505867004 -3.088369607925415 0.0 0.0 0.0 0.9963793158531189 0.0850188285112381
1638451663612723112 -0.31731849908828735 -3.0883572101593018 0.0 0.0 0.0 0.9926310181617737 0.12117628753185272
1638451663911723137 -0.3173181414604187 -3.0883560180664062 0.0 0.0 0.0 0.986452579498291 0.16404682397842407
1638451664115723133 -0.31736594438552856 -3.0883395671844482 0.0 0.0 0.0 0.981313169002533 0.1924174576997757
1638451664314723015 -0.3173663914203644 -3.0883400440216064 0.0 0.0 0.0 0.9753106832504272 0.22083719074726105
1638451664516722918 -0.31738895177841187 -3.0883285999298096 0.0 0.0 0.0 0.9683682322502136 0.24952557682991028
1638451664790723085 -0.3174104392528534 -3.08831524848938 0.0 0.0 0.0 0.9576120972633362 0.2880609631538391
1638451664960722923 -0.31743159890174866 -3.088301420211792 0.0 0.0 0.0 0.9502231478691101 0.3115701675415039
1638451665194723129 -0.3174906075000763 -3.0882534980773926 0.0 0.0 0.0 0.9390822649002075 0.34369251132011414
1638451665493722916 -0.31747186183929443 -3.0882701873779297 0.0 0.0 0.0 0.9230555891990662 0.3846665322780609
1638451665826449871 -0.3174212574958801 -3.0883264541625977 0.0 0.0 0.0 0.9030479192733765 0.42953982949256897
163845166631450033 -0.3174201250076294 -3.0883255004882812 0.0 0.0 0.0 0.8897014260292053 0.45654284954071045
1638451666303449869 -0.3173622488975525 -3.0884087085723877 0.0 0.0 0.0 0.8708407282829285 0.4915652871131897
1638451666471449852 -0.31733784079551697 -3.0884530544281006 0.0 0.0 0.0 0.8579533696174622 0.513727605342865
1638451666672449827 -0.31729263067245483 -3.08854341506958 0.0 0.0 0.0 0.8426962494850159 0.538389265537262
1638451666939450026 -0.3172619342803955 -3.0886127948760986 0.0 0.0 0.0 0.8209934234619141 0.5709376335144043
1638451667207449913 -0.31725209951400757 -3.0886361598968506 0.0 0.0 0.0 0.7977073192596436 0.6030447483062744
1638451667344449997 -0.317238986492157 -3.0886850357055664 0.0 0.0 0.0 0.7856414318084717 0.6186821460723877
1638451667554450035 -0.31724974513053894 -3.0886356830596924 0.0 0.0 0.0 0.7660301327705383 0.6428046226501465
1638451667819449902 -0.3172549903392792 -3.088585376739502 0.0 0.0 0.0 0.7411832213401794 0.6713027954101562
1638451668127095938 -0.3172568082809448 -3.0885348320007324 0.0 0.0 0.0 0.7111634612083435 0.7030267119407654
1638451668359096050 -0.317255437374115 -3.088484287261963 0.0 0.0 0.0 0.68748939037323 0.726194441318512
1638451668623095989 -0.3172540068626404 -3.088459014892578 0.0 0.0 0.0 0.6859058141708374 0.7276903390884399
1638451668856096029 -0.3172540068626404 -3.088459014892578 0.0 0.0 0.0 0.6858769059181213 0.7277175784111023
163845166922096157 -0.3172540068626404 -3.088459014892578 0.0 0.0 0.0 0.685856819152832 0.7277365326881409
1638451669227096081 -0.3172540068626404 -3.088459014892578 0.0 0.0 0.0 0.6858597993850708 0.7277337312698364
1638451669445096016 -0.3172540068626404 -3.088459014892578 0.0 0.0 0.0 0.685982346534729 0.7276182174682617
1638451669647096157 -0.3172540068626404 -3.088459014892578 0.0 0.0 0.0 0.685844361782074 0.7277482748031616
1638451669913095951 -0.31722354888916016 -3.087953567504883 0.0 0.0 0.0 0.6852255463600159 0.7283309102058411
163845167046096087 -0.3171338438987732 -3.0864882469177246 0.0 0.0 0.0 0.6850399971008301 0.7285054922103882
1638451670245095968 -0.3168867528438568 -3.0824966430664062 0.0 0.0 0.0 0.6846938133239746 0.7288308143615723
1638451670512095928 -0.31630992889404297 -3.0732510089874268 0.0 0.0 0.0 0.684697151184082 0.728827714920044
1638451670750149012 -0.31557416915893555 -3.0615298748016357 0.0 0.0 0.0 0.6846235990524292 0.7288967370986938
1638451670956149101 -0.31480497121810913 -3.049227714538574 0.0 0.0 0.0 0.6847506761550903 0.7287774085998535
1638451671254148960 -0.3134658932685852 -3.0278820991516113 0.0 0.0 0.0 0.6846868991851807 0.7288373708724976
1638451671423149109 -0.31262022256851196 -3.0143673419952393 0.0 0.0 0.0 0.6847386956214905 0.7287886738777161
1638451671622148991 -0.31161966919898987 -2.9983770847320557 0.0 0.0 0.0 0.6848312020301819 0.7287017703056335
1638451671858149052 -0.3104534149169922 -2.9795315265655518 0.0 0.0 0.0 0.6848737597465515 0.7286617755889893
163845167291149092 -0.3093096613883972 -2.960937738418579 0.0 0.0 0.0 0.6851082444190979 0.7284412980079651
1638451672326148987 -0.3081674873828888 -2.942293405532837 0.0 0.0 0.0 0.6850761771202087 0.7284714579582214
1638451672492149115 -0.30734390020370483 -2.928929090499878 0.0 0.0 0.0 0.6849637031555176 0.728577196598053
1638451672660149097 -0.30651235580444336 -2.9155657291412354 0.0 0.0 0.0 0.6845505237579346 0.7289654612541199
1638451672896148920 -0.30527326464653015 -2.8960397243499756 0.0 0.0 0.0 0.6842219829559326 0.729273796081543
163845167397149134 -0.3041173815727234 -2.878106117248535 0.0 0.0 0.0 0.6837645769119263 0.7297027111053467
1638451673267287016 -0.3031437397003174 -2.8632044792175293 0.0 0.0 0.0 0.6834406852722168 0.7300060391426086
1638451673467287064 -0.30196574330329895 -2.845500946044922 0.0 0.0 0.0 0.6831464767456055 0.7302813529968262
1638451673600286961 -0.30117079615592957 -2.833682060241699 0.0 0.0 0.0 0.6828991174697876 0.7305127382278442
1638451673803287029 -0.29993802309036255 -2.8154494762420654 0.0 0.0 0.0 0.6830816864967346 0.7303419709205627
16384516743287077 -0.29873159527778625 -2.7974178791046143 0.0 0.0 0.0 0.6830861568450928 0.7303377985954285
1638451674204287052 -0.2975447177886963 -2.7795119285583496 0.0 0.0 0.0 0.6834814548492432 0.7299678921699524
1638451674401287079 -0.2963826060295105 -2.76188325881958 0.0 0.0 0.0 0.6834028959274292 0.7300414443016052
1638451674603286982 -0.2951911985874176 -2.7439777851104736 0.0 0.0 0.0 0.6832070350646973 0.7302247285842896
1638451674903286934 -0.2934045195579529 -2.7171826362609863 0.0 0.0 0.0 0.683173418045044 0.7302561402320862
1638451675103286982 -0.2922227680683136 -2.6993014812469482 0.0 0.0 0.0 0.6835875511169434 0.7298685312271118
1638451675369287014 -0.2906564772129059 -2.675687789916992 0.0 0.0 0.0 0.6831537485122681 0.7302745580673218
1638451675569287062 -0.28946349024772644 -2.6579089164733887 0.0 0.0 0.0 0.6830039024353027 0.7304147481918335
1638451675962152958 -0.28708070516586304 -2.6224522590637207 0.0 0.0 0.0 0.683157205581665 0.7302713394165039
1638451676164152861 -0.2858659625053406 -2.60426926612854 0.0 0.0 0.0 0.6830620169639587 0.7303603887557983
1638451676398152828 -0.2844858169555664 -2.583357334136963 0.0 0.0 0.0 0.683634877204895 0.7298241853713989
1638451676596153021 -0.2833375930786133 -2.5656516551971436 0.0 0.0 0.0 0.6839998364448547 0.7294821739196777
1638451676796152830 -0.28218668699264526 -2.5477182865142822 0.0 0.0 0.0 0.6841294765472412 0.7293605804443359
1638451677100152969 -0.28046587109565735 -2.5207414627075195 0.0 0.0 0.0 0.6842303276062012 0.7292659878730774
1638451677301152945 -0.2793019413948059 -2.5026817321777344 0.0 0.0 0.0 0.6839186549186707 0.7295582890510559
1638451677501152992 -0.27814751863479614 -2.4849255084991455 0.0 0.0 0.0 0.6837143898010254 0.7297497391700745
1638451677767153025 -0.27647921442985535 -2.4597208499908447 0.0 0.0 0.0 0.6829736828804016 0.730443000793457
16384516786152868 -0.27475354075431824 -2.434418201446533 0.0 0.0 0.0 0.6824224591255188 0.7309579849243164
1638451678329144955 -0.27219635248184204 -2.396538496017456 0.0 0.0 0.0 0.6830333471298218 0.7303872108459473
1638451678563144922 -0.27034279704093933 -2.3686065673828125 0.0 0.0 0.0 0.6835139989852905 0.7299374341964722
1638451678895144939 -0.26776719093322754 -2.3290791511535645 0.0 0.0 0.0 0.6838772296905518 0.7295970916748047
163845167995144987 -0.266218900680542 -2.305210590362549 0.0 0.0 0.0 0.6836407780647278 0.7298186421394348
1638451679361145020 -0.2641472816467285 -2.273513078689575 0.0 0.0 0.0 0.683584451675415 0.7298714518547058
1638451679627145052 -0.26204565167427063 -2.241969585418701 0.0 0.0 0.0 0.6828516721725464 0.7305570244789124
1638451679893144846 -0.2598997950553894 -2.2103025913238525 0.0 0.0 0.0 0.6825898885726929 0.7308016419410706
1638451680159144878 -0.2576952576637268 -2.1784110069274902 0.0 0.0 0.0 0.6820353269577026 0.7313191890716553
1638451680424144983 -0.2555122673511505 -2.14684796333313 0.0 0.0 0.0 0.6824283003807068 0.7309525609016418
1638451680662146091 -0.2534325122833252 -2.1168253421783447 0.0 0.0 0.0 0.6822234988212585 0.7311436533927917
1638451680863146067 -0.25175419449806213 -2.0928895473480225 0.0 0.0 0.0 0.6817812919616699 0.7315560579299927
1638451681164146185 -0.2491723597049713 -2.0570664405822754 0.0 0.0 0.0 0.6807653307914734 0.7325015664100647
1638451681364145994 -0.2474047690629959 -2.033289670944214 0.0 0.0 0.0 0.6799960136413574 0.7332158088684082
1638451681598146200 -0.24530670046806335 -2.0056285858154297 0.0 0.0 0.0 0.6797894835472107 0.7334072589874268
1638451681771146059 -0.24372102320194244 -1.9848836660385132 0.0 0.0 0.0 0.6794467568397522 0.73372483253479
163845168239146185 -0.24128226935863495 -1.9528316259384155 0.0 0.0 0.0 0.6798149943351746 0.7333835959434509
1638451682240146160 -0.23945845663547516 -1.9288557767868042 0.0 0.0 0.0 0.6795268654823303 0.7336506247520447
1638451682573146105 -0.23641999065876007 -1.8892344236373901 0.0 0.0 0.0 0.6794126033782959 0.7337564826011658
1638451682875146151 -0.2335885614156723 -1.8532525300979614 0.0 0.0 0.0 0.6783230900764465 0.7347637414932251
1638451683258821011 -0.23005972802639008 -1.8098361492156982 0.0 0.0 0.0 0.6775662302970886 0.7354617714881897
1638451683524820805 -0.2274666577577591 -1.7781263589859009 0.0 0.0 0.0 0.6777567267417908 0.7352862358093262
1638451683725821018 -0.22553320229053497 -1.7540829181671143 0.0 0.0 0.0 0.6784517168998718 0.7346449494361877
163845168422820950 -0.22269630432128906 -1.718558430671692 0.0 0.0 0.0 0.6781339645385742 0.7349383234977722
1638451684324820995 -0.21981839835643768 -1.6827071905136108 0.0 0.0 0.0 0.6783910989761353 0.7347009778022766
1638451684556820869 -0.21762432157993317 -1.6551042795181274 0.0 0.0 0.0 0.6785277128219604 0.7345747947692871
1638451684792820930 -0.21539482474327087 -1.6271487474441528 0.0 0.0 0.0 0.678393542766571 0.7346987128257751
1638451685126820803 -0.2121877670288086 -1.5874137878417969 0.0 0.0 0.0 0.6779135465621948 0.7351416349411011
1638451685462821007 -0.2088862508535385 -1.547203779220581 0.0 0.0 0.0 0.6776782274246216 0.7353585362434387
1638451685767751932 -0.20594361424446106 -1.5113072395324707 0.0 0.0 0.0 0.6772685050964355 0.7357359528541565
1638451686168751955 -0.20195597410202026 -1.4634840488433838 0.0 0.0 0.0 0.6768655776977539 0.7361066341400146
1638451686468751907 -0.19891811907291412 -1.4278241395950317 0.0 0.0 0.0 0.6759033203125 0.7369902729988098
1638451686801751852 -0.19545704126358032 -1.3884152173995972 0.0 0.0 0.0 0.6752356886863708 0.7376020550727844
1638451687105751991 -0.19222392141819 -1.352086067199707 0.0 0.0 0.0 0.6749401688575745 0.7378724217414856
1638451687340751886 -0.18972517549991608 -1.323950171470642 0.0 0.0 0.0 0.6750770807266235 0.7377471923828125
1638451687506752014 -0.187981978058815 -1.3043358325958252 0.0 0.0 0.0 0.6749017834663391 0.7379075288772583
1638451687708751917 -0.185829296708107 -1.2803871631622314 0.0 0.0 0.0 0.6746061444282532 0.7381778359413147
16384516886752014 -0.18260283768177032 -1.2448452711105347 0.0 0.0 0.0 0.67408686876297 0.7386520504951477
1638451688307008028 -0.17934748530387878 -1.2095091342926025 0.0 0.0 0.0 0.6735082268714905 0.7391797304153442
1638451688475008011 -0.1774195432662964 -1.1888186931610107 0.0 0.0 0.0 0.6734572052955627 0.739226222038269
1638451688707007885 -0.17450973391532898 -1.1574162244796753 0.0 0.0 0.0 0.6738582849502563 0.7388606071472168
163845168943008089 -0.17028963565826416 -1.1108076572418213 0.0 0.0 0.0 0.6750016808509827 0.7378162145614624
1638451689245007992 -0.1678021103143692 -1.0828994512557983 0.0 0.0 0.0 0.6750221848487854 0.7377973794937134
1638451689518007994 -0.16441918909549713 -1.04498291015625 0.0 0.0 0.0 0.6747204661369324 0.7380734086036682
1638451689817008018 -0.16069567203521729 -1.0037169456481934 0.0 0.0 0.0 0.6745011806488037 0.7382737398147583
1638451690118007898 -0.1568857878446579 -0.9619758725166321 0.0 0.0 0.0 0.6736488342285156 0.7390515804290771
1638451690355007887 -0.15382258594036102 -0.9290114641189575 0.0 0.0 0.0 0.6739986538887024 0.7387325763702393
1638451690488008022 -0.15212880074977875 -0.9104853868484497 0.0 0.0 0.0 0.6743176579475403 0.7384414076805115
1638451690662034988 -0.1496535688638687 -0.8830333352088928 0.0 0.0 0.0 0.6746881008148193 0.7381029725074768
1638451690997034788 -0.14542317390441895 -0.8365271091461182 0.0 0.0 0.0 0.6739259958267212 0.7387988567352295
1638451691300035000 -0.14152200520038605 -0.794718325138092 0.0 0.0 0.0 0.6727372407913208 0.7398814558982849
1638451691467034817 -0.13933290541172028 -0.7717135548591614 0.0 0.0 0.0 0.6726799607276917 0.7399335503578186
1638451691702034950 -0.13620933890342712 -0.7389582395553589 0.0 0.0 0.0 0.6729674339294434 0.739672064781189
16384516923034830 -0.13231833279132843 -0.697097659111023 0.0 0.0 0.0 0.6740886569023132 0.7386504411697388
1638451692269034863 -0.1289384365081787 -0.6602989435195923 0.0 0.0 0.0 0.6740977168083191 0.7386422157287598
1638451692501034975 -0.12597709894180298 -0.6281640529632568 0.0 0.0 0.0 0.673751950263977 0.7389575839042664
1638451692765034914 -0.1225987896323204 -0.5916957259178162 0.0 0.0 0.0 0.673789918422699 0.7389229536056519
1638451693147034883 -0.11772193014621735 -0.5388182997703552 0.0 0.0 0.0 0.6737440824508667 0.7389647364616394
1638451693550302982 -0.1128748208284378 -0.48606517910957336 0.0 0.0 0.0 0.673761248588562 0.7389491200447083
1638451693950302839 -0.10771285742521286 -0.43054521083831787 0.0 0.0 0.0 0.6730842590332031 0.7395658493041992
1638451694590302944 -0.09919561445713043 -0.34211403131484985 0.0 0.0 0.0 0.6717795729637146 0.7407510876655579
1638451695123302937 -0.09190530329942703 -0.2681348919868469 0.0 0.0 0.0 0.6715877056121826 0.7409250736236572
1638451695492302895 -0.08693482726812363 -0.21694433689117432 0.0 0.0 0.0 0.6720705628395081 0.7404870986938477
1638451695919075012 -0.08103971928358078 -0.1568414866924286 0.0 0.0 0.0 0.6716610789299011 0.7408585548400879
1638451696318075180 -0.07562477141618729 -0.10132018476724625 0.0 0.0 0.0 0.6723757982254028 0.7402099370956421
1638451696552075148 -0.07253602147102356 -0.06876497715711594 0.0 0.0 0.0 0.6729962229728699 0.7396459579467773
1638451696816075087 -0.06909258663654327 -0.03225180134177208 0.0 0.0 0.0 0.673149049282074 0.7395068407058716
1638451697167075157 -0.06449884176254272 0.016254227608442307 0.0 0.0 0.0 0.6728185415267944 0.7398075461387634
1638451697399075031 -0.06144070625305176 0.04827842116355896 0.0 0.0 0.0 0.6726663708686829 0.7399458885192871
1638451697666074991 -0.05788834020495415 0.08551856875419617 0.0 0.0 0.0 0.672734797000885 0.7398837208747864
1638451697865075111 -0.05527831241488457 0.11311060190200806 0.0 0.0 0.0 0.6733167171478271 0.739354133605957
163845169864074993 -0.052699580788612366 0.14065472781658173 0.0 0.0 0.0 0.6732941269874573 0.7393747568130493
1638451698317156076 -0.049194809049367905 0.17779769003391266 0.0 0.0 0.0 0.6727424263954163 0.7398768067359924
1638451698549155951 -0.04877805709838867 0.18218198418617249 0.0 0.0 0.0 0.6728119254112244 0.7398135662078857
1638451698851155996 -0.04877806082367897 0.18218198418617249 0.0 0.0 0.0 0.6727671027183533 0.7398543357849121
1638451699218156099 -0.04877806454896927 0.18218198418617249 0.0 0.0 0.0 0.6727638840675354 0.7398572564125061
1638451699555155993 -0.04877805337309837 0.18218198418617249 0.0 0.0 0.0 0.6727830767631531 0.7398397922515869
1638451699857156038 -0.048775650560855865 0.18220718204975128 0.0 0.0 0.0 0.6728310585021973 0.7397961616516113
1638451700291156054 -0.04877804219722748 0.18218198418617249 0.0 0.0 0.0 0.6727858185768127 0.7398372888565063
1638451700590156078 -0.04877803102135658 0.18218198418617249 0.0 0.0 0.0 0.6728313565254211 0.7397959232330322
1638451700826053858 -0.04877563565969467 0.18220718204975128 0.0 0.0 0.0 0.6727556586265564 0.7398647665977478
1638451701227053881 -0.04877563938498497 0.18220718204975128 0.0 0.0 0.0 0.6728566884994507 0.7397728562355042
1638451701560053825 -0.04875127598643303 0.18245910108089447 0.0 0.0 0.0 0.670735776424408 0.7416964173316956
1638451701824053764 -0.0487527959048748 0.18245929479599 0.0 0.0 0.0 0.6595067977905273 0.7516986131668091
1638451702191053867 -0.04873974621295929 0.1825341433286667 0.0 0.0 0.0 0.6231796741485596 0.7820786833763123
1638451702492053986 -0.048734791576862335 0.182559072971344 0.0 0.0 0.0 0.5746278762817383 0.8184148073196411
1638451702695053816 -0.0487271249294281 0.18258322775363922 0.0 0.0 0.0 0.5309360027313232 0.8474119305610657
163845170362053919 -0.0488443449139595 0.18238836526870728 0.0 0.0 0.0 0.4311164915561676 0.9022963047027588
1638451703447523117 -0.04902945086359978 0.1822165548801422 0.0 0.0 0.0 0.31506943702697754 0.9490686058998108
1638451703817523003 -0.0491156168282032 0.18216371536254883 0.0 0.0 0.0 0.19373801350593567 0.9810532927513123
1638451704221523046 -0.048817429691553116 0.18221913278102875 0.0 0.0 0.0 0.06017958000302315 0.9981875419616699
1638451704593523026 -0.04861568659543991 0.18221864104270935 0.0 0.0 0.0 -0.06592711806297302 0.9978244304656982
1638451704893522978 -0.04861491918563843 0.18222171068191528 0.0 0.0 0.0 -0.14696893095970154 0.9891411066055298
163845170596523046 -0.048590704798698425 0.18221434950828552 0.0 0.0 0.0 -0.14706993103027344 0.9891260862350464
1638451705472522974 -0.045323457568883896 0.18121403455734253 0.0 0.0 0.0 -0.14835354685783386 0.9889343976974487
1638451705672523022 -0.04077453166246414 0.17981769144535065 0.0 0.0 0.0 -0.1483725905418396 0.9889315366744995
1638451705987886906 -0.19885217465921026 0.09408889499721584 0.013841426934967961 -0.001965817498883402 -0.0005059072566609363 -0.09634695927345562 0.9953457538123908
1638451706358886957 -0.17766476242013376 0.08993906189561912 0.013871383560813865 -0.001965660248089401 -0.0005065178466600791 -0.09665612595665286 0.9953157725291034
1638451706493886948 -0.16847521670989812 0.08813507939694792 0.013884392949569172 -0.0019656137975332328 -0.0005066977779417027 -0.09674724100140282 0.99530688338584
1638451706726886988 -0.15260531205543423 0.08501600320479205 0.01390687431972537 -0.0019655808427778186 -0.0005068259802762586 -0.09681215033115279 0.995300618724936
1638451706961886883 -0.1367600658383176 0.08190270879680106 0.013929317006860046 -0.0019655739678471162 -0.0005068524854051372 -0.09682557468418328 0.995299293503219
1638451707270886898 -0.11564988731474951 0.07775356152868004 0.013959222355261104 -0.0019654404384766054 -0.0005073700745715442 -0.09708766877341835 0.9952737668545653
1638451707570887089 -0.09535960309522817 0.07376387883829216 0.013987972967190876 -0.0019655579581661802 -0.0005069144150844563 -0.0968569368157186 0.9952962232414546
16384517085887032 -0.06526018701273922 0.06784153542509433 0.01403063836927846 -0.0019653765636357154 -0.00050761738450653 -0.09721290584808989 0.9952615344031684
1638451708326452017 -0.04350695169643051 0.06355197471701735 0.014061510934146888 -0.0019653650114022565 -0.0005076620770864497 -0.0972355387421877 0.9952593193881242
1638451708492451906 -0.03280427175372372 0.06144091198276341 0.014076702693422203 -0.001965372932746508 -0.0005076313316815283 -0.0972199708424927 0.9952608306114274
1638451708692451954 -0.032233105761318465 0.06132838662962645 0.014077512885170895 -0.001965597282840575 -0.0005067622401552151 -0.09677987423438453 0.9953037604214237
163845170924451971 -0.0377047672861236 0.040459357426773285 0.0035486873873067887 -0.0014260049058566525 -0.0011802658945354733 -0.0928015044081681 0.995682908769087
1638451709322452068 -0.03955691118312955 0.0335002035999801 3.6302203390655886e-05 -0.0012458803025199663 -0.0014048720295500674 -0.09149386644661431 0.9958038825115788
1638451709658452034 -0.0395320254160767 0.03349561034132881 3.63787377676321e-05 -0.0012463049805148993 -0.0014044952733062925 -0.09119279116086292 0.9958314892036597
1638451709961452007 -0.03955691291250339 0.033500218400380366 3.630215841678669e-05 -0.0012462308673861437 -0.00140456101181646 -0.09124532916516795 0.9958266672002288
1638451710261451960 -0.0395320254160767 0.03349561034132881 3.6378737767632085e-05 -0.0012462575829015642 -0.0014045373881105953 -0.09122641917589266 0.9958284319950909
1638451710497452021 -0.03953202714545051 0.03349562514172913 3.6378692793762946e-05 -0.0012461661398021344 -0.0014046184748920758 -0.09129123310434469 0.9958224739095719
1638451710698787212 -0.03953202714545051 0.03349562514172913 3.637869279376296e-05 -0.0012463021124836705 -0.0014044978361441379 -0.09119483161212188 0.9958313094852111
1638451710899787188 -0.03953202714545051 0.03349562514172913 3.637869279376296e-05 -0.0012464536370799767 -0.0014043632807399311 -0.09108735812972088 0.9958411124222282
