1638453302549883842 -4.586026450628146e-14 4.97981522684654e-09 0.0 0.0 0.0 4.779547452926636e-05 1.0
1638453302688884020 2.531068639655132e-05 4.231014649747067e-09 0.0 0.0 0.0 -7.786601781845093e-05 1.0
1638453302788883924 9.848023817867618e-14 1.0338410127985753e-09 0.0 0.0 0.0 9.39592719078064e-05 1.0
1638453302954884052 -9.24877307986044e-14 2.2145358880010235e-09 0.0 0.0 0.0 -4.9620866775512695e-06 1.0
1638453303159883976 2.4153891235202674e-13 -1.4073654464041851e-09 0.0 0.0 0.0 0.00010611675679683685 1.0
1638453303292883873 0.000303728214930743 5.316555373724441e-08 0.0 0.0 0.0 -2.8172507882118225e-05 1.0
1638453303460883856 0.0018476784462109208 -2.0271463654353283e-06 0.0 0.0 0.0 -0.0009550711838528514 0.9999995231628418
1638453303595883846 0.0036953550297766924 -5.732784302381333e-06 0.0 0.0 0.0 -0.0009645165991969407 0.9999995231628418
1638453303761883974 0.006935117766261101 -1.1704078133334406e-05 0.0 0.0 0.0 -0.000768011377658695 0.9999997019767761
1638453303961884022 0.01123793050646782 -1.830645851441659e-05 0.0 0.0 0.0 -0.0008345971582457423 0.9999996423721313
163845330494883919 0.015009220689535141 -2.311719799763523e-05 0.0 0.0 0.0 -0.0007119159563444555 0.9999997615814209
1638453304247641087 0.019792933017015457 -3.213346280972473e-05 0.0 0.0 0.0 -0.0009728370350785553 0.9999995231628418
1638453304414640903 0.025462519377470016 -4.1178725950885564e-05 0.0 0.0 0.0 -0.0008788405684754252 0.9999996423721313
1638453304546640873 0.03062588907778263 -5.145499744685367e-05 0.0 0.0 0.0 -0.0010690258350223303 0.9999994039535522
1638453304713640928 0.037105411291122437 -6.29502028459683e-05 0.0 0.0 0.0 -0.0009077320573851466 0.9999995827674866
1638453304845640898 0.04254719614982605 -7.39359893486835e-05 0.0 0.0 0.0 -0.001159438630566001 0.9999993443489075
163845330512640953 0.050469428300857544 -8.886438445188105e-05 0.0 0.0 0.0 -0.0009291114984080195 0.9999995827674866
1638453305215641022 0.06196045130491257 -0.00011472569894976914 0.0 0.0 0.0 -0.0011476760264486074 0.9999993443489075
1638453305348640919 0.07079385221004486 -0.00013671122724190354 0.0 0.0 0.0 -0.0011907347943633795 0.9999992847442627
1638453305516640902 0.08246203511953354 -0.0001658198016230017 0.0 0.0 0.0 -0.0011890155728906393 0.9999992847442627
1638453305716640949 0.09678784012794495 -0.000201253526029177 0.0 0.0 0.0 -0.0013418436283245683 0.9999991059303284
1638453305916640997 0.11258164793252945 -0.00024331903841812164 0.0 0.0 0.0 -0.0014599165879189968 0.999998927116394
163845330648640966 0.12321207672357559 -0.0002786343975458294 0.0 0.0 0.0 -0.0017379885539412498 0.9999985098838806
1638453306217640877 0.13768967986106873 -0.00033169775269925594 0.0 0.0 0.0 -0.001868574763648212 0.9999982714653015
1638453306418641090 0.15560951828956604 -0.0003973199345637113 0.0 0.0 0.0 -0.001978373620659113 0.9999980330467224
1638453306617640972 0.17370650172233582 -0.00047616593656130135 0.0 0.0 0.0 -0.002441470045596361 0.9999970197677612
1638453306805464029 0.18884208798408508 -0.0005538519471883774 0.0 0.0 0.0 -0.0025970337446779013 0.9999966025352478
1638453306945463896 0.2013707160949707 -0.0006191504071466625 0.0 0.0 0.0 -0.0027392341289669275 0.9999962449073792
163845330744463873 0.21035586297512054 -0.0006693626055493951 0.0 0.0 0.0 -0.0029662803281098604 0.9999955892562866
1638453307144464016 0.21926507353782654 -0.0007227094611153007 0.0 0.0 0.0 -0.0028964232187718153 0.9999958276748657
1638453307312463999 0.23424869775772095 -0.0008146270411089063 0.0 0.0 0.0 -0.0030114538967609406 0.9999954700469971
1638453307446463823 0.2461192011833191 -0.0008854715269990265 0.0 0.0 0.0 -0.00287651433609426 0.9999958872795105
1638453307612463951 0.2609510123729706 -0.0009717487264424562 0.0 0.0 0.0 -0.0029530362226068974 0.9999956488609314
1638453307749463797 0.27312520146369934 -0.00104571133852005 0.0 0.0 0.0 -0.0029868290293961763 0.9999955296516418
1638453307918463945 0.28826069831848145 -0.0011408182326704264 0.0 0.0 0.0 -0.003286131424829364 0.9999945759773254
163845330852464008 0.3001311719417572 -0.0012164771324023604 0.0 0.0 0.0 -0.0031975333113223314 0.9999948740005493
1638453308220463991 0.31506413221359253 -0.0013139297952875495 0.0 0.0 0.0 -0.0036875391378998756 0.9999932050704956
1638453308352463961 0.32680797576904297 -0.0014000186929479241 0.0 0.0 0.0 -0.0038401742931455374 0.9999926090240479
1638453308486464024 0.33877959847450256 -0.0014884890988469124 0.0 0.0 0.0 -0.003919258713722229 0.999992311000824
1638453308653463840 0.3535859286785126 -0.0015997173031792045 0.0 0.0 0.0 -0.0038669768255203962 0.9999925494194031
1638453308821463823 0.36869609355926514 -0.0016981916269287467 0.0 0.0 0.0 -0.002874957164749503 0.9999958872795105
1638453308955463886 0.380819708108902 -0.0017675601411610842 0.0 0.0 0.0 -0.0030343709513545036 0.9999954104423523
1638453309122463942 0.3959299623966217 -0.0018513827817514539 0.0 0.0 0.0 -0.0025704577565193176 0.9999967217445374
1638453309246410847 0.407901793718338 -0.0019085697131231427 0.0 0.0 0.0 -0.0022640572860836983 0.9999974370002747
1638453309413410902 0.4229615032672882 -0.0019742303993552923 0.0 0.0 0.0 -0.0020136157982051373 0.9999979734420776
1638453309547410965 0.4349839985370636 -0.002016267506405711 0.0 0.0 0.0 -0.001143809175118804 0.9999993443489075
1638453309732410908 0.4513850212097168 -0.0019449945539236069 0.0 0.0 0.0 0.006572662852704525 0.9999784231185913
1638453309866410971 0.46332842111587524 -0.001676225452683866 0.0 0.0 0.0 0.016540545970201492 0.9998632073402405
16384533101410961 0.4752618670463562 -0.0011214319383725524 0.0 0.0 0.0 0.029669178649783134 0.999559760093689
1638453310167410851 0.4899253249168396 -1.8068807548843324e-05 0.0 0.0 0.0 0.04603904113173485 0.9989396333694458
1638453310365410805 0.5076205730438232 0.002058386569842696 0.0 0.0 0.0 0.07254360616207123 0.9973652362823486
1638453310499410868 0.5194059610366821 0.00401090644299984 0.0 0.0 0.0 0.09136004000902176 0.9958178997039795
1638453310698410988 0.53694748878479 0.007784671615809202 0.0 0.0 0.0 0.12006383389234543 0.9927662014961243
1638453310864410877 0.5515295267105103 0.011740242131054401 0.0 0.0 0.0 0.14414753019809723 0.9895561933517456
1638453310997411013 0.5628612041473389 0.01535844150930643 0.0 0.0 0.0 0.1634160727262497 0.9865572452545166
1638453311164410830 0.5770376920700073 0.02058429829776287 0.0 0.0 0.0 0.1875506490468979 0.9822549223899841
1638453311298410892 0.5880076289176941 0.025184161961078644 0.0 0.0 0.0 0.20625343918800354 0.9784985780715942
1638453311499410868 0.6043012142181396 0.03282119333744049 0.0 0.0 0.0 0.22672511637210846 0.9739587903022766
1638453311704218864 0.6202739477157593 0.04094422236084938 0.0 0.0 0.0 0.2384812831878662 0.9711471199989319
1638453311872218847 0.6334336400032043 0.04794890061020851 0.0 0.0 0.0 0.24578525125980377 0.9693242907524109
16384533129218931 0.6441453099250793 0.053840458393096924 0.0 0.0 0.0 0.2517939507961273 0.9677808880805969
1638453312144218922 0.6546759605407715 0.05979682132601738 0.0 0.0 0.0 0.25722965598106384 0.9663503170013428
1638453312311218977 0.6683412790298462 0.06776556372642517 0.0 0.0 0.0 0.2644643783569336 0.9643954634666443
1638453312445219040 0.6802733540534973 0.07493602484464645 0.0 0.0 0.0 0.26995158195495605 0.9628738760948181
1638453312613219023 0.6960166692733765 0.08470360189676285 0.0 0.0 0.0 0.27869319915771484 0.9603801965713501
1638453312747218847 0.7090401649475098 0.09308990091085434 0.0 0.0 0.0 0.2856749892234802 0.9583265781402588
1638453312915218830 0.7262901067733765 0.10458513349294662 0.0 0.0 0.0 0.29381120204925537 0.9558634757995605
163845331348218966 0.7404894828796387 0.11435608565807343 0.0 0.0 0.0 0.29977357387542725 0.9540103673934937
1638453313218219042 0.7584212422370911 0.12709268927574158 0.0 0.0 0.0 0.30786681175231934 0.9514294862747192
1638453313351218939 0.7722834348678589 0.13725094497203827 0.0 0.0 0.0 0.3146642744541168 0.9492030143737793
1638453313517218828 0.7894232273101807 0.15021206438541412 0.0 0.0 0.0 0.32062849402427673 0.9472050070762634
1638453313653218985 0.8032706379890442 0.16081252694129944 0.0 0.0 0.0 0.3206264078617096 0.9472057223320007
1638453313820219040 0.820521354675293 0.17383643984794617 0.0 0.0 0.0 0.3132905960083008 0.9496573209762573
1638453313953218937 0.834594190120697 0.1840059757232666 0.0 0.0 0.0 0.3019051253795624 0.9533379673957825
163845331488218927 0.8491541743278503 0.19396646320819855 0.0 0.0 0.0 0.2883361577987671 0.9575292468070984
1638453314257179022 0.8677202463150024 0.2056613564491272 0.0 0.0 0.0 0.2657366394996643 0.9640456438064575
1638453314390179157 0.8826273679733276 0.21416017413139343 0.0 0.0 0.0 0.24640752375125885 0.9691662788391113
1638453314522179127 0.8978775143623352 0.22208207845687866 0.0 0.0 0.0 0.22814898192882538 0.9736262559890747
1638453314656178951 0.9135118126869202 0.22945649921894073 0.0 0.0 0.0 0.20931938290596008 0.9778473377227783
1638453314828179121 0.9340102672576904 0.23803366720676422 0.0 0.0 0.0 0.1844034045934677 0.9828506112098694
1638453314996179104 0.95433109998703 0.24539566040039062 0.0 0.0 0.0 0.16062375903129578 0.9870157241821289
1638453315163179159 0.9750311970710754 0.251785546541214 0.0 0.0 0.0 0.13680410385131836 0.9905981421470642
1638453315297178984 0.9918308258056641 0.25616884231567383 0.0 0.0 0.0 0.1175978034734726 0.9930613040924072
1638453315465178967 1.0130366086959839 0.2607226073741913 0.0 0.0 0.0 0.09335289895534515 0.995633065700531
1638453315597178936 1.0299266576766968 0.26360630989074707 0.0 0.0 0.0 0.07501295953989029 0.9971825480461121
1638453315765179157 1.0512166023254395 0.266313761472702 0.0 0.0 0.0 0.051317375153303146 0.9986823797225952
1638453315965178967 1.0770095586776733 0.2682274878025055 0.0 0.0 0.0 0.022672390565276146 0.9997429251670837
1638453316100178957 1.0944164991378784 0.2686789929866791 0.0 0.0 0.0 0.0033599131274968386 0.9999943375587463
1638453316269179106 1.1161022186279297 0.26829832792282104 0.0 0.0 0.0 -0.020839445292949677 0.9997828602790833
1638453316403179169 1.1336332559585571 0.26721376180648804 0.0 0.0 0.0 -0.04065551608800888 0.9991732239723206
1638453316569179058 1.1550490856170654 0.26492953300476074 0.0 0.0 0.0 -0.06584378331899643 0.9978299140930176
1638453316704045057 1.172214150428772 0.2623210549354553 0.0 0.0 0.0 -0.08489702641963959 0.9963897466659546
1638453316840044975 1.1894872188568115 0.258998304605484 0.0 0.0 0.0 -0.10512654483318329 0.9944588541984558
1638453316940045118 1.2021443843841553 0.25610339641571045 0.0 0.0 0.0 -0.11925499886274338 0.992863655090332
1638453317107045174 1.2231087684631348 0.25044503808021545 0.0 0.0 0.0 -0.14337173104286194 0.9896689057350159
1638453317307044983 1.247588038444519 0.24241486191749573 0.0 0.0 0.0 -0.17214247584342957 0.9850720763206482
1638453317474045038 1.2675784826278687 0.23474466800689697 0.0 0.0 0.0 -0.19151495397090912 0.9814897179603577
1638453317639045000 1.2875365018844604 0.22631488740444183 0.0 0.0 0.0 -0.20437465608119965 0.9788927435874939
1638453317807044983 1.3074593544006348 0.21742156147956848 0.0 0.0 0.0 -0.21133823692798615 0.9774129986763
1638453317974045038 1.3269731998443604 0.20854443311691284 0.0 0.0 0.0 -0.21183496713638306 0.9773054718971252
1638453318173045158 1.3504369258880615 0.1980213075876236 0.0 0.0 0.0 -0.20550931990146637 0.9786551594734192
1638453318307044983 1.366334319114685 0.19116654992103577 0.0 0.0 0.0 -0.1989784687757492 0.980003833770752
1638453318441045046 1.3824914693832397 0.1844712197780609 0.0 0.0 0.0 -0.19075164198875427 0.9816383123397827
1638453318610045195 1.4030829668045044 0.17652951180934906 0.0 0.0 0.0 -0.1749303638935089 0.9845808148384094
1638453318809045076 1.427683711051941 0.16806088387966156 0.0 0.0 0.0 -0.15535400807857513 0.9878588914871216
163845331922045135 1.4539140462875366 0.16019514203071594 0.0 0.0 0.0 -0.13553932309150696 0.9907719492912292
1638453319156045198 1.4706459045410156 0.15575063228607178 0.0 0.0 0.0 -0.1234893873333931 0.9923458695411682
1638453319321435928 1.4915833473205566 0.15080630779266357 0.0 0.0 0.0 -0.10840287804603577 0.9941070675849915
1638453319467435837 1.5101253986358643 0.1469843089580536 0.0 0.0 0.0 -0.09492823481559753 0.9954841136932373
1638453319600435972 1.5269901752471924 0.1439540535211563 0.0 0.0 0.0 -0.08241754025220871 0.9965978860855103
1638453319766435862 1.548539161682129 0.14071178436279297 0.0 0.0 0.0 -0.06629233062267303 0.9978002309799194
1638453319899435997 1.5657517910003662 0.13863606750965118 0.0 0.0 0.0 -0.05345631018280983 0.9985702037811279
163845332067435980 1.5875301361083984 0.1366654485464096 0.0 0.0 0.0 -0.03671608120203018 0.9993257522583008
1638453320201436043 1.6047859191894531 0.13563278317451477 0.0 0.0 0.0 -0.023018673062324524 0.9997350573539734
1638453320369436026 1.6265677213668823 0.13497403264045715 0.0 0.0 0.0 -0.007112777326256037 0.9999747276306152
1638453320502435923 1.6437280178070068 0.1349496692419052 0.0 0.0 0.0 0.005935563240200281 0.9999823570251465
1638453320669435978 1.6652836799621582 0.13554273545742035 0.0 0.0 0.0 0.021541686728596687 0.9997679591178894
1638453320804435968 1.6826190948486328 0.13651375472545624 0.0 0.0 0.0 0.03430068865418434 0.9994115829467773
1638453320974436045 1.7046586275100708 0.1384047418832779 0.0 0.0 0.0 0.050932008773088455 0.9987021088600159
1638453321106436014 1.7217552661895752 0.14038337767124176 0.0 0.0 0.0 0.06396177411079407 0.9979523420333862
1638453321274435997 1.7433801889419556 0.1434602439403534 0.0 0.0 0.0 0.07590977847576141 0.9971147179603577
1638453321439435959 1.7646549940109253 0.14682620763778687 0.0 0.0 0.0 0.07959595322608948 0.9968271851539612
1638453321608435869 1.7863242626190186 0.15029045939445496 0.0 0.0 0.0 0.07745418697595596 0.9969959259033203
1638453321745361090 1.8035204410552979 0.1528686136007309 0.0 0.0 0.0 0.0704430341720581 0.9975157976150513
1638453321911360979 1.8248324394226074 0.15561453998088837 0.0 0.0 0.0 0.05672082304954529 0.9983900785446167
1638453322112360954 1.8505442142486572 0.15791137516498566 0.0 0.0 0.0 0.030860019847750664 0.9995236992835999
1638453322247360945 1.8680176734924316 0.15863844752311707 0.0 0.0 0.0 0.01074734516441822 0.9999422430992126
1638453322415360928 1.889554738998413 0.15855593979358673 0.0 0.0 0.0 -0.015276375226676464 0.9998832941055298
1638453322616361141 1.9154067039489746 0.15679794549942017 0.0 0.0 0.0 -0.05346912890672684 0.9985694885253906
1638453322751361132 1.9328354597091675 0.15443149209022522 0.0 0.0 0.0 -0.08222713321447372 0.996613621711731
1638453322952361107 1.958353877067566 0.1489029824733734 0.0 0.0 0.0 -0.1305561512708664 0.9914408922195435
1638453323119360924 1.9789308309555054 0.1424700766801834 0.0 0.0 0.0 -0.17084132134914398 0.9852985739707947
1638453323254360914 1.995103120803833 0.13608916103839874 0.0 0.0 0.0 -0.2023312747478485 0.9793171286582947
1638453323420361042 2.014575481414795 0.1267758160829544 0.0 0.0 0.0 -0.24004259705543518 0.9707623720169067
1638453323589360952 2.033524990081787 0.11582094430923462 0.0 0.0 0.0 -0.27826523780822754 0.9605042934417725
1638453323760360956 2.0517749786376953 0.1031956821680069 0.0 0.0 0.0 -0.3174692690372467 0.9482685327529907
1638453323893361092 2.0652856826782227 0.09233442693948746 0.0 0.0 0.0 -0.34685108065605164 0.9379202127456665
163845332461361074 2.0810844898223877 0.07766440510749817 0.0 0.0 0.0 -0.3836672604084015 0.9234713912010193
1638453324219295979 2.0955443382263184 0.061946988105773926 0.0 0.0 0.0 -0.4196484386920929 0.907686710357666
1638453324353296041 2.1063530445098877 0.04839444160461426 0.0 0.0 0.0 -0.44829505681991577 0.893885612487793
1638453324519295931 2.1184756755828857 0.030719518661499023 0.0 0.0 0.0 -0.48355963826179504 0.8753114342689514
1638453324651295900 2.1271049976348877 0.01597735472023487 0.0 0.0 0.0 -0.5109537839889526 0.8596081733703613
1638453324819295883 2.1367108821868896 -0.0035490444861352444 0.0 0.0 0.0 -0.5461490154266357 0.8376880288124084
1638453324953295946 2.143200635910034 -0.019677897915244102 0.0 0.0 0.0 -0.5732391476631165 0.8193880915641785
1638453325122296095 2.1498019695281982 -0.04036099463701248 0.0 0.0 0.0 -0.6059837937355042 0.795477032661438
1638453325287296057 2.154627561569214 -0.06106163188815117 0.0 0.0 0.0 -0.6371554136276245 0.7707353830337524
1638453325454295874 2.1578209400177 -0.0824083536863327 0.0 0.0 0.0 -0.6678946018218994 0.7442558407783508
1638453325620296001 2.1592600345611572 -0.10384321212768555 0.0 0.0 0.0 -0.6975517868995667 0.7165343761444092
1638453325754296064 2.159144878387451 -0.12100042402744293 0.0 0.0 0.0 -0.7209093570709229 0.6930293440818787
1638453325920295954 2.157405376434326 -0.14248892664909363 0.0 0.0 0.0 -0.7493337392807007 0.6621925234794617
163845332653296089 2.1547274589538574 -0.15959018468856812 0.0 0.0 0.0 -0.7702727913856506 0.6377145648002625
1638453326220295906 2.1498770713806152 -0.1804148256778717 0.0 0.0 0.0 -0.7953004837036133 0.6062154173851013
1638453326420295954 2.141824245452881 -0.2049865573644638 0.0 0.0 0.0 -0.8235464096069336 0.5672489404678345
1638453326553296089 2.135221481323242 -0.22074081003665924 0.0 0.0 0.0 -0.841571569442749 0.5401456356048584
1638453326689728975 2.1276090145111084 -0.23603272438049316 0.0 0.0 0.0 -0.8586609959602356 0.5125439763069153
1638453326856729031 2.116516351699829 -0.2547250986099243 0.0 0.0 0.0 -0.8792077898979187 0.4764385521411896
1638453326988729000 2.1066811084747314 -0.2688462436199188 0.0 0.0 0.0 -0.893707275390625 0.448650598526001
1638453327154729128 2.093151807785034 -0.2855342924594879 0.0 0.0 0.0 -0.9110846519470215 0.412219375371933
1638453327322729111 2.078221082687378 -0.301298052072525 0.0 0.0 0.0 -0.9250919818878174 0.3797430992126465
1638453327522729158 2.059102773666382 -0.3188653886318207 0.0 0.0 0.0 -0.9374775886535645 0.34804555773735046
1638453327656728983 2.04581880569458 -0.32988736033439636 0.0 0.0 0.0 -0.9434700608253479 0.3314577639102936
1638453327821729183 2.028961420059204 -0.3429664373397827 0.0 0.0 0.0 -0.9482815861701965 0.31743040680885315
1638453327956729174 2.014925479888916 -0.3533584475517273 0.0 0.0 0.0 -0.9508083462715149 0.3097797632217407
163845332889729071 2.000809669494629 -0.3635556697845459 0.0 0.0 0.0 -0.9519305229187012 0.30631399154663086
1638453328257729053 1.983231782913208 -0.3762648105621338 0.0 0.0 0.0 -0.9504840970039368 0.31077316403388977
1638453328391729116 1.9694139957427979 -0.3865680992603302 0.0 0.0 0.0 -0.947492778301239 0.31977713108062744
1638453328593729019 1.9489023685455322 -0.40277931094169617 0.0 0.0 0.0 -0.9412752389907837 0.3376401662826538
1638453328760729074 1.9325226545333862 -0.4168807864189148 0.0 0.0 0.0 -0.9334416389465332 0.3587293028831482
1638453328893728971 1.919895052909851 -0.42875924706459045 0.0 0.0 0.0 -0.9254078269004822 0.37897276878356934
163845332960729027 1.904847264289856 -0.4445521831512451 0.0 0.0 0.0 -0.9125982522964478 0.4088574945926666
1638453329193798065 1.8937519788742065 -0.4576742649078369 0.0 0.0 0.0 -0.9015770554542542 0.43261852860450745
1638453329362797976 1.8807846307754517 -0.47499486804008484 0.0 0.0 0.0 -0.8867815136909485 0.46218883991241455
1638453329495798111 1.8713111877441406 -0.4893318712711334 0.0 0.0 0.0 -0.8745195269584656 0.4849902391433716
1638453329660798073 1.8606418371200562 -0.507718026638031 0.0 0.0 0.0 -0.8584052324295044 0.5129721760749817
1638453329797798157 1.8526804447174072 -0.5235154032707214 0.0 0.0 0.0 -0.8440435528755188 0.5362746715545654
1638453329962798119 1.8441861867904663 -0.5431951880455017 0.0 0.0 0.0 -0.8266761302947998 0.5626780390739441
163845333094798088 1.8382980823516846 -0.559339165687561 0.0 0.0 0.0 -0.8118675947189331 0.5838415622711182
1638453330262798071 1.8320943117141724 -0.58006751537323 0.0 0.0 0.0 -0.792159914970398 0.6103135943412781
1638453330394798040 1.8281731605529785 -0.5966683030128479 0.0 0.0 0.0 -0.7762128114700317 0.6304709315299988
1638453330560798168 1.8244524002075195 -0.61788010597229 0.0 0.0 0.0 -0.7551649808883667 0.6555347442626953
1638453330695798159 1.8224564790725708 -0.6351518630981445 0.0 0.0 0.0 -0.7379225492477417 0.6748853921890259
1638453330865797997 1.8212192058563232 -0.6569309830665588 0.0 0.0 0.0 -0.7157333493232727 0.6983736753463745
1638453330997797966 1.821242332458496 -0.674267053604126 0.0 0.0 0.0 -0.6975662708282471 0.7165203094482422
1638453331165798187 1.8225442171096802 -0.6960675120353699 0.0 0.0 0.0 -0.6734484434127808 0.739234209060669
1638453331297798157 1.8245660066604614 -0.7130303382873535 0.0 0.0 0.0 -0.6543816924095154 0.7561643719673157
1638453331463798046 1.8283236026763916 -0.7340559363365173 0.0 0.0 0.0 -0.6295453906059265 0.7769637107849121
1638453331595798016 1.8322560787200928 -0.7505239844322205 0.0 0.0 0.0 -0.6094366312026978 0.7928348183631897
1638453331774501085 1.8386039733886719 -0.7715260982513428 0.0 0.0 0.0 -0.5826372504234314 0.8127323389053345
1638453331908500910 1.8445098400115967 -0.7876366972923279 0.0 0.0 0.0 -0.5620706677436829 0.8270891904830933
163845333240500879 1.8512485027313232 -0.8034444451332092 0.0 0.0 0.0 -0.540457546710968 0.8413712978363037
1638453332207500935 1.8609298467636108 -0.8229076266288757 0.0 0.0 0.0 -0.5126848816871643 0.8585768938064575
1638453332374500990 1.8718096017837524 -0.8416399359703064 0.0 0.0 0.0 -0.4854494631290436 0.8742647171020508
1638453332507500887 1.8812249898910522 -0.8561066389083862 0.0 0.0 0.0 -0.46835610270500183 0.8835397958755493
1638453332641500950 1.8911547660827637 -0.8702568411827087 0.0 0.0 0.0 -0.4550379514694214 0.8904720544815063
1638453332810501099 1.9041615724563599 -0.8876463174819946 0.0 0.0 0.0 -0.44116032123565674 0.8974283337593079
1638453332942501068 1.914703130722046 -0.9010587334632874 0.0 0.0 0.0 -0.43387073278427124 0.9009751081466675
1638453333109500885 1.9283326864242554 -0.9179330468177795 0.0 0.0 0.0 -0.42927733063697815 0.9031727313995361
1638453333276500940 1.942004680633545 -0.934740424156189 0.0 0.0 0.0 -0.43054473400115967 0.9025692343711853
1638453333412501097 1.9531302452087402 -0.9486265182495117 0.0 0.0 0.0 -0.4357331395149231 0.9000759124755859
1638453333611500978 1.968917727470398 -0.9690209031105042 0.0 0.0 0.0 -0.44587457180023193 0.8950954675674438
1638453333743500948 1.9790573120117188 -0.9828023314476013 0.0 0.0 0.0 -0.4570748805999756 0.8894281983375549
1638453333914500952 1.9916338920593262 -1.001213788986206 0.0 0.0 0.0 -0.47748318314552307 0.87864089012146
163845333448501015 2.0007541179656982 -1.0159871578216553 0.0 0.0 0.0 -0.49707406759262085 0.8677080869674683
1638453334196375132 2.011009931564331 -1.0348948240280151 0.0 0.0 0.0 -0.5264608263969421 0.8501993417739868
1638453334362375021 2.0198471546173096 -1.054559350013733 0.0 0.0 0.0 -0.5606383681297302 0.8280607461929321
1638453334561375141 2.0282795429229736 -1.078950047492981 0.0 0.0 0.0 -0.6001270413398743 0.7999047040939331
1638453334761375189 2.034334659576416 -1.103985071182251 0.0 0.0 0.0 -0.6370797753334045 0.770797848701477
1638453334895375013 2.0370545387268066 -1.1210287809371948 0.0 0.0 0.0 -0.660758376121521 0.750598669052124
163845333562375069 2.038951873779297 -1.1426061391830444 0.0 0.0 0.0 -0.6895742416381836 0.724215030670166
1638453335195375204 2.039254903793335 -1.1595842838287354 0.0 0.0 0.0 -0.7120689749717712 0.7021095156669617
1638453335362375021 2.038062334060669 -1.1811611652374268 0.0 0.0 0.0 -0.7398778796195984 0.672741174697876
1638453335561375141 2.0345678329467773 -1.2066826820373535 0.0 0.0 0.0 -0.766284704208374 0.6425011157989502
1638453335696375132 2.0310847759246826 -1.2237427234649658 0.0 0.0 0.0 -0.7825767397880554 0.6225541830062866
1638453335863375187 2.0257084369659424 -1.2445719242095947 0.0 0.0 0.0 -0.7979235053062439 0.6027587056159973
163845333664375162 2.017899513244629 -1.2693886756896973 0.0 0.0 0.0 -0.8133906126022339 0.581717848777771
1638453336267374992 2.008965253829956 -1.2941482067108154 0.0 0.0 0.0 -0.822432816028595 0.56886225938797
1638453336467375040 1.9995428323745728 -1.31842839717865 0.0 0.0 0.0 -0.8276912569999695 0.561183750629425
1638453336600375175 1.9930715560913086 -1.3345133066177368 0.0 0.0 0.0 -0.8291172385215759 0.5590747594833374
1638453336765644073 1.9849032163619995 -1.3547170162200928 0.0 0.0 0.0 -0.8289631009101868 0.5593032836914062
1638453336899644136 1.9784084558486938 -1.3707923889160156 0.0 0.0 0.0 -0.8290920853614807 0.5591120719909668
163845333765644026 1.9703232049942017 -1.3908112049102783 0.0 0.0 0.0 -0.8288957476615906 0.559403121471405
1638453337266644001 1.9606530666351318 -1.4147759675979614 0.0 0.0 0.0 -0.8287553191184998 0.5596111416816711
1638453337465644121 1.9510341882705688 -1.4386249780654907 0.0 0.0 0.0 -0.8289077877998352 0.5593852400779724
1638453337632643938 1.9429162740707397 -1.4587126970291138 0.0 0.0 0.0 -0.8290830254554749 0.559125542640686
1638453337799643993 1.934839129447937 -1.4788440465927124 0.0 0.0 0.0 -0.8272003531455994 0.5619071125984192
1638453337967643976 1.926969051361084 -1.4992740154266357 0.0 0.0 0.0 -0.8212478756904602 0.5705715417861938
1638453338168643951 1.9183660745620728 -1.5238816738128662 0.0 0.0 0.0 -0.8087394833564758 0.5881670117378235
1638453338368643999 1.9110591411590576 -1.5488762855529785 0.0 0.0 0.0 -0.79075026512146 0.6121388673782349
1638453338568644047 1.905544638633728 -1.5741686820983887 0.0 0.0 0.0 -0.7664188742637634 0.6423410773277283
1638453338767643929 1.9020487070083618 -1.5994094610214233 0.0 0.0 0.0 -0.7414236068725586 0.6710373163223267
1638453338968644142 1.900459885597229 -1.6253235340118408 0.0 0.0 0.0 -0.7148735523223877 0.6992537975311279
1638453339168643951 1.900858759880066 -1.6512577533721924 0.0 0.0 0.0 -0.6874261498451233 0.7262542843818665
1638453339340372086 1.9027143716812134 -1.6727644205093384 0.0 0.0 0.0 -0.663989245891571 0.7477421164512634
1638453339505372047 1.905918836593628 -1.6938812732696533 0.0 0.0 0.0 -0.6395409107208252 0.7687570452690125
1638453339638371944 1.9094889163970947 -1.7106904983520508 0.0 0.0 0.0 -0.6189342737197876 0.7854427695274353
1638453339805372000 1.9151530265808105 -1.7312843799591064 0.0 0.0 0.0 -0.5935600996017456 0.804789662361145
1638453339971372128 1.9221159219741821 -1.7514762878417969 0.0 0.0 0.0 -0.5675963163375854 0.8233070373535156
1638453340170372009 1.9320917129516602 -1.7753658294677734 0.0 0.0 0.0 -0.5421042442321777 0.8403112292289734
1638453340304372072 1.9395047426223755 -1.7910940647125244 0.0 0.0 0.0 -0.5293681621551514 0.8483921885490417
1638453340503371954 1.9513378143310547 -1.8141517639160156 0.0 0.0 0.0 -0.5137457847595215 0.8579424619674683
1638453340669372082 1.9616549015045166 -1.832972764968872 0.0 0.0 0.0 -0.5059703588485718 0.8625508546829224
1638453340803372145 1.9702129364013672 -1.8480802774429321 0.0 0.0 0.0 -0.5008425116539001 0.8655384182929993
1638453340937371969 1.9789350032806396 -1.8630644083023071 0.0 0.0 0.0 -0.49591636657714844 0.8683702945709229
1638453341105371952 1.9901316165924072 -1.8817309141159058 0.0 0.0 0.0 -0.4896964132785797 0.8718929886817932
1638453341272372007 2.001467227935791 -1.900194764137268 0.0 0.0 0.0 -0.4877980649471283 0.8729565143585205
1638453341407371998 2.0106101036071777 -1.9150450229644775 0.0 0.0 0.0 -0.4879017174243927 0.8728985786437988
1638453341539371967 2.0195236206054688 -1.929649829864502 0.0 0.0 0.0 -0.49160507321357727 0.8708182573318481
1638453341707174063 2.030487060546875 -1.9483071565628052 0.0 0.0 0.0 -0.5028367042541504 0.8643814325332642
1638453341908174038 2.0428218841552734 -1.9713287353515625 0.0 0.0 0.0 -0.5254606008529663 0.8508179187774658
163845334241173935 2.0501556396484375 -1.9868417978286743 0.0 0.0 0.0 -0.54511559009552 0.8383609056472778
1638453342209173918 2.0583579540252686 -2.0070548057556152 0.0 0.0 0.0 -0.5729819536209106 0.8195679783821106
1638453342342174053 2.063784122467041 -2.0234920978546143 0.0 0.0 0.0 -0.5983898639678955 0.8012050986289978
1638453342509173870 2.0690877437591553 -2.044414758682251 0.0 0.0 0.0 -0.6298684477806091 0.776701807975769
1638453342644173861 2.0721256732940674 -2.061429977416992 0.0 0.0 0.0 -0.6543681025505066 0.7561761736869812
1638453342810173988 2.074329137802124 -2.08282470703125 0.0 0.0 0.0 -0.6848272085189819 0.7287055253982544
163845334310174036 2.0746817588806152 -2.108654499053955 0.0 0.0 0.0 -0.7191784381866455 0.6948254704475403
1638453343210173845 2.0725486278533936 -2.13432240486145 0.0 0.0 0.0 -0.751829981803894 0.6593570113182068
1638453343343173981 2.069746494293213 -2.151326894760132 0.0 0.0 0.0 -0.7729230523109436 0.634499728679657
1638453343509173870 2.0647330284118652 -2.172243118286133 0.0 0.0 0.0 -0.7965953946113586 0.6045128107070923
1638453343708173990 2.0568904876708984 -2.196568012237549 0.0 0.0 0.0 -0.819003701210022 0.5737882256507874
1638453343840173960 2.05072021484375 -2.2124712467193604 0.0 0.0 0.0 -0.8308113217353821 0.5565541386604309
16384533447174015 2.0420591831207275 -2.2321629524230957 0.0 0.0 0.0 -0.8434843420982361 0.5371537804603577
1638453344175173998 2.0325429439544678 -2.2516543865203857 0.0 0.0 0.0 -0.8518384695053101 0.5238045454025269
1638453344299730062 2.0254063606262207 -2.2655162811279297 0.0 0.0 0.0 -0.8553130626678467 0.518111526966095
1638453344467730045 2.0151431560516357 -2.2848267555236816 0.0 0.0 0.0 -0.8590741157531738 0.5118512511253357
1638453344601730108 2.00665020942688 -2.3003182411193848 0.0 0.0 0.0 -0.8615332245826721 0.5077012181282043
1638453344769730091 1.9960330724716187 -2.319436550140381 0.0 0.0 0.0 -0.861614465713501 0.5075633525848389
1638453344903730154 1.987679362297058 -2.3346292972564697 0.0 0.0 0.0 -0.8596242070198059 0.5109267830848694
1638453345104730129 1.9755712747573853 -2.357544422149658 0.0 0.0 0.0 -0.8527101278305054 0.5223843455314636
1638453345237730026 1.967919945716858 -2.3730175495147705 0.0 0.0 0.0 -0.8462862968444824 0.5327283143997192
1638453345405730009 1.9589087963104248 -2.392608404159546 0.0 0.0 0.0 -0.8375871181488037 0.5463038086891174
1638453345571730137 1.95054292678833 -2.412428379058838 0.0 0.0 0.0 -0.8290784955024719 0.5591322779655457
1638453345703730106 1.9443212747573853 -2.4283666610717773 0.0 0.0 0.0 -0.8221338391304016 0.569294273853302
1638453345871730089 1.93694007396698 -2.4490041732788086 0.0 0.0 0.0 -0.8129440546035767 0.5823417901992798
16384533463730059 1.9316178560256958 -2.4653449058532715 0.0 0.0 0.0 -0.805557906627655 0.5925170183181763
1638453346171730042 1.9254302978515625 -2.486345052719116 0.0 0.0 0.0 -0.7960870265960693 0.6051821112632751
1638453346306730032 1.9209874868392944 -2.5032081604003906 0.0 0.0 0.0 -0.7879258394241333 0.615770161151886
1638453346438730001 1.9170392751693726 -2.5199081897735596 0.0 0.0 0.0 -0.7804986238479614 0.6251575350761414
1638453346604730129 1.9126466512680054 -2.541071891784668 0.0 0.0 0.0 -0.770856499671936 0.6370088458061218
1638453346740404129 1.9096118211746216 -2.5580129623413086 0.0 0.0 0.0 -0.7629157304763794 0.646497905254364
1638453346908404112 1.9063682556152344 -2.5795364379882812 0.0 0.0 0.0 -0.7529296875 0.658100962638855
1638453347111403942 1.9032235145568848 -2.60567045211792 0.0 0.0 0.0 -0.7443638443946838 0.6677742600440979
1638453347246403933 1.9014126062393188 -2.6230151653289795 0.0 0.0 0.0 -0.7419393062591553 0.6704670786857605
1638453347447403908 1.8987168073654175 -2.649148941040039 0.0 0.0 0.0 -0.7443345189094543 0.6678069233894348
1638453347613404036 1.8962262868881226 -2.670670986175537 0.0 0.0 0.0 -0.7491094470024109 0.6624462604522705
1638453347749403954 1.8939628601074219 -2.6881155967712402 0.0 0.0 0.0 -0.753394603729248 0.657568633556366
1638453347918404102 1.8908416032791138 -2.709632158279419 0.0 0.0 0.0 -0.7589544653892517 0.6511437296867371
163845334852403927 1.8880847692489624 -2.7268004417419434 0.0 0.0 0.0 -0.7632580995559692 0.6460937261581421
1638453348218404055 1.8843159675598145 -2.748110294342041 0.0 0.0 0.0 -0.7689616680145264 0.6392948627471924
1638453348420403957 1.8792818784713745 -2.773689031600952 0.0 0.0 0.0 -0.7757406830787659 0.631051778793335
1638453348552403927 1.8757253885269165 -2.7902956008911133 0.0 0.0 0.0 -0.7794033885002136 0.626522421836853
1638453348716403961 1.8709955215454102 -2.811075448989868 0.0 0.0 0.0 -0.7838348150253296 0.6209693551063538
1638453348851403952 1.866881251335144 -2.8281266689300537 0.0 0.0 0.0 -0.7875438332557678 0.6162586808204651
163845334919403934 1.8614553213119507 -2.8493635654449463 0.0 0.0 0.0 -0.7920132875442505 0.6105038523674011
1638453349220403910 1.8546088933944702 -2.87441349029541 0.0 0.0 0.0 -0.7976361513137817 0.6031389832496643
1638453349422407866 1.847285509109497 -2.8993804454803467 0.0 0.0 0.0 -0.8037740588188171 0.5949347019195557
1638453349656407833 1.837766170501709 -2.9284069538116455 0.0 0.0 0.0 -0.8171111941337585 0.5764800906181335
1638453349828408003 1.8298046588897705 -2.9491794109344482 0.0 0.0 0.0 -0.8313922882080078 0.5556859374046326
1638453349962408066 1.8228737115859985 -2.964848518371582 0.0 0.0 0.0 -0.8451203107833862 0.5345761775970459
163845335095407963 1.8150516748428345 -2.9801483154296875 0.0 0.0 0.0 -0.8613213300704956 0.5080606341362
1638453350263407946 1.8037697076797485 -2.99881649017334 0.0 0.0 0.0 -0.8810031414031982 0.4731103777885437
1638453350397408009 1.7938108444213867 -3.012850522994995 0.0 0.0 0.0 -0.8956642746925354 0.4447307884693146
1638453350566407919 1.77997887134552 -3.0296170711517334 0.0 0.0 0.0 -0.913115918636322 0.4077000617980957
1638453350767407894 1.7615822553634644 -3.048217535018921 0.0 0.0 0.0 -0.9319450855255127 0.3625994622707367
1638453350967407942 1.7418386936187744 -3.0646398067474365 0.0 0.0 0.0 -0.9483068585395813 0.31735488772392273
1638453351103407860 1.7274447679519653 -3.074746608734131 0.0 0.0 0.0 -0.9582074880599976 0.28607413172721863
1638453351271407843 1.708891749382019 -3.085876226425171 0.0 0.0 0.0 -0.9688251614570618 0.24774543941020966
1638453351443408012 1.688981056213379 -3.0957324504852295 0.0 0.0 0.0 -0.9783704876899719 0.2068602293729782
1638453351610408068 1.6688039302825928 -3.1037485599517822 0.0 0.0 0.0 -0.9856584668159485 0.16875258088111877
1638453351800337076 1.6434744596481323 -3.111330032348633 0.0 0.0 0.0 -0.9927160143852234 0.12047798931598663
1638453351966336966 1.6224075555801392 -3.1156680583953857 0.0 0.0 0.0 -0.996630847454071 0.08201777189970016
1638453352168337107 1.5964418649673462 -3.1186439990997314 0.0 0.0 0.0 -0.999464750289917 0.03271384909749031
1638453352368336916 1.5706384181976318 -3.1190829277038574 0.0 0.0 0.0 -0.9998798966407776 -0.015499015338718891
1638453352502336979 1.561962366104126 -3.11832594871521 0.0 0.0 0.0 0.9988587498664856 0.047762054949998856
1638453352669337034 1.5404027700424194 -3.115368604660034 0.0 0.0 0.0 0.9961006045341492 0.08822467178106308
1638453352856337070 1.5167648792266846 -3.1100025177001953 0.0 0.0 0.0 0.9909394979476929 0.13430911302566528
163845335359336901 1.492000699043274 -3.101886034011841 0.0 0.0 0.0 0.9835932850837708 0.18040022253990173
1638453353260337114 1.4681154489517212 -3.09183669090271 0.0 0.0 0.0 0.9768745303153992 0.21381348371505737
1638453353425337076 1.4488307237625122 -3.082418203353882 0.0 0.0 0.0 0.9718511700630188 0.23559565842151642
1638453353594336987 1.429722547531128 -3.0721542835235596 0.0 0.0 0.0 0.9679479598999023 0.2511509358882904
1638453353759336948 1.411261796951294 -3.061659336090088 0.0 0.0 0.0 0.9658350348472595 0.25915759801864624
1638453353893337011 1.3961200714111328 -3.052855968475342 0.0 0.0 0.0 0.9655053019523621 0.26038333773612976
163845335461336994 1.3773009777069092 -3.042018413543701 0.0 0.0 0.0 0.9667286276817322 0.25580406188964844
1638453354227337122 1.3584104776382446 -3.031461238861084 0.0 0.0 0.0 0.9689564108848572 0.24723169207572937
1638453354402748108 1.3391022682189941 -3.02130389213562 0.0 0.0 0.0 0.9728845953941345 0.2312910109758377
1638453354536747932 1.3234491348266602 -3.0137341022491455 0.0 0.0 0.0 0.976947009563446 0.21348193287849426
1638453354703747988 1.3037183284759521 -3.0052266120910645 0.0 0.0 0.0 0.981753945350647 0.19015558063983917
1638453354844748020 1.2866768836975098 -2.9987733364105225 0.0 0.0 0.0 0.9855101704597473 0.1696164906024933
1638453354995748043 1.2681028842926025 -2.9926297664642334 0.0 0.0 0.0 0.9889777898788452 0.1480640172958374
1638453355196748018 1.243162751197815 -2.985779285430908 0.0 0.0 0.0 0.9928715825080872 0.11918903887271881
1638453355364748001 1.222068190574646 -2.9811904430389404 0.0 0.0 0.0 0.9955388307571411 0.09435255080461502
1638453355497748137 1.2049291133880615 -2.9782631397247314 0.0 0.0 0.0 0.997227668762207 0.07441093772649765
1638453355664747953 1.1834325790405273 -2.975576639175415 0.0 0.0 0.0 0.9987533688545227 0.049916572868824005
1638453355797748089 1.1663283109664917 -2.9742002487182617 0.0 0.0 0.0 0.9995310306549072 0.030621226876974106
1638453355978748083 1.151558518409729 -2.9736859798431396 0.0 0.0 0.0 -0.9999954104423523 -0.0030317697674036026
1638453356145748138 1.1299231052398682 -2.974062442779541 0.0 0.0 0.0 -0.9997820258140564 0.020876873284578323
1638453356315747976 1.1081303358078003 -2.9755160808563232 0.0 0.0 0.0 -0.9989781379699707 0.04519634693861008
1638453356447747946 1.0911495685577393 -2.9773879051208496 0.0 0.0 0.0 -0.9979188442230225 0.06448245793581009
1638453356616748095 1.0695160627365112 -2.9807393550872803 0.0 0.0 0.0 -0.9960188269615173 0.08914335817098618
1638453356791926861 1.047385334968567 -2.985320806503296 0.0 0.0 0.0 -0.9933552145957947 0.11508888751268387
1638453356957926989 1.0265446901321411 -2.9907538890838623 0.0 0.0 0.0 -0.9902232885360718 0.139491468667984
163845335793926907 1.0098127126693726 -2.9959280490875244 0.0 0.0 0.0 -0.9871848225593567 0.15958091616630554
1638453357261926889 0.9894905090332031 -3.003211736679077 0.0 0.0 0.0 -0.9830871820449829 0.18313810229301453
1638453357396926880 0.9733257293701172 -3.009819746017456 0.0 0.0 0.0 -0.9791889190673828 0.20295076072216034
1638453357563926935 0.9537621736526489 -3.018826961517334 0.0 0.0 0.0 -0.9742633700370789 0.22541260719299316
1638453357697926998 0.938485324382782 -3.026641845703125 0.0 0.0 0.0 -0.9700862765312195 0.24276040494441986
1638453357867926836 0.9191281795501709 -3.037451982498169 0.0 0.0 0.0 -0.9655449986457825 0.2602362632751465
16384533581926899 0.9040787220001221 -3.0464117527008057 0.0 0.0 0.0 -0.9629970788955688 0.269511878490448
1638453358167927027 0.8857718110084534 -3.0577125549316406 0.0 0.0 0.0 -0.9612799882888794 0.2755734622478485
1638453358302927017 0.8708814978599548 -3.067030668258667 0.0 0.0 0.0 -0.9612574577331543 0.2756521701812744
1638453358471926928 0.8521801829338074 -3.0785598754882812 0.0 0.0 0.0 -0.9633123874664307 0.26838263869285583
1638453358605926991 0.8371328711509705 -3.087423801422119 0.0 0.0 0.0 -0.9665629863739014 0.2564293146133423
1638453358771926880 0.8184082508087158 -3.097597122192383 0.0 0.0 0.0 -0.9719913005828857 0.2350168079137802
1638453358904927015 0.8030367493629456 -3.1051089763641357 0.0 0.0 0.0 -0.9763888120651245 0.21602052450180054
163845335938926840 0.7872021198272705 -3.112105369567871 0.0 0.0 0.0 -0.9804179072380066 0.1969282031059265
1638453359205926895 0.7671580910682678 -3.11991548538208 0.0 0.0 0.0 -0.9849869012832642 0.1726289838552475
1638453359344288111 0.7503523230552673 -3.1256017684936523 0.0 0.0 0.0 -0.9882780909538269 0.15266433358192444
1638453359545288086 0.7253237962722778 -3.1327009201049805 0.0 0.0 0.0 -0.9923657774925232 0.12332938611507416
1638453359712288141 0.7042481303215027 -3.1374919414520264 0.0 0.0 0.0 -0.9950001239776611 0.09987396001815796
1638453359844288111 0.6873695850372314 -3.14058518409729 0.0 0.0 0.0 -0.9967246055603027 0.0808706283569336
163845336010288000 0.6661123633384705 -3.1435391902923584 0.0 0.0 0.0 -0.998359739780426 0.05725274980068207
1638453360143288136 0.6489055752754211 -3.1451945304870605 0.0 0.0 0.0 -0.999262809753418 0.038390930742025375
1638453360309288025 0.6274240016937256 -3.146340847015381 0.0 0.0 0.0 -0.9998917579650879 0.014711997471749783
1638453360442288160 0.6101893186569214 -3.146527051925659 0.0 0.0 0.0 -0.9999918937683105 -0.004022154491394758
1638453360607288122 0.5975422263145447 -3.1461267471313477 0.0 0.0 0.0 0.9996206164360046 0.027542758733034134
1638453360743288040 0.5799504518508911 -3.144815683364868 0.0 0.0 0.0 0.9988877773284912 0.04715096205472946
1638453360911288023 0.5583369135856628 -3.1422510147094727 0.0 0.0 0.0 0.9974733591079712 0.07104172557592392
1638453361113288164 0.5326736569404602 -3.1378307342529297 0.0 0.0 0.0 0.994991660118103 0.09995782375335693
1638453361245288134 0.516096830368042 -3.134141206741333 0.0 0.0 0.0 0.9929268956184387 0.1187274232506752
1638453361412288189 0.4952748417854309 -3.1285386085510254 0.0 0.0 0.0 0.9896134734153748 0.14375390112400055
1638453361612287998 0.47074201703071594 -3.120509147644043 0.0 0.0 0.0 0.9850935339927673 0.17201966047286987
1638453361806935072 0.4469282925128937 -3.1111536026000977 0.0 0.0 0.0 0.9797028303146362 0.20045550167560577
1638453361944934845 0.4307279586791992 -3.103858709335327 0.0 0.0 0.0 0.9755241274833679 0.21989254653453827
1638453362111934900 0.41125982999801636 -3.0940141677856445 0.0 0.0 0.0 0.9697452187538147 0.2441193163394928
1638453362244935036 0.39621877670288086 -3.0855464935302734 0.0 0.0 0.0 0.9647603631019592 0.2631301283836365
1638453362411934853 0.37791505455970764 -3.074147939682007 0.0 0.0 0.0 0.9580010771751404 0.28676456212997437
1638453362545934916 0.3634827136993408 -3.0642707347869873 0.0 0.0 0.0 0.9524489641189575 0.3046981692314148
1638453362713934898 0.3461526930332184 -3.0512712001800537 0.0 0.0 0.0 0.9446743726730347 0.328009694814682
1638453362846935034 0.33283236622810364 -3.0403335094451904 0.0 0.0 0.0 0.938169538974762 0.3461762070655823
163845336311934996 0.3169443607330322 -3.026094675064087 0.0 0.0 0.0 0.9296327829360962 0.36848729848861694
1638453363210934877 0.2986815273761749 -3.007887601852417 0.0 0.0 0.0 0.9185113906860352 0.395394504070282
1638453363343935013 0.2871091067790985 -2.9951491355895996 0.0 0.0 0.0 0.9104200601577759 0.41368505358695984
1638453363507935047 0.2735407054424286 -2.978816270828247 0.0 0.0 0.0 0.9000737071037292 0.4357376992702484
1638453363709934950 0.2580515742301941 -2.9580085277557373 0.0 0.0 0.0 0.8869467377662659 0.4618716835975647
1638453363843935013 0.2484123706817627 -2.943629026412964 0.0 0.0 0.0 0.8775835037231445 0.4794238209724426
163845336410935068 0.23721452057361603 -2.9252021312713623 0.0 0.0 0.0 0.8653100728988647 0.5012369751930237
1638453364144934893 0.22896569967269897 -2.9101552963256836 0.0 0.0 0.0 0.8554581999778748 0.5178717970848083
1638453364306092978 0.21939416229724884 -2.8907206058502197 0.0 0.0 0.0 0.8426569104194641 0.5384508371353149
1638453364507092953 0.2091495841741562 -2.866696834564209 0.0 0.0 0.0 0.825976550579071 0.5637044906616211
1638453364640093088 0.20314185321331024 -2.8504345417022705 0.0 0.0 0.0 0.8148062229156494 0.5797334313392639
1638453364811093092 0.1964128613471985 -2.8293633460998535 0.0 0.0 0.0 0.8001466989517212 0.5998043417930603
163845336512093067 0.18984325230121613 -2.804138422012329 0.0 0.0 0.0 0.782329797744751 0.6228644251823425
1638453365212093115 0.18477752804756165 -2.778749465942383 0.0 0.0 0.0 0.7639488577842712 0.6452767848968506
1638453365413093090 0.18131445348262787 -2.7530434131622314 0.0 0.0 0.0 0.7406534552574158 0.671887218952179
1638453365613093138 0.17981354892253876 -2.7270989418029785 0.0 0.0 0.0 0.7138330340385437 0.7003159523010254
1638453365815093040 0.1803543120622635 -2.7009904384613037 0.0 0.0 0.0 0.6855630278587341 0.728013277053833
163845336617092943 0.1828356385231018 -2.675196409225464 0.0 0.0 0.0 0.6603224277496338 0.7509822249412537
1638453366151093006 0.1853562742471695 -2.658069372177124 0.0 0.0 0.0 0.6474193334579468 0.7621339559555054
1638453366350093126 0.19002318382263184 -2.632704973220825 0.0 0.0 0.0 0.6337833404541016 0.7735106348991394
1638453366552093029 0.1953510344028473 -2.6072371006011963 0.0 0.0 0.0 0.6285698413848877 0.7777531147003174
1638453366720093012 0.19981364905834198 -2.586061716079712 0.0 0.0 0.0 0.6330061554908752 0.7741467952728271
1638453366850906849 0.2031082957983017 -2.568834066390991 0.0 0.0 0.0 0.6418715119361877 0.7668122053146362
163845336752906990 0.20708215236663818 -2.5428414344787598 0.0 0.0 0.0 0.6620432138442993 0.7494656443595886
1638453367220906973 0.20914454758167267 -2.521073579788208 0.0 0.0 0.0 0.6842868328094482 0.7292129397392273
1638453367387907028 0.20975778996944427 -2.4993700981140137 0.0 0.0 0.0 0.7101701498031616 0.7040300965309143
1638453367555907011 0.20861080288887024 -2.4778687953948975 0.0 0.0 0.0 0.7416821122169495 0.6707515716552734
1638453367690907001 0.20618516206741333 -2.460526943206787 0.0 0.0 0.0 0.7672998309135437 0.6412885189056396
1638453367857906818 0.20136848092079163 -2.4395933151245117 0.0 0.0 0.0 0.7970565557479858 0.603904664516449
163845336860906887 0.1927427351474762 -2.4145781993865967 0.0 0.0 0.0 0.8311026692390442 0.5561190247535706
1638453368194906950 0.18539732694625854 -2.3985989093780518 0.0 0.0 0.0 0.8526262044906616 0.5225213766098022
1638453368361907005 0.17476041615009308 -2.3799657821655273 0.0 0.0 0.0 0.87675940990448 0.48092928528785706
1638453368493906975 0.16504700481891632 -2.3659465312957764 0.0 0.0 0.0 0.894372284412384 0.44732338190078735
1638453368659906864 0.15154826641082764 -2.3494958877563477 0.0 0.0 0.0 0.9127735495567322 0.40846604108810425
1638453368859906912 0.13343630731105804 -2.3309311866760254 0.0 0.0 0.0 0.9290677309036255 0.3699096739292145
163845336924906874 0.11735938489437103 -2.3165626525878906 0.0 0.0 0.0 0.9389424324035645 0.3440743386745453
1638453369192906857 0.10040830820798874 -2.302788496017456 0.0 0.0 0.0 0.9454190135002136 0.32585713267326355
1638453369407707930 0.07932057231664658 -2.2868669033050537 0.0 0.0 0.0 0.9503270983695984 0.31125298142433167
1638453369541707993 0.06533821672201157 -2.2767012119293213 0.0 0.0 0.0 0.951492428779602 0.3076721429824829
1638453369774708033 0.04085681214928627 -2.2589821815490723 0.0 0.0 0.0 0.9502781629562378 0.311402291059494
1638453369962707996 0.02139996737241745 -2.2442190647125244 0.0 0.0 0.0 0.9449073672294617 0.3273378610610962
163845337096708059 0.007910349406301975 -2.233287811279297 0.0 0.0 0.0 0.9401167035102844 0.3408527374267578
1638453370263707876 -0.008264354430139065 -2.219181776046753 0.0 0.0 0.0 0.932328462600708 0.3616124987602234
1638453370465708017 -0.02702711895108223 -2.201014280319214 0.0 0.0 0.0 0.9212959408760071 0.3888621926307678
1638453370597707987 -0.03877604380249977 -2.1884729862213135 0.0 0.0 0.0 0.9136267900466919 0.4065539836883545
1638453370763707876 -0.052748508751392365 -2.1722161769866943 0.0 0.0 0.0 0.9038432836532593 0.4278637170791626
1638453370963707924 -0.06862464547157288 -2.151669979095459 0.0 0.0 0.0 0.8912934064865112 0.4534270763397217
1638453371167707920 -0.08361596614122391 -2.1297607421875 0.0 0.0 0.0 0.8777493238449097 0.4791201949119568
1638453371301707983 -0.09272434562444687 -2.1149797439575195 0.0 0.0 0.0 0.8682817816734314 0.4960712790489197
1638453371467707872 -0.10315244644880295 -2.0962798595428467 0.0 0.0 0.0 0.8562780618667603 0.5165151357650757
1638453371636708021 -0.11282670497894287 -2.0767829418182373 0.0 0.0 0.0 0.8433964848518372 0.5372917056083679
1638453371803279161 -0.12154532968997955 -2.056840658187866 0.0 0.0 0.0 0.8297348618507385 0.5581578016281128
1638453371970278978 -0.12916985154151917 -2.036752462387085 0.0 0.0 0.0 0.815800130367279 0.5783339738845825
1638453372104279041 -0.13455164432525635 -2.020458698272705 0.0 0.0 0.0 0.804663896560669 0.5937305688858032
1638453372272279024 -0.1404712051153183 -1.9994616508483887 0.0 0.0 0.0 0.7895082831382751 0.6137399077415466
1638453372438279152 -0.1452627182006836 -1.9784902334213257 0.0 0.0 0.0 0.7741408348083496 0.6330133676528931
1638453372607279062 -0.14902983605861664 -1.957130789756775 0.0 0.0 0.0 0.7581510543823242 0.6520789265632629
1638453372805279016 -0.15212787687778473 -1.9316824674606323 0.0 0.0 0.0 0.7389165163040161 0.6737970113754272
16384533735279064 -0.1537782847881317 -1.9057952165603638 0.0 0.0 0.0 0.7191709280014038 0.6948332190513611
1638453373205279112 -0.15392842888832092 -1.879830241203308 0.0 0.0 0.0 0.6988046765327454 0.7153125405311584
1638453373406279087 -0.15257492661476135 -1.8538495302200317 0.0 0.0 0.0 0.6777949929237366 0.7352509498596191
1638453373604279041 -0.14975520968437195 -1.8282921314239502 0.0 0.0 0.0 0.6567046046257019 0.7541478872299194
1638453373770279169 -0.146326944231987 -1.8071573972702026 0.0 0.0 0.0 0.6394600868225098 0.7688242793083191
1638453373968279123 -0.14111320674419403 -1.782106876373291 0.0 0.0 0.0 0.6237490177154541 0.7816247344017029
1638453374169279099 -0.13496901094913483 -1.756719708442688 0.0 0.0 0.0 0.6142945289611816 0.7890768051147461
1638453374312011003 -0.130686953663826 -1.739997386932373 0.0 0.0 0.0 0.6126891374588013 0.7903239727020264
1638453374446011066 -0.12640151381492615 -1.7232235670089722 0.0 0.0 0.0 0.6145568490028381 0.7888725399971008
1638453374613011122 -0.12126347422599792 -1.7022801637649536 0.0 0.0 0.0 0.6208328008651733 0.7839429974555969
1638453374748011112 -0.1174658015370369 -1.6853379011154175 0.0 0.0 0.0 0.6294737458229065 0.7770217657089233
1638453374915011168 -0.11325356364250183 -1.6638283729553223 0.0 0.0 0.0 0.6414681077003479 0.7671496868133545
163845337547011137 -0.11039115488529205 -1.6466776132583618 0.0 0.0 0.0 0.6511982679367065 0.758907675743103
1638453375248011112 -0.1069084107875824 -1.6207151412963867 0.0 0.0 0.0 0.6655400395393372 0.7463621497154236
1638453375414011002 -0.10477617383003235 -1.5993331670761108 0.0 0.0 0.0 0.676721453666687 0.7362391352653503
1638453375618010998 -0.10306379199028015 -1.5731433629989624 0.0 0.0 0.0 0.6905125379562378 0.7233204245567322
1638453375752011061 -0.1024676188826561 -1.5558668375015259 0.0 0.0 0.0 0.6990323066711426 0.7150900959968567
1638453375954010963 -0.10237293690443039 -1.5297478437423706 0.0 0.0 0.0 0.7126818895339966 0.7014873623847961
1638453376120011091 -0.10304375737905502 -1.5082703828811646 0.0 0.0 0.0 0.7235762476921082 0.6902444958686829
1638453376252011061 -0.10406754165887833 -1.4910646677017212 0.0 0.0 0.0 0.7320809960365295 0.681217610836029
1638453376449011087 -0.10640887171030045 -1.4654319286346436 0.0 0.0 0.0 0.7452455163002014 0.6667901277542114
1638453376615010977 -0.10911346971988678 -1.4441404342651367 0.0 0.0 0.0 0.755666971206665 0.654956042766571
1638453376803304195 -0.11332668364048004 -1.4183893203735352 0.0 0.0 0.0 0.7681224942207336 0.6403028964996338
16384533776304026 -0.11855760961771011 -1.3926442861557007 0.0 0.0 0.0 0.7804717421531677 0.6251910328865051
1638453377172304153 -0.12356046587228775 -1.3717467784881592 0.0 0.0 0.0 0.7899421453475952 0.6131813526153564
1638453377338304043 -0.12917734682559967 -1.3510844707489014 0.0 0.0 0.0 0.7991886734962463 0.6010802388191223
1638453377572304010 -0.1383431851863861 -1.3218916654586792 0.0 0.0 0.0 0.8129910230636597 0.5822761654853821
1638453377774304152 -0.14728231728076935 -1.297242522239685 0.0 0.0 0.0 0.8245252966880798 0.5658251643180847
1638453377976304054 -0.15718941390514374 -1.2728562355041504 0.0 0.0 0.0 0.8334258198738098 0.5526313185691833
1638453378144304037 -0.1657467484474182 -1.2529243230819702 0.0 0.0 0.0 0.8358902931213379 0.5488965511322021
1638453378311304092 -0.17420485615730286 -1.2331702709197998 0.0 0.0 0.0 0.8330408930778503 0.5532113909721375
1638453378511304140 -0.18394224345684052 -1.2092337608337402 0.0 0.0 0.0 0.8251756429672241 0.5648762583732605
1638453378645304203 -0.1899748593568802 -1.1930339336395264 0.0 0.0 0.0 0.8168052434921265 0.5769135355949402
1638453378810304165 -0.19668060541152954 -1.1727001667022705 0.0 0.0 0.0 0.8030595183372498 0.5958988666534424
1638453378946304083 -0.201444610953331 -1.155820369720459 0.0 0.0 0.0 0.7913044691085815 0.6114223003387451
1638453379113304138 -0.20639023184776306 -1.1347546577453613 0.0 0.0 0.0 0.7756220102310181 0.6311976909637451
1638453379247304201 -0.20959988236427307 -1.1177175045013428 0.0 0.0 0.0 0.7635044455528259 0.6458026170730591
1638453379390501976 -0.21214540302753448 -1.100594162940979 0.0 0.0 0.0 0.7510517239570618 0.6602433919906616
1638453379557502031 -0.21441590785980225 -1.0791003704071045 0.0 0.0 0.0 0.7354390621185303 0.6775909066200256
1638453379692502022 -0.21551670134067535 -1.0616463422775269 0.0 0.0 0.0 0.7224649786949158 0.6914075613021851
1638453379895502090 -0.21594412624835968 -1.035355567932129 0.0 0.0 0.0 0.7027918100357056 0.7113955616950989
163845338064502001 -0.21513938903808594 -1.01337730884552 0.0 0.0 0.0 0.6855548620223999 0.728020966053009
1638453380264502048 -0.212834432721138 -0.9876415729522705 0.0 0.0 0.0 0.664050817489624 0.7476873993873596
1638453380396502018 -0.21051453053951263 -0.9707926511764526 0.0 0.0 0.0 0.6502673029899597 0.7597054839134216
1638453380564502001 -0.20665839314460754 -0.9494746327400208 0.0 0.0 0.0 0.6318404674530029 0.775098443031311
1638453380764502048 -0.20075136423110962 -0.9243980050086975 0.0 0.0 0.0 0.6090744733810425 0.7931130528450012
1638453380897502184 -0.19605500996112823 -0.9079987406730652 0.0 0.0 0.0 0.5944477915763855 0.8041342496871948
163845338164502001 -0.18926768004894257 -0.8876386880874634 0.0 0.0 0.0 0.5751192569732666 0.818069577217102
1638453381263502121 -0.17977038025856018 -0.863445520401001 0.0 0.0 0.0 0.5513776540756226 0.8342557549476624
1638453381462502003 -0.16902172565460205 -0.8401156067848206 0.0 0.0 0.0 0.5268507599830627 0.8499578237533569
1638453381595502138 -0.1611676961183548 -0.8250012397766113 0.0 0.0 0.0 0.5112459063529968 0.8594344854354858
1638453381762501955 -0.150290846824646 -0.8060610890388489 0.0 0.0 0.0 0.4907277524471283 0.8713129758834839
1638453381954614878 -0.1362987905740738 -0.7843685746192932 0.0 0.0 0.0 0.4654638171195984 0.8850669264793396
1638453382153614998 -0.12111787497997284 -0.763585090637207 0.0 0.0 0.0 0.43959781527519226 0.8981947302818298
1638453382320614815 -0.10740189254283905 -0.7467835545539856 0.0 0.0 0.0 0.417611688375473 0.908625602722168
1638453382520614862 -0.08993309736251831 -0.727607786655426 0.0 0.0 0.0 0.3904104232788086 0.9206409454345703
1638453382723614931 -0.07127869874238968 -0.7094379663467407 0.0 0.0 0.0 0.3626585602760315 0.9319220781326294
1638453382889614820 -0.055094536393880844 -0.6953046321868896 0.0 0.0 0.0 0.33959445357322693 0.9405719637870789
163845338357614803 -0.03804679214954376 -0.6818141341209412 0.0 0.0 0.0 0.3172469735145569 0.9483429789543152
1638453383259614944 -0.016940690577030182 -0.6667316555976868 0.0 0.0 0.0 0.2951377332210541 0.9554547071456909
1638453383459614992 0.0045592403039336205 -0.6524403095245361 0.0 0.0 0.0 0.285381942987442 0.95841383934021
1638453383591614962 0.01897503435611725 -0.6430374979972839 0.0 0.0 0.0 0.28521817922592163 0.9584625959396362
1638453383758614779 0.03722364455461502 -0.6309871673583984 0.0 0.0 0.0 0.291106253862381 0.9566907286643982
1638453383959614992 0.0587720163166523 -0.6160475015640259 0.0 0.0 0.0 0.30728161334991455 0.9516186118125916
163845338494614983 0.0727144107222557 -0.6056580543518066 0.0 0.0 0.0 0.3230414390563965 0.946384847164154
1638453384262614965 0.08954237401485443 -0.591974675655365 0.0 0.0 0.0 0.34652045369148254 0.938042402267456
1638453384467773914 0.10870878398418427 -0.5744966864585876 0.0 0.0 0.0 0.3765648305416107 0.9263902902603149
1638453384667773962 0.12646661698818207 -0.5558011531829834 0.0 0.0 0.0 0.41332823038101196 0.9105821251869202
1638453384801774025 0.13740500807762146 -0.54251629114151 0.0 0.0 0.0 0.4411616325378418 0.8974276781082153
1638453384969774008 0.15002289414405823 -0.5246932506561279 0.0 0.0 0.0 0.4774588644504547 0.8786541223526001
1638453385171774149 0.16318899393081665 -0.5019701719284058 0.0 0.0 0.0 0.5207293629646301 0.8537217974662781
1638453385339774132 0.17234478890895844 -0.4822286367416382 0.0 0.0 0.0 0.5556517839431763 0.8314151167869568
1638453385504774094 0.17969480156898499 -0.4622572362422943 0.0 0.0 0.0 0.5883210897445679 0.8086273670196533
1638453385637773991 0.184423565864563 -0.44584283232688904 0.0 0.0 0.0 0.6138865947723389 0.789394199848175
1638453385805773973 0.18887028098106384 -0.42472144961357117 0.0 0.0 0.0 0.6454400420188904 0.763810932636261
16384533867774115 0.1919448971748352 -0.39876726269721985 0.0 0.0 0.0 0.6823583841323853 0.7310178279876709
1638453386207773924 0.19245287775993347 -0.37268710136413574 0.0 0.0 0.0 0.7174574732780457 0.6966022849082947
1638453386376774073 0.1909077763557434 -0.35100626945495605 0.0 0.0 0.0 0.7455991506576538 0.6663946509361267
1638453386544774055 0.1875617355108261 -0.3293757736682892 0.0 0.0 0.0 0.7724725008010864 0.6350482106208801
1638453386713773966 0.18250781297683716 -0.30826127529144287 0.0 0.0 0.0 0.7973487973213196 0.6035187840461731
1638453386855241776 0.17736601829528809 -0.29202452301979065 0.0 0.0 0.0 0.8157991170883179 0.5783353447914124
163845338721241903 0.16944995522499084 -0.2719710171222687 0.0 0.0 0.0 0.8377217054367065 0.5460973978042603
1638453387153241873 0.16192825138568878 -0.25626856088638306 0.0 0.0 0.0 0.8549149632453918 0.5187681317329407
1638453387353241920 0.1489107757806778 -0.23389655351638794 0.0 0.0 0.0 0.8781085014343262 0.4784615933895111
1638453387621241808 0.1283780336380005 -0.20620213449001312 0.0 0.0 0.0 0.9071136713027954 0.42088571190834045
1638453387788241863 0.11397027224302292 -0.19047078490257263 0.0 0.0 0.0 0.9221999049186707 0.38671356439590454
1638453387955241919 0.09849606454372406 -0.17560063302516937 0.0 0.0 0.0 0.932449460029602 0.3613004982471466
163845338888241816 0.08545855432748795 -0.16417312622070312 0.0 0.0 0.0 0.9392343163490295 0.343276709318161
1638453388258241892 0.06824233382940292 -0.15024366974830627 0.0 0.0 0.0 0.945642352104187 0.325208455324173
1638453388392241955 0.05435996130108833 -0.1396476775407791 0.0 0.0 0.0 0.9487923383712769 0.31590038537979126
1638453388559242010 0.03705134615302086 -0.1267850548028946 0.0 0.0 0.0 0.9495939612388611 0.3134825527667999
1638453388693241835 0.023022962734103203 -0.11634031683206558 0.0 0.0 0.0 0.9486392140388489 0.3163599967956543
1638453388859241962 0.006048346869647503 -0.10328858345746994 0.0 0.0 0.0 0.9445486664772034 0.3283713757991791
163845338964241886 -0.014422405511140823 -0.08626557886600494 0.0 0.0 0.0 0.9355742931365967 0.35312989354133606
1638453389266241789 -0.03330722451210022 -0.06833948940038681 0.0 0.0 0.0 0.9210814833641052 0.3893698453903198
1638453389393468142 -0.04501139000058174 -0.05551780387759209 0.0 0.0 0.0 0.908328115940094 0.41825827956199646
1638453389559468031 -0.058263976126909256 -0.038769956678152084 0.0 0.0 0.0 0.8914642333984375 0.4530910551548004
1638453389725467920 -0.07021401077508926 -0.021007832139730453 0.0 0.0 0.0 0.8733983635902405 0.48700642585754395
1638453389958467960 -0.07656506448984146 -0.01015076506882906 0.0 0.0 0.0 0.8603108525276184 0.5097697973251343
1638453390159467936 -0.07667429000139236 -0.009950864128768444 0.0 0.0 0.0 0.8589069247245789 0.5121316909790039
1638453390392467976 -0.07666278630495071 -0.009973409585654736 0.0 0.0 0.0 0.850456178188324 0.5260458588600159
1638453390559468031 -0.07668456435203552 -0.009927714243531227 0.0 0.0 0.0 0.8401013016700745 0.5424295663833618
1638453390695467949 -0.07669369131326675 -0.009904094971716404 0.0 0.0 0.0 0.8290665149688721 0.559149980545044
1638453390895467997 -0.07672716677188873 -0.009808567352592945 0.0 0.0 0.0 0.8094115257263184 0.5872418284416199
163845339161468124 -0.0767548680305481 -0.00971121247857809 0.0 0.0 0.0 0.7901787161827087 0.6128764748573303
1638453391268468142 -0.07678505033254623 -0.00956242810934782 0.0 0.0 0.0 0.760025680065155 0.649893045425415
1638453391468467951 -0.0767950713634491 -0.009461700916290283 0.0 0.0 0.0 0.7278163433074951 0.6857721209526062
1638453391666468143 -0.07679510861635208 -0.009436383843421936 0.0 0.0 0.0 0.6939786672592163 0.7199955582618713
1638453391826168060 -0.0767974779009819 -0.009461583569645882 0.0 0.0 0.0 0.6642317175865173 0.7475267648696899
163845339293168020 -0.0768049955368042 -0.009485921822488308 0.0 0.0 0.0 0.6155312657356262 0.788112461566925
1638453392326168060 -0.07681407034397125 -0.009509611874818802 0.0 0.0 0.0 0.5697746872901917 0.821800947189331
1638453392459168196 -0.07683445513248444 -0.009555970318615437 0.0 0.0 0.0 0.5436516404151917 0.8393109440803528
1638453392726168156 -0.07684718817472458 -0.009577890858054161 0.0 0.0 0.0 0.4883616864681244 0.8726413249969482
1638453392893167973 -0.0769164115190506 -0.009683819487690926 0.0 0.0 0.0 0.45219171047210693 0.8919207453727722
163845339393168020 -0.0770125612616539 -0.009801266714930534 0.0 0.0 0.0 0.4082719087600708 0.9128603935241699
1638453393259168148 -0.07706703990697861 -0.009854183532297611 0.0 0.0 0.0 0.3718203902244568 0.9283046722412109
1638453393463168144 -0.07702982425689697 -0.009819893166422844 0.0 0.0 0.0 0.3248555362224579 0.9457636475563049
1638453393695168018 -0.07698623836040497 -0.009793994016945362 0.0 0.0 0.0 0.2715740203857422 0.9624175429344177
1638453393896167994 -0.07689669728279114 -0.009746751748025417 0.0 0.0 0.0 0.22504058480262756 0.9743493795394897
163845339464167976 -0.07678067684173584 -0.00969624612480402 0.0 0.0 0.0 0.18470992147922516 0.9827930927276611
1638453394196168184 -0.07670879364013672 -0.009671814739704132 0.0 0.0 0.0 0.15376390516757965 0.9881076216697693
1638453394454596996 -0.07658648490905762 -0.009639785625040531 0.0 0.0 0.0 0.09022985398769379 0.9959209561347961
1638453394619596958 -0.07658644020557404 -0.009640187956392765 0.0 0.0 0.0 0.0497409924864769 0.9987621307373047
1638453394819597006 -0.07661167532205582 -0.009641770273447037 0.0 0.0 0.0 0.00315833673812449 0.9999949932098389
163845339520596981 -0.07656105607748032 -0.009641681797802448 0.0 0.0 0.0 -0.00027952343225479126 0.9999999403953552
1638453395220597029 -0.07658636569976807 -0.009641668759286404 0.0 0.0 0.0 -0.00022385269403457642 1.0
1638453395452597141 -0.07658636569976807 -0.009641655720770359 0.0 0.0 0.0 -0.00023560971021652222 1.0
1638453395719597101 -0.069782932379881 0.018890079096579748 0.0006559146447553069 -0.0017584081597999388 -0.0002667560448650415 -0.012596253887511177 0.9999190782247076
1638453395917597055 -0.069782932379881 0.018890079096579748 0.0006559146447553069 -0.0017584207055311265 -0.00026667315945640244 -0.012549123270831575 0.9999196562388122
163845339687597132 -0.06978293228851695 0.018890082820726555 0.0006559146316788091 -0.0017584357868897823 -0.0002665742303530327 -0.012492861537094918 0.9999204058467871
1638453396254597187 -0.06978293226567595 0.018890083751763254 0.0006559146284096846 -0.0017584226232109617 -0.0002666604899934261 -0.012541919112549942 0.9999197445912547
1638453396488597155 -0.06975763062479547 0.01888944817524172 0.0006559292446073888 -0.0017584842395398101 -0.000266254120059166 -0.012310839202848818 0.9999226381849984
1638453396753597021 -0.06978293247124505 0.018890075372432945 0.0006559146578318048 -0.0017584323660027959 -0.0002665968309979491 -0.012505712801868255 0.9999202482377247
1638453396964604855 -0.06978293247124505 0.018890075372432945 0.0006559146578318048 -0.0017584168676925522 -0.000266698514759634 -0.012563540899905544 0.9999194794197178
163845339796605062 -0.0698082340436025 0.01889071374206458 0.0006559000318267272 -0.0017583668714800287 -0.00026702811451002656 -0.012750967455322833 0.9999171211946212
1638453397261605024 -0.06980823411212554 0.01889071094895448 0.0006559000416341006 -0.0017584206262062107 -0.000266673683529328 -0.012549421271174144 0.9999196525841093
1638453397459604979 -0.06980823388371543 0.018890720259321495 0.000655900008942856 -0.0017584175479037037 -0.000266694020834297 -0.012560985546968006 0.9999195107587951
1638453397665605068 -0.06980823390655644 0.018890719328284792 0.0006559000122119804 -0.0017584355975015463 -0.00026657548157714255 -0.012493573012912804 0.9999203971211839
1638453397899605036 -0.06978293233419897 0.018890080958653153 0.000655914638217058 -0.0017584535745105508 -0.000266456713550379 -0.012426038685277856 0.9999212253682273
163845339869604874 -0.06978293233419897 0.018890080958653153 0.000655914638217058 -0.0017584271308492922 -0.00026663070954942905 -0.012524985243083396 0.9999199522697466
1638453398236604929 -0.06978293233419897 0.018890080958653153 0.000655914638217058 -0.0017584194036109487 -0.0002666817608032938 -0.012554014201454007 0.9999195962560009
1638453398386605024 -0.06978293233419897 0.01889008095865315 0.000655914638217058 -0.0017584055207591522 -0.00026677348011618497 -0.012606167986408056 0.9999189566373107
1638453398564604998 -0.06978293231135797 0.018890081889689856 0.0006559146349479336 -0.001758432278249608 -0.00026659741075362305 -0.012506042464747222 0.9999202441947097
1638453398763604879 -0.06978293231135797 0.018890081889689856 0.0006559146349479336 -0.0017584034161699843 -0.0002667873844259922 -0.012614074307996869 0.9999188596734746
163845339963605070 -0.06978293226567595 0.018890083751763254 0.0006559146284096846 -0.0017584280098685136 -0.00026662490216632225 -0.012521683026787292 0.999919992768423
1638453399196604967 -0.0698082340436025 0.018890713742064587 0.0006559000318267272 -0.0017584762257402086 -0.0002663070645264745 -0.012340944687456964 0.9999222689686386
1638453399404238224 -0.06978293231135797 0.01889008188968986 0.0006559146349479336 -0.0017584285190353158 -0.0002666215382732311 -0.01251977023708842 0.9999200162270472
1638453399537238121 -0.06975763073900051 0.018889443520058218 0.0006559292609530112 -0.0017584136902339003 -0.00026671950715576 -0.012575477676127617 0.999919333026025
1638453399703238010 -0.06978293247124505 0.018890075372432945 0.0006559146578318048 -0.0017583701912277478 -0.0002670061820580903 -0.012738496140986275 0.9999172741439373
1638453399871237993 -0.06978293247124505 0.018890075372432945 0.0006559146578318048 -0.0017584906222208338 -0.00026621195184139013 -0.012286861350284773 0.99992293225153
163845340071238041 -0.06978293244840403 0.018890076303469647 0.0006559146545626804 -0.001758405939198082 -0.00026677071563150246 -0.012604596034600998 0.9999189759158685
1638453400271238089 -0.069782932379881 0.018890079096579748 0.0006559146447553069 -0.0017584234452154 -0.0002666550592877346 -0.012538831084000059 0.9999197824631134
1638453400472238064 -0.06978293256260909 0.01889007164828614 0.0006559146709083027 -0.0017583559400031277 -0.0002671003350858087 -0.01279203379413273 0.9999166175533637
1638453400640238047 -0.06978293263113212 0.018890068855176037 0.0006559146807156762 -0.0017583798103575827 -0.000266942631716129 -0.012702359903546965 0.9999177173219901
1638453400908238173 -0.06978293263113212 0.018890068855176037 0.0006559146807156762 -0.001758424285067944 -0.0002666495106656348 -0.012535676005373099 0.9999198211572803
163845340142237997 -0.06978293251692705 0.018890073510359543 0.0006559146643700538 -0.0017584357863940016 -0.00026657423362848846 -0.012492863399597058 0.9999204058239451
1638453401310238123 -0.069782932402722 0.018890078165543046 0.0006559146480244315 -0.0017584160982408706 -0.0002667035982670123 -0.012566431503228474 0.9999194439690997
1638453401445238113 -0.069782932402722 0.018890078165543053 0.0006559146480244315 -0.0017584325167201355 -0.00026659583525939047 -0.012505146601217371 0.9999202551816603
1638453401644237995 -0.069782932402722 0.018890078165543053 0.0006559146480244315 -0.0017584189083260067 -0.000266685032983623 -0.012555874841092928 0.9999195734369497
1638453401838217020 -0.0697576306704775 0.01888944631316832 0.0006559292511456378 -0.0017584430991596611 -0.00026652592065565993 -0.012465391493016379 0.9999207427418682
16384534029217024 -0.069782932379881 0.018890079096579748 0.0006559146447553069 -0.0017583911108924473 -0.0002668686812385756 -0.012660301611138056 0.9999182927376882
1638453402141216993 -0.06978293231135797 0.018890081889689856 0.0006559146349479336 -0.0017584187511635175 -0.00026668607130310684 -0.012556465254271645 0.9999195661960696
1638453402308217049 -0.06975763078468256 0.01888944165798481 0.0006559292674912601 -0.001758423178485371 -0.0002666568214829469 -0.012539833110151952 0.9999197701741749
1638453402473217010 -0.06978293242556302 0.018890077234506347 0.0006559146512935559 -0.0017584126089361443 -0.00026672665092482707 -0.012579539793297276 0.9999192832078562
1638453402674216986 -0.06978293244840403 0.018890076303469647 0.0006559146545626804 -0.0017585014475929137 -0.00026614043226432497 -0.01224619361603466 0.9999234310042655
