1638453301231700240 0.0 0.0 0.0 0.0 0.0 0.0 1.0
1638453301432283835 -0.003337860107421875 -0.00339508056640625 0.0 0.0 0.0 0.0013005558867007494 0.9999991655349731
1638453301632905035 -0.000690460205078125 -0.00670623779296875 0.0 0.0 0.0 0.0006346360314637423 0.9999998211860657
1638453301833392117 -0.000568389892578125 -0.00530242919921875 0.0 0.0 0.0 0.0009008318302221596 0.9999995827674866
1638453302036660651 -0.0009765625 -0.00658416748046875 0.0 0.0 0.0 0.002378754783421755 0.9999971985816956
1638453302434956961 0.001995086669921875 -0.00681304931640625 0.0 0.0 0.0 0.0003060699673369527 0.9999999403953552
1638453302635715715 -0.00115203857421875 -0.001190185546875 0.0 0.0 0.0 -0.001051815110258758 0.999999463558197
1638453302836238215 -0.00856781005859375 -0.006500244140625 0.0 0.0 0.0 0.000881076673977077 0.9999995827674866
1638453303036898790 -0.001613616943359375 -0.00440216064453125 0.0 0.0 0.0 0.0005468794843181968 0.9999998211860657
1638453303237565823 7.62939453125e-06 -0.0054168701171875 0.0 0.0 0.0 0.00026997108943760395 0.9999999403953552
1638453303438132022 0.000507354736328125 -0.00508880615234375 0.0 0.0 0.0 0.001078679459169507 0.9999994039535522
1638453303638792388 -0.005931854248046875 9.918212890625e-05 0.0 0.0 0.0 0.0019784895703196526 0.9999980330467224
1638453303839548069 0.002948760986328125 -0.0007781982421875 0.0 0.0 0.0 0.0009763330454006791 0.9999995231628418
1638453304040094320 -0.00507354736328125 -0.00072479248046875 0.0 0.0 0.0 0.000880357576534152 0.9999995827674866
1638453304240660883 0.00934600830078125 -0.004150390625 0.0 0.0 0.0 -0.0017839978681877255 0.9999983906745911
1638453304441381407 0.018718719482421875 -0.002269744873046875 0.0 0.0 0.0 0.0003100368194282055 0.9999999403953552
1638453304642091358 0.02115631103515625 -0.00325775146484375 0.0 0.0 0.0 0.0010647703893482685 0.9999994039535522
1638453304842734589 0.033863067626953125 -0.004001617431640625 0.0 0.0 0.0 -0.0009123403578996658 0.9999995827674866
1638453305043313756 0.04250335693359375 -0.00907135009765625 0.0 0.0 0.0 0.0016986840637400746 0.9999985694885254
1638453305244014801 0.046977996826171875 -0.0044403076171875 0.0 0.0 0.0 0.00036393426125869155 0.9999999403953552
1638453305444698449 0.06630706787109375 -0.004425048828125 0.0 0.0 0.0 -0.0008477289229631424 0.9999996423721313
1638453305645457880 0.07828521728515625 -0.00472259521484375 0.0 0.0 0.0 -0.0008346159011125565 0.9999996423721313
1638453305845966005 0.08573532104492188 -0.00316619873046875 0.0 0.0 0.0 -0.0006236155168153346 0.9999998211860657
1638453306046443504 0.10976028442382812 -0.00836944580078125 0.0 0.0 0.0 -0.0032352472189813852 0.9999947547912598
1638453306247140329 0.11679840087890625 -0.00609588623046875 0.0 0.0 0.0 -0.0021037166006863117 0.9999977946281433
1638453306447832207 0.135040283203125 -0.012065887451171875 0.0 0.0 0.0 0.0007427164237014949 0.9999997019767761
1638453306648365176 0.15851974487304688 -0.00385284423828125 0.0 0.0 0.0 -0.0045358105562627316 0.9999896883964539
1638453306849050231 0.17150115966796875 -0.00749969482421875 0.0 0.0 0.0 0.00020645535551011562 1.0
1638453307049519240 0.19763946533203125 -0.00656890869140625 0.0 0.0 0.0 -0.0026020100340247154 0.9999966025352478
1638453307250258254 0.21121978759765625 -0.00498199462890625 0.0 0.0 0.0 -0.003252413123846054 0.999994695186615
1638453307450878724 0.22617340087890625 -0.008159637451171875 0.0 0.0 0.0 -0.0028478186577558517 0.9999959468841553
1638453307651474298 0.24720382690429688 -0.00621795654296875 0.0 0.0 0.0 -0.003236916149035096 0.9999947547912598
1638453307854958096 0.25946807861328125 -0.00843048095703125 0.0 0.0 0.0 -0.0010418015299364924 0.999999463558197
1638453308253350657 0.2949333190917969 -0.0074005126953125 0.0 0.0 0.0 -0.0027996583376079798 0.9999960660934448
1638453308454013941 0.31435394287109375 -0.00453948974609375 0.0 0.0 0.0 -0.003753565950319171 0.9999929666519165
1638453308654520086 0.3391227722167969 -0.00934600830078125 0.0 0.0 0.0 -0.005666614975780249 0.9999839663505554
1638453308855139671 0.34686279296875 -0.00556182861328125 0.0 0.0 0.0 -0.0015052868984639645 0.9999988675117493
1638453309055740401 0.3667488098144531 -0.00799560546875 0.0 0.0 0.0 -0.0027128744404762983 0.9999963045120239
1638453309256488947 0.38484954833984375 -0.00595855712890625 0.0 0.0 0.0 -0.004067322239279747 0.9999917149543762
1638453309457432287 0.40423583984375 -0.00553131103515625 0.0 0.0 0.0 -0.00015083153266459703 1.0
1638453309658073851 0.4154052734375 -0.00606536865234375 0.0 0.0 0.0 0.00017889030277729034 1.0
1638453309858633643 0.4283027648925781 -0.0028533935546875 0.0 0.0 0.0 0.012184113264083862 0.9999257922172546
1638453310059447919 0.44808197021484375 -0.00377655029296875 0.0 0.0 0.0 0.030675651505589485 0.9995293617248535
1638453310260053649 0.46623992919921875 -0.0060577392578125 0.0 0.0 0.0 0.048356808722019196 0.9988301396369934
1638453310460868758 0.48180389404296875 -0.00380706787109375 0.0 0.0 0.0 0.07975618541240692 0.9968144297599792
1638453310661451572 0.4982719421386719 -0.00420379638671875 0.0 0.0 0.0 0.11044387519359589 0.9938823580741882
1638453310862029906 0.5161056518554688 -0.004497528076171875 0.0 0.0 0.0 0.13712531328201294 0.9905537366867065
1638453311062802670 0.5329208374023438 -0.005115509033203125 0.0 0.0 0.0 0.16928589344024658 0.9855669736862183
1638453311263411526 0.5561027526855469 -0.001369476318359375 0.0 0.0 0.0 0.19665299355983734 0.9804731607437134
1638453311464109497 0.57763671875 0.000244140625 0.0 0.0 0.0 0.22000326216220856 0.975499153137207
1638453311664692519 0.5969619750976562 0.006664276123046875 0.0 0.0 0.0 0.23708301782608032 0.9714893698692322
1638453311865501586 0.6088943481445312 0.017536163330078125 0.0 0.0 0.0 0.24563691020011902 0.9693619012832642
1638453312066145754 0.62530517578125 0.020793914794921875 0.0 0.0 0.0 0.2560909688472748 0.9666526913642883
1638453312266566169 0.64117431640625 0.029693603515625 0.0 0.0 0.0 0.26240816712379456 0.9649569988250732
1638453312467075648 0.66302490234375 0.03795623779296875 0.0 0.0 0.0 0.2699780762195587 0.962866485118866
1638453312667558200 0.6821212768554688 0.050567626953125 0.0 0.0 0.0 0.27982884645462036 0.9600499272346497
1638453312868424299 0.6999893188476562 0.059253692626953125 0.0 0.0 0.0 0.29322415590286255 0.9560437202453613
1638453313069182636 0.7249946594238281 0.07270431518554688 0.0 0.0 0.0 0.30161771178245544 0.9534289240837097
1638453313269851024 0.7441482543945312 0.08707809448242188 0.0 0.0 0.0 0.3128947913646698 0.9497877955436707
1638453313470744103 0.7598037719726562 0.102081298828125 0.0 0.0 0.0 0.32442745566368103 0.9459105730056763
1638453313671682182 0.7893142700195312 0.12114334106445312 0.0 0.0 0.0 0.32477620244026184 0.9457908868789673
1638453313872457915 0.8031234741210938 0.13840484619140625 0.0 0.0 0.0 0.3210683763027191 0.947055995464325
1638453314073229221 0.8371047973632812 0.14457321166992188 0.0 0.0 0.0 0.299650639295578 0.9540489912033081
1638453314273894849 0.8573112487792969 0.16740036010742188 0.0 0.0 0.0 0.27520573139190674 0.9613853693008423
1638453314474517090 0.8781814575195312 0.17951583862304688 0.0 0.0 0.0 0.24512459337711334 0.9694916009902954
1638453314675097143 0.897613525390625 0.19587326049804688 0.0 0.0 0.0 0.21630282700061798 0.9763263463973999
1638453314875832563 0.9139289855957031 0.20900726318359375 0.0 0.0 0.0 0.19002695381641388 0.9817788600921631
1638453315076476627 0.935943603515625 0.22394943237304688 0.0 0.0 0.0 0.16302567720413208 0.9866218566894531
1638453315277296111 0.9586868286132812 0.23115921020507812 0.0 0.0 0.0 0.13532200455665588 0.9908016920089722
1638453315478026531 0.9852066040039062 0.23665618896484375 0.0 0.0 0.0 0.1047845259308815 0.9944949746131897
1638453315678834504 1.01513671875 0.24106597900390625 0.0 0.0 0.0 0.07648488879203796 0.9970707297325134
1638453315879520184 1.0375785827636719 0.25003814697265625 0.0 0.0 0.0 0.04590904340147972 0.9989456534385681
1638453316080164613 1.0676040649414062 0.25299072265625 0.0 0.0 0.0 0.01728278584778309 0.9998506307601929
1638453316280965086 1.0956192016601562 0.26050567626953125 0.0 0.0 0.0 -0.01218137051910162 0.9999257922172546
1638453316481590296 1.1249008178710938 0.2553520202636719 0.0 0.0 0.0 -0.04211101308465004 0.9991129636764526
1638453316682310247 1.1484756469726562 0.26287841796875 0.0 0.0 0.0 -0.07033059746026993 0.9975237250328064
1638453316883079782 1.1778068542480469 0.25765228271484375 0.0 0.0 0.0 -0.10042580962181091 0.9949445724487305
1638453317083596813 1.2008171081542969 0.25748443603515625 0.0 0.0 0.0 -0.1296961009502411 0.991553783416748
1638453317284324108 1.2253036499023438 0.25959014892578125 0.0 0.0 0.0 -0.1566515564918518 0.987653911113739
1638453317484894994 1.2524948120117188 0.25272369384765625 0.0 0.0 0.0 -0.18496853113174438 0.9827444553375244
1638453317685337858 1.2770004272460938 0.24811553955078125 0.0 0.0 0.0 -0.2041327953338623 0.9789432287216187
1638453317885667334 1.2985725402832031 0.24155426025390625 0.0 0.0 0.0 -0.21328692138195038 0.9769896268844604
1638453318086269158 1.3241500854492188 0.23265838623046875 0.0 0.0 0.0 -0.21531809866428375 0.9765439629554749
1638453318286895566 1.3446044921875 0.21715545654296875 0.0 0.0 0.0 -0.2057940512895584 0.9785953164100647
1638453318487446712 1.3693466186523438 0.21215057373046875 0.0 0.0 0.0 -0.1955469697713852 0.9806943535804749
1638453318688096141 1.3849105834960938 0.19966888427734375 0.0 0.0 0.0 -0.17680422961711884 0.984246015548706
1638453318888757185 1.409881591796875 0.18683624267578125 0.0 0.0 0.0 -0.15171971917152405 0.9884235858917236
1638453319089281716 1.4312210083007812 0.17951583862304688 0.0 0.0 0.0 -0.13742417097091675 0.9905123114585876
1638453319290113700 1.4539413452148438 0.17105865478515625 0.0 0.0 0.0 -0.11288410425186157 0.9936081767082214
1638453319490695576 1.4778213500976562 0.15891647338867188 0.0 0.0 0.0 -0.0978638157248497 0.9951997995376587
1638453319691318703 1.5029983520507812 0.15531158447265625 0.0 0.0 0.0 -0.07742840051651001 0.9969978928565979
1638453319892034799 1.5243415832519531 0.14870452880859375 0.0 0.0 0.0 -0.056101806461811066 0.9984250664710999
1638453320092545216 1.5588912963867188 0.14427947998046875 0.0 0.0 0.0 -0.03966045379638672 0.9992132186889648
1638453320293179645 1.5760383605957031 0.13863372802734375 0.0 0.0 0.0 -0.016195693984627724 0.9998688697814941
1638453320493610424 1.60296630859375 0.13368988037109375 0.0 0.0 0.0 -0.0010673123179003596 0.9999994039535522
1638453320694235686 1.6349601745605469 0.133392333984375 0.0 0.0 0.0 0.01865256018936634 0.9998260140419006
1638453320894902616 1.6579704284667969 0.12917327880859375 0.0 0.0 0.0 0.040729839354753494 0.999170184135437
1638453321095527878 1.6761398315429688 0.12705230712890625 0.0 0.0 0.0 0.05983319506049156 0.9982084035873413
1638453321296188765 1.7115249633789062 0.129486083984375 0.0 0.0 0.0 0.07582151144742966 0.9971213936805725
1638453321496690536 1.7463493347167969 0.13021087646484375 0.0 0.0 0.0 0.0809360221028328 0.9967193007469177
1638453321697466738 1.77191162109375 0.12938690185546875 0.0 0.0 0.0 0.07913952320814133 0.9968635439872742
1638453321898191845 1.805694580078125 0.14015960693359375 0.0 0.0 0.0 0.06428248435258865 0.997931718826294
1638453322098941588 1.835052490234375 0.14026641845703125 0.0 0.0 0.0 0.04083212837576866 0.9991660118103027
1638453322299669248 1.8600883483886719 0.14728927612304688 0.0 0.0 0.0 0.012097596190869808 0.9999268054962158
1638453322500225707 1.8854446411132812 0.152130126953125 0.0 0.0 0.0 -0.018592868000268936 0.9998271465301514
1638453322700973262 1.9166336059570312 0.15518951416015625 0.0 0.0 0.0 -0.05765996873378754 0.9983362555503845
1638453322901864883 1.9457321166992188 0.15288543701171875 0.0 0.0 0.0 -0.10221020132303238 0.9947628378868103
1638453323102465509 1.9697036743164062 0.15211105346679688 0.0 0.0 0.0 -0.15160024166107178 0.9884418845176697
1638453323303049677 1.99627685546875 0.14509201049804688 0.0 0.0 0.0 -0.20035676658153534 0.9797229766845703
1638453323503594937 2.026073455810547 0.13755416870117188 0.0 0.0 0.0 -0.24593669176101685 0.9692859053611755
1638453323704276971 2.0445938110351562 0.13794708251953125 0.0 0.0 0.0 -0.29100626707077026 0.9567211270332336
1638453323904910671 2.06512451171875 0.12696456909179688 0.0 0.0 0.0 -0.33443596959114075 0.9424184560775757
1638453324105627288 2.081817626953125 0.11299896240234375 0.0 0.0 0.0 -0.37855425477027893 0.9255791306495667
1638453324306273957 2.100879669189453 0.09831619262695312 0.0 0.0 0.0 -0.4231387972831726 0.9060648679733276
1638453324506846822 2.122406005859375 0.07785797119140625 0.0 0.0 0.0 -0.46658316254615784 0.8844773173332214
1638453324707530106 2.1332168579101562 0.07386016845703125 0.0 0.0 0.0 -0.5065799355506897 0.8621929883956909
1638453324908219015 2.157756805419922 0.046947479248046875 0.0 0.0 0.0 -0.5489978790283203 0.8358237743377686
1638453325108615680 2.1705856323242188 0.02133941650390625 0.0 0.0 0.0 -0.5899074077606201 0.8074708580970764
1638453325309349068 2.183460235595703 -0.00121307373046875 0.0 0.0 0.0 -0.6260792016983032 0.7797594666481018
1638453325509981466 2.1904220581054688 -0.026371002197265625 0.0 0.0 0.0 -0.6635697484016418 0.7481144070625305
1638453325710693708 2.19683837890625 -0.05333709716796875 0.0 0.0 0.0 -0.7014485001564026 0.7127200961112976
1638453325911371211 2.2074661254882812 -0.07871246337890625 0.0 0.0 0.0 -0.7338361740112305 0.6793264746665955
1638453326111894544 2.206695556640625 -0.10691070556640625 0.0 0.0 0.0 -0.7692921161651611 0.638897180557251
1638453326312245479 2.211151123046875 -0.13045501708984375 0.0 0.0 0.0 -0.7984194755554199 0.6021015644073486
1638453326513027254 2.205066680908203 -0.15076828002929688 0.0 0.0 0.0 -0.8251340389251709 0.5649370551109314
1638453326713672568 2.1991806030273438 -0.17856216430664062 0.0 0.0 0.0 -0.852630078792572 0.5225149989128113
1638453326914221892 2.197093963623047 -0.20506668090820312 0.0 0.0 0.0 -0.8772048950195312 0.48011624813079834
1638453327114724131 2.1814193725585938 -0.225677490234375 0.0 0.0 0.0 -0.8998027443885803 0.4362969696521759
1638453327315234443 2.1710586547851562 -0.24611663818359375 0.0 0.0 0.0 -0.9187736511230469 0.39478474855422974
1638453327516005801 2.167438507080078 -0.26282501220703125 0.0 0.0 0.0 -0.9320852756500244 0.36223894357681274
1638453327716608459 2.1301803588867188 -0.2879638671875 0.0 0.0 0.0 -0.9446295499801636 0.3281387388706207
1638453327917256013 2.1097412109375 -0.2976417541503906 0.0 0.0 0.0 -0.9500669836997986 0.31204602122306824
1638453328117809451 2.09112548828125 -0.310333251953125 0.0 0.0 0.0 -0.9527559280395508 0.30373701453208923
1638453328318323982 2.079010009765625 -0.32553863525390625 0.0 0.0 0.0 -0.9522554278373718 0.30530238151550293
1638453328518970338 2.058643341064453 -0.3377265930175781 0.0 0.0 0.0 -0.9476842880249023 0.31920915842056274
1638453328719560078 2.04241943359375 -0.34905242919921875 0.0 0.0 0.0 -0.9402322173118591 0.3405340015888214
1638453328920158986 2.016735076904297 -0.366058349609375 0.0 0.0 0.0 -0.9299264550209045 0.3677455484867096
1638453329120845395 2.0028076171875 -0.376312255859375 0.0 0.0 0.0 -0.9154798984527588 0.402363657951355
1638453329321649722 1.9812431335449219 -0.3920745849609375 0.0 0.0 0.0 -0.8984261155128479 0.4391246438026428
1638453329522395090 1.9617233276367188 -0.41228485107421875 0.0 0.0 0.0 -0.8805867433547974 0.4738849699497223
1638453329723152073 1.942901611328125 -0.42433929443359375 0.0 0.0 0.0 -0.860672116279602 0.5091595649719238
1638453329923967546 1.9211654663085938 -0.4463348388671875 0.0 0.0 0.0 -0.8388246893882751 0.5444016456604004
1638453330124577444 1.9102668762207031 -0.4644966125488281 0.0 0.0 0.0 -0.8170360326766968 0.5765866637229919
1638453330325484950 1.8981742858886719 -0.48729705810546875 0.0 0.0 0.0 -0.7933144569396973 0.608812153339386
1638453330526154171 1.8890571594238281 -0.5104827880859375 0.0 0.0 0.0 -0.7678864598274231 0.6405859589576721
1638453330726789693 1.881927490234375 -0.5382308959960938 0.0 0.0 0.0 -0.7437910437583923 0.6684122085571289
1638453330927410059 1.8733596801757812 -0.5644912719726562 0.0 0.0 0.0 -0.7165354490280151 0.6975506544113159
1638453331128239700 1.8686752319335938 -0.5963096618652344 0.0 0.0 0.0 -0.6850532293319702 0.7284930348396301
1638453331329047881 1.8658370971679688 -0.6161651611328125 0.0 0.0 0.0 -0.6576743721961975 0.7533023357391357
1638453331529709238 1.8684310913085938 -0.6411666870117188 0.0 0.0 0.0 -0.6263063549995422 0.7795770168304443
1638453331730382678 1.8676986694335938 -0.6736221313476562 0.0 0.0 0.0 -0.5932181477546692 0.8050417304039001
1638453331931122942 1.8728866577148438 -0.6953697204589844 0.0 0.0 0.0 -0.5631595253944397 0.8263481855392456
1638453332131724349 1.8747444152832031 -0.7207069396972656 0.0 0.0 0.0 -0.5283684730529785 0.8490151762962341
1638453332332318204 1.8826522827148438 -0.74676513671875 0.0 0.0 0.0 -0.4958263635635376 0.8684216737747192
1638453332532973883 1.8929672241210938 -0.7767982482910156 0.0 0.0 0.0 -0.4677489101886749 0.8838614225387573
1638453332733779357 1.9058723449707031 -0.8002357482910156 0.0 0.0 0.0 -0.4459553360939026 0.8950552344322205
1638453332934459515 1.9193115234375 -0.8252296447753906 0.0 0.0 0.0 -0.43348637223243713 0.9011601209640503
1638453333135198217 1.9368782043457031 -0.8425331115722656 0.0 0.0 0.0 -0.427519291639328 0.9040062427520752
1638453333335787280 1.9541511535644531 -0.8634796142578125 0.0 0.0 0.0 -0.4279899597167969 0.9037835001945496
1638453333536444366 1.9721908569335938 -0.8853225708007812 0.0 0.0 0.0 -0.43809401988983154 0.8989291787147522
1638453333737082805 1.9795303344726562 -0.9052734375 0.0 0.0 0.0 -0.4497949182987213 0.8931318521499634
1638453333937673431 2.0003128051757812 -0.9261550903320312 0.0 0.0 0.0 -0.4755648970603943 0.8796806335449219
1638453334138346506 2.01947021484375 -0.953399658203125 0.0 0.0 0.0 -0.5026851296424866 0.864469587802887
1638453334338791088 2.035877227783203 -0.9765090942382812 0.0 0.0 0.0 -0.543012797832489 0.8397244215011597
1638453334539320880 2.0555496215820312 -0.9977798461914062 0.0 0.0 0.0 -0.5814036130905151 0.8136152625083923
1638453334739884474 2.0648269653320312 -1.02520751953125 0.0 0.0 0.0 -0.6189401745796204 0.7854381203651428
1638453334940496872 2.078411102294922 -1.0454177856445312 0.0 0.0 0.0 -0.6539885401725769 0.756504476070404
1638453335140832806 2.08343505859375 -1.0696258544921875 0.0 0.0 0.0 -0.6902409195899963 0.7235796451568604
1638453335341431453 2.0888748168945312 -1.095611572265625 0.0 0.0 0.0 -0.7228899598121643 0.6909632086753845
1638453335542301980 2.093841552734375 -1.1222114562988281 0.0 0.0 0.0 -0.7516638040542603 0.659546434879303
1638453335742898647 2.096271514892578 -1.1426811218261719 0.0 0.0 0.0 -0.7773143649101257 0.6291123628616333
1638453335943711204 2.0936813354492188 -1.1696968078613281 0.0 0.0 0.0 -0.7955276966094971 0.6059172749519348
1638453336144494698 2.089588165283203 -1.1937179565429688 0.0 0.0 0.0 -0.8110584616661072 0.5849651098251343
1638453336345389704 2.0660171508789062 -1.2183723449707031 0.0 0.0 0.0 -0.8241726160049438 0.5663387179374695
1638453336545872515 2.0570449829101562 -1.2465896606445312 0.0 0.0 0.0 -0.8297837972640991 0.558085024356842
1638453336746733719 2.0465621948242188 -1.2663841247558594 0.0 0.0 0.0 -0.8305402398109436 0.5569586157798767
1638453336946963610 2.0378036499023438 -1.2936325073242188 0.0 0.0 0.0 -0.8318368196487427 0.5550203323364258
1638453337147420380 2.0291824340820312 -1.3099594116210938 0.0 0.0 0.0 -0.831230878829956 0.5559273362159729
1638453337348137674 2.017620086669922 -1.3379058837890625 0.0 0.0 0.0 -0.8301372528076172 0.557559072971344
1638453337548748717 2.0067138671875 -1.3636856079101562 0.0 0.0 0.0 -0.8307682871818542 0.5566183924674988
1638453337749367052 1.9953727722167969 -1.3864059448242188 0.0 0.0 0.0 -0.830428421497345 0.5571253299713135
1638453337949948511 1.9871940612792969 -1.4039077758789062 0.0 0.0 0.0 -0.8271658420562744 0.5619578957557678
1638453338150813881 1.9723892211914062 -1.4217109680175781 0.0 0.0 0.0 -0.8162018060684204 0.5777668952941895
1638453338351458102 1.9655342102050781 -1.4442214965820312 0.0 0.0 0.0 -0.8029730916023254 0.5960152745246887
1638453338552308107 1.9471549987792969 -1.4625205993652344 0.0 0.0 0.0 -0.7784402966499329 0.6277186274528503
1638453338752913734 1.947662353515625 -1.4889488220214844 0.0 0.0 0.0 -0.7557634115219116 0.6548448204994202
1638453338953565767 1.9466476440429688 -1.5075836181640625 0.0 0.0 0.0 -0.7299191355705261 0.6835334897041321
1638453339154337958 1.9436569213867188 -1.5332145690917969 0.0 0.0 0.0 -0.702148973941803 0.7120301127433777
1638453339355074160 1.9368476867675781 -1.5613822937011719 0.0 0.0 0.0 -0.6721729040145874 0.7403942346572876
1638453339555739891 1.9379196166992188 -1.597564697265625 0.0 0.0 0.0 -0.6434441804885864 0.7654930353164673
1638453339756586355 1.9383621215820312 -1.6239738464355469 0.0 0.0 0.0 -0.6106036305427551 0.7919363379478455
1638453339957305941 1.9360160827636719 -1.6547279357910156 0.0 0.0 0.0 -0.5815799832344055 0.8134892582893372
1638453340157915213 1.9433479309082031 -1.6796798706054688 0.0 0.0 0.0 -0.5512528419494629 0.8343382477760315
1638453340358616414 1.9508132934570312 -1.7038192749023438 0.0 0.0 0.0 -0.5304667949676514 0.8477057218551636
1638453340559241624 1.9609146118164062 -1.7356834411621094 0.0 0.0 0.0 -0.5190393924713135 0.8547503352165222
1638453340759891886 1.9686965942382812 -1.7669486999511719 0.0 0.0 0.0 -0.5065028667449951 0.8622382879257202
1638453340960371469 1.979217529296875 -1.7800483703613281 0.0 0.0 0.0 -0.49934661388397217 0.8664023280143738
1638453341160884854 1.9865837097167969 -1.8052139282226562 0.0 0.0 0.0 -0.49355024099349976 0.8697172999382019
1638453341361601003 2.0051040649414062 -1.8302078247070312 0.0 0.0 0.0 -0.4919890761375427 0.8706013560295105
1638453341562184650 2.01629638671875 -1.8558731079101562 0.0 0.0 0.0 -0.4950161576271057 0.8688837885856628
1638453341762690691 2.027782440185547 -1.8727531433105469 0.0 0.0 0.0 -0.5084013342857361 0.8611202239990234
1638453341963272255 2.0707626342773438 -1.8976364135742188 0.0 0.0 0.0 -0.5232898592948914 0.8521547317504883
1638453342163793973 2.083484649658203 -1.9172592163085938 0.0 0.0 0.0 -0.5529087781906128 0.8332417607307434
1638453342364411110 2.0968246459960938 -1.9423370361328125 0.0 0.0 0.0 -0.5893547534942627 0.807874321937561
1638453342564939287 2.11114501953125 -1.9700927734375 0.0 0.0 0.0 -0.6276542544364929 0.7784922122955322
1638453342765453766 2.125019073486328 -2.004627227783203 0.0 0.0 0.0 -0.6631465554237366 0.7484895586967468
1638453342966300594 2.127338409423828 -2.018177032470703 0.0 0.0 0.0 -0.6970595717430115 0.7170132398605347
1638453343166993097 2.127208709716797 -2.0484085083007812 0.0 0.0 0.0 -0.7323282957077026 0.6809517741203308
1638453343367591588 2.129467010498047 -2.0774612426757812 0.0 0.0 0.0 -0.7638658881187439 0.6453750133514404
1638453343568163828 2.1310653686523438 -2.1047897338867188 0.0 0.0 0.0 -0.7926753163337708 0.6096439957618713
1638453343768917113 2.129779815673828 -2.1254196166992188 0.0 0.0 0.0 -0.814081609249115 0.5807504653930664
1638453343969658158 2.1227951049804688 -2.1523361206054688 0.0 0.0 0.0 -0.832260251045227 0.5543851256370544
1638453344170400818 2.1136398315429688 -2.176044464111328 0.0 0.0 0.0 -0.845965564250946 0.5332375168800354
1638453344371158322 2.103260040283203 -2.1959228515625 0.0 0.0 0.0 -0.8561741709709167 0.5166873335838318
1638453344571818272 2.094165802001953 -2.2179794311523438 0.0 0.0 0.0 -0.8566262722015381 0.5159373879432678
1638453344772513483 2.0761795043945312 -2.2387237548828125 0.0 0.0 0.0 -0.8616315722465515 0.5075342655181885
1638453344973272341 2.05633544921875 -2.2626190185546875 0.0 0.0 0.0 -0.8593335151672363 0.5114156007766724
1638453345173853852 2.035400390625 -2.2812728881835938 0.0 0.0 0.0 -0.8544418811798096 0.5195469260215759
1638453345374491979 2.0277099609375 -2.3007278442382812 0.0 0.0 0.0 -0.843695878982544 0.5368214249610901
1638453345574969061 2.0109786987304688 -2.3306045532226562 0.0 0.0 0.0 -0.8325750827789307 0.5539121627807617
1638453345775543593 1.99761962890625 -2.350322723388672 0.0 0.0 0.0 -0.8215251564979553 0.5701723098754883
1638453345976214585 1.9837112426757812 -2.3710861206054688 0.0 0.0 0.0 -0.8114118576049805 0.5844748020172119
1638453346176577655 1.9702682495117188 -2.3916473388671875 0.0 0.0 0.0 -0.8017227053642273 0.5976961851119995
1638453346376989112 1.9583358764648438 -2.4161949157714844 0.0 0.0 0.0 -0.7888996005058289 0.6145220994949341
1638453346577520779 1.949554443359375 -2.437824249267578 0.0 0.0 0.0 -0.7765039205551147 0.6301124095916748
1638453346778150155 1.9380569458007812 -2.4640579223632812 0.0 0.0 0.0 -0.7657741904258728 0.6431095600128174
1638453346978986983 1.9293289184570312 -2.4915008544921875 0.0 0.0 0.0 -0.7510522603988647 0.6602427959442139
1638453347179596620 1.9276046752929688 -2.5143814086914062 0.0 0.0 0.0 -0.744028627872467 0.6681477427482605
1638453347380421312 1.9185905456542969 -2.5360450744628906 0.0 0.0 0.0 -0.7407758831977844 0.6717522740364075
1638453347580934385 1.9224967956542969 -2.5634918212890625 0.0 0.0 0.0 -0.7458055019378662 0.6661638021469116
1638453347781655690 1.924102783203125 -2.59039306640625 0.0 0.0 0.0 -0.7509187459945679 0.6603946089744568
1638453347982355433 1.9164047241210938 -2.6147613525390625 0.0 0.0 0.0 -0.7586154937744141 0.651538610458374
1638453348182904600 1.9212646484375 -2.636913299560547 0.0 0.0 0.0 -0.7665886878967285 0.6421384811401367
1638453348383337567 1.9186592102050781 -2.6651687622070312 0.0 0.0 0.0 -0.7727487683296204 0.6347120404243469
1638453348584036736 1.9107894897460938 -2.6921005249023438 0.0 0.0 0.0 -0.7771024107933044 0.6293742060661316
1638453348784797782 1.91119384765625 -2.7103614807128906 0.0 0.0 0.0 -0.7834513783454895 0.621453046798706
1638453348985422159 1.9049453735351562 -2.741252899169922 0.0 0.0 0.0 -0.7912192940711975 0.6115325093269348
1638453349186013774 1.8967056274414062 -2.7665443420410156 0.0 0.0 0.0 -0.7960598468780518 0.6052179336547852
1638453349386469658 1.8940620422363281 -2.7934188842773438 0.0 0.0 0.0 -0.800980806350708 0.5986900329589844
1638453349587348466 1.88677978515625 -2.8197860717773438 0.0 0.0 0.0 -0.8069528937339783 0.5906158089637756
1638453349788026854 1.8835945129394531 -2.849365234375 0.0 0.0 0.0 -0.8226168751716614 0.5685960650444031
1638453349988819775 1.8777236938476562 -2.8693923950195312 0.0 0.0 0.0 -0.8418876528739929 0.5396528244018555
1638453350189478944 1.8663139343261719 -2.9014892578125 0.0 0.0 0.0 -0.8666232824325562 0.49896299839019775
1638453350390026600 1.8564834594726562 -2.9209861755371094 0.0 0.0 0.0 -0.8892666101455688 0.4573892056941986
1638453350590448526 1.84808349609375 -2.94378662109375 0.0 0.0 0.0 -0.9089512228965759 0.41690245270729065
1638453350791070611 1.8233642578125 -2.9640579223632812 0.0 0.0 0.0 -0.9296457767486572 0.3684544861316681
1638453350992335414 1.8089523315429688 -2.9760360717773438 0.0 0.0 0.0 -0.9455010294914246 0.325619101524353
1638453351192733954 1.7953987121582031 -2.9944419860839844 0.0 0.0 0.0 -0.9592352509498596 0.2826088070869446
1638453351393473905 1.7748641967773438 -3.0094985961914062 0.0 0.0 0.0 -0.9722818732261658 0.23381169140338898
1638453351594197502 1.7508659362792969 -3.0332107543945312 0.0 0.0 0.0 -0.9825196862220764 0.18615882098674774
1638453351794766305 1.7183036804199219 -3.0439453125 0.0 0.0 0.0 -0.9909355044364929 0.1343384087085724
1638453351995344431 1.6904411315917969 -3.0507583618164062 0.0 0.0 0.0 -0.9962297677993774 0.08675392717123032
1638453352195936463 1.6699409484863281 -3.0611953735351562 0.0 0.0 0.0 -0.9991682767868042 0.04077718034386635
1638453352396683498 1.6429824829101562 -3.071521759033203 0.0 0.0 0.0 0.9999704360961914 0.00769305182620883
1638453352597533712 1.6176567077636719 -3.0745391845703125 0.0 0.0 0.0 0.9984650611877441 0.055385325103998184
1638453352798144077 1.5901679992675781 -3.0690078735351562 0.0 0.0 0.0 0.9943975210189819 0.10570525377988815
1638453352998782048 1.5631217956542969 -3.0696678161621094 0.0 0.0 0.0 0.9881187081336975 0.15369251370429993
1638453353199958725 1.5386161804199219 -3.0648880004882812 0.0 0.0 0.0 0.9808656573295593 0.1946859210729599
1638453353400338150 1.5200881958007812 -3.06158447265625 0.0 0.0 0.0 0.9737577438354492 0.22758713364601135
1638453353600990235 1.4976005554199219 -3.0551986694335938 0.0 0.0 0.0 0.9686673283576965 0.24836190044879913
1638453353801668571 1.4715690612792969 -3.048839569091797 0.0 0.0 0.0 0.9647307991981506 0.26323845982551575
1638453354002382480 1.4476432800292969 -3.0353622436523438 0.0 0.0 0.0 0.9642086029052734 0.26514482498168945
1638453354202877949 1.4335098266601562 -3.026611328125 0.0 0.0 0.0 0.966361939907074 0.25718602538108826
1638453354403547065 1.4109306335449219 -3.0042800903320312 0.0 0.0 0.0 0.9700478315353394 0.24291397631168365
1638453354604046648 1.3828926086425781 -3.0055999755859375 0.0 0.0 0.0 0.9738848805427551 0.2270423322916031
1638453354804809465 1.3656539916992188 -2.978351593017578 0.0 0.0 0.0 0.9809583425521851 0.19421830773353577
1638453355005077690 1.3575935363769531 -2.9711456298828125 0.0 0.0 0.0 0.9862615466117859 0.16519124805927277
1638453355205573783 1.3324203491210938 -2.9589157104492188 0.0 0.0 0.0 0.9911737442016602 0.13256946206092834
1638453355406128158 1.3026618957519531 -2.954761505126953 0.0 0.0 0.0 0.9946075081825256 0.10371094197034836
1638453355606836443 1.2869338989257812 -2.9381332397460938 0.0 0.0 0.0 0.9971743822097778 0.0751214548945427
1638453355807627020 1.25628662109375 -2.9397735595703125 0.0 0.0 0.0 0.9989129304885864 0.0466151088476181
1638453356008377544 1.2237739562988281 -2.9365768432617188 0.0 0.0 0.0 0.9998525977134705 0.017170138657093048
1638453356209259060 1.2045402526855469 -2.9342575073242188 0.0 0.0 0.0 -0.9998750686645508 0.015805615112185478
1638453356409756560 1.1831741333007812 -2.9308242797851562 0.0 0.0 0.0 -0.9989936351776123 0.04485265910625458
1638453356610492657 1.1584281921386719 -2.9319190979003906 0.0 0.0 0.0 -0.9970610737800598 0.07661107927560806
1638453356811241202 1.1453170776367188 -2.9308319091796875 0.0 0.0 0.0 -0.9942067861557007 0.10748427361249924
1638453357011901152 1.0966072082519531 -2.943187713623047 0.0 0.0 0.0 -0.9910848140716553 0.13323229551315308
1638453357212524227 1.0695877075195312 -2.9488601684570312 0.0 0.0 0.0 -0.9868114590644836 0.1618737429380417
1638453357413220584 1.0409431457519531 -2.9505081176757812 0.0 0.0 0.0 -0.9821671843528748 0.18800964951515198
1638453357614503617 1.0169563293457031 -2.9419403076171875 0.0 0.0 0.0 -0.9762324690818787 0.21672594547271729
1638453357814919136 0.9824142456054688 -2.968242645263672 0.0 0.0 0.0 -0.9704869389533997 0.24115367233753204
1638453358015768099 0.9716796875 -2.9602127075195312 0.0 0.0 0.0 -0.9652410745620728 0.26136109232902527
1638453358216548364 0.9443588256835938 -2.971832275390625 0.0 0.0 0.0 -0.9632211327552795 0.26871001720428467
1638453358417483266 0.9139785766601562 -2.9953384399414062 0.0 0.0 0.0 -0.9636155962944031 0.2672918736934662
1638453358617947119 0.89227294921875 -2.9948043823242188 0.0 0.0 0.0 -0.9668014049530029 0.25552883744239807
1638453358818467432 0.8663711547851562 -3.017681121826172 0.0 0.0 0.0 -0.9723131060600281 0.23368199169635773
1638453359019003005 0.8506851196289062 -3.037567138671875 0.0 0.0 0.0 -0.9787740111351013 0.20494242012500763
1638453359219706497 0.8215217590332031 -3.0333709716796875 0.0 0.0 0.0 -0.9844028353691101 0.1759292632341385
1638453359420384729 0.7972335815429688 -3.0495376586914062 0.0 0.0 0.0 -0.9892613887786865 0.1461571455001831
1638453359620895198 0.7714958190917969 -3.058696746826172 0.0 0.0 0.0 -0.9933336973190308 0.11527420580387115
1638453359821519574 0.7325363159179688 -3.070537567138672 0.0 0.0 0.0 -0.9964023232460022 0.08474908769130707
1638453360022310672 0.7204093933105469 -3.0678024291992188 0.0 0.0 0.0 -0.998208224773407 0.05983562767505646
1638453360223180261 0.693450927734375 -3.073322296142578 0.0 0.0 0.0 -0.9994954466819763 0.03176150470972061
1638453360424036568 0.6714897155761719 -3.080120086669922 0.0 0.0 0.0 -0.9999921917915344 0.003953998908400536
1638453360624847250 0.64068603515625 -3.0758438110351562 0.0 0.0 0.0 0.9995903372764587 0.028619986027479172
1638453360825744444 0.6175041198730469 -3.079540252685547 0.0 0.0 0.0 0.998485803604126 0.05501026660203934
1638453361026312725 0.5904541015625 -3.0816268920898438 0.0 0.0 0.0 0.9964271783828735 0.08445616811513901
1638453361226923612 0.5702590942382812 -3.082172393798828 0.0 0.0 0.0 0.993718147277832 0.11191176623106003
1638453361427588042 0.543426513671875 -3.072406768798828 0.0 0.0 0.0 0.9899692535400391 0.1412827968597412
1638453361628328774 0.5199394226074219 -3.0670738220214844 0.0 0.0 0.0 0.9852849245071411 0.17091980576515198
1638453361828910181 0.49268341064453125 -3.0645217895507812 0.0 0.0 0.0 0.9795998334884644 0.20095813274383545
1638453362029515026 0.4676017761230469 -3.056011199951172 0.0 0.0 0.0 0.9731408357620239 0.2302105575799942
1638453362229949296 0.444091796875 -3.054046630859375 0.0 0.0 0.0 0.9657042622566223 0.2596445679664612
1638453362430650236 0.42308807373046875 -3.0403518676757812 0.0 0.0 0.0 0.9583022594451904 0.2857564687728882
1638453362634005125 0.39859771728515625 -3.026844024658203 0.0 0.0 0.0 0.9498213529586792 0.31279295682907104
1638453363035185648 0.35451507568359375 -3.00445556640625 0.0 0.0 0.0 0.9297858476638794 0.36810094118118286
1638453363433549824 0.3173027038574219 -2.9715347290039062 0.0 0.0 0.0 0.9072944521903992 0.4204958379268646
1638453363633970760 0.29827117919921875 -2.944965362548828 0.0 0.0 0.0 0.8934005498886108 0.44926103949546814
1638453363834636908 0.28063201904296875 -2.9326934814453125 0.0 0.0 0.0 0.8801503777503967 0.47469496726989746
1638453364035449933 0.26474761962890625 -2.919116973876953 0.0 0.0 0.0 0.8663932085037231 0.49936243891716003
1638453364236009934 0.24680328369140625 -2.8930587768554688 0.0 0.0 0.0 0.8503907918930054 0.5261515974998474
1638453364436751864 0.23177337646484375 -2.8748092651367188 0.0 0.0 0.0 0.8348665237426758 0.550452470779419
1638453364637325198 0.22081756591796875 -2.8405418395996094 0.0 0.0 0.0 0.8174622058868408 0.5759822130203247
1638453364837962231 0.20896148681640625 -2.826183319091797 0.0 0.0 0.0 0.8009225726127625 0.5987679362297058
1638453365038612702 0.2003173828125 -2.7996749877929688 0.0 0.0 0.0 0.7803137898445129 0.6253882050514221
1638453365239559792 0.18946456909179688 -2.779346466064453 0.0 0.0 0.0 0.7619578242301941 0.6476266384124756
1638453365440351203 0.18383026123046875 -2.7396316528320312 0.0 0.0 0.0 0.7403407692909241 0.6722317934036255
1638453365640940422 0.177581787109375 -2.7156524658203125 0.0 0.0 0.0 0.7133757472038269 0.7007817029953003
1638453365841528392 0.16951370239257812 -2.6856422424316406 0.0 0.0 0.0 0.681284487247467 0.732018768787384
1638453366042220895 0.16976165771484375 -2.6670570373535156 0.0 0.0 0.0 0.6585239171981812 0.7525597810745239
1638453366243005639 0.17420578002929688 -2.6483497619628906 0.0 0.0 0.0 0.6393970251083374 0.7688767313957214
1638453366443784966 0.17104339599609375 -2.614276885986328 0.0 0.0 0.0 0.6244935989379883 0.7810299396514893
1638453366644272569 0.18242645263671875 -2.610565185546875 0.0 0.0 0.0 0.6217381954193115 0.7832251191139221
1638453366844969343 0.18918991088867188 -2.584808349609375 0.0 0.0 0.0 0.6323646306991577 0.7746708989143372
1638453367045677471 0.19751739501953125 -2.565837860107422 0.0 0.0 0.0 0.6496541500091553 0.7602298855781555
1638453367246306118 0.20172882080078125 -2.5426406860351562 0.0 0.0 0.0 0.6720867156982422 0.7404724359512329
1638453367446996538 0.206298828125 -2.530475616455078 0.0 0.0 0.0 0.7020137310028076 0.7121633887290955
1638453367647706749 0.2125244140625 -2.5086288452148438 0.0 0.0 0.0 0.7357722520828247 0.6772290468215942
1638453367848454409 0.21699905395507812 -2.4745254516601562 0.0 0.0 0.0 0.771875262260437 0.6357740163803101
1638453368049236861 0.21535110473632812 -2.4467544555664062 0.0 0.0 0.0 0.8061527013778687 0.5917075276374817
1638453368249948843 0.21229934692382812 -2.4156646728515625 0.0 0.0 0.0 0.8383457064628601 0.545138955116272
1638453368450579209 0.18349456787109375 -2.3792953491210938 0.0 0.0 0.0 0.8641500473022461 0.5032342076301575
1638453368651354786 0.17597198486328125 -2.3475074768066406 0.0 0.0 0.0 0.8935222029685974 0.4490189552307129
1638453368852113956 0.167724609375 -2.329456329345703 0.0 0.0 0.0 0.9163165092468262 0.4004547894001007
1638453369052825782 0.163665771484375 -2.309101104736328 0.0 0.0 0.0 0.9322473406791687 0.3618216812610626
1638453369253698861 0.15391159057617188 -2.295562744140625 0.0 0.0 0.0 0.9429882168769836 0.33282607793807983
1638453369454361676 0.13338470458984375 -2.269634246826172 0.0 0.0 0.0 0.9472843408584595 0.3203940987586975
1638453369655022042 0.1102294921875 -2.2437515258789062 0.0 0.0 0.0 0.948447585105896 0.31693407893180847
1638453369855887673 0.09193038940429688 -2.2297744750976562 0.0 0.0 0.0 0.9468279480934143 0.3217402994632721
1638453370056678042 0.06970977783203125 -2.22515869140625 0.0 0.0 0.0 0.942851722240448 0.33321261405944824
1638453370257303095 0.04936981201171875 -2.2016334533691406 0.0 0.0 0.0 0.9333295226097107 0.3590209484100342
1638453370457823356 0.027496337890625 -2.195636749267578 0.0 0.0 0.0 0.9236937165260315 0.383131742477417
1638453370658426430 0.005992889404296875 -2.1888046264648438 0.0 0.0 0.0 0.9122785925865173 0.40957027673721313
1638453370859204298 -0.0107421875 -2.1644515991210938 0.0 0.0 0.0 0.8993761539459229 0.4371756613254547
1638453371059714142 -0.031383514404296875 -2.1523056030273438 0.0 0.0 0.0 0.8854974508285522 0.46464425325393677
1638453371260149193 -0.04817962646484375 -2.127094268798828 0.0 0.0 0.0 0.8725947141647339 0.488444983959198
1638453371460732423 -0.059772491455078125 -2.1165771484375 0.0 0.0 0.0 0.85992431640625 0.510421633720398
1638453371661586126 -0.07289505004882812 -2.0891799926757812 0.0 0.0 0.0 0.8443614840507507 0.5357739329338074
1638453371862050969 -0.08928680419921875 -2.0696792602539062 0.0 0.0 0.0 0.8282558917999268 0.5603500604629517
1638453372062718783 -0.10091400146484375 -2.04876708984375 0.0 0.0 0.0 0.811178982257843 0.5847979784011841
1638453372263355191 -0.11142730712890625 -2.0248947143554688 0.0 0.0 0.0 0.7938998937606812 0.6080484986305237
1638453372463630656 -0.120361328125 -1.984588623046875 0.0 0.0 0.0 0.7737114429473877 0.6335381865501404
1638453372664258627 -0.1228790283203125 -1.9745101928710938 0.0 0.0 0.0 0.7571334838867188 0.6532602310180664
1638453372864733313 -0.1315155029296875 -1.9542579650878906 0.0 0.0 0.0 0.7360770106315613 0.6768978238105774
1638453373065239146 -0.13502120971679688 -1.9210777282714844 0.0 0.0 0.0 0.7165741324424744 0.6975109577178955
1638453373265824147 -0.13364410400390625 -1.8724746704101562 0.0 0.0 0.0 0.6914058923721313 0.7224665284156799
1638453373466240656 -0.14123153686523438 -1.8604927062988281 0.0 0.0 0.0 0.6738641262054443 0.738855242729187
1638453373666749353 -0.13416290283203125 -1.8279647827148438 0.0 0.0 0.0 0.6481978893280029 0.7614719271659851
1638453373867299771 -0.14027786254882812 -1.7903404235839844 0.0 0.0 0.0 0.6251282691955566 0.7805219888687134
1638453374067920918 -0.12824630737304688 -1.7870216369628906 0.0 0.0 0.0 0.6132375597953796 0.7898985147476196
1638453374268513471 -0.12677764892578125 -1.7618865966796875 0.0 0.0 0.0 0.6053680777549744 0.7959456443786621
1638453374469052846 -0.11458969116210938 -1.7406997680664062 0.0 0.0 0.0 0.6059749722480774 0.7954837083816528
1638453374669765818 -0.11739730834960938 -1.7216300964355469 0.0 0.0 0.0 0.6150715351104736 0.7884713411331177
1638453374873168573 -0.1103057861328125 -1.7016067504882812 0.0 0.0 0.0 0.6279371380805969 0.778264045715332
1638453375271506029 -0.09313201904296875 -1.6514205932617188 0.0 0.0 0.0 0.6587989926338196 0.7523189783096313
1638453375472011029 -0.08866500854492188 -1.6321640014648438 0.0 0.0 0.0 0.6728472113609314 0.7397814393043518
1638453375672724938 -0.0892181396484375 -1.6081809997558594 0.0 0.0 0.0 0.6910953521728516 0.7227635979652405
1638453375873106394 -0.08034515380859375 -1.5748939514160156 0.0 0.0 0.0 0.6984438300132751 0.7156648635864258
1638453376073781344 -0.08089065551757812 -1.5546607971191406 0.0 0.0 0.0 0.7160013914108276 0.6980988383293152
1638453376274413273 -0.07915115356445312 -1.5347480773925781 0.0 0.0 0.0 0.7287166714668274 0.6848152875900269
1638453376475210048 -0.08023834228515625 -1.5084724426269531 0.0 0.0 0.0 0.7443386912345886 0.6678023338317871
1638453376676017605 -0.08139801025390625 -1.4887771606445312 0.0 0.0 0.0 0.7578637599945068 0.6524128317832947
1638453376876685993 -0.08172607421875 -1.460174560546875 0.0 0.0 0.0 0.7683982849121094 0.639971911907196
1638453377077333703 -0.08376312255859375 -1.4346580505371094 0.0 0.0 0.0 0.7790515422821045 0.6269598603248596
1638453377278013289 -0.09030532836914062 -1.4038581848144531 0.0 0.0 0.0 0.7927615642547607 0.6095318794250488
1638453377478732198 -0.095062255859375 -1.3790245056152344 0.0 0.0 0.0 0.8015125393867493 0.5979779362678528
1638453377679375117 -0.09765625 -1.3564643859863281 0.0 0.0 0.0 0.8151474595069885 0.5792535543441772
1638453377880114860 -0.1082916259765625 -1.3291702270507812 0.0 0.0 0.0 0.826073408126831 0.5635625123977661
1638453378080637516 -0.1084136962890625 -1.2918510437011719 0.0 0.0 0.0 0.8301663994789124 0.5575156807899475
1638453378281256528 -0.11520004272460938 -1.2566146850585938 0.0 0.0 0.0 0.8316403031349182 0.5553147196769714
1638453378482064345 -0.1230010986328125 -1.2315254211425781 0.0 0.0 0.0 0.8264776468276978 0.5629695653915405
1638453378682941121 -0.13711166381835938 -1.2001991271972656 0.0 0.0 0.0 0.8162328600883484 0.5777230262756348
1638453378883573206 -0.14384841918945312 -1.16387939453125 0.0 0.0 0.0 0.7988641858100891 0.6015114188194275
1638453379084356960 -0.15183258056640625 -1.1446189880371094 0.0 0.0 0.0 0.7791455388069153 0.6268430352210999
1638453379285322801 -0.16081619262695312 -1.1197395324707031 0.0 0.0 0.0 0.7606181502342224 0.6491994857788086
1638453379485823478 -0.16147232055664062 -1.0919952392578125 0.0 0.0 0.0 0.7393956184387207 0.6732711791992188
1638453379686470771 -0.16956329345703125 -1.07806396484375 0.0 0.0 0.0 0.7226623892784119 0.6912012100219727
1638453379887348016 -0.16891098022460938 -1.0442047119140625 0.0 0.0 0.0 0.7014368772506714 0.7127315998077393
1638453380087929580 -0.17179489135742188 -1.0230178833007812 0.0 0.0 0.0 0.6805446743965149 0.732706606388092
1638453380288794429 -0.17177963256835938 -1.0053482055664062 0.0 0.0 0.0 0.660251796245575 0.7510443329811096
1638453380488923537 -0.17113113403320312 -0.9727363586425781 0.0 0.0 0.0 0.637685239315033 0.7702970504760742
1638453380689790105 -0.16988754272460938 -0.94732666015625 0.0 0.0 0.0 0.617133378982544 0.7868585586547852
1638453380890591880 -0.16681671142578125 -0.9172477722167969 0.0 0.0 0.0 0.5964527726173401 0.80264812707901
1638453381091328290 -0.16095733642578125 -0.8959503173828125 0.0 0.0 0.0 0.5699970722198486 0.8216467499732971
1638453381292147461 -0.15773773193359375 -0.8731040954589844 0.0 0.0 0.0 0.5479819178581238 0.8364901542663574
1638453381492892934 -0.14948272705078125 -0.8364486694335938 0.0 0.0 0.0 0.5226486921310425 0.8525481224060059
1638453381693490435 -0.13987350463867188 -0.8202323913574219 0.0 0.0 0.0 0.4983023405075073 0.867003321647644
1638453381894340023 -0.12790679931640625 -0.7917823791503906 0.0 0.0 0.0 0.47360846400260925 0.8807355165481567
1638453382094905076 -0.11700439453125 -0.7652931213378906 0.0 0.0 0.0 0.4475475549697876 0.8942601084709167
1638453382295523567 -0.10657119750976562 -0.7499771118164062 0.0 0.0 0.0 0.42426252365112305 0.9055392146110535
1638453382496273050 -0.08808135986328125 -0.7292327880859375 0.0 0.0 0.0 0.39509522914886475 0.9186401963233948
1638453382696827946 -0.07405471801757812 -0.7062911987304688 0.0 0.0 0.0 0.36830589175224304 0.9297046661376953
1638453382897516074 -0.060688018798828125 -0.6915664672851562 0.0 0.0 0.0 0.34369298815727234 0.9390820860862732
1638453383098030501 -0.04615020751953125 -0.672210693359375 0.0 0.0 0.0 0.3138808310031891 0.9494624137878418
1638453383298688784 -0.030361175537109375 -0.6565284729003906 0.0 0.0 0.0 0.29044318199157715 0.9568922519683838
1638453383499407746 -0.00621795654296875 -0.6440467834472656 0.0 0.0 0.0 0.27861762046813965 0.9604021310806274
1638453383700099571 0.015552520751953125 -0.6303367614746094 0.0 0.0 0.0 0.2789943516254425 0.9602927565574646
1638453383900858690 0.034027099609375 -0.6122055053710938 0.0 0.0 0.0 0.2897041440010071 0.9571162462234497
1638453384101381658 0.055023193359375 -0.5981292724609375 0.0 0.0 0.0 0.31095191836357117 0.9504256248474121
1638453384302085828 0.07704925537109375 -0.5866317749023438 0.0 0.0 0.0 0.3367404341697693 0.9415975213050842
1638453384502764841 0.09694671630859375 -0.5726318359375 0.0 0.0 0.0 0.3681453764438629 0.9297682642936707
1638453384703359217 0.116455078125 -0.5578346252441406 0.0 0.0 0.0 0.40335991978645325 0.9150413870811462
1638453384904129794 0.1326904296875 -0.5464401245117188 0.0 0.0 0.0 0.4460696876049042 0.8949982523918152
1638453385104878808 0.154632568359375 -0.5321769714355469 0.0 0.0 0.0 0.4888759255409241 0.8723533153533936
1638453385305417870 0.17161178588867188 -0.5114974975585938 0.0 0.0 0.0 0.5313786864280701 0.8471344113349915
1638453385506164072 0.19073486328125 -0.48732757568359375 0.0 0.0 0.0 0.5763248801231384 0.8172206878662109
1638453385706697822 0.20365142822265625 -0.47023773193359375 0.0 0.0 0.0 0.6132150888442993 0.7899159789085388
1638453385907293656 0.21402740478515625 -0.45151519775390625 0.0 0.0 0.0 0.6522670388221741 0.757989227771759
1638453386107918345 0.22150421142578125 -0.4372825622558594 0.0 0.0 0.0 0.6883986592292786 0.725332498550415
1638453386308608452 0.23012161254882812 -0.4150047302246094 0.0 0.0 0.0 0.7257164120674133 0.6879939436912537
1638453386509402259 0.23060989379882812 -0.38669586181640625 0.0 0.0 0.0 0.7593172788619995 0.6507205963134766
1638453386709898456 0.23633575439453125 -0.35718536376953125 0.0 0.0 0.0 0.7903211712837219 0.6126927733421326
1638453386910482728 0.23443603515625 -0.32698822021484375 0.0 0.0 0.0 0.8194501399993896 0.5731505155563354
1638453387111333202 0.23033523559570312 -0.3017425537109375 0.0 0.0 0.0 0.8459997177124023 0.5331833362579346
1638453387311995912 0.22697067260742188 -0.2689933776855469 0.0 0.0 0.0 0.8703606724739075 0.4924147427082062
1638453387512622737 0.21398162841796875 -0.24385833740234375 0.0 0.0 0.0 0.8930425047874451 0.44997233152389526
1638453387713137320 0.20741653442382812 -0.21967315673828125 0.0 0.0 0.0 0.9130613803863525 0.4078221917152405
1638453387913696904 0.19385910034179688 -0.19412612915039062 0.0 0.0 0.0 0.9291381239891052 0.3697327971458435
1638453388114406074 0.18233108520507812 -0.17616653442382812 0.0 0.0 0.0 0.9399722218513489 0.3412508964538574
1638453388315115191 0.16370773315429688 -0.15915298461914062 0.0 0.0 0.0 0.9465702772140503 0.32249754667282104
1638453388515716911 0.14515304565429688 -0.1407012939453125 0.0 0.0 0.0 0.9501257538795471 0.3118670582771301
1638453388716490040 0.12613677978515625 -0.12602996826171875 0.0 0.0 0.0 0.9489461183547974 0.3154382109642029
1638453388916942695 0.10446929931640625 -0.10547256469726562 0.0 0.0 0.0 0.9430871605873108 0.3325456976890564
1638453389117800148 0.0828857421875 -0.09468841552734375 0.0 0.0 0.0 0.9354969263076782 0.3533347547054291
1638453389318558850 0.06343460083007812 -0.07407379150390625 0.0 0.0 0.0 0.9193036556243896 0.3935489356517792
1638453389519242707 0.04595184326171875 -0.05800628662109375 0.0 0.0 0.0 0.9007226824760437 0.43439459800720215
1638453389719991773 0.02481842041015625 -0.04123687744140625 0.0 0.0 0.0 0.8789584040641785 0.4768984019756317
1638453389920374166 0.010181427001953125 -0.03447723388671875 0.0 0.0 0.0 0.8583144545555115 0.5131240487098694
1638453390121139066 0.01154327392578125 -0.0406341552734375 0.0 0.0 0.0 0.8607727289199829 0.5089895129203796
1638453390321723130 0.0113525390625 -0.03415679931640625 0.0 0.0 0.0 0.8548392653465271 0.5188928842544556
1638453390522583552 0.011577606201171875 -0.03420257568359375 0.0 0.0 0.0 0.8454723358154297 0.5340192317962646
1638453390723361524 0.011157989501953125 -0.031085968017578125 0.0 0.0 0.0 0.830284833908081 0.5573393106460571
1638453390924014391 0.004364013671875 -0.026569366455078125 0.0 0.0 0.0 0.809502899646759 0.5871158838272095
1638453391124768978 0.00072479248046875 -0.0311737060546875 0.0 0.0 0.0 0.7881559133529663 0.6154756546020508
1638453391325271946 -0.00403594970703125 -0.0248870849609375 0.0 0.0 0.0 0.7570206522941589 0.6533909440040588
1638453391525803978 -0.008388519287109375 -0.0268402099609375 0.0 0.0 0.0 0.7246595025062561 0.6891071200370789
1638453391726141527 -0.011447906494140625 -0.028728485107421875 0.0 0.0 0.0 0.6920667290687561 0.7218335270881653
1638453391927011168 -0.021991729736328125 -0.02803802490234375 0.0 0.0 0.0 0.6562188267707825 0.7545706033706665
1638453392127661326 -0.02585601806640625 -0.028606414794921875 0.0 0.0 0.0 0.6203052401542664 0.7843605279922485
1638453392328322787 -0.034564971923828125 -0.0294036865234375 0.0 0.0 0.0 0.5814706087112427 0.8135673999786377
1638453392528939923 -0.034168243408203125 -0.02564239501953125 0.0 0.0 0.0 0.5408560633659363 0.8411151766777039
1638453392729739251 -0.044116973876953125 -0.027667999267578125 0.0 0.0 0.0 0.5017044544219971 0.8650391101837158
1638453392930435503 -0.04708099365234375 -0.02028656005859375 0.0 0.0 0.0 0.4583417773246765 0.8887760043144226
1638453393131095037 -0.0500030517578125 -0.02136993408203125 0.0 0.0 0.0 0.4151460528373718 0.909754753112793
1638453393337316379 -0.054767608642578125 -0.02129364013671875 0.0 0.0 0.0 0.37239542603492737 0.9280741810798645
1638453393532324883 -0.058917999267578125 -0.0087890625 0.0 0.0 0.0 0.3243386149406433 0.9459410309791565
1638453393733026136 -0.061618804931640625 -0.006099700927734375 0.0 0.0 0.0 0.27910086512565613 0.9602618217468262
1638453393933521605 -0.06312942504882812 -0.003231048583984375 0.0 0.0 0.0 0.23530064523220062 0.9719226360321045
1638453394134169940 -0.061595916748046875 0.004352569580078125 0.0 0.0 0.0 0.18477798998355865 0.9827802777290344
1638453394334851297 -0.06935882568359375 0.002666473388671875 0.0 0.0 0.0 0.13956044614315033 0.9902135729789734
1638453394535560102 -0.06461334228515625 0.014190673828125 0.0 0.0 0.0 0.08883562684059143 0.9960463047027588
1638453394736307501 -0.06564712524414062 0.019031524658203125 0.0 0.0 0.0 0.042262908071279526 0.9991065263748169
1638453394936608122 -0.07196044921875 0.02584075927734375 0.0 0.0 0.0 -0.005948182661086321 0.9999822974205017
1638453395137154477 -0.07568740844726562 0.02223968505859375 0.0 0.0 0.0 -0.006977413780987263 0.9999756813049316
1638453395337776353 -0.07367706298828125 0.02298736572265625 0.0 0.0 0.0 -0.006799319293349981 0.9999768733978271
1638453395538534638 -0.07598876953125 0.025543212890625 0.0 0.0 0.0 -0.007048222701996565 0.9999751448631287
1638453395739206047 -0.08075714111328125 0.02548980712890625 0.0 0.0 0.0 -0.005836127791553736 0.9999829530715942
1638453395939935113 -0.07465744018554688 0.02579498291015625 0.0 0.0 0.0 -0.007153600919991732 0.9999744296073914
1638453396140597302 -0.08130645751953125 0.02535247802734375 0.0 0.0 0.0 -0.005957003682851791 0.9999822378158569
1638453396341233346 -0.07646560668945312 0.02675628662109375 0.0 0.0 0.0 -0.008792437613010406 0.9999613165855408
1638453396542053663 -0.07486724853515625 0.02710723876953125 0.0 0.0 0.0 -0.007515033707022667 0.9999717473983765
1638453396742729603 -0.07659530639648438 0.022838592529296875 0.0 0.0 0.0 -0.007033202331513166 0.9999752640724182
1638453396943342521 -0.07622146606445312 0.02603912353515625 0.0 0.0 0.0 -0.007714107632637024 0.9999702572822571
1638453397144291174 -0.07874298095703125 0.025787353515625 0.0 0.0 0.0 -0.005257733166217804 0.9999861717224121
1638453397344914040 -0.07448577880859375 0.025390625 0.0 0.0 0.0 -0.007179588079452515 0.999974250793457
1638453397545834150 -0.074676513671875 0.023345947265625 0.0 0.0 0.0 -0.004841697867959738 0.9999882578849792
1638453397746481236 -0.07523345947265625 0.02414703369140625 0.0 0.0 0.0 -0.007098527625203133 0.99997478723526
1638453397947197645 -0.07686614990234375 0.025238037109375 0.0 0.0 0.0 -0.00694427452981472 0.999975860118866
1638453398148066661 -0.07730865478515625 0.02541351318359375 0.0 0.0 0.0 -0.005832074675709009 0.999983012676239
1638453398348921718 -0.07796096801757812 0.02685546875 0.0 0.0 0.0 -0.007022235542535782 0.999975323677063
1638453398549592658 -0.07524871826171875 0.02349853515625 0.0 0.0 0.0 -0.008788385428488255 0.9999613761901855
1638453398750197451 -0.07805252075195312 0.024089813232421875 0.0 0.0 0.0 -0.008924993686378002 0.99996018409729
1638453398950934121 -0.07864761352539062 0.02350616455078125 0.0 0.0 0.0 -0.006430970970541239 0.9999793171882629
1638453399151563706 -0.07691192626953125 0.02558135986328125 0.0 0.0 0.0 -0.0057333712466061115 0.999983549118042
1638453399352269647 -0.07793426513671875 0.026508331298828125 0.0 0.0 0.0 -0.007444940507411957 0.9999722838401794
1638453399552905221 -0.07137298583984375 0.024707794189453125 0.0 0.0 0.0 -0.009131455793976784 0.999958336353302
1638453399756263079 -0.07497406005859375 0.02292633056640625 0.0 0.0 0.0 -0.007567007560282946 0.9999713897705078
1638453400154828873 -0.07734298706054688 0.027507781982421875 0.0 0.0 0.0 -0.007355536334216595 0.999972939491272
1638453400355465854 -0.07596588134765625 0.024311065673828125 0.0 0.0 0.0 -0.006829359568655491 0.9999766945838928
1638453400556144137 -0.0729522705078125 0.024036407470703125 0.0 0.0 0.0 -0.008793391287326813 0.9999613165855408
1638453400756805806 -0.07837677001953125 0.02548980712890625 0.0 0.0 0.0 -0.0060468860901892185 0.999981701374054
1638453400957471121 -0.07142257690429688 0.02370452880859375 0.0 0.0 0.0 -0.008119406178593636 0.9999670386314392
1638453401158163676 -0.07787322998046875 0.02373504638671875 0.0 0.0 0.0 -0.007758213672786951 0.9999698996543884
1638453401358789615 -0.07609939575195312 0.024394989013671875 0.0 0.0 0.0 -0.009404194541275501 0.9999557733535767
1638453401559418054 -0.07738113403320312 0.02280426025390625 0.0 0.0 0.0 -0.006489620544016361 0.9999789595603943
1638453401760225194 -0.07712554931640625 0.023326873779296875 0.0 0.0 0.0 -0.00633202912285924 0.9999799728393555
1638453401960499773 -0.06784439086914062 0.023651123046875 0.0 0.0 0.0 -0.0117074279114604 0.9999314546585083
1638453402161137796 -0.06976699829101562 0.02455902099609375 0.0 0.0 0.0 -0.008953841403126717 0.9999598860740662
1638453402361624566 -0.07213211059570312 0.026031494140625 0.0 0.0 0.0 -0.008938344195485115 0.9999600648880005
1638453402562094825 -0.069183349609375 0.0240478515625 0.0 0.0 0.0 -0.00877551082521677 0.9999614953994751
