1638453304845640898 0.04254719614982605 -7.39359893486835e-05 0.0 0.0 0.0 -0.001159438630566001 0.9999993443489075
163845330545640945 0.05221586301922798 -9.216251055477187e-05 0.0 0.0 0.0 -0.0009593794238753617 0.9999995231628418
1638453305248641014 0.06408654153347015 -0.0001196601297124289 0.0 0.0 0.0 -0.0011732110287994146 0.9999992847442627
1638453305381640911 0.07423540342855241 0.0031132645661839796 -0.0014353614900492228 -0.00152817466135039 0.0004898203313369421 0.02080839974475593 0.9997821679512163
1638453305549640894 0.0858430110246913 0.003594854677384839 -0.0014474735469138234 -0.001528190643057407 0.0004897706712025068 0.020775899012613362 0.9997828825647082
1638453305683640957 0.09545277982108172 0.0039939591866608865 -0.001457502181830694 -0.0015282148987164823 0.0004896949890963289 0.020726385723871088 0.9997839116247211
1638453305916640997 0.11371148992595426 0.00474869283783493 -0.0014765457590072615 -0.001528314606655044 0.000489383604373016 0.020522685206892474 0.9997880924178044
163845330648640966 0.12433319220160546 0.005180644199330656 -0.0014876021969919833 -0.0015284506734457091 0.0004889586169290943 0.02024467162040763 0.9997937879398865
1638453306184640884 0.13584018608512463 0.0056447924095105965 -0.0014995684556103055 -0.0015285038892516882 0.0004887920099512785 0.020135704947678575 0.9997959453809226
1638453306351640940 0.15073604794841702 0.006245594079086153 -0.0015150587132964795 -0.0015284464594377903 0.0004889717111623668 0.02025324131465104 0.9997935995127736
1638453306484641075 0.162673125247759 0.006723631501008648 -0.0015274615814415721 -0.0015286484135993573 0.0004883398055593851 0.019839932470908775 0.9998018525216728
1638453306651640892 0.17779714496363513 0.007320492558974662 -0.0015431486722594985 -0.0015287699188876048 0.0004879594407739303 0.019591158508078275 0.9998067858963028
1638453306805464029 0.18991184152817117 0.00779028775053915 -0.001555688856423026 -0.0015288700786813521 0.000487645403078901 0.019385793187294956 0.999810764818549
1638453306945463896 0.2024312256276093 0.00827571546652647 -0.0015686477542714932 -0.001528939440111679 0.00048742800216596157 0.01924361948588031 0.9998135331649027
1638453307111464024 0.2173283391572154 0.00884501789530854 -0.001584042263956237 -0.0015290562263310745 0.00048706167653662745 0.019004069368876816 0.9998181444912397
1638453307246464014 0.22936757576597652 0.009300961429484783 -0.0015964707304386724 -0.0015291235324725414 0.00048685003758686774 0.018865702394835468 0.9998207098987998
1638453307379463911 0.24122974030478153 0.009751015374172363 -0.0016087189113735427 -0.0015290228507215946 0.000487166321623816 0.019072502129492647 0.9998168186751664
1638453307545463800 0.25546044132134227 0.01733082643029477 0.002649447647925622 0.0007720794863464245 0.00021756645130759268 0.01829627859688703 0.9998322957885061
1638453307716463804 0.2706114815580872 0.017882229240676818 0.002643274897826679 0.0007720739386032961 0.00021758618084063647 0.01827073340688254 0.9998327775272756
1638453307851463795 0.2826767706408818 0.018319443239041198 0.002638356428744266 0.0007720203077398062 0.00021777631558955794 0.018024492712945296 0.9998372208559446
1638453307985463858 0.29466627295967995 0.01875081771590982 0.002633464103487323 0.0007720305769646722 0.00021773999960353224 0.018071534246115822 0.9998364028000692
1638453308151463985 0.30936217346462364 0.01928199253484861 0.002627471156494089 0.0007720131159515362 0.0002178017665429327 0.017991526917206967 0.9998378002350863
1638453308286463976 0.32132665238769303 0.019704849478474267 0.0026225773424731597 0.0007719195049980563 0.00021813340752770973 0.01756199992113825 0.9998454719913019
1638453308387463808 0.3303317604553219 0.020019277417410424 0.002618888102570869 0.000771922575064644 0.00021812256894175383 0.017576041440159833 0.999845234039729
1638453308552464008 0.34502829717146466 0.02053263444038876 0.0026128674937357104 0.000771911580538897 0.00021816130950670567 0.017525844963667932 0.999846059337539
1638453308752463818 0.36291180952525093 0.021164062757466507 0.0026055516685389874 0.0007720367151106608 0.00021771815145633388 0.018099820633422862 0.9998358629695125
1638453308887463808 0.3750528736719604 0.021606688736151493 0.0026006064043740335 0.0007721001806055737 0.0002174929040134235 0.018391510226209242 0.9998305161002516
163845330954463863 0.39022907083119496 0.02216346008485472 0.002594430244505106 0.000772124152043591 0.00021740777492719506 0.01850174498172498 0.999828478081928
1638453309213410854 0.40535433908546 0.022728220272889215 0.0025882899510368852 0.0007721874794819082 0.0002171828447833541 0.018793006163459417 0.999823080673598
1638453309345410824 0.41724178778078924 0.023179486880649434 0.0025834754616705807 0.000772212542752304 0.00021709361963649513 0.018908522792487482 0.999820871103159
1638453309479410887 0.4292555494833136 0.023640210644962162 0.002578616975492282 0.0007723221426728147 0.00021670353486616506 0.01941356084693767 0.9998112413993455
1638453309649410963 0.45021032433169456 0.050672444616027996 0.0050410132598995355 0.00019231957923602228 -0.0031712472340487807 0.02033339104939319 0.9997882060300309
1638453309798410892 0.463406452157341 0.05131531968532888 0.005124920518749012 0.00016483306046018067 -0.0031727946976874517 0.02899593275257752 0.9995744937064233
1638453309933410883 0.47542425522456666 0.052157970723558364 0.005201467498655634 0.00012566181860610012 -0.0031745872883890414 0.04133048686220654 0.9991404533142172
1638453310101410866 0.4902840607377474 0.05362887584257381 0.005296336810626232 7.466267646756862e-05 -0.003176196075555536 0.057371060563475046 0.998347876998136
1638453310233410835 0.5019056525853625 0.05513076486676011 0.005370712943525775 2.9439289159677485e-05 -0.0031769370037802946 0.0715775657171106 0.9974299534189245
1638453310398411036 0.5165800979806949 0.05760158067200454 0.005464921771588483 -4.6757591163981834e-05 -0.0031767293966494447 0.09547706775283757 0.9954265630075669
1638453310533411026 0.5282386271654087 0.06008675022313201 0.005540036792052158 -0.000107578885048273 -0.00317525153531293 0.11452056862147642 0.9934157801544209
1638453310698410988 0.5427440121614044 0.0638365627354351 0.005633831689527094 -0.0001829869807619293 -0.003171799518517237 0.13809008035586592 0.9904146055833696
1638453310864410877 0.5571723289766138 0.06831956011294762 0.005727514993158421 -0.00025999146394250756 -0.003166417534648585 0.16211132344305257 0.9867673460745373
1638453310997411013 0.5683647627327935 0.07234726224077619 0.00580047015837566 -0.00032168590199633927 -0.003160745822839001 0.1813220693889137 0.9834186414472714
1638453311198410988 0.5851394393389278 0.07933045495573052 0.005910297964763136 -0.00041520997652381574 -0.0031498247816584813 0.21038500338670643 0.9776134299235811
1638453311332410812 0.5958405834151278 0.08440784303116183 0.0059806806152469996 -0.0004732873744565709 -0.0031416229961480887 0.22839663859047765 0.9735629891913651
1638453311499410868 0.6091417557547846 0.09130477143951483 0.006068464828654602 -0.0005249368662292808 -0.0031334066426229224 0.24439131538175435 0.9696714880675281
1638453311634410858 0.619674822422805 0.09710042860913336 0.006138151822440745 -0.000552067876934221 -0.003128740512484567 0.2527842673347484 0.9675174660647134
1638453311806218863 0.6325949807435644 0.10448639447057023 0.006223774036171808 -0.0005773005780486745 -0.0031241830317007605 0.2605844379544226 0.9654458182357905
1638453311942219019 0.6430352480503654 0.11064919626352021 0.006293061829789263 -0.0005958420217611885 -0.0031206998760978637 0.2663127293151243 0.963881420844084
