1638453301630576849 5.062137279310264e-05 9.990319682628979e-09 0.0 0.0 0.0 0.00020264647901058197 1.0
1638453301782883883 2.531068639655132e-05 2.7718338735382986e-09 0.0 0.0 0.0 0.00013694167137145996 1.0
1638453301950883865 5.062137279310264e-05 8.529726258643677e-09 0.0 0.0 0.0 4.2321160435676575e-05 1.0
163845330283884001 -7.01835846926048e-14 2.0172341574919983e-09 0.0 0.0 0.0 2.8137117624282837e-05 1.0
1638453302248883963 5.062137279310264e-05 4.118761776084057e-09 0.0 0.0 0.0 -4.278309643268585e-05 1.0
1638453302450883865 2.531068639655132e-05 6.6872121173844334e-09 0.0 0.0 0.0 4.4994056224823e-05 1.0
1638453302618883848 -2.3936192248110236e-14 9.836251813055696e-09 0.0 0.0 0.0 -0.00014407746493816376 1.0
1638453302788883924 9.848023817867618e-14 1.0338410127985753e-09 0.0 0.0 0.0 9.39592719078064e-05 1.0
1638453302921884060 2.531068639655132e-05 2.9594242612063226e-09 0.0 0.0 0.0 3.439188003540039e-05 1.0
163845330389884043 2.4153891235202674e-13 -1.4073654464041851e-09 0.0 0.0 0.0 0.0001563485711812973 1.0
1638453303226883888 5.062137279310264e-05 8.292777131657658e-09 0.0 0.0 0.0 0.00031688064336776733 0.9999999403953552
1638453303394883871 0.0012402230640873313 -8.685454417900473e-07 0.0 0.0 0.0 -0.0008778552291914821 0.9999996423721313
1638453303528883934 0.0026576188392937183 -3.660798711280222e-06 0.0 0.0 0.0 -0.0009901783196255565 0.9999995231628418
1638453303695883989 0.005593653302639723 -9.346764272777364e-06 0.0 0.0 0.0 -0.00100978824775666 0.999999463558197
1638453303827883959 0.008225961588323116 -1.3714169654122088e-05 0.0 0.0 0.0 -0.0008044763817451894 0.9999997019767761
1638453303994884014 0.012123803608119488 -1.971680103451945e-05 0.0 0.0 0.0 -0.0007574390037916601 0.9999997019767761
1638453304128883839 0.015996336936950684 -2.4600178221589886e-05 0.0 0.0 0.0 -0.0007904189988039434 0.9999997019767761
1638453304280641079 0.02078004740178585 -3.4024436899926513e-05 0.0 0.0 0.0 -0.0009428187040612102 0.9999995827674866
1638453304447640896 0.026753362268209457 -4.34258472523652e-05 0.0 0.0 0.0 -0.0008619743166491389 0.9999996423721313
1638453304645641088 0.034371864050626755 -5.831308226333931e-05 0.0 0.0 0.0 -0.000971278001088649 0.9999995231628418
1638453304845640898 0.04254719614982605 -7.39359893486835e-05 0.0 0.0 0.0 -0.001159438630566001 0.9999993443489075
163845330545640945 0.05221586301922798 -9.216251055477187e-05 0.0 0.0 0.0 -0.0009593794238753617 0.9999995231628418
1638453305215641022 0.06196045130491257 -0.00011472569894976914 0.0 0.0 0.0 -0.0011476760264486074 0.9999993443489075
1638453305381640911 0.07307180762290955 -0.0001420983171556145 0.0 0.0 0.0 -0.0011741404887288809 0.9999992847442627
1638453305516640902 0.08246203511953354 -0.0001658198016230017 0.0 0.0 0.0 -0.0011890155728906393 0.9999992847442627
1638453305683640957 0.09430740028619766 -0.0001948092831298709 0.0 0.0 0.0 -0.0012561731273308396 0.9999992251396179
1638453305849641085 0.10734236240386963 -0.00022736289247404784 0.0 0.0 0.0 -0.001466586603783071 0.999998927116394
163845330648640966 0.12321207672357559 -0.0002786343975458294 0.0 0.0 0.0 -0.0017379885539412498 0.9999985098838806
1638453306252640963 0.14075225591659546 -0.00034270607284270227 0.0 0.0 0.0 -0.0017258796142414212 0.9999985098838806
1638453306384640932 0.1526481956243515 -0.00038597328239120543 0.0 0.0 0.0 -0.0018532098038122058 0.9999982714653015
1638453306517641068 0.1645694375038147 -0.0004350801173131913 0.0 0.0 0.0 -0.0021462098229676485 0.9999976754188538
1638453306704463959 0.17970506846904755 -0.0005054014618508518 0.0 0.0 0.0 -0.0025230434257537127 0.9999968409538269
1638453306839463949 0.19177809357643127 -0.0005690595135092735 0.0 0.0 0.0 -0.0025825966149568558 0.9999966621398926
1638453306978463888 0.20433202385902405 -0.0006353172357194126 0.0 0.0 0.0 -0.0027200584299862385 0.9999963045120239
1638453307144464016 0.21926507353782654 -0.0007227094611153007 0.0 0.0 0.0 -0.0028964232187718153 0.9999958276748657
1638453307279464006 0.2312874048948288 -0.0007968764984980226 0.0 0.0 0.0 -0.0029826427344232798 0.9999955296516418
1638453307446463823 0.2461192011833191 -0.0008854715269990265 0.0 0.0 0.0 -0.00287651433609426 0.9999958872795105
1638453307579463959 0.25793910026550293 -0.0009541878825984895 0.0 0.0 0.0 -0.002877331105992198 0.9999958872795105
1638453307716463804 0.27013859152793884 -0.0010280781425535679 0.0 0.0 0.0 -0.002917190548032522 0.999995768070221
1638453307818463802 0.2792249619960785 -0.0010835807770490646 0.0 0.0 0.0 -0.0031407098285853863 0.9999950528144836
1638453307985463858 0.2942085862159729 -0.0011793635785579681 0.0 0.0 0.0 -0.003116421867161989 0.9999951720237732
1638453308151463985 0.30891379714012146 -0.0012712653260678053 0.0 0.0 0.0 -0.0031964408699423075 0.9999948740005493
1638453308319463968 0.32382139563560486 -0.0013773376122117043 0.0 0.0 0.0 -0.0037540211342275143 0.9999929666519165
1638453308486464024 0.33877959847450256 -0.0014884890988469124 0.0 0.0 0.0 -0.003919258713722229 0.999992311000824
1638453308620463848 0.35064998269081116 -0.001577317132614553 0.0 0.0 0.0 -0.003762467298656702 0.9999929070472717
1638453308786463976 0.36555764079093933 -0.0016789615619927645 0.0 0.0 0.0 -0.0032521726097911596 0.999994695186615
1638453308922463894 0.3778330981731415 -0.001749840215779841 0.0 0.0 0.0 -0.002898678882047534 0.9999958276748657
163845330987463856 0.3927914798259735 -0.0018345650751143694 0.0 0.0 0.0 -0.002788051962852478 0.9999961256980896
1638453309246410847 0.407901793718338 -0.0019085697131231427 0.0 0.0 0.0 -0.0022640572860836983 0.9999974370002747
1638453309378410816 0.41984832286834717 -0.0019610682502388954 0.0 0.0 0.0 -0.0022141970694065094 0.9999975562095642
1638453309580410957 0.4378693997859955 -0.0020201602019369602 0.0 0.0 0.0 -0.000205308198928833 1.0
1638453309732410908 0.4513850212097168 -0.0019449945539236069 0.0 0.0 0.0 0.006572662852704525 0.9999784231185913
1638453309866410971 0.46332842111587524 -0.001676225452683866 0.0 0.0 0.0 0.016540545970201492 0.9998632073402405
163845331067410946 0.48114660382270813 -0.0007354083354584873 0.0 0.0 0.0 0.035886455327272415 0.9993558526039124
1638453310233410835 0.4958188235759735 0.0005690871621482074 0.0 0.0 0.0 0.05343444645404816 0.9985713362693787
1638453310398411036 0.51057368516922 0.0025048591196537018 0.0 0.0 0.0 0.07736653834581375 0.9970027208328247
1638453310533411026 0.5223150849342346 0.004564602859318256 0.0 0.0 0.0 0.0964435413479805 0.9953384399414062
1638453310698410988 0.53694748878479 0.007784671615809202 0.0 0.0 0.0 0.12006383389234543 0.9927662014961243
1638453310831410885 0.5485413074493408 0.010867017321288586 0.0 0.0 0.0 0.13919921219348907 0.9902644157409668
1638453310997411013 0.5628612041473389 0.01535844150930643 0.0 0.0 0.0 0.1634160727262497 0.9865572452545166
1638453311131410837 0.5742560029029846 0.01949692890048027 0.0 0.0 0.0 0.18293574452400208 0.983124852180481
1638453311265410900 0.5853163599967957 0.024010565131902695 0.0 0.0 0.0 0.2020670771598816 0.9793716669082642
1638453311432410955 0.5988585948944092 0.030180949717760086 0.0 0.0 0.0 0.22113719582557678 0.9752427339553833
1638453311601410866 0.6124022006988525 0.03688064590096474 0.0 0.0 0.0 0.23360580205917358 0.9723314046859741
1638453311737218857 0.6228964924812317 0.042319659143686295 0.0 0.0 0.0 0.23986384272575378 0.9708065390586853
1638453311872218847 0.6334336400032043 0.04794890061020851 0.0 0.0 0.0 0.24578525125980377 0.9693242907524109
163845331242218924 0.6467071771621704 0.05527478829026222 0.0 0.0 0.0 0.25308316946029663 0.9674445390701294
1638453312177218914 0.657177209854126 0.06123533099889755 0.0 0.0 0.0 0.25878509879112244 0.9659349322319031
1638453312345218897 0.6712557673454285 0.06950022280216217 0.0 0.0 0.0 0.26598450541496277 0.9639773368835449
1638453312478219032 0.6833837628364563 0.07683584839105606 0.0 0.0 0.0 0.27152061462402344 0.9624326229095459
1638453312646219015 0.699219822883606 0.08674170076847076 0.0 0.0 0.0 0.2804207503795624 0.9598771929740906
1638453312816218853 0.7160354256629944 0.09770014137029648 0.0 0.0 0.0 0.2889474630355835 0.9573449492454529
1638453312981219053 0.7333319783210754 0.10939837247133255 0.0 0.0 0.0 0.2969605028629303 0.9548897743225098
1638453313148218870 0.7510799765586853 0.12182455509901047 0.0 0.0 0.0 0.3044728636741638 0.952521026134491
1638453313351218939 0.7722834348678589 0.13725094497203827 0.0 0.0 0.0 0.3146642744541168 0.9492030143737793
1638453313483218908 0.7859020829200745 0.147524893283844 0.0 0.0 0.0 0.31975874304771423 0.9474989771842957
1638453313620218992 0.7999339699745178 0.1582590937614441 0.0 0.0 0.0 0.3210260272026062 0.9470703601837158
1638453313787219048 0.8170889616012573 0.17128387093544006 0.0 0.0 0.0 0.3153074383735657 0.9489895701408386
1638453313953218937 0.834594190120697 0.1840059757232666 0.0 0.0 0.0 0.3019051253795624 0.9533379673957825
1638453314123219013 0.8528367877006531 0.1963818520307541 0.0 0.0 0.0 0.284050852060318 0.9588091969490051
1638453314290179014 0.8713395595550537 0.20779532194137573 0.0 0.0 0.0 0.2607240378856659 0.9654133915901184
1638453314456179142 0.8901814222335815 0.2181755006313324 0.0 0.0 0.0 0.2373112142086029 0.971433699131012
1638453314623178959 0.9095712900161743 0.22766628861427307 0.0 0.0 0.0 0.2138836830854416 0.9768591523170471
1638453314790179014 0.9295149445533752 0.2362552136182785 0.0 0.0 0.0 0.1900998204946518 0.9817647933959961
1638453314929178953 0.9462223649024963 0.24259045720100403 0.0 0.0 0.0 0.17021521925926208 0.9854069352149963
163845331595179081 0.9666028618812561 0.24931597709655762 0.0 0.0 0.0 0.14708872139453888 0.9891232848167419
1638453315297178984 0.9918308258056641 0.25616884231567383 0.0 0.0 0.0 0.1175978034734726 0.9930613040924072
1638453315465178967 1.0130366086959839 0.2607226073741913 0.0 0.0 0.0 0.09335289895534515 0.995633065700531
1638453315631179094 1.0340837240219116 0.26421594619750977 0.0 0.0 0.0 0.07046899199485779 0.9975139498710632
1638453315765179157 1.0512166023254395 0.266313761472702 0.0 0.0 0.0 0.051317375153303146 0.9986823797225952
1638453315932178974 1.072686791419983 0.2680118680000305 0.0 0.0 0.0 0.027160165831446648 0.9996311068534851
163845331667178965 1.0900633335113525 0.2686306834220886 0.0 0.0 0.0 0.007737289182841778 0.9999700784683228
1638453316236179113 1.1118277311325073 0.2684576213359833 0.0 0.0 0.0 -0.016409456729888916 0.9998653531074524
1638453316370178938 1.1292673349380493 0.2675487995147705 0.0 0.0 0.0 -0.035911764949560165 0.9993549585342407
1638453316536179066 1.1507554054260254 0.26547470688819885 0.0 0.0 0.0 -0.06037052720785141 0.9981760382652283
1638453316704045057 1.172214150428772 0.2623210549354553 0.0 0.0 0.0 -0.08489702641963959 0.9963897466659546
1638453316873044968 1.1936414241790771 0.2580905258655548 0.0 0.0 0.0 -0.10960069298744202 0.9939756989479065
163845331741045189 1.2148092985153198 0.2528136670589447 0.0 0.0 0.0 -0.13393287360668182 0.990990400314331
1638453317173045158 1.2312639951705933 0.2479458451271057 0.0 0.0 0.0 -0.15294107794761658 0.9882352948188782
1638453317340044975 1.2516061067581177 0.24094794690608978 0.0 0.0 0.0 -0.1761123538017273 0.9843700528144836
1638453317474045038 1.2675784826278687 0.23474466800689697 0.0 0.0 0.0 -0.19151495397090912 0.9814897179603577
1638453317639045000 1.2875365018844604 0.22631488740444183 0.0 0.0 0.0 -0.20437465608119965 0.9788927435874939
1638453317774044991 1.3035625219345093 0.21918565034866333 0.0 0.0 0.0 -0.2105684131383896 0.9775791168212891
1638453317940045118 1.3231260776519775 0.2102954238653183 0.0 0.0 0.0 -0.2120460718870163 0.9772596955299377
163845331874045181 1.3387327194213867 0.20322075486183167 0.0 0.0 0.0 -0.20959244668483734 0.9777888655662537
1638453318240045071 1.3583277463912964 0.1945875883102417 0.0 0.0 0.0 -0.20206217467784882 0.9793726801872253
1638453318373044968 1.3742471933364868 0.18784882128238678 0.0 0.0 0.0 -0.1953125298023224 0.9807410836219788
1638453318577044964 1.3990956544876099 0.17800675332546234 0.0 0.0 0.0 -0.17801670730113983 0.9840274453163147
1638453318743045092 1.419486165046692 0.17076119780540466 0.0 0.0 0.0 -0.16167806088924408 0.9868435859680176
1638453318934045076 1.441414475440979 0.1638016253709793 0.0 0.0 0.0 -0.14481189846992493 0.989459216594696
163845331989045048 1.462217092514038 0.15793322026729584 0.0 0.0 0.0 -0.12938134372234344 0.9915949106216431
1638453319221436024 1.4789780378341675 0.15370240807533264 0.0 0.0 0.0 -0.11718079447746277 0.9931105971336365
1638453319401435852 1.5016101598739624 0.14867538213729858 0.0 0.0 0.0 -0.10067245364189148 0.9949195981025696
1638453319600435972 1.5269901752471924 0.1439540535211563 0.0 0.0 0.0 -0.08241754025220871 0.9965978860855103
1638453319733435869 1.5442259311676025 0.14130201935768127 0.0 0.0 0.0 -0.0695999339222908 0.9975749850273132
1638453319866436005 1.5614498853683472 0.13911162316799164 0.0 0.0 0.0 -0.05658482760190964 0.9983977675437927
163845332034435987 1.5831894874572754 0.13699860870838165 0.0 0.0 0.0 -0.03986825793981552 0.9992049336433411
1638453320166435957 1.6003113985061646 0.13585472106933594 0.0 0.0 0.0 -0.02653532847762108 0.999647855758667
1638453320335435867 1.6221137046813965 0.13505250215530396 0.0 0.0 0.0 -0.010504406876862049 0.999944806098938
1638453320469435930 1.6394000053405762 0.13491378724575043 0.0 0.0 0.0 0.0023549848701804876 0.9999971985816956
1638453320636435986 1.6610095500946045 0.135371595621109 0.0 0.0 0.0 0.01847415789961815 0.9998293519020081
1638453320837435961 1.68696129322052 0.13682642579078674 0.0 0.0 0.0 0.037565942853689194 0.9992941617965698
1638453320974436045 1.7046586275100708 0.1384047418832779 0.0 0.0 0.0 0.050932008773088455 0.9987021088600159
1638453321140435934 1.7260463237762451 0.14094889163970947 0.0 0.0 0.0 0.06698063760995865 0.9977542757987976
1638453321274435997 1.7433801889419556 0.1434602439403534 0.0 0.0 0.0 0.07590977847576141 0.9971147179603577
1638453321439435959 1.7646549940109253 0.14682620763778687 0.0 0.0 0.0 0.07959595322608948 0.9968271851539612
1638453321642436028 1.7906264066696167 0.15095677971839905 0.0 0.0 0.0 0.07605496048927307 0.9971036314964294
1638453321844361067 1.8162379264831543 0.15458229184150696 0.0 0.0 0.0 0.06290631741285324 0.9980194568634033
1638453321979361057 1.833465576171875 0.15652993321418762 0.0 0.0 0.0 0.049040794372558594 0.9987967610359192
1638453322180361032 1.8593405485153198 0.15836428105831146 0.0 0.0 0.0 0.02087998203933239 0.9997819662094116
1638453322348361015 1.8810267448425293 0.15872104465961456 0.0 0.0 0.0 -0.004327903036028147 0.9999906420707703
1638453322481360912 1.898228406906128 0.15818916261196136 0.0 0.0 0.0 -0.027211854234337807 0.9996296763420105
1638453322651360989 1.919907808303833 0.1562814861536026 0.0 0.0 0.0 -0.06070897728204727 0.9981555342674255
1638453322784361124 1.937124252319336 0.1536840945482254 0.0 0.0 0.0 -0.09009059518575668 0.9959335923194885
1638453322952361107 1.958353877067566 0.1489029824733734 0.0 0.0 0.0 -0.1305561512708664 0.9914408922195435
1638453323119360924 1.9789308309555054 0.1424700766801834 0.0 0.0 0.0 -0.17084132134914398 0.9852985739707947
1638453323287361145 1.9990633726119995 0.13434305787086487 0.0 0.0 0.0 -0.20995156466960907 0.9777117967605591
1638453323420361042 2.014575481414795 0.1267758160829544 0.0 0.0 0.0 -0.24004259705543518 0.9707623720169067
1638453323589360952 2.033524990081787 0.11582094430923462 0.0 0.0 0.0 -0.27826523780822754 0.9605042934417725
1638453323725361109 2.0480730533599854 0.10593711584806442 0.0 0.0 0.0 -0.3092004954814911 0.9509968757629395
1638453323893361092 2.0652856826782227 0.09233442693948746 0.0 0.0 0.0 -0.34685108065605164 0.9379202127456665
163845332427360916 2.0780603885650635 0.08065374940633774 0.0 0.0 0.0 -0.3763565719127655 0.9264748692512512
1638453324186295986 2.092731475830078 0.06520310789346695 0.0 0.0 0.0 -0.41255438327789307 0.9109329581260681
1638453324353296041 2.1063530445098877 0.04839444160461426 0.0 0.0 0.0 -0.44829505681991577 0.893885612487793
1638453324519295931 2.1184756755828857 0.030719518661499023 0.0 0.0 0.0 -0.48355963826179504 0.8753114342689514
1638453324684295893 2.1291072368621826 0.012226037681102753 0.0 0.0 0.0 -0.5177639722824097 0.8555235266685486
1638453324819295883 2.1367108821868896 -0.0035490444861352444 0.0 0.0 0.0 -0.5461490154266357 0.8376880288124084
1638453324988296032 2.1447153091430664 -0.02394784800708294 0.0 0.0 0.0 -0.5806110501289368 0.8141810894012451
1638453325188296080 2.15193510055542 -0.04861941188573837 0.0 0.0 0.0 -0.6187000274658203 0.7856273055076599
1638453325421295881 2.1573305130004883 -0.07818454504013062 0.0 0.0 0.0 -0.6622441411018372 0.7492881417274475
1638453325587296009 2.159109115600586 -0.09951771795749664 0.0 0.0 0.0 -0.6917859315872192 0.7221026420593262
1638453325721296072 2.159282684326172 -0.11667449027299881 0.0 0.0 0.0 -0.7156428098678589 0.698466420173645
1638453325886296034 2.1579010486602783 -0.13816380500793457 0.0 0.0 0.0 -0.7432205080986023 0.6690465211868286
163845332686296082 2.1539180278778076 -0.1636614352464676 0.0 0.0 0.0 -0.7756880521774292 0.631116509437561
1638453326252295971 2.1487600803375244 -0.1843601018190384 0.0 0.0 0.0 -0.7999312281608582 0.6000916957855225
1638453326420295954 2.141824245452881 -0.2049865573644638 0.0 0.0 0.0 -0.8235464096069336 0.5672489404678345
1638453326586296082 2.1333980560302734 -0.22463813424110413 0.0 0.0 0.0 -0.8458926677703857 0.5333531498908997
1638453326722728968 2.1254875659942627 -0.23989219963550568 0.0 0.0 0.0 -0.8627681732177734 0.5055997371673584
1638453326889729023 2.114098072052002 -0.25837552547454834 0.0 0.0 0.0 -0.8827496767044067 0.46984365582466125
163845332722729158 2.1040332317352295 -0.2723335921764374 0.0 0.0 0.0 -0.8977745175361633 0.4404553174972534
1638453327187729120 2.090303421020508 -0.28872546553611755 0.0 0.0 0.0 -0.9142252802848816 0.4052062928676605
1638453327322729111 2.078221082687378 -0.301298052072525 0.0 0.0 0.0 -0.9250919818878174 0.3797430992126465
1638453327488729000 2.0624637603759766 -0.315941721200943 0.0 0.0 0.0 -0.9357417821884155 0.3526858687400818
1638453327622729063 2.0492241382598877 -0.3271348178386688 0.0 0.0 0.0 -0.9421133399009705 0.335294634103775
1638453327787729025 2.032390832901001 -0.34036773443222046 0.0 0.0 0.0 -0.9475116729736328 0.3197212219238281
1638453327922729015 2.0184390544891357 -0.3507879376411438 0.0 0.0 0.0 -0.9502790570259094 0.31139957904815674
163845332889729071 2.000809669494629 -0.3635556697845459 0.0 0.0 0.0 -0.9519305229187012 0.30631399154663086
1638453328224729061 1.9865851402282715 -0.3738183081150055 0.0 0.0 0.0 -0.9510160684585571 0.30914145708084106
1638453328391729116 1.9694139957427979 -0.3865680992603302 0.0 0.0 0.0 -0.947492778301239 0.31977713108062744
1638453328524729013 1.955822229385376 -0.3971675932407379 0.0 0.0 0.0 -0.9435995221138 0.331089049577713
1638453328693729162 1.9389879703521729 -0.41116318106651306 0.0 0.0 0.0 -0.9368219375610352 0.34980666637420654
1638453328827728987 1.9261715412139893 -0.42272505164146423 0.0 0.0 0.0 -0.9296993017196655 0.3683195114135742
163845332927729034 1.9077647924423218 -0.4413209855556488 0.0 0.0 0.0 -0.9150468707084656 0.4033474922180176
1638453329193798065 1.8937519788742065 -0.4576742649078369 0.0 0.0 0.0 -0.9015770554542542 0.43261852860450745
1638453329395797968 1.8782862424850464 -0.4786216914653778 0.0 0.0 0.0 -0.8836819529533386 0.4680878818035126
1638453329527798176 1.8691359758377075 -0.49286729097366333 0.0 0.0 0.0 -0.8713310360908508 0.49069562554359436
1638453329694797993 1.8586747646331787 -0.5114306807518005 0.0 0.0 0.0 -0.8551708459854126 0.5183462500572205
1638453329830798149 1.8508970737457275 -0.5273755788803101 0.0 0.0 0.0 -0.8408152461051941 0.5413221716880798
1638453329995798111 1.8426249027252197 -0.547231912612915 0.0 0.0 0.0 -0.8230053186416626 0.5680336952209473
1638453330194797993 1.8344316482543945 -0.5716541409492493 0.0 0.0 0.0 -0.8002084493637085 0.5997219085693359
1638453330394798040 1.8281731605529785 -0.5966683030128479 0.0 0.0 0.0 -0.7762128114700317 0.6304709315299988
1638453330527798176 1.8250805139541626 -0.6136489510536194 0.0 0.0 0.0 -0.7593247294425964 0.6507118940353394
1638453330695798159 1.8224564790725708 -0.6351518630981445 0.0 0.0 0.0 -0.7379225492477417 0.6748853921890259
1638453330831798077 1.8213512897491455 -0.6526808142662048 0.0 0.0 0.0 -0.7202606797218323 0.6937034726142883
1638453330997797966 1.821242332458496 -0.674267053604126 0.0 0.0 0.0 -0.6975662708282471 0.7165203094482422
1638453331131798029 1.8221547603607178 -0.6915536522865295 0.0 0.0 0.0 -0.6786007881164551 0.7345073223114014
1638453331264798164 1.823976755142212 -0.7087936401367188 0.0 0.0 0.0 -0.6588035821914673 0.7523149847984314
1638453331429798126 1.8274585008621216 -0.7298409938812256 0.0 0.0 0.0 -0.6345155239105225 0.7729101181030273
1638453331595798016 1.8322560787200928 -0.7505239844322205 0.0 0.0 0.0 -0.6094366312026978 0.7928348183631897
1638453331774501085 1.8386039733886719 -0.7715260982513428 0.0 0.0 0.0 -0.5826372504234314 0.8127323389053345
1638453331941500902 1.8460999727249146 -0.7915803790092468 0.0 0.0 0.0 -0.5568796396255493 0.8305931687355042
163845333274501038 1.853127121925354 -0.8074836134910583 0.0 0.0 0.0 -0.5349640846252441 0.8448747992515564
1638453332240500927 1.8629957437515259 -0.8266820907592773 0.0 0.0 0.0 -0.506996750831604 0.8619479537010193
1638453332374500990 1.8718096017837524 -0.8416399359703064 0.0 0.0 0.0 -0.4854494631290436 0.8742647171020508
1638453332541501045 1.8836121559143066 -0.8595948815345764 0.0 0.0 0.0 -0.4646361172199249 0.8855017423629761
1638453332742501020 1.89889657497406 -0.8807435035705566 0.0 0.0 0.0 -0.4462984800338745 0.8948841691017151
1638453332876501083 1.9093725681304932 -0.8943350911140442 0.0 0.0 0.0 -0.4366869628429413 0.8996134996414185
163845333343500900 1.9228752851486206 -0.9112138152122498 0.0 0.0 0.0 -0.4305417537689209 0.9025706648826599
1638453333175501108 1.9337352514266968 -0.9245663285255432 0.0 0.0 0.0 -0.4292958080768585 0.9031639099121094
1638453333345500946 1.9476430416107178 -0.9417364001274109 0.0 0.0 0.0 -0.43288180232048035 0.9014506936073303
1638453333479501009 1.9584453105926514 -0.9553945064544678 0.0 0.0 0.0 -0.4385913014411926 0.8986866474151611
1638453333643501043 1.9714549779891968 -0.9724015593528748 0.0 0.0 0.0 -0.4482567608356476 0.8939048647880554
1638453333777501106 1.9816640615463257 -0.9864768981933594 0.0 0.0 0.0 -0.4609586000442505 0.8874216675758362
1638453333948501110 1.9939415454864502 -1.0048154592514038 0.0 0.0 0.0 -0.4822167158126831 0.8760519623756409
163845333482500935 2.0028815269470215 -1.0196688175201416 0.0 0.0 0.0 -0.5025960206985474 0.8645213842391968
1638453334296375036 2.0165138244628906 -1.0466258525848389 0.0 0.0 0.0 -0.5463793873786926 0.8375378251075745
1638453334428375006 2.022937059402466 -1.0626450777053833 0.0 0.0 0.0 -0.5735523700714111 0.8191689252853394
1638453334628375053 2.0305891036987305 -1.0873446464538574 0.0 0.0 0.0 -0.6124368906021118 0.7905194759368896
1638453334795375109 2.0351028442382812 -1.108167290687561 0.0 0.0 0.0 -0.64301598072052 0.7658528089523315
1638453334996375084 2.038398027420044 -1.1339678764343262 0.0 0.0 0.0 -0.6783804297447205 0.7347108125686646
1638453335195375204 2.039254903793335 -1.1595842838287354 0.0 0.0 0.0 -0.7120689749717712 0.7021095156669617
1638453335395375013 2.03762149810791 -1.1854667663574219 0.0 0.0 0.0 -0.7445908188819885 0.6675211787223816
1638453335528375149 2.0352776050567627 -1.2025158405303955 0.0 0.0 0.0 -0.7620418667793274 0.6475277543067932
1638453335696375132 2.0310847759246826 -1.2237427234649658 0.0 0.0 0.0 -0.7825767397880554 0.6225541830062866
1638453335830375195 2.026866912841797 -1.2404279708862305 0.0 0.0 0.0 -0.795326292514801 0.6061815619468689
1638453335998375177 2.020622491836548 -1.2612253427505493 0.0 0.0 0.0 -0.809223473072052 0.5875009894371033
1638453336131375074 2.0150249004364014 -1.2776341438293457 0.0 0.0 0.0 -0.8168829679489136 0.5768035054206848
1638453336300374985 2.007431983947754 -1.298195719718933 0.0 0.0 0.0 -0.8233166933059692 0.5675822496414185
1638453336500375032 1.9979264736175537 -1.3224706649780273 0.0 0.0 0.0 -0.8283753395080566 0.560173511505127
1638453336698643923 1.9881383180618286 -1.3467153310775757 0.0 0.0 0.0 -0.8291662931442261 0.5590019822120667
1638453336899644136 1.9784084558486938 -1.3707923889160156 0.0 0.0 0.0 -0.8290920853614807 0.5591120719909668
163845333765644026 1.9703232049942017 -1.3908112049102783 0.0 0.0 0.0 -0.8288957476615906 0.559403121471405
1638453337233644009 1.9622526168823242 -1.410808801651001 0.0 0.0 0.0 -0.8289209008216858 0.5593658089637756
1638453337399644136 1.9542646408081055 -1.4306213855743408 0.0 0.0 0.0 -0.8289206624031067 0.5593661665916443
1638453337564644098 1.9461889266967773 -1.4506169557571411 0.0 0.0 0.0 -0.8290479183197021 0.559177577495575
1638453337731643915 1.938119888305664 -1.4706151485443115 0.0 0.0 0.0 -0.8283796906471252 0.5601670145988464
1638453337867644072 1.9315844774246216 -1.4871376752853394 0.0 0.0 0.0 -0.8251155614852905 0.5649639964103699
163845333833643961 1.9240264892578125 -1.5073339939117432 0.0 0.0 0.0 -0.8177740573883057 0.5755393505096436
1638453338201643944 1.9170492887496948 -1.5280046463012695 0.0 0.0 0.0 -0.8063408732414246 0.591451108455658
1638453338368643999 1.9110591411590576 -1.5488762855529785 0.0 0.0 0.0 -0.79075026512146 0.6121388673782349
1638453338568644047 1.905544638633728 -1.5741686820983887 0.0 0.0 0.0 -0.7664188742637634 0.6423410773277283
1638453338734643936 1.902494192123413 -1.5952061414718628 0.0 0.0 0.0 -0.7454480528831482 0.6665637493133545
1638453338868643999 1.9010071754455566 -1.612351417541504 0.0 0.0 0.0 -0.728551983833313 0.6849904656410217
163845333934644127 1.9003762006759644 -1.6340044736862183 0.0 0.0 0.0 -0.7061321139335632 0.7080801129341125
1638453339207371950 1.9011262655258179 -1.6556283235549927 0.0 0.0 0.0 -0.6828979849815369 0.7305137515068054
1638453339373372078 1.9032478332519531 -1.6770085096359253 0.0 0.0 0.0 -0.6590928435325623 0.7520616054534912
1638453339539371967 1.9067195653915405 -1.6980574131011963 0.0 0.0 0.0 -0.6345672607421875 0.7728676795959473
1638453339672372103 1.910510540008545 -1.7148181200027466 0.0 0.0 0.0 -0.6137303113937378 0.7895157337188721
1638453339838371992 1.9164267778396606 -1.7353148460388184 0.0 0.0 0.0 -0.5885210633277893 0.8084818720817566
1638453339971372128 1.9221159219741821 -1.7514762878417969 0.0 0.0 0.0 -0.5675963163375854 0.8233070373535156
1638453340137372017 1.9303048849105835 -1.7713682651519775 0.0 0.0 0.0 -0.5459377765655518 0.8378257155418396
1638453340337372065 1.9414201974868774 -1.7949752807617188 0.0 0.0 0.0 -0.5265176296234131 0.8501642346382141
1638453340470371962 1.9493043422698975 -1.8103309869766235 0.0 0.0 0.0 -0.5159955024719238 0.8565912842750549
1638453340703372002 1.963772177696228 -1.836747646331787 0.0 0.0 0.0 -0.5047912001609802 0.8632414937019348
1638453340837372065 1.9723747968673706 -1.8518298864364624 0.0 0.0 0.0 -0.49967440962791443 0.866213321685791
1638453340970371962 1.9811394214630127 -1.8667891025543213 0.0 0.0 0.0 -0.49472808837890625 0.8690478205680847
1638453341138371944 1.9924143552780151 -1.885467529296875 0.0 0.0 0.0 -0.48875361680984497 0.8724218606948853
1638453341341372013 2.006124496459961 -1.9077602624893188 0.0 0.0 0.0 -0.4875847399234772 0.8730756640434265
1638453341473371983 2.015043258666992 -1.9222729206085205 0.0 0.0 0.0 -0.489268958568573 0.8721329569816589
1638453341639372110 2.0261709690093994 -1.9408329725265503 0.0 0.0 0.0 -0.49755680561065674 0.8674314022064209
1638453341775173903 2.0348281860351562 -1.956087350845337 0.0 0.0 0.0 -0.5095403790473938 0.8604467511177063
1638453341942173958 2.044739007949829 -1.97520911693573 0.0 0.0 0.0 -0.5300714373588562 0.8479529619216919
1638453342142174006 2.055213212966919 -1.998827338218689 0.0 0.0 0.0 -0.5609808564186096 0.8278287649154663
1638453342342174053 2.063784122467041 -2.0234920978546143 0.0 0.0 0.0 -0.5983898639678955 0.8012050986289978
1638453342476173878 2.0681586265563965 -2.0401875972747803 0.0 0.0 0.0 -0.623365581035614 0.7819305062294006
1638453342677173853 2.072694778442383 -2.0655927658081055 0.0 0.0 0.0 -0.660589873790741 0.75074702501297
1638453342845174074 2.074570655822754 -2.0872981548309326 0.0 0.0 0.0 -0.6907147765159607 0.7231273055076599
1638453342977174044 2.074794292449951 -2.1044037342071533 0.0 0.0 0.0 -0.7136005163192749 0.7005528807640076
1638453343143173933 2.0735466480255127 -2.1256988048553467 0.0 0.0 0.0 -0.7411498427391052 0.6713396310806274
1638453343343173981 2.069746494293213 -2.151326894760132 0.0 0.0 0.0 -0.7729230523109436 0.634499728679657
1638453343542173862 2.063560724258423 -2.17633056640625 0.0 0.0 0.0 -0.8006916642189026 0.5990766882896423
1638453343675173998 2.0583112239837646 -2.192586898803711 0.0 0.0 0.0 -0.8156728148460388 0.578513503074646
1638453343840173960 2.05072021484375 -2.2124712467193604 0.0 0.0 0.0 -0.8308113217353821 0.5565541386604309
163845334441173935 2.0402231216430664 -2.2360544204711914 0.0 0.0 0.0 -0.8457309007644653 0.5336096882820129
1638453344266730070 2.0273935794830322 -2.261699914932251 0.0 0.0 0.0 -0.8545677661895752 0.5193398594856262
1638453344434730053 2.0171847343444824 -2.281039237976074 0.0 0.0 0.0 -0.8581848740577698 0.5133407115936279
1638453344568730116 2.008768320083618 -2.2964859008789062 0.0 0.0 0.0 -0.861087441444397 0.5084568858146667
1638453344736730099 1.9981330633163452 -2.3156518936157227 0.0 0.0 0.0 -0.8618626594543457 0.5071417689323425
1638453344869729996 1.9897531270980835 -2.3308303356170654 0.0 0.0 0.0 -0.8603330254554749 0.5097323656082153
163845334536730051 1.979578971862793 -2.3497862815856934 0.0 0.0 0.0 -0.8554291725158691 0.5179198384284973
1638453345170730114 1.971708059310913 -2.365234136581421 0.0 0.0 0.0 -0.8494554758071899 0.5276603698730469
1638453345339730024 1.9623686075210571 -2.384895086288452 0.0 0.0 0.0 -0.841075599193573 0.5409175753593445
1638453345471729994 1.955489993095398 -2.400505781173706 0.0 0.0 0.0 -0.8341736197471619 0.5515019297599792
1638453345637730122 1.9473919868469238 -2.4203548431396484 0.0 0.0 0.0 -0.8258577585220337 0.5638785362243652
1638453345803730011 1.9398349523544312 -2.4406588077545166 0.0 0.0 0.0 -0.8167176246643066 0.5770375728607178
1638453345970730066 1.93291175365448 -2.4612412452697754 0.0 0.0 0.0 -0.807330846786499 0.590099036693573
1638453346138730049 1.9265937805175781 -2.4822025299072266 0.0 0.0 0.0 -0.797899603843689 0.602790355682373
1638453346272730112 1.9220678806304932 -2.49893856048584 0.0 0.0 0.0 -0.7902454137802124 0.6127904653549194
1638453346438730001 1.9170392751693726 -2.5199081897735596 0.0 0.0 0.0 -0.7804986238479614 0.6251575350761414
1638453346571730137 1.9134693145751953 -2.536848545074463 0.0 0.0 0.0 -0.7726354598999023 0.6348499655723572
1638453346740404129 1.9096118211746216 -2.5580129623413086 0.0 0.0 0.0 -0.7629157304763794 0.646497905254364
1638453346875404119 1.9069496393203735 -2.575324058532715 0.0 0.0 0.0 -0.7548609375953674 0.655884861946106
163845334745403957 1.9041802883148193 -2.5971181392669678 0.0 0.0 0.0 -0.7464972734451294 0.6653884649276733
1638453347178404093 1.902308464050293 -2.6142780780792236 0.0 0.0 0.0 -0.7427753210067749 0.6695407629013062
1638453347345403910 1.9000962972640991 -2.6360089778900146 0.0 0.0 0.0 -0.742280900478363 0.6700888276100159
1638453347480404139 1.8982435464859009 -2.6534512042999268 0.0 0.0 0.0 -0.7451950907707214 0.666846513748169
1638453347648404121 1.895668387413025 -2.6751415729522705 0.0 0.0 0.0 -0.7501040697097778 0.6613197922706604
1638453347782403946 1.893388032913208 -2.692277669906616 0.0 0.0 0.0 -0.7544655799865723 0.6563395857810974
1638453347918404102 1.8908416032791138 -2.709632158279419 0.0 0.0 0.0 -0.7589544653892517 0.6511437296867371
163845334885403919 1.8873493671417236 -2.73114275932312 0.0 0.0 0.0 -0.7644705176353455 0.6446586847305298
1638453348252403975 1.883531928062439 -2.7522895336151123 0.0 0.0 0.0 -0.7701139450073242 0.6379063725471497
1638453348453403950 1.8783992528915405 -2.777900218963623 0.0 0.0 0.0 -0.7767669558525085 0.6297881603240967
1638453348618403912 1.8738739490509033 -2.798595905303955 0.0 0.0 0.0 -0.7812118530273438 0.6242659687995911
1638453348785403967 1.8689491748809814 -2.819668769836426 0.0 0.0 0.0 -0.7857003808021545 0.618607223033905
1638453348918404102 1.8647509813308716 -2.8366212844848633 0.0 0.0 0.0 -0.7893386483192444 0.6139580607414246
163845334986404085 1.8591901063919067 -2.857849359512329 0.0 0.0 0.0 -0.7939990162849426 0.6079190373420715
1638453349220403910 1.8546088933944702 -2.87441349029541 0.0 0.0 0.0 -0.7976361513137817 0.6031389832496643
1638453349389407873 1.848503589630127 -2.8953592777252197 0.0 0.0 0.0 -0.8024107813835144 0.5967720746994019
1638453349523407936 1.8433171510696411 -2.9120090007781982 0.0 0.0 0.0 -0.8086242079734802 0.5883255004882812
1638453349689408064 1.836323857307434 -2.9324071407318115 0.0 0.0 0.0 -0.819455623626709 0.5731425881385803
1638453349828408003 1.8298046588897705 -2.9491794109344482 0.0 0.0 0.0 -0.8313922882080078 0.5556859374046326
1638453349996407986 1.8209470510482788 -2.968837022781372 0.0 0.0 0.0 -0.8489609956741333 0.5284555554389954
1638453350128407955 1.8129301071166992 -2.9839208126068115 0.0 0.0 0.0 -0.8650383353233337 0.5017057657241821
1638453350296407938 1.8014229536056519 -3.0023016929626465 0.0 0.0 0.0 -0.8845033645629883 0.4665338695049286
1638453350430408001 1.7911522388458252 -3.0162978172302246 0.0 0.0 0.0 -0.8991495370864868 0.43764156103134155
1638453350566407919 1.77997887134552 -3.0296170711517334 0.0 0.0 0.0 -0.913115918636322 0.4077000617980957
1638453350734407902 1.7647851705551147 -3.045231819152832 0.0 0.0 0.0 -0.9289292097091675 0.3702574372291565
1638453350868407965 1.7518196105957031 -3.0567381381988525 0.0 0.0 0.0 -0.940490186214447 0.33982083201408386
163845335136407948 1.7346320152282715 -3.0698773860931396 0.0 0.0 0.0 -0.9537622928619385 0.3005618751049042
1638453351203408003 1.7165496349334717 -3.0815248489379883 0.0 0.0 0.0 -0.9646669030189514 0.2634725868701935
1638453351370408058 1.6975172758102417 -3.0917601585388184 0.0 0.0 0.0 -0.974407970905304 0.2247869074344635
1638453351544407845 1.6768736839294434 -3.100759983062744 0.0 0.0 0.0 -0.9829758405685425 0.18373480439186096
1638453351733336926 1.6519643068313599 -3.109081745147705 0.0 0.0 0.0 -0.9905592203140259 0.1370854526758194
1638453351900336981 1.6308748722076416 -3.1141324043273926 0.0 0.0 0.0 -0.9952839016914368 0.09700489044189453
1638453352102337122 1.605018973350525 -3.1179466247558594 0.0 0.0 0.0 -0.9988378286361694 0.04819702357053757
1638453352301337004 1.5792428255081177 -3.1192126274108887 0.0 0.0 0.0 -0.9999998211860657 0.0005681077600456774
1638453352467337132 1.566450595855713 -3.118717908859253 0.0 0.0 0.0 0.9992263317108154 0.039328161627054214
1638453352636337042 1.5446945428848267 -3.116098642349243 0.0 0.0 0.0 0.996788740158081 0.08007653802633286
1638453352801337004 1.5236458778381348 -3.1118016242980957 0.0 0.0 0.0 0.992685079574585 0.12073229998350143
1638453352990337133 1.5002332925796509 -3.1048715114593506 0.0 0.0 0.0 0.986120879650116 0.16602876782417297
1638453353192337036 1.4761556386947632 -3.095433473587036 0.0 0.0 0.0 0.9790789484977722 0.20348067581653595
1638453353392337084 1.452663779258728 -3.0843732357025146 0.0 0.0 0.0 0.9727928638458252 0.2316766232252121
1638453353594336987 1.429722547531128 -3.0721542835235596 0.0 0.0 0.0 0.9679479598999023 0.2511509358882904
1638453353792336941 1.4075168371200562 -3.0594897270202637 0.0 0.0 0.0 0.9656267762184143 0.25993260741233826
1638453353994337082 1.3848600387573242 -3.046339511871338 0.0 0.0 0.0 0.9662054777145386 0.2577730417251587
1638453354127336979 1.3697203397750854 -3.0377354621887207 0.0 0.0 0.0 0.9675082564353943 0.25283950567245483
1638453354302747965 1.3505877256393433 -3.0272505283355713 0.0 0.0 0.0 0.97036212682724 0.24165549874305725
1638453354469748020 1.3312995433807373 -3.0174405574798584 0.0 0.0 0.0 0.9745831489562988 0.22402611374855042
1638453354637748003 1.3116238117218018 -3.0084962844848633 0.0 0.0 0.0 0.97988361120224 0.1995696872472763
1638453354771748066 1.2955152988433838 -3.002018690109253 0.0 0.0 0.0 0.9836689829826355 0.1799868941307068
1638453354929748058 1.2762340307235718 -2.995206356048584 0.0 0.0 0.0 0.9875512719154358 0.15729735791683197
163845335596748114 1.2555861473083496 -2.988992214202881 0.0 0.0 0.0 0.9910078048706055 0.13380421698093414
1638453355298748016 1.2304291725158691 -2.9828782081604004 0.0 0.0 0.0 0.9945422410964966 0.10433469712734222
1638453355497748137 1.2049291133880615 -2.9782631397247314 0.0 0.0 0.0 0.997227668762207 0.07441093772649765
1638453355631747961 1.187686800956726 -2.976022720336914 0.0 0.0 0.0 0.9985126256942749 0.05452105402946472
1638453355797748089 1.1663283109664917 -2.9742002487182617 0.0 0.0 0.0 0.9995310306549072 0.030621226876974106
1638453355943747997 1.1560128927230835 -2.973737955093384 0.0 0.0 0.0 -0.9999627470970154 -0.00862949714064598
163845335679748154 1.138549566268921 -2.973787784576416 0.0 0.0 0.0 -0.9999393224716187 0.01101657934486866
1638453356246747971 1.1169347763061523 -2.9748010635375977 0.0 0.0 0.0 -0.9993590116500854 0.035798605531454086
1638453356381747961 1.0996181964874268 -2.976369619369507 0.0 0.0 0.0 -0.9985063672065735 0.05463520437479019
1638453356516747952 1.082401156425476 -2.978609561920166 0.0 0.0 0.0 -0.9972445964813232 0.07418327778577805
1638453356685748100 1.060714840888977 -2.9824180603027344 0.0 0.0 0.0 -0.9950795769691467 0.09907898306846619
1638453356824926853 1.043176293373108 -2.9863293170928955 0.0 0.0 0.0 -0.9928314089775085 0.11952327936887741
1638453356993927002 1.02212393283844 -2.992048740386963 0.0 0.0 0.0 -0.9895071983337402 0.1444837599992752
1638453357126926899 1.0057350397109985 -2.9973015785217285 0.0 0.0 0.0 -0.9864782094955444 0.16389229893684387
1638453357296926975 0.985224723815918 -3.004882335662842 0.0 0.0 0.0 -0.9821746945381165 0.18797031044960022
1638453357496927023 0.9615728259086609 -3.0150957107543945 0.0 0.0 0.0 -0.9763309359550476 0.21628205478191376
1638453357697926998 0.938485324382782 -3.026641845703125 0.0 0.0 0.0 -0.9700862765312195 0.24276040494441986
1638453357831927061 0.9232502579689026 -3.0350747108459473 0.0 0.0 0.0 -0.9664318561553955 0.25692301988601685
163845335835927057 0.9004050493240356 -3.048651933670044 0.0 0.0 0.0 -0.9625062346458435 0.2712595760822296
1638453358201926947 0.8820374608039856 -3.060047149658203 0.0 0.0 0.0 -0.9611855745315552 0.275902658700943
1638453358370926857 0.8633185625076294 -3.07174015045166 0.0 0.0 0.0 -0.9618004560470581 0.27375149726867676
1638453358537926912 0.8447706699371338 -3.0829861164093018 0.0 0.0 0.0 -0.9646776914596558 0.26343291997909546
1638453358672926903 0.829693078994751 -3.0915956497192383 0.0 0.0 0.0 -0.9685348272323608 0.24887803196907043
1638453358837926865 0.8108050227165222 -3.1014065742492676 0.0 0.0 0.0 -0.9743425250053406 0.22507032752037048
16384533594926920 0.7912562489509583 -3.110384941101074 0.0 0.0 0.0 -0.9794423580169678 0.20172424614429474
1638453359172926903 0.7711974382400513 -3.1184329986572266 0.0 0.0 0.0 -0.9841517210006714 0.17732860147953033
1638453359344288111 0.7503523230552673 -3.1256017684936523 0.0 0.0 0.0 -0.9882780909538269 0.15266433358192444
1638453359478288174 0.7337199449539185 -3.130493640899658 0.0 0.0 0.0 -0.9910903573036194 0.13319140672683716
1638453359645287991 0.7127152681350708 -3.135692834854126 0.0 0.0 0.0 -0.9940199255943298 0.10919872671365738
1638453359778288126 0.6957736611366272 -3.139127254486084 0.0 0.0 0.0 -0.9958927631378174 0.09054054319858551
1638453359944288015 0.6744762659072876 -3.1424989700317383 0.0 0.0 0.0 -0.9977840781211853 0.06653523445129395
1638453360143288136 0.6489055752754211 -3.1451945304870605 0.0 0.0 0.0 -0.999262809753418 0.038390930742025375
1638453360276288033 0.6316484212875366 -3.1461968421936035 0.0 0.0 0.0 -0.9998122453689575 0.019376927986741066
1638453360442288160 0.6101893186569214 -3.146527051925659 0.0 0.0 0.0 -0.9999918937683105 -0.004022154491394758
1638453360574288130 0.6017383933067322 -3.1463401317596436 0.0 0.0 0.0 0.9997296929359436 0.023249633610248566
1638453360743288040 0.5799504518508911 -3.144815683364868 0.0 0.0 0.0 0.9988877773284912 0.04715096205472946
1638453360875288010 0.5629002451896667 -3.142880439758301 0.0 0.0 0.0 0.9978262186050415 0.06590017676353455
163845336145288086 0.54119873046875 -3.1394710540771484 0.0 0.0 0.0 0.9959436058998108 0.08997981250286102
1638453361179288149 0.5243552923202515 -3.1360623836517334 0.0 0.0 0.0 0.9940086603164673 0.10930146276950836
1638453361345288038 0.5035744905471802 -3.130906820297241 0.0 0.0 0.0 0.9910406470298767 0.13356061279773712
1638453361545288086 0.4790114164352417 -3.123391628265381 0.0 0.0 0.0 0.986788272857666 0.1620151400566101
1638453361679288149 0.46272069215774536 -3.11753511428833 0.0 0.0 0.0 0.983432412147522 0.18127533793449402
1638453361839935064 0.44300219416618347 -3.1094558238983154 0.0 0.0 0.0 0.9787857532501221 0.2048863023519516
163845336244934988 0.4190376102924347 -3.0980935096740723 0.0 0.0 0.0 0.9722143411636353 0.23409251868724823
1638453362244935036 0.39621877670288086 -3.0855464935302734 0.0 0.0 0.0 0.9647603631019592 0.2631301283836365
1638453362444934845 0.37426698207855225 -3.071726083755493 0.0 0.0 0.0 0.9567440748214722 0.29093092679977417
1638453362596935034 0.35996994376182556 -3.0617423057556152 0.0 0.0 0.0 0.9510223865509033 0.3091219365596771
1638453362746934891 0.3427686393260956 -3.0485730171203613 0.0 0.0 0.0 0.9431114196777344 0.3324768841266632
1638453362879935026 0.3295550048351288 -3.037506580352783 0.0 0.0 0.0 0.9365113973617554 0.3506370782852173
163845336344934988 0.3139163851737976 -3.0232183933258057 0.0 0.0 0.0 0.9278023838996887 0.37307208776474
1638453363177934885 0.3016546964645386 -3.010998010635376 0.0 0.0 0.0 0.9204953908920288 0.39075347781181335
1638453363343935013 0.2871091067790985 -2.9951491355895996 0.0 0.0 0.0 0.9104200601577759 0.41368505358695984
1638453363542934895 0.2708103060722351 -2.9753284454345703 0.0 0.0 0.0 0.8979377746582031 0.44012245535850525
1638453363742934942 0.25560224056243896 -2.9544708728790283 0.0 0.0 0.0 0.8846214413642883 0.46630987524986267
1638453363943934917 0.24163813889026642 -2.9327306747436523 0.0 0.0 0.0 0.8704383969306946 0.4922773838043213
1638453364144934893 0.22896569967269897 -2.9101552963256836 0.0 0.0 0.0 0.8554581999778748 0.5178717970848083
1638453364339092970 0.21761749684810638 -2.8868296146392822 0.0 0.0 0.0 0.8398061990737915 0.5428862571716309
1638453364540092945 0.20758232474327087 -2.862635374069214 0.0 0.0 0.0 0.8232641816139221 0.5676583647727966
1638453364744092941 0.19893492758274078 -2.8376970291137695 0.0 0.0 0.0 0.8061561584472656 0.5917028188705444
1638453364946093082 0.19186480343341827 -2.8125550746917725 0.0 0.0 0.0 0.7882647514343262 0.6153362393379211
1638453365146093130 0.18629759550094604 -2.787219762802124 0.0 0.0 0.0 0.7700989246368408 0.6379244923591614
1638453365346092939 0.1822514832019806 -2.7615468502044678 0.0 0.0 0.0 0.7487949728965759 0.6628016829490662
1638453365546092987 0.1800931990146637 -2.7357757091522217 0.0 0.0 0.0 0.7229689359664917 0.690880537033081
1638453365749093056 0.1799539029598236 -2.709510326385498 0.0 0.0 0.0 0.6950429677963257 0.7189682126045227
1638453365882092953 0.18097993731498718 -2.692382335662842 0.0 0.0 0.0 0.676534116268158 0.7364112734794617
163845336650092936 0.18340539932250977 -2.670931577682495 0.0 0.0 0.0 0.6569327712059021 0.7539491653442383
1638453366217092991 0.18681345880031586 -2.6495625972747803 0.0 0.0 0.0 0.6420552134513855 0.7666584253311157
1638453366384093046 0.19088131189346313 -2.628462791442871 0.0 0.0 0.0 0.6324964165687561 0.7745633125305176
1638453366519093037 0.19445982575416565 -2.6113948822021484 0.0 0.0 0.0 0.6287384033203125 0.7776168584823608
1638453366686093092 0.1989348828792572 -2.5903513431549072 0.0 0.0 0.0 0.6313607096672058 0.775489330291748
1638453366850906849 0.2031082957983017 -2.568834066390991 0.0 0.0 0.0 0.6418715119361877 0.7668122053146362
163845336752906990 0.20708215236663818 -2.5428414344787598 0.0 0.0 0.0 0.6620432138442993 0.7494656443595886
1638453367220906973 0.20914454758167267 -2.521073579788208 0.0 0.0 0.0 0.6842868328094482 0.7292129397392273
1638453367387907028 0.20975778996944427 -2.4993700981140137 0.0 0.0 0.0 0.7101701498031616 0.7040300965309143
1638453367590906858 0.20811216533184052 -2.4733657836914062 0.0 0.0 0.0 0.7483062148094177 0.6633535027503967
1638453367723906994 0.20539356768131256 -2.4563491344451904 0.0 0.0 0.0 0.7729206681251526 0.634502649307251
1638453367890906811 0.20015844702720642 -2.4354376792907715 0.0 0.0 0.0 0.8026610016822815 0.5964354872703552
163845336893906879 0.19103282690048218 -2.4105470180511475 0.0 0.0 0.0 0.8365111351013184 0.5479499697685242
1638453368227906942 0.18340861797332764 -2.3947832584381104 0.0 0.0 0.0 0.8574361205101013 0.5145904421806335
1638453368394906998 0.172454372048378 -2.3764233589172363 0.0 0.0 0.0 0.8813809752464294 0.47240614891052246
1638453368592906952 0.15711110830307007 -2.3559281826019287 0.0 0.0 0.0 0.9059549570083618 0.4233740568161011
1638453368793906927 0.1396302580833435 -2.336941719055176 0.0 0.0 0.0 0.9242649674415588 0.3817515969276428
1638453368992906809 0.1205916479229927 -2.3193254470825195 0.0 0.0 0.0 0.9372929334640503 0.34854260087013245
1638453369192906857 0.10040830820798874 -2.302788496017456 0.0 0.0 0.0 0.9454190135002136 0.32585713267326355
1638453369372708082 0.08292724192142487 -2.2895243167877197 0.0 0.0 0.0 0.9497040510177612 0.3131489157676697
1638453369541707993 0.06533821672201157 -2.2767012119293213 0.0 0.0 0.0 0.951492428779602 0.3076721429824829
1638453369740707874 0.044350262731313705 -2.2615373134613037 0.0 0.0 0.0 0.9508523344993591 0.3096446394920349
1638453369895708084 0.028296779841184616 -2.249574899673462 0.0 0.0 0.0 0.9471200108528137 0.3208795189857483
163845337096708059 0.007910349406301975 -2.233287811279297 0.0 0.0 0.0 0.9401167035102844 0.3408527374267578
1638453370296707869 -0.011371989734470844 -2.2163166999816895 0.0 0.0 0.0 0.9305707812309265 0.36611196398735046
1638453370498708010 -0.03008449263870716 -2.1978445053100586 0.0 0.0 0.0 0.9194689989089966 0.39316248893737793
1638453370631707907 -0.041641924530267715 -2.1852633953094482 0.0 0.0 0.0 0.9117710590362549 0.410698801279068
1638453370830708027 -0.05818615108728409 -2.1654486656188965 0.0 0.0 0.0 0.899774432182312 0.436355322599411
163845337131708002 -0.07376814633607864 -2.1444575786590576 0.0 0.0 0.0 0.8866868615150452 0.46237045526504517
1638453371233707905 -0.08818811178207397 -2.12250018119812 0.0 0.0 0.0 0.8732203245162964 0.48732560873031616
1638453371434707880 -0.10115182399749756 -2.100032091140747 0.0 0.0 0.0 0.8586466908454895 0.512567937374115
1638453371603708029 -0.11099977046251297 -2.080650568008423 0.0 0.0 0.0 0.8460372686386108 0.5331237316131592
1638453371738708019 -0.11825408786535263 -2.0646822452545166 0.0 0.0 0.0 0.8354795575141907 0.5495215654373169
1638453371871279001 -0.1247449442744255 -2.0487704277038574 0.0 0.0 0.0 0.8244615793228149 0.56591796875
163845337237279129 -0.13194772601127625 -2.0286076068878174 0.0 0.0 0.0 0.8104602694511414 0.5857936143875122
1638453372239279032 -0.1394072026014328 -2.0035524368286133 0.0 0.0 0.0 0.7927132844924927 0.6095947027206421
1638453372438279152 -0.1452627182006836 -1.9784902334213257 0.0 0.0 0.0 0.7741408348083496 0.6330133676528931
1638453372640279055 -0.14965279400348663 -1.9528733491897583 0.0 0.0 0.0 0.754973292350769 0.6557555198669434
1638453372805279016 -0.15212787687778473 -1.9316824674606323 0.0 0.0 0.0 0.7389165163040161 0.6737970113754272
1638453372972279072 -0.15361090004444122 -1.9100440740585327 0.0 0.0 0.0 0.7226048707962036 0.691261351108551
1638453373171278954 -0.15401040017604828 -1.8843600749969482 0.0 0.0 0.0 0.7025511860847473 0.7116332054138184
1638453373340279102 -0.15319478511810303 -1.8625342845916748 0.0 0.0 0.0 0.6851184368133545 0.7284317016601562
1638453373472279072 -0.15179719030857086 -1.845329999923706 0.0 0.0 0.0 0.6706147193908691 0.7418058514595032
1638453373637279034 -0.1491449475288391 -1.8240327835083008 0.0 0.0 0.0 0.6533851027488708 0.7570256590843201
1638453373770279169 -0.146326944231987 -1.8071573972702026 0.0 0.0 0.0 0.6394600868225098 0.7688242793083191
1638453373935279131 -0.14206303656101227 -1.7863295078277588 0.0 0.0 0.0 0.6256845593452454 0.7800762057304382
163845337468279028 -0.13813158869743347 -1.7694694995880127 0.0 0.0 0.0 0.6183156371116638 0.7859299182891846
1638453374236279011 -0.13284245133399963 -1.7483808994293213 0.0 0.0 0.0 0.6129480004310608 0.7901232242584229
1638453374379011154 -0.12852343916893005 -1.7315635681152344 0.0 0.0 0.0 0.6132862567901611 0.789860725402832
1638453374547011137 -0.1232670471072197 -1.7106232643127441 0.0 0.0 0.0 0.6174908876419067 0.7865779995918274
1638453374680011034 -0.11934234201908112 -1.693943738937378 0.0 0.0 0.0 0.6248098015785217 0.7807769775390625
1638453374848011017 -0.11486543715000153 -1.672487735748291 0.0 0.0 0.0 0.6367180347442627 0.7710967659950256
1638453374981011152 -0.11177483946084976 -1.655299425125122 0.0 0.0 0.0 0.6463227272033691 0.7630641460418701
1638453375148010969 -0.10852561146020889 -1.6337002515792847 0.0 0.0 0.0 0.6584024429321289 0.7526660561561584
1638453375282011032 -0.10642016679048538 -1.6163636445999146 0.0 0.0 0.0 0.667498767375946 0.7446109056472778
1638453375480010986 -0.10411874949932098 -1.590930461883545 0.0 0.0 0.0 0.6812356114387512 0.7320642471313477
1638453375651010990 -0.10287605226039886 -1.568819284439087 0.0 0.0 0.0 0.69268798828125 0.7212373614311218
1638453375853011131 -0.10229714214801788 -1.5428078174591064 0.0 0.0 0.0 0.7060309648513794 0.7081809639930725
1638453375987010956 -0.10245171934366226 -1.5254710912704468 0.0 0.0 0.0 0.7144943475723267 0.699641227722168
1638453376153011084 -0.10325919091701508 -1.5039730072021484 0.0 0.0 0.0 0.7256063222885132 0.6881101131439209
1638453376318011045 -0.10474801808595657 -1.4824098348617554 0.0 0.0 0.0 0.7364566922187805 0.6764847040176392
1638453376483011007 -0.10690385103225708 -1.461106777191162 0.0 0.0 0.0 0.7471996545791626 0.6645996570587158
1638453376649011135 -0.10976504534482956 -1.4397081136703491 0.0 0.0 0.0 0.7578972578048706 0.6523739099502563
1638453376770304203 -0.11255527287721634 -1.4226738214492798 0.0 0.0 0.0 0.766278088092804 0.6425090432167053
1638453376938304186 -0.11671070754528046 -1.4011788368225098 0.0 0.0 0.0 0.7763172388076782 0.6303423643112183
163845337773304176 -0.12049450725317001 -1.3842074871063232 0.0 0.0 0.0 0.7841007709503174 0.6206334829330444
1638453377239304066 -0.12574224174022675 -1.3634222745895386 0.0 0.0 0.0 0.7935773134231567 0.6084694266319275
1638453377439304113 -0.13295938074588776 -1.3384517431259155 0.0 0.0 0.0 0.805007815361023 0.5932641625404358
1638453377640304089 -0.141234889626503 -1.313571810722351 0.0 0.0 0.0 0.8168694972991943 0.5768225789070129
1638453377774304152 -0.14728231728076935 -1.297242522239685 0.0 0.0 0.0 0.8245252966880798 0.5658251643180847
1638453377942304134 -0.1554342359304428 -1.2770330905914307 0.0 0.0 0.0 0.8323492407798767 0.554251492023468
1638453378144304037 -0.1657467484474182 -1.2529243230819702 0.0 0.0 0.0 0.8358902931213379 0.5488965511322021
1638453378344304085 -0.17587792873382568 -1.229178547859192 0.0 0.0 0.0 0.8322259187698364 0.5544366836547852
1638453378545304060 -0.1854967474937439 -1.2051944732666016 0.0 0.0 0.0 0.82355797290802 0.5672321319580078
1638453378710304022 -0.19275927543640137 -1.184971570968628 0.0 0.0 0.0 0.8117725253105164 0.58397376537323
1638453378879304171 -0.19921806454658508 -1.1640280485153198 0.0 0.0 0.0 0.7971040606498718 0.6038419604301453
163845337945304060 -0.20452159643173218 -1.1432844400405884 0.0 0.0 0.0 0.7822931408882141 0.6229104399681091
1638453379247304201 -0.20959988236427307 -1.1177175045013428 0.0 0.0 0.0 0.7635044455528259 0.6458026170730591
1638453379423501968 -0.2126646786928177 -1.0964248180389404 0.0 0.0 0.0 0.7480039000511169 0.6636943221092224
1638453379590502024 -0.21474187076091766 -1.0748860836029053 0.0 0.0 0.0 0.7322874665260315 0.6809956431388855
1638453379793502092 -0.21591880917549133 -1.048567295074463 0.0 0.0 0.0 0.7128067016601562 0.7013605237007141
1638453379929502010 -0.2158636897802353 -1.0308003425598145 0.0 0.0 0.0 0.6988772749900818 0.7152416110038757
163845338098502159 -0.21485267579555511 -1.008982539176941 0.0 0.0 0.0 0.681846559047699 0.7314952611923218
1638453380297502041 -0.21231287717819214 -0.9834215044975281 0.0 0.0 0.0 0.6605926156044006 0.7507445812225342
1638453380430502176 -0.2098170965909958 -0.9664698243141174 0.0 0.0 0.0 0.6464332342147827 0.7629705667495728
1638453380630501986 -0.20485879480838776 -0.9411370158195496 0.0 0.0 0.0 0.6242870688438416 0.7811949849128723
1638453380764502048 -0.20075136423110962 -0.9243980050086975 0.0 0.0 0.0 0.6090744733810425 0.7931130528450012
1638453380931502104 -0.1947406828403473 -0.9037953615188599 0.0 0.0 0.0 0.5900858640670776 0.8073405027389526
163845338197501993 -0.18777543306350708 -0.8835489749908447 0.0 0.0 0.0 0.5713734030723572 0.8206902146339417
1638453381296502113 -0.1780739724636078 -0.8595187664031982 0.0 0.0 0.0 0.5471739172935486 0.8370189070701599
1638453381429502010 -0.1709050089120865 -0.8439562320709229 0.0 0.0 0.0 0.5311865210533142 0.8472549319267273
1638453381595502138 -0.1611676961183548 -0.8250012397766113 0.0 0.0 0.0 0.5112459063529968 0.8594344854354858
1638453381822614908 -0.1457747519016266 -0.7987654805183411 0.0 0.0 0.0 0.48258548974990845 0.8758488893508911
1638453381988614798 -0.13385960459709167 -0.7808547019958496 0.0 0.0 0.0 0.46164020895957947 0.8870672583580017
1638453382121614933 -0.1237097755074501 -0.7669560313224792 0.0 0.0 0.0 0.44409239292144775 0.8959810137748718
1638453382287614822 -0.11020505428314209 -0.7500813007354736 0.0 0.0 0.0 0.421836256980896 0.9066720604896545
1638453382420614958 -0.09880132228136063 -0.7370566129684448 0.0 0.0 0.0 0.40400195121765137 0.9147581458091736
1638453382588614941 -0.08378145098686218 -0.7213748693466187 0.0 0.0 0.0 0.38092708587646484 0.9246050715446472
1638453382723614931 -0.07127869874238968 -0.7094379663467407 0.0 0.0 0.0 0.3626585602760315 0.9319220781326294
1638453382923614979 -0.051733456552028656 -0.692537784576416 0.0 0.0 0.0 0.33560484647750854 0.9420028328895569
163845338391614962 -0.034536004066467285 -0.6791973114013672 0.0 0.0 0.0 0.3123875856399536 0.9499547481536865
1638453383292614937 -0.013402233831584454 -0.6643282175064087 0.0 0.0 0.0 0.2926979959011078 0.9562049508094788
1638453383492614985 0.008161867968738079 -0.6500875949859619 0.0 0.0 0.0 0.28510555624961853 0.95849609375
1638453383692614794 0.02997688017785549 -0.6358135342597961 0.0 0.0 0.0 0.28809452056884766 0.9576019644737244
1638453383892614841 0.051653459668159485 -0.6211048364639282 0.0 0.0 0.0 0.3009294271469116 0.9536464214324951
163845338426614904 0.06577689945697784 -0.6109191179275513 0.0 0.0 0.0 0.3143630623817444 0.9493028521537781
1638453384228614807 0.08631791174411774 -0.5947076678276062 0.0 0.0 0.0 0.34217774868011475 0.9396352171897888
1638453384399774075 0.10236828029155731 -0.5805373191833496 0.0 0.0 0.0 0.3659592270851135 0.9306308627128601
1638453384600774050 0.12069077044725418 -0.5622143149375916 0.0 0.0 0.0 0.40058761835098267 0.9162584543228149
1638453384768774033 0.1347813457250595 -0.5458625555038452 0.0 0.0 0.0 0.4340309202671051 0.9008979797363281
1638453384936774015 0.1476384401321411 -0.5283053517341614 0.0 0.0 0.0 0.470247358083725 0.8825346827507019
163845338570774078 0.1569264978170395 -0.5134296417236328 0.0 0.0 0.0 0.49906283617019653 0.8665658235549927
1638453385272773981 0.16888631880283356 -0.490191251039505 0.0 0.0 0.0 0.5414619445800781 0.8407252430915833
1638453385438774109 0.1769562065601349 -0.47028160095214844 0.0 0.0 0.0 0.5753117799758911 0.8179342150688171
1638453385637773991 0.184423565864563 -0.44584283232688904 0.0 0.0 0.0 0.6138865947723389 0.789394199848175
1638453385805773973 0.18887028098106384 -0.42472144961357117 0.0 0.0 0.0 0.6454400420188904 0.763810932636261
1638453385974774122 0.19161146879196167 -0.4031079113483429 0.0 0.0 0.0 0.6766093969345093 0.7363421320915222
1638453386174773932 0.1925453543663025 -0.37701424956321716 0.0 0.0 0.0 0.7117723822593689 0.7024101614952087
1638453386342773914 0.19135403633117676 -0.35526043176651 0.0 0.0 0.0 0.7405436635017395 0.672008216381073
1638453386544774055 0.1875617355108261 -0.3293757736682892 0.0 0.0 0.0 0.7724725008010864 0.6350482106208801
1638453386679774046 0.1836547553539276 -0.31246089935302734 0.0 0.0 0.0 0.7922639846801758 0.610178530216217
1638453386821241856 0.1787528544664383 -0.29607096314430237 0.0 0.0 0.0 0.8115898370742798 0.5842276811599731
1638453386988241911 0.17117545008659363 -0.27596789598464966 0.0 0.0 0.0 0.8334039449691772 0.5526643395423889
1638453387187241793 0.1599840372800827 -0.25260108709335327 0.0 0.0 0.0 0.8587694764137268 0.5123621821403503
1638453387319242001 0.151244655251503 -0.23757152259349823 0.0 0.0 0.0 0.8746496438980103 0.48475557565689087
1638453387488241911 0.13905806839466095 -0.2196955531835556 0.0 0.0 0.0 0.8933271169662476 0.44940707087516785
1638453387688241959 0.12274482101202011 -0.19976398348808289 0.0 0.0 0.0 0.9141894578933716 0.40528714656829834
1638453387821241856 0.11100718379020691 -0.18749196827411652 0.0 0.0 0.0 0.9245364665985107 0.3810936212539673
1638453387988241911 0.09528352320194244 -0.17270024120807648 0.0 0.0 0.0 0.9342246055603027 0.35668522119522095
1638453388121241808 0.08217660337686539 -0.16142979264259338 0.0 0.0 0.0 0.9407916069030762 0.3389854431152344
1638453388291241884 0.06484193354845047 -0.14760710299015045 0.0 0.0 0.0 0.9465891122817993 0.3224423825740814
1638453388492241859 0.043883636593818665 -0.13184909522533417 0.0 0.0 0.0 0.9495554566383362 0.31359925866127014
1638453388627241850 0.029978707432746887 -0.12153522670269012 0.0 0.0 0.0 0.9492836594581604 0.3144209384918213
1638453388793241978 0.012828992679715157 -0.10858755558729172 0.0 0.0 0.0 0.9464540481567383 0.32283854484558105
1638453388925241947 -0.0005833902978338301 -0.09796468913555145 0.0 0.0 0.0 0.9422088265419006 0.33502620458602905
163845338999241972 -0.017880216240882874 -0.08318375796079636 0.0 0.0 0.0 0.933388888835907 0.35886651277542114
1638453389233241796 -0.030306736007332802 -0.0713881179690361 0.0 0.0 0.0 0.9236077070236206 0.3833390772342682
1638453389393468142 -0.04501139000058174 -0.05551780387759209 0.0 0.0 0.0 0.908328115940094 0.41825827956199646
1638453389625468016 -0.06319982558488846 -0.031782712787389755 0.0 0.0 0.0 0.8846261501312256 0.46630093455314636
1638453389791468143 -0.07455520331859589 -0.01372466329485178 0.0 0.0 0.0 0.8657708764076233 0.5004406571388245
1638453389924468040 -0.0765407457947731 -0.010195164009928703 0.0 0.0 0.0 0.8603544235229492 0.5096962451934814
163845339092468023 -0.07666227966547012 -0.009973143227398396 0.0 0.0 0.0 0.8600613474845886 0.5101906061172485
1638453390293467999 -0.07666267454624176 -0.009973350912332535 0.0 0.0 0.0 0.8546477556228638 0.5192082524299622
1638453390493468046 -0.07667384296655655 -0.00995064340531826 0.0 0.0 0.0 0.8446379899978638 0.5353379249572754
1638453390695467949 -0.07669369131326675 -0.009904094971716404 0.0 0.0 0.0 0.8290665149688721 0.559149980545044
1638453390829468012 -0.07670282572507858 -0.009880490601062775 0.0 0.0 0.0 0.8167119026184082 0.5770456194877625
1638453390994467974 -0.07674194127321243 -0.009760155342519283 0.0 0.0 0.0 0.7978776693344116 0.6028194427490234
1638453391201467991 -0.07677153497934341 -0.00963714811950922 0.0 0.0 0.0 0.7698072195053101 0.6382765173912048
1638453391368468046 -0.07678834348917007 -0.009537332691252232 0.0 0.0 0.0 0.7435286641120911 0.6687040328979492
1638453391534467936 -0.07679466158151627 -0.009461683221161366 0.0 0.0 0.0 0.7166233062744141 0.697460412979126
1638453391666468143 -0.07679510861635208 -0.009436383843421936 0.0 0.0 0.0 0.6939786672592163 0.7199955582618713
1638453391826168060 -0.0767974779009819 -0.009461583569645882 0.0 0.0 0.0 0.6642317175865173 0.7475267648696899
163845339227168036 -0.07679389417171478 -0.009436532855033875 0.0 0.0 0.0 0.6278830170631409 0.7783077359199524
1638453392194168091 -0.07679827511310577 -0.009461518377065659 0.0 0.0 0.0 0.5956974029541016 0.8032089471817017
1638453392393167973 -0.07680501788854599 -0.009485975839197636 0.0 0.0 0.0 0.5568100214004517 0.8306398391723633
1638453392592168093 -0.0768231749534607 -0.009533319622278214 0.0 0.0 0.0 0.5161635875701904 0.8564900159835815
1638453392793168068 -0.07688817381858826 -0.009641810320317745 0.0 0.0 0.0 0.47382259368896484 0.8806203007698059
1638453392992168188 -0.07696273177862167 -0.009743979200720787 0.0 0.0 0.0 0.4309226870536804 0.902388870716095
1638453393193168163 -0.07701285183429718 -0.00980099942535162 0.0 0.0 0.0 0.38652288913726807 0.9222798347473145
1638453393394168139 -0.07701050490140915 -0.009803524240851402 0.0 0.0 0.0 0.34056371450424194 0.9402214288711548
1638453393595168114 -0.07705013453960419 -0.009835012257099152 0.0 0.0 0.0 0.2949313819408417 0.9555184245109558
1638453393797168016 -0.07698623836040497 -0.009793994016945362 0.0 0.0 0.0 0.2487383335828781 0.9685707092285156
1638453393996168137 -0.07680417597293854 -0.009705648757517338 0.0 0.0 0.0 0.2017352133989334 0.9794400930404663
1638453394196168184 -0.07670879364013672 -0.009671814739704132 0.0 0.0 0.0 0.15376390516757965 0.9881076216697693
1638453394387597084 -0.07661142945289612 -0.00964413397014141 0.0 0.0 0.0 0.10636872053146362 0.9943267703056335
1638453394587597132 -0.07661160081624985 -0.009642916731536388 0.0 0.0 0.0 0.05822988972067833 0.9983031749725342
1638453394786597013 -0.07658636569976807 -0.009641439653933048 0.0 0.0 0.0 0.009895996190607548 0.9999510049819946
163845339553596973 -0.07656105607748032 -0.009641681797802448 0.0 0.0 0.0 -0.00024965405464172363 0.9999999403953552
1638453395220597029 -0.07658636569976807 -0.009641668759286404 0.0 0.0 0.0 -0.00022385269403457642 1.0
1638453395386597157 -0.07658636569976807 -0.009641655720770359 0.0 0.0 0.0 -0.00022857636213302612 1.0
1638453395618597031 -0.07656105607748032 -0.009641661308705807 0.0 0.0 0.0 -7.075071334838867e-05 1.0
1638453395785597086 -0.07331975172552241 0.0008101113233643827 0.0004149795684994063 -0.0007923251038770562 3.0243232746369657e-06 -0.00507776745712221 0.9999867816935856
1638453395985597134 -0.06829858295422869 0.01675268302467762 0.0010456981351414578 -0.0020007812644172256 7.639499299873298e-06 -0.01235282355049604 0.9999216863744401
1638453396220597029 -0.06832388487109431 0.016753307688247558 0.001045697273064356 -0.0020007807992828822 7.781201666209188e-06 -0.012282006193330815 0.9999225991856473
1638453396488597155 -0.06829858295422869 0.01675268302467762 0.0010456981351414578 -0.0020007792537991864 8.155947838099714e-06 -0.01209472001464334 0.9999248555958733
1638453396720597029 -0.06832388507303302 0.01675329930884444 0.001045697306604191 -0.002000780409469216 7.875722999174495e-06 -0.012234767447258472 0.9999231683146158
1638453396897604942 -0.06832388507303302 0.01675329930884444 0.001045697306604191 -0.0020007807283531787 7.798400576102926e-06 -0.012273410726977314 0.9999227027431992
163845339796605062 -0.06834918692258574 0.01675392676554875 0.0010456964333471444 -0.0020007826472418304 7.275277011086212e-06 -0.012534849264367022 0.9999194337330596
1638453397295604944 -0.0683238849384072 0.016753304895113185 0.0010456972842443012 -0.002000779629134893 8.06493709519289e-06 -0.012140204279826192 0.9999243076047626
1638453397494605064 -0.06832388496084485 0.01675330396406839 0.0010456972879709495 -0.0020007824247546394 7.3292253143628666e-06 -0.012507887623861435 0.9999197585649386
1638453397732604980 -0.06829858288691577 0.016752685817811988 0.001045698123961513 -0.0020007808313848544 7.744500228639514e-06 -0.012300347436842758 0.9999223186028314
1638453397931604862 -0.0683238849384072 0.01675330489511318 0.0010456972842443012 -0.002000780996897742 7.70436695439343e-06 -0.012320404766671763 0.999922076953584
1638453398137604952 -0.0683238849384072 0.016753304895113185 0.0010456972842443012 -0.002000781624045423 7.552297286308056e-06 -0.012396404334289233 0.9999211613163344
1638453398353605032 -0.0683238849384072 0.016753304895113185 0.0010456972842443012 -0.0020007797093630733 8.04548350697072e-06 -0.012149926562462221 0.9999241904714102
1638453398485605001 -0.06832388491596957 0.016753305826157975 0.0010456972805176529 -0.0020007809650523798 7.712088761825679e-06 -0.012316545653717384 0.9999221234478956
1638453398630604982 -0.06834918685527284 0.01675392955868312 0.0010456964221671997 -0.002000780788166149 7.754979824440422e-06 -0.012295110069261815 0.9999223817022542
1638453398830605030 -0.06832388491596957 0.016753305826157975 0.0010456972805176529 -0.002000780798678807 7.75243073356993e-06 -0.01229638402353826 0.999922366353746
1638453398964604855 -0.06832388480378142 0.016753310481381928 0.0010456972618844115 -0.0020007808393769336 7.742562323299373e-06 -0.012301315940093855 0.9999223069343749
1638453399130604982 -0.06832388484865666 0.016753308619292345 0.0010456972693377081 -0.0020007806154650593 7.825773489032397e-06 -0.012259730618555544 0.999922867560148
1638453399296604872 -0.06832388491596957 0.016753305826157975 0.0010456972805176529 -0.0020007799231204545 7.993651992604064e-06 -0.01217583029941661 0.999923878385076
1638453399504238129 -0.06832388491596957 0.016753305826157975 0.0010456972805176529 -0.002000781927636849 7.478682970570024e-06 -0.01243319442028722 0.9999207180720606
1638453399636238098 -0.06829858315616742 0.0167526746452745 0.0010456981686812925 -0.002000781135114605 7.670852372232132e-06 -0.012337154285397015 0.9999218751566036
1638453399837238073 -0.06832388507303302 0.01675329930884444 0.001045697306604191 -0.002000780797971815 7.752602163657712e-06 -0.012296298348250663 0.9999223673859556
163845340038238049 -0.0683238850505954 0.01675330023988923 0.0010456973028775427 -0.002000780846323895 7.740877836349867e-06 -0.01230215779291981 0.9999222967917935
1638453400171238184 -0.0683238849832825 0.016753303033023602 0.0010456972916975979 -0.0020007809079551214 7.72593360478456e-06 -0.012309626442990784 0.9999222068100418
1638453400373238087 -0.0683238849832825 0.016753303033023602 0.0010456972916975979 -0.0020007822185899734 7.379215760426061e-06 -0.012482903994097252 0.9999200595658885
1638453400606238127 -0.06834918705721155 0.016753921179280006 0.0010456964557070342 -0.0020007811559862275 7.665791457901538e-06 -0.012339683568887384 0.9999218446839805
1638453400773238182 -0.06832388523009647 0.016753292791530903 0.001045697332690729 -0.0020007811004105376 7.679267353497585e-06 -0.012332948746279743 0.9999219258246322
1638453400941238165 -0.06834918719183736 0.01675391559301126 0.001045696478066924 -0.00200078084792698 7.769406530821608e-06 -0.012287901025618752 0.9999225281651376
1638453401143238068 -0.06832388511790828 0.016753297446754856 0.0010456973140574874 -0.0020007809698015192 7.710937198844712e-06 -0.012317121168149286 0.9999221165141396
1638453401346238136 -0.06829858315616742 0.0167526746452745 0.0010456981686812925 -0.0020007818996953105 7.485458185778435e-06 -0.012429808383920878 0.9999207588667799
1638453401544238091 -0.06832388500572012 0.016753302101978812 0.001045697295424246 -0.0020007830205597188 7.155838137485366e-06 -0.012594540038283787 0.9999186549741161
1638453401743238211 -0.06832388500572012 0.016753302101978812 0.001045697295424246 -0.0020007814075215526 7.604799614061684e-06 -0.012370165346209465 0.9999214774417498
1638453401904217005 -0.06832388500572012 0.016753302101978812 0.001045697295424246 -0.002000780856529165 7.738403280300152e-06 -0.012303394497071215 0.999922281892072
163845340275217009 -0.06829858302154161 0.016752680231543242 0.0010456981463214028 -0.0020007807714489292 7.787950794230327e-06 -0.012278633194508238 0.9999226398232912
1638453402241217136 -0.0683238849384072 0.016753304895113185 0.0010456972842443012 -0.0020007807556599033 7.762861881737335e-06 -0.012291170868538596 0.9999224291614573
1638453402440217018 -0.06832388502815777 0.01675330117093402 0.0010456972991508943 -0.0020007813994833653 7.606748699624939e-06 -0.01236919125543961 0.9999214891775243
1638453402640217066 -0.0683238850505954 0.01675330023988923 0.0010456973028775427 -0.0020007807820337647 7.756466794114875e-06 -0.012294366929267223 0.9999223906555507
