1638453301782883883 2.531068639655132e-05 2.7718338735382986e-09 0.0 0.0 0.0 0.00013694167137145996 1.0
1638453301950883865 5.062137279310264e-05 8.529726258643677e-09 0.0 0.0 0.0 4.2321160435676575e-05 1.0
1638453302149883986 -7.01835846926048e-14 2.0172341574919983e-09 0.0 0.0 0.0 -0.00014785677194595337 1.0
1638453302315883875 2.531068639655132e-05 6.155984166866801e-09 0.0 0.0 0.0 1.6333535313606262e-05 1.0
1638453302450883865 2.531068639655132e-05 6.6872121173844334e-09 0.0 0.0 0.0 4.4994056224823e-05 1.0
1638453302582883835 2.531068639655132e-05 7.830003312392364e-09 0.0 0.0 0.0 6.481260061264038e-05 1.0
1638453302754884005 2.531068639655132e-05 4.231014649747067e-09 0.0 0.0 0.0 3.2357871532440186e-05 1.0
1638453302888884068 2.8766529089341297e-13 -3.5872294024130724e-10 0.0 0.0 0.0 9.670481085777283e-05 1.0
1638453302990884066 -9.24877307986044e-14 2.2145358880010235e-09 0.0 0.0 0.0 0.00012494996190071106 1.0
1638453303159883976 2.4153891235202674e-13 -1.4073654464041851e-09 0.0 0.0 0.0 0.00010611675679683685 1.0
1638453303292883873 0.000303728214930743 5.316555373724441e-08 0.0 0.0 0.0 -2.8172507882118225e-05 1.0
1638453303460883856 0.0018476784462109208 -2.0271463654353283e-06 0.0 0.0 0.0 -0.0009550711838528514 0.9999995231628418
1638453303661884069 0.00493557658046484 -8.068283932516351e-06 0.0 0.0 0.0 -0.0009329615859314799 0.9999995827674866
1638453303794883966 0.007593194954097271 -1.2717067875200883e-05 0.0 0.0 0.0 -0.0007713045342825353 0.9999997019767761
1638453303961884022 0.01123793050646782 -1.830645851441659e-05 0.0 0.0 0.0 -0.0008345971582457423 0.9999996423721313
163845330494883919 0.015009220689535141 -2.311719799763523e-05 0.0 0.0 0.0 -0.0007119159563444555 0.9999997615814209
1638453304247641087 0.019792933017015457 -3.213346280972473e-05 0.0 0.0 0.0 -0.0009728370350785553 0.9999995231628418
1638453304414640903 0.025462519377470016 -4.1178725950885564e-05 0.0 0.0 0.0 -0.0008788405684754252 0.9999996423721313
1638453304546640873 0.03062588907778263 -5.145499744685367e-05 0.0 0.0 0.0 -0.0010690258350223303 0.9999994039535522
1638453304746640921 0.03842156380414963 -6.536313594551757e-05 0.0 0.0 0.0 -0.0009255892364308238 0.9999995827674866
1638453304913640976 0.04553385078907013 -8.007964788703248e-05 0.0 0.0 0.0 -0.0010106562403962016 0.999999463558197
163845330545640945 0.05221586301922798 -9.216251055477187e-05 0.0 0.0 0.0 -0.0009593794238753617 0.9999995231628418
1638453305248641014 0.06408654153347015 -0.0001196601297124289 0.0 0.0 0.0 -0.0011732110287994146 0.9999992847442627
1638453305416640997 0.07540038228034973 -0.0001480341743445024 0.0 0.0 0.0 -0.001374987419694662 0.9999990463256836
1638453305549640894 0.08468937128782272 -0.00017115575610660017 0.0 0.0 0.0 -0.001206649118103087 0.9999992847442627
1638453305683640957 0.09430740028619766 -0.0001948092831298709 0.0 0.0 0.0 -0.0012561731273308396 0.9999992251396179
1638453305849641085 0.10734236240386963 -0.00022736289247404784 0.0 0.0 0.0 -0.001466586603783071 0.999998927116394
163845330615640974 0.12055446952581406 -0.00026931450702250004 0.0 0.0 0.0 -0.0017688656225800514 0.9999984502792358
1638453306217640877 0.13768967986106873 -0.00033169775269925594 0.0 0.0 0.0 -0.001868574763648212 0.9999982714653015
1638453306418641090 0.15560951828956604 -0.0003973199345637113 0.0 0.0 0.0 -0.001978373620659113 0.9999980330467224
1638453306551640987 0.16763199865818024 -0.0004481480864342302 0.0 0.0 0.0 -0.002120762364938855 0.9999977350234985
1638453306704463959 0.17970506846904755 -0.0005054014618508518 0.0 0.0 0.0 -0.0025230434257537127 0.9999968409538269
1638453306839463949 0.19177809357643127 -0.0005690595135092735 0.0 0.0 0.0 -0.0025825966149568558 0.9999966621398926
163845330711463881 0.20736925303936005 -0.0006521121831610799 0.0 0.0 0.0 -0.0028095589950680733 0.9999960660934448
1638453307144464016 0.21926507353782654 -0.0007227094611153007 0.0 0.0 0.0 -0.0028964232187718153 0.9999958276748657
1638453307312463999 0.23424869775772095 -0.0008146270411089063 0.0 0.0 0.0 -0.0030114538967609406 0.9999954700469971
1638453307446463823 0.2461192011833191 -0.0008854715269990265 0.0 0.0 0.0 -0.00287651433609426 0.9999958872795105
1638453307612463951 0.2609510123729706 -0.0009717487264424562 0.0 0.0 0.0 -0.0029530362226068974 0.9999956488609314
1638453307749463797 0.27312520146369934 -0.00104571133852005 0.0 0.0 0.0 -0.0029868290293961763 0.9999955296516418
1638453307918463945 0.28826069831848145 -0.0011408182326704264 0.0 0.0 0.0 -0.003286131424829364 0.9999945759773254
1638453308118463993 0.3059525191783905 -0.0012527542421594262 0.0 0.0 0.0 -0.003054465167224407 0.9999953508377075
1638453308253463984 0.31800010800361633 -0.001335070701315999 0.0 0.0 0.0 -0.0035129825118929148 0.9999938011169434
1638453308420463800 0.33280643820762634 -0.0014441375387832522 0.0 0.0 0.0 -0.0036396526265889406 0.9999933838844299
1638453308620463848 0.35064998269081116 -0.001577317132614553 0.0 0.0 0.0 -0.003762467298656702 0.9999929070472717
1638453308752463818 0.362495094537735 -0.0016595438355579972 0.0 0.0 0.0 -0.003088130382820964 0.999995231628418
1638453308922463894 0.3778330981731415 -0.001749840215779841 0.0 0.0 0.0 -0.002898678882047534 0.9999958276748657
163845330954463863 0.38983017206192017 -0.001818354125134647 0.0 0.0 0.0 -0.0026861396618187428 0.9999963641166687
1638453309213410854 0.4049657881259918 -0.0018948910292237997 0.0 0.0 0.0 -0.002394829411059618 0.9999971389770508
1638453309345410824 0.4168616831302643 -0.0019476476591080427 0.0 0.0 0.0 -0.0022792918607592583 0.9999973773956299
1638453309547410965 0.4349839985370636 -0.002016267506405711 0.0 0.0 0.0 -0.001143809175118804 0.9999993443489075
1638453309732410908 0.4513850212097168 -0.0019449945539236069 0.0 0.0 0.0 0.006572662852704525 0.9999784231185913
1638453309866410971 0.46332842111587524 -0.001676225452683866 0.0 0.0 0.0 0.016540545970201492 0.9998632073402405
163845331034410954 0.47819221019744873 -0.000938400044105947 0.0 0.0 0.0 0.03270081803202629 0.9994651675224304
1638453310200410843 0.4929235279560089 0.00026962111587636173 0.0 0.0 0.0 0.049585647881031036 0.9987698793411255
1638453310365410805 0.5076205730438232 0.002058386569842696 0.0 0.0 0.0 0.07254360616207123 0.9973652362823486
1638453310499410868 0.5194059610366821 0.00401090644299984 0.0 0.0 0.0 0.09136004000902176 0.9958178997039795
1638453310665410995 0.5340190529823303 0.007080331444740295 0.0 0.0 0.0 0.11542036384344101 0.9933167099952698
1638453310864410877 0.5515295267105103 0.011740242131054401 0.0 0.0 0.0 0.14414753019809723 0.9895561933517456
1638453310997411013 0.5628612041473389 0.01535844150930643 0.0 0.0 0.0 0.1634160727262497 0.9865572452545166
1638453311164410830 0.5770376920700073 0.02058429829776287 0.0 0.0 0.0 0.1875506490468979 0.9822549223899841
1638453311332410812 0.5907578468322754 0.026412315666675568 0.0 0.0 0.0 0.21066226065158844 0.9775589108467102
1638453311499410868 0.6043012142181396 0.03282119333744049 0.0 0.0 0.0 0.22672511637210846 0.9739587903022766
1638453311670218945 0.6176022291183472 0.03955358639359474 0.0 0.0 0.0 0.2368406504392624 0.9715484976768494
1638453311806218863 0.6282185912132263 0.045141588896512985 0.0 0.0 0.0 0.24299246072769165 0.9700281620025635
1638453311942219019 0.63887619972229 0.050920818001031876 0.0 0.0 0.0 0.2487482726573944 0.9685681462287903
1638453312111218929 0.6521264910697937 0.05834062770009041 0.0 0.0 0.0 0.255920946598053 0.9666976928710938
1638453312245218992 0.6626482605934143 0.06441444903612137 0.0 0.0 0.0 0.26150527596473694 0.9652020335197449
1638453312412219048 0.6772868633270264 0.07312463223934174 0.0 0.0 0.0 0.26852935552597046 0.9632714986801147
1638453312544219017 0.6895210146903992 0.08062651753425598 0.0 0.0 0.0 0.2748652696609497 0.9614827632904053
1638453312713218927 0.7057744264602661 0.09096195548772812 0.0 0.0 0.0 0.2838307023048401 0.9588744044303894
1638453312849218845 0.7194682955741882 0.09998846799135208 0.0 0.0 0.0 0.2905731797218323 0.9568527936935425
163845331348218966 0.7404894828796387 0.11435608565807343 0.0 0.0 0.0 0.29977357387542725 0.9540103673934937
1638453313218219042 0.7584212422370911 0.12709268927574158 0.0 0.0 0.0 0.30786681175231934 0.9514294862747192
1638453313351218939 0.7722834348678589 0.13725094497203827 0.0 0.0 0.0 0.3146642744541168 0.9492030143737793
1638453313483218908 0.7859020829200745 0.147524893283844 0.0 0.0 0.0 0.31975874304771423 0.9474989771842957
1638453313653218985 0.8032706379890442 0.16081252694129944 0.0 0.0 0.0 0.3206264078617096 0.9472057223320007
1638453313820219040 0.820521354675293 0.17383643984794617 0.0 0.0 0.0 0.3132905960083008 0.9496573209762573
1638453313953218937 0.834594190120697 0.1840059757232666 0.0 0.0 0.0 0.3019051253795624 0.9533379673957825
1638453314156219006 0.8565188050270081 0.19875168800354004 0.0 0.0 0.0 0.28006473183631897 0.9599811434745789
1638453314290179014 0.8713395595550537 0.20779532194137573 0.0 0.0 0.0 0.2607240378856659 0.9654133915901184
1638453314390179157 0.8826273679733276 0.21416017413139343 0.0 0.0 0.0 0.24640752375125885 0.9691662788391113
1638453314556179047 0.9017651081085205 0.22398456931114197 0.0 0.0 0.0 0.22304384410381317 0.974808394908905
1638453314691179037 0.9176325798034668 0.231277734041214 0.0 0.0 0.0 0.20383454859256744 0.9790053367614746
1638453314861179113 0.938003659248352 0.2395665943622589 0.0 0.0 0.0 0.18006986379623413 0.9836538434028625
1638453314996179104 0.95433109998703 0.24539566040039062 0.0 0.0 0.0 0.16062375903129578 0.9870157241821289
1638453315196179152 0.979251503944397 0.25295278429985046 0.0 0.0 0.0 0.13221050798892975 0.9912216663360596
1638453315365179062 1.0004150867462158 0.25814157724380493 0.0 0.0 0.0 0.10741443932056427 0.9942143559455872
1638453315498178959 1.0172927379608154 0.2615090012550354 0.0 0.0 0.0 0.08909926563501358 0.9960227608680725
1638453315664179087 1.0382964611053467 0.2647936940193176 0.0 0.0 0.0 0.06571818143129349 0.9978381991386414
1638453315866178989 1.0643011331558228 0.26747286319732666 0.0 0.0 0.0 0.03703891113400459 0.9993138313293457
1638453315998178959 1.0812835693359375 0.2684016525745392 0.0 0.0 0.0 0.018051791936159134 0.9998370409011841
1638453316166178942 1.1029713153839111 0.2686561644077301 0.0 0.0 0.0 -0.0059713274240493774 0.9999821782112122
1638453316302179098 1.120476245880127 0.26809483766555786 0.0 0.0 0.0 -0.025646602734923363 0.9996711015701294
1638453316469179153 1.1422029733657837 0.26642903685569763 0.0 0.0 0.0 -0.05063300579786301 0.9987173080444336
1638453316670179129 1.1680700778961182 0.2630138099193573 0.0 0.0 0.0 -0.08054978400468826 0.9967505931854248
1638453316805045128 1.1851011514663696 0.2599109411239624 0.0 0.0 0.0 -0.09966529905796051 0.9950210452079773
1638453316973045111 1.206295132637024 0.255069762468338 0.0 0.0 0.0 -0.12420053780078888 0.9922571182250977
1638453317140045166 1.2272045612335205 0.24921146035194397 0.0 0.0 0.0 -0.14812743663787842 0.9889682531356812
1638453317307044983 1.247588038444519 0.24241486191749573 0.0 0.0 0.0 -0.17214247584342957 0.9850720763206482
1638453317440045118 1.2636330127716064 0.23633021116256714 0.0 0.0 0.0 -0.18827271461486816 0.9821167588233948
1638453317606045008 1.283612847328186 0.2280183583498001 0.0 0.0 0.0 -0.20236556231975555 0.9793100357055664
1638453317774044991 1.3035625219345093 0.21918565034866333 0.0 0.0 0.0 -0.2105684131383896 0.9775791168212891
1638453317974045038 1.3269731998443604 0.20854443311691284 0.0 0.0 0.0 -0.21183496713638306 0.9773054718971252
1638453318140045166 1.3465462923049927 0.19973719120025635 0.0 0.0 0.0 -0.20688220858573914 0.9783658385276794
1638453318307044983 1.366334319114685 0.19116654992103577 0.0 0.0 0.0 -0.1989784687757492 0.980003833770752
1638453318509045124 1.390749454498291 0.181195467710495 0.0 0.0 0.0 -0.1844075620174408 0.9828498363494873
1638453318643045187 1.4071747064590454 0.1750427931547165 0.0 0.0 0.0 -0.17182649672031403 0.9851272106170654
1638453318809045076 1.427683711051941 0.16806088387966156 0.0 0.0 0.0 -0.15535400807857513 0.9878588914871216
163845331922045135 1.4539140462875366 0.16019514203071594 0.0 0.0 0.0 -0.13553932309150696 0.9907719492912292
1638453319156045198 1.4706459045410156 0.15575063228607178 0.0 0.0 0.0 -0.1234893873333931 0.9923458695411682
1638453319288435936 1.487359642982483 0.15175145864486694 0.0 0.0 0.0 -0.11129989475011826 0.9937868714332581
1638453319467435837 1.5101253986358643 0.1469843089580536 0.0 0.0 0.0 -0.09492823481559753 0.9954841136932373
1638453319600435972 1.5269901752471924 0.1439540535211563 0.0 0.0 0.0 -0.08241754025220871 0.9965978860855103
1638453319733435869 1.5442259311676025 0.14130201935768127 0.0 0.0 0.0 -0.0695999339222908 0.9975749850273132
1638453319899435997 1.5657517910003662 0.13863606750965118 0.0 0.0 0.0 -0.05345631018280983 0.9985702037811279
163845332067435980 1.5875301361083984 0.1366654485464096 0.0 0.0 0.0 -0.03671608120203018 0.9993257522583008
1638453320269435883 1.6135365962982178 0.1352866142988205 0.0 0.0 0.0 -0.016525257378816605 0.9998634457588196
1638453320436435938 1.6351478099822998 0.1349073350429535 0.0 0.0 0.0 -0.0008380039362236857 0.9999996423721313
1638453320603435993 1.6567598581314087 0.13522717356681824 0.0 0.0 0.0 0.01549510844051838 0.9998799562454224
1638453320771435976 1.6784013509750366 0.1362360566854477 0.0 0.0 0.0 0.03143106400966644 0.9995059370994568
1638453320941436052 1.700351595878601 0.137978196144104 0.0 0.0 0.0 0.047740280628204346 0.9988597631454468
1638453321106436014 1.7217552661895752 0.14038337767124176 0.0 0.0 0.0 0.06396177411079407 0.9979523420333862
1638453321241436005 1.739075779914856 0.14280858635902405 0.0 0.0 0.0 0.07420053333044052 0.997243344783783
1638453321406435966 1.7603567838668823 0.14613519608974457 0.0 0.0 0.0 0.07963857799768448 0.996823787689209
1638453321542435884 1.7778993844985962 0.1489569991827011 0.0 0.0 0.0 0.07913734763860703 0.9968637228012085
1638453321711360931 1.7992116212844849 0.15224675834178925 0.0 0.0 0.0 0.07276538014411926 0.9973490834236145
1638453321844361067 1.8162379264831543 0.15458229184150696 0.0 0.0 0.0 0.06290631741285324 0.9980194568634033
163845332212361050 1.8377240896224976 0.1569322645664215 0.0 0.0 0.0 0.045119259506464005 0.9989815950393677
1638453322214360952 1.8637669086456299 0.15852613747119904 0.0 0.0 0.0 0.015668291598558426 0.9998772740364075
1638453322415360928 1.889554738998413 0.15855593979358673 0.0 0.0 0.0 -0.015276375226676464 0.9998832941055298
1638453322548361063 1.9067133665084839 0.1576184630393982 0.0 0.0 0.0 -0.04009015113115311 0.9991960525512695
1638453322717360973 1.92848539352417 0.15511883795261383 0.0 0.0 0.0 -0.07432424277067184 0.9972341060638428
1638453322919361115 1.954164981842041 0.1499917358160019 0.0 0.0 0.0 -0.12304041534662247 0.992401659488678
163845332352361012 1.9707101583480835 0.14526058733463287 0.0 0.0 0.0 -0.15489892661571503 0.9879302978515625
1638453323220360994 1.9910461902618408 0.13780297338962555 0.0 0.0 0.0 -0.19471071660518646 0.980860710144043
1638453323354361057 2.0069682598114014 0.13063350319862366 0.0 0.0 0.0 -0.22494158148765564 0.9743722677230835
1638453323488361120 2.0222387313842773 0.12258989363908768 0.0 0.0 0.0 -0.25479957461357117 0.9669938683509827
1638453323654361010 2.040555477142334 0.11121871322393417 0.0 0.0 0.0 -0.29326900839805603 0.9560299515724182
1638453323793360949 2.0551915168762207 0.10057996213436127 0.0 0.0 0.0 -0.3243875205516815 0.9459242820739746
1638453323960361004 2.0717639923095703 0.08659353852272034 0.0 0.0 0.0 -0.3618185222148895 0.9322485327720642
163845332494361067 2.0840959548950195 0.07459103316068649 0.0 0.0 0.0 -0.39109012484550476 0.9203523993492126
1638453324253295898 2.098419666290283 0.05851149931550026 0.0 0.0 0.0 -0.4267204701900482 0.9043835401535034
1638453324386296034 2.1088976860046387 0.04492471367120743 0.0 0.0 0.0 -0.4556988775730133 0.8901339769363403
1638453324552295923 2.120736837387085 0.0270586796104908 0.0 0.0 0.0 -0.49061015248298645 0.8713791966438293
1638453324752295971 2.1329967975616455 0.004493165295571089 0.0 0.0 0.0 -0.5318363904953003 0.8468471169471741
1638453324920295954 2.141721487045288 -0.015718281269073486 0.0 0.0 0.0 -0.5669744610786438 0.8237353563308716
163845332554296017 2.1473543643951416 -0.032005514949560165 0.0 0.0 0.0 -0.5931069850921631 0.8051236867904663
1638453325188296080 2.15193510055542 -0.04861941188573837 0.0 0.0 0.0 -0.6187000274658203 0.7856273055076599
1638453325354295969 2.156128406524658 -0.06966356933116913 0.0 0.0 0.0 -0.6499660611152649 0.7599632143974304
1638453325554296017 2.1588926315307617 -0.095271036028862 0.0 0.0 0.0 -0.6859561204910278 0.7276428937911987
1638453325754296064 2.159144878387451 -0.12100042402744293 0.0 0.0 0.0 -0.7209093570709229 0.6930293440818787
1638453325920295954 2.157405376434326 -0.14248892664909363 0.0 0.0 0.0 -0.7493337392807007 0.6621925234794617
163845332653296089 2.1547274589538574 -0.15959018468856812 0.0 0.0 0.0 -0.7702727913856506 0.6377145648002625
1638453326220295906 2.1498770713806152 -0.1804148256778717 0.0 0.0 0.0 -0.7953004837036133 0.6062154173851013
1638453326353296041 2.1447999477386475 -0.19680429995059967 0.0 0.0 0.0 -0.8142802715301514 0.580471932888031
1638453326486295938 2.138646125793457 -0.21292904019355774 0.0 0.0 0.0 -0.832647442817688 0.5538034439086914
1638453326651295900 2.129584789276123 -0.23229603469371796 0.0 0.0 0.0 -0.8544682264328003 0.519503653049469
1638453326789729118 2.1211836338043213 -0.247285395860672 0.0 0.0 0.0 -0.8711508512496948 0.4910154938697815
1638453326954729080 2.1092238426208496 -0.26537513732910156 0.0 0.0 0.0 -0.890068531036377 0.4558267891407013
1638453327120728970 2.095999240875244 -0.2822411060333252 0.0 0.0 0.0 -0.9077155590057373 0.4195860028266907
1638453327254729033 2.08439302444458 -0.29504966735839844 0.0 0.0 0.0 -0.9200068712234497 0.3919021487236023
1638453327388729095 2.072003126144409 -0.3072836995124817 0.0 0.0 0.0 -0.9296942949295044 0.3683321475982666
1638453327556729078 2.055809497833252 -0.3216738700866699 0.0 0.0 0.0 -0.9391541481018066 0.3434959352016449
1638453327689728975 2.042412757873535 -0.33259883522987366 0.0 0.0 0.0 -0.9445708394050598 0.3283076584339142
1638453327855729103 2.025438070297241 -0.3456088602542877 0.0 0.0 0.0 -0.9490846991539001 0.3150210976600647
1638453327989729166 2.011465549468994 -0.3558735251426697 0.0 0.0 0.0 -0.951229453086853 0.30848416686058044
1638453328157729149 1.9937000274658203 -0.3686690330505371 0.0 0.0 0.0 -0.9516130089759827 0.3072989583015442
1638453328292729139 1.9796236753463745 -0.3789202868938446 0.0 0.0 0.0 -0.9497203230857849 0.3130994439125061
1638453328457729101 1.9624958038330078 -0.39189624786376953 0.0 0.0 0.0 -0.9457297325134277 0.32495424151420593
1638453328593729019 1.9489023685455322 -0.40277931094169617 0.0 0.0 0.0 -0.9412752389907837 0.3376401662826538
1638453328760729074 1.9325226545333862 -0.4168807864189148 0.0 0.0 0.0 -0.9334416389465332 0.3587293028831482
1638453328893728971 1.919895052909851 -0.42875924706459045 0.0 0.0 0.0 -0.9254078269004822 0.37897276878356934
163845332960729027 1.904847264289856 -0.4445521831512451 0.0 0.0 0.0 -0.9125982522964478 0.4088574945926666
1638453329193798065 1.8937519788742065 -0.4576742649078369 0.0 0.0 0.0 -0.9015770554542542 0.43261852860450745
1638453329362797976 1.8807846307754517 -0.47499486804008484 0.0 0.0 0.0 -0.8867815136909485 0.46218883991241455
1638453329495798111 1.8713111877441406 -0.4893318712711334 0.0 0.0 0.0 -0.8745195269584656 0.4849902391433716
1638453329694797993 1.8586747646331787 -0.5114306807518005 0.0 0.0 0.0 -0.8551708459854126 0.5183462500572205
1638453329863798141 1.849151849746704 -0.5312808156013489 0.0 0.0 0.0 -0.8372762203216553 0.5467801690101624
163845333062798023 1.8396772146224976 -0.5553168058395386 0.0 0.0 0.0 -0.8155900239944458 0.5786302089691162
1638453330194797993 1.8344316482543945 -0.5716541409492493 0.0 0.0 0.0 -0.8002084493637085 0.5997219085693359
1638453330360798120 1.8290760517120361 -0.5924871563911438 0.0 0.0 0.0 -0.7801016569137573 0.6256527900695801
1638453330494798183 1.8257529735565186 -0.6094759106636047 0.0 0.0 0.0 -0.7632220387458801 0.6461362838745117
1638453330662798166 1.822862982749939 -0.6309191584587097 0.0 0.0 0.0 -0.7423434853553772 0.6700195074081421
1638453330797798157 1.8215471506118774 -0.6482304334640503 0.0 0.0 0.0 -0.7246995568275452 0.6890649795532227
1638453330964797974 1.8211528062820435 -0.6698638796806335 0.0 0.0 0.0 -0.7021941542625427 0.7119855284690857
163845333197798109 1.821844458580017 -0.6872873902320862 0.0 0.0 0.0 -0.683349609375 0.7300913333892822
1638453331264798164 1.823976755142212 -0.7087936401367188 0.0 0.0 0.0 -0.6588035821914673 0.7523149847984314
1638453331397798061 1.8266754150390625 -0.7257645726203918 0.0 0.0 0.0 -0.6393272280693054 0.7689347863197327
1638453331561798096 1.8312017917633057 -0.7464568614959717 0.0 0.0 0.0 -0.6145399212837219 0.7888857126235962
1638453331704500914 1.835814118385315 -0.7629052400588989 0.0 0.0 0.0 -0.5934416651725769 0.8048770427703857
1638453331841500998 1.8414733409881592 -0.7796658873558044 0.0 0.0 0.0 -0.5726479887962341 0.819801390171051
16384533327500887 1.8494751453399658 -0.7994962930679321 0.0 0.0 0.0 -0.5460568070411682 0.8377481698989868
1638453332141500950 1.8569316864013672 -0.8152587413787842 0.0 0.0 0.0 -0.5238202810287476 0.8518288135528564
1638453332307501078 1.8673129081726074 -0.83421391248703 0.0 0.0 0.0 -0.49615925550460815 0.8682315349578857
1638453332441500902 1.8764867782592773 -0.8489837050437927 0.0 0.0 0.0 -0.4763162434101105 0.8792740702629089
1638453332608500957 1.8886748552322388 -0.8668026328086853 0.0 0.0 0.0 -0.4579797089099884 0.8889626264572144
1638453332742501020 1.89889657497406 -0.8807435035705566 0.0 0.0 0.0 -0.4462984800338745 0.8948841691017151
1638453332909501076 1.9120404720306396 -0.8977109789848328 0.0 0.0 0.0 -0.4350583851337433 0.9004022479057312
163845333343500900 1.9228752851486206 -0.9112138152122498 0.0 0.0 0.0 -0.4305417537689209 0.9025706648826599
1638453333209501028 1.9365001916885376 -0.9279616475105286 0.0 0.0 0.0 -0.4292413592338562 0.9031898379325867
1638453333345500946 1.9476430416107178 -0.9417364001274109 0.0 0.0 0.0 -0.43288180232048035 0.9014506936073303
1638453333512501001 1.9610869884490967 -0.9587909579277039 0.0 0.0 0.0 -0.44010624289512634 0.8979457020759583
1638453333643501043 1.9714549779891968 -0.9724015593528748 0.0 0.0 0.0 -0.4482567608356476 0.8939048647880554
1638453333810501099 1.9841102361679077 -0.9899859428405762 0.0 0.0 0.0 -0.46438491344451904 0.8856334686279297
1638453333948501110 1.9939415454864502 -1.0048154592514038 0.0 0.0 0.0 -0.4822167158126831 0.8760519623756409
1638453334115500927 2.004985809326172 -1.0234218835830688 0.0 0.0 0.0 -0.50826495885849 0.861200749874115
1638453334262375116 2.0147480964660645 -1.042702078819275 0.0 0.0 0.0 -0.5395291447639465 0.8419669270515442
1638453334462375164 2.0243911743164062 -1.0667484998703003 0.0 0.0 0.0 -0.5805359482765198 0.8142346143722534
1638453334662375212 2.0316197872161865 -1.0914700031280518 0.0 0.0 0.0 -0.6184797286987305 0.7858007550239563
1638453334795375109 2.0351028442382812 -1.108167290687561 0.0 0.0 0.0 -0.64301598072052 0.7658528089523315
1638453334962375164 2.0380196571350098 -1.1296563148498535 0.0 0.0 0.0 -0.6726015210151672 0.74000483751297
163845333596374989 2.0391294956207275 -1.1469053030014038 0.0 0.0 0.0 -0.6951163411140442 0.71889728307724
1638453335261375189 2.0389952659606934 -1.1680337190628052 0.0 0.0 0.0 -0.7238180637359619 0.6899908781051636
1638453335462375164 2.036553144454956 -1.1940566301345825 0.0 0.0 0.0 -0.7538177967071533 0.6570835113525391
1638453335596374989 2.0337517261505127 -1.211113452911377 0.0 0.0 0.0 -0.7706647515296936 0.6372407674789429
1638453335764375210 2.029024600982666 -1.2322542667388916 0.0 0.0 0.0 -0.7893418073654175 0.6139540076255798
1638453335897375107 2.024489641189575 -1.2487776279449463 0.0 0.0 0.0 -0.8010187745094299 0.5986392498016357
163845333698375082 2.0164620876312256 -1.2735515832901 0.0 0.0 0.0 -0.815332293510437 0.5789933204650879
1638453336300374985 2.007431983947754 -1.298195719718933 0.0 0.0 0.0 -0.8233166933059692 0.5675822496414185
1638453336467375040 1.9995428323745728 -1.31842839717865 0.0 0.0 0.0 -0.8276912569999695 0.561183750629425
1638453336600375175 1.9930715560913086 -1.3345133066177368 0.0 0.0 0.0 -0.8291172385215759 0.5590747594833374
1638453336765644073 1.9849032163619995 -1.3547170162200928 0.0 0.0 0.0 -0.8289631009101868 0.5593032836914062
1638453336899644136 1.9784084558486938 -1.3707923889160156 0.0 0.0 0.0 -0.8290920853614807 0.5591120719909668
163845333765644026 1.9703232049942017 -1.3908112049102783 0.0 0.0 0.0 -0.8288957476615906 0.559403121471405
1638453337266644001 1.9606530666351318 -1.4147759675979614 0.0 0.0 0.0 -0.8287553191184998 0.5596111416816711
1638453337399644136 1.9542646408081055 -1.4306213855743408 0.0 0.0 0.0 -0.8289206624031067 0.5593661665916443
1638453337564644098 1.9461889266967773 -1.4506169557571411 0.0 0.0 0.0 -0.8290479183197021 0.559177577495575
1638453337766644001 1.9364283084869385 -1.4748454093933105 0.0 0.0 0.0 -0.827697217464447 0.5611749291419983
1638453337967643976 1.926969051361084 -1.4992740154266357 0.0 0.0 0.0 -0.8212478756904602 0.5705715417861938
1638453338134644032 1.9197185039520264 -1.5197702646255493 0.0 0.0 0.0 -0.8114240765571594 0.5844578742980957
1638453338302644014 1.913309931755066 -1.5405441522598267 0.0 0.0 0.0 -0.7971735596656799 0.6037502288818359
1638453338435644150 1.909008264541626 -1.5572338104248047 0.0 0.0 0.0 -0.7829626798629761 0.6220687031745911
1638453338601644039 1.9048529863357544 -1.5782102346420288 0.0 0.0 0.0 -0.7624099254608154 0.6470943093299866
1638453338767643929 1.9020487070083618 -1.5994094610214233 0.0 0.0 0.0 -0.7414236068725586 0.6710373163223267
1638453338968644142 1.900459885597229 -1.6253235340118408 0.0 0.0 0.0 -0.7148735523223877 0.6992537975311279
1638453339168643951 1.900858759880066 -1.6512577533721924 0.0 0.0 0.0 -0.6874261498451233 0.7262542843818665
1638453339340372086 1.9027143716812134 -1.6727644205093384 0.0 0.0 0.0 -0.663989245891571 0.7477421164512634
1638453339505372047 1.905918836593628 -1.6938812732696533 0.0 0.0 0.0 -0.6395409107208252 0.7687570452690125
1638453339638371944 1.9094889163970947 -1.7106904983520508 0.0 0.0 0.0 -0.6189342737197876 0.7854427695274353
1638453339805372000 1.9151530265808105 -1.7312843799591064 0.0 0.0 0.0 -0.5935600996017456 0.804789662361145
1638453339938372135 1.9206368923187256 -1.7475166320800781 0.0 0.0 0.0 -0.5726636648178101 0.8197904229164124
1638453340104372025 1.928596019744873 -1.7674469947814941 0.0 0.0 0.0 -0.5499588847160339 0.8351917266845703
1638453340236371994 1.9357117414474487 -1.783200740814209 0.0 0.0 0.0 -0.5353951454162598 0.8446016907691956
1638453340404371977 1.945326328277588 -1.8027000427246094 0.0 0.0 0.0 -0.5211946964263916 0.8534378409385681
1638453340602372169 1.9574795961380005 -1.8254477977752686 0.0 0.0 0.0 -0.508784830570221 0.860893726348877
1638453340736371994 1.9658750295639038 -1.8404725790023804 0.0 0.0 0.0 -0.5035707354545593 0.8639540076255798
1638453340903372049 1.97676682472229 -1.859377145767212 0.0 0.0 0.0 -0.4971694052219391 0.867653489112854
163845334137372112 1.9855695962905884 -1.8741962909698486 0.0 0.0 0.0 -0.4921426773071289 0.8705145716667175
1638453341206372023 1.9969830513000488 -1.8929091691970825 0.0 0.0 0.0 -0.4878721535205841 0.8729150891304016
1638453341341372013 2.006124496459961 -1.9077602624893188 0.0 0.0 0.0 -0.4875847399234772 0.8730756640434265
1638453341506371975 2.0172817707061768 -1.9259475469589233 0.0 0.0 0.0 -0.4902527928352356 0.8715803027153015
1638453341639372110 2.0261709690093994 -1.9408329725265503 0.0 0.0 0.0 -0.49755680561065674 0.8674314022064209
1638453341808173895 2.0368311405181885 -1.9597808122634888 0.0 0.0 0.0 -0.5134999752044678 0.8580895662307739
1638453341942173958 2.044739007949829 -1.97520911693573 0.0 0.0 0.0 -0.5300714373588562 0.8479529619216919
1638453342109174013 2.053591728210449 -1.9948418140411377 0.0 0.0 0.0 -0.555387020111084 0.8315919637680054
1638453342243173838 2.0597951412200928 -2.0110836029052734 0.0 0.0 0.0 -0.5793858766555786 0.815053403377533
1638453342409173965 2.0661158561706543 -2.0318543910980225 0.0 0.0 0.0 -0.6110550761222839 0.7915881276130676
1638453342542173862 2.0699303150177 -2.0485568046569824 0.0 0.0 0.0 -0.6355417966842651 0.7720664739608765
1638453342744174004 2.0736634731292725 -2.074295997619629 0.0 0.0 0.0 -0.6734450459480286 0.7392373085021973
1638453342911174059 2.074821949005127 -2.09584903717041 0.0 0.0 0.0 -0.7023409008979797 0.7118407487869263
163845334343174028 2.0744993686676025 -2.1129534244537354 0.0 0.0 0.0 -0.7246730327606201 0.6890929341316223
1638453343210173845 2.0725486278533936 -2.13432240486145 0.0 0.0 0.0 -0.751829981803894 0.6593570113182068
1638453343409173965 2.0679526329040527 -2.15966534614563 0.0 0.0 0.0 -0.7829641699790955 0.6220667958259583
1638453343542173862 2.063560724258423 -2.17633056640625 0.0 0.0 0.0 -0.8006916642189026 0.5990766882896423
1638453343708173990 2.0568904876708984 -2.196568012237549 0.0 0.0 0.0 -0.819003701210022 0.5737882256507874
1638453343840173960 2.05072021484375 -2.2124712467193604 0.0 0.0 0.0 -0.8308113217353821 0.5565541386604309
16384533447174015 2.0420591831207275 -2.2321629524230957 0.0 0.0 0.0 -0.8434843420982361 0.5371537804603577
1638453344140173912 2.0345654487609863 -2.247628688812256 0.0 0.0 0.0 -0.8504687547683716 0.5260255932807922
1638453344299730062 2.0254063606262207 -2.2655162811279297 0.0 0.0 0.0 -0.8553130626678467 0.518111526966095
1638453344434730053 2.0171847343444824 -2.281039237976074 0.0 0.0 0.0 -0.8581848740577698 0.5133407115936279
1638453344601730108 2.00665020942688 -2.3003182411193848 0.0 0.0 0.0 -0.8615332245826721 0.5077012181282043
1638453344736730099 1.9981330633163452 -2.3156518936157227 0.0 0.0 0.0 -0.8618626594543457 0.5071417689323425
1638453344903730154 1.987679362297058 -2.3346292972564697 0.0 0.0 0.0 -0.8596242070198059 0.5109267830848694
163845334536730051 1.979578971862793 -2.3497862815856934 0.0 0.0 0.0 -0.8554291725158691 0.5179198384284973
1638453345204730034 1.969791293144226 -2.369143009185791 0.0 0.0 0.0 -0.8477655649185181 0.5303710699081421
1638453345339730024 1.9623686075210571 -2.384895086288452 0.0 0.0 0.0 -0.841075599193573 0.5409175753593445
1638453345504729986 1.9538170099258423 -2.4044699668884277 0.0 0.0 0.0 -0.8324438333511353 0.5541094541549683
1638453345670730114 1.945857048034668 -2.4243202209472656 0.0 0.0 0.0 -0.823978066444397 0.5666216611862183
1638453345803730011 1.9398349523544312 -2.4406588077545166 0.0 0.0 0.0 -0.8167176246643066 0.5770375728607178
1638453345970730066 1.93291175365448 -2.4612412452697754 0.0 0.0 0.0 -0.807330846786499 0.590099036693573
1638453346103729963 1.9278401136398315 -2.4778730869293213 0.0 0.0 0.0 -0.8000012636184692 0.5999983549118042
1638453346239730120 1.9231702089309692 -2.4947009086608887 0.0 0.0 0.0 -0.7919917702674866 0.610531747341156
1638453346405730009 1.917980670928955 -2.515761613845825 0.0 0.0 0.0 -0.7824472188949585 0.6227169036865234
1638453346571730137 1.9134693145751953 -2.536848545074463 0.0 0.0 0.0 -0.7726354598999023 0.6348499655723572
1638453346705729961 1.9103312492370605 -2.5537707805633545 0.0 0.0 0.0 -0.7649544477462769 0.6440843939781189
1638453346842404127 1.9075630903244019 -2.5710651874542236 0.0 0.0 0.0 -0.7568082213401794 0.6536369919776917
163845334711404037 1.9046905040740967 -2.592769145965576 0.0 0.0 0.0 -0.7478402256965637 0.6638787388801575
1638453347145404100 1.9027608633041382 -2.609973669052124 0.0 0.0 0.0 -0.7435126304626465 0.6687218546867371
1638453347312403917 1.9005343914031982 -2.6317031383514404 0.0 0.0 0.0 -0.7417898178100586 0.6706324219703674
1638453347513404131 1.8977586030960083 -2.65775203704834 0.0 0.0 0.0 -0.7461420893669128 0.6657867431640625
1638453347714404106 1.8945648670196533 -2.6836507320404053 0.0 0.0 0.0 -0.7523345351219177 0.6587812304496765
1638453347885404110 1.891492486000061 -2.705353260040283 0.0 0.0 0.0 -0.7578727006912231 0.6524024605751038
163845334819403934 1.888796329498291 -2.722505569458008 0.0 0.0 0.0 -0.7621490955352783 0.6474015712738037
1638453348152404070 1.885846734046936 -2.7397191524505615 0.0 0.0 0.0 -0.7667948603630066 0.6418922543525696
1638453348285403967 1.8827050924301147 -2.756615161895752 0.0 0.0 0.0 -0.7711508274078369 0.6366524696350098
1638453348453403950 1.8783992528915405 -2.777900218963623 0.0 0.0 0.0 -0.7767669558525085 0.6297881603240967
1638453348684404135 1.8719801902770996 -2.80686092376709 0.0 0.0 0.0 -0.7830129861831665 0.6220053434371948
1638453348851403952 1.866881251335144 -2.8281266689300537 0.0 0.0 0.0 -0.7875438332557678 0.6162586808204651
163845334919403934 1.8614553213119507 -2.8493635654449463 0.0 0.0 0.0 -0.7920132875442505 0.6105038523674011
1638453349187403917 1.8557263612747192 -2.8704421520233154 0.0 0.0 0.0 -0.7966468930244446 0.6044449806213379
1638453349356407881 1.8497483730316162 -2.8911876678466797 0.0 0.0 0.0 -0.8012990355491638 0.5982639789581299
1638453349488407850 1.8447145223617554 -2.9076461791992188 0.0 0.0 0.0 -0.8069284558296204 0.5906491875648499
1638453349656407833 1.837766170501709 -2.9284069538116455 0.0 0.0 0.0 -0.8171111941337585 0.5764800906181335
1638453349790407896 1.8316445350646973 -2.9446542263031006 0.0 0.0 0.0 -0.8278943300247192 0.5608841180801392
1638453349962408066 1.8228737115859985 -2.964848518371582 0.0 0.0 0.0 -0.8451203107833862 0.5345761775970459
163845335095407963 1.8150516748428345 -2.9801483154296875 0.0 0.0 0.0 -0.8613213300704956 0.5080606341362
1638453350263407946 1.8037697076797485 -2.99881649017334 0.0 0.0 0.0 -0.8810031414031982 0.4731103777885437
1638453350397408009 1.7938108444213867 -3.012850522994995 0.0 0.0 0.0 -0.8956642746925354 0.4447307884693146
1638453350566407919 1.77997887134552 -3.0296170711517334 0.0 0.0 0.0 -0.913115918636322 0.4077000617980957
1638453350734407902 1.7647851705551147 -3.045231819152832 0.0 0.0 0.0 -0.9289292097091675 0.3702574372291565
1638453350901407957 1.7485085725784302 -3.059446334838867 0.0 0.0 0.0 -0.9431437253952026 0.3323851525783539
163845335136407948 1.7346320152282715 -3.0698773860931396 0.0 0.0 0.0 -0.9537622928619385 0.3005618751049042
1638453351203408003 1.7165496349334717 -3.0815248489379883 0.0 0.0 0.0 -0.9646669030189514 0.2634725868701935
1638453351337408066 1.7012566328048706 -3.089900493621826 0.0 0.0 0.0 -0.97257000207901 0.23261027038097382
1638453351509407997 1.6810845136642456 -3.099088191986084 0.0 0.0 0.0 -0.9813997149467468 0.19197537004947662
1638453351645407915 1.664542317390442 -3.105210065841675 0.0 0.0 0.0 -0.9870985150337219 0.16011422872543335
1638453351800337076 1.6434744596481323 -3.111330032348633 0.0 0.0 0.0 -0.9927160143852234 0.12047798931598663
16384533521337051 1.6179561614990234 -3.1163628101348877 0.0 0.0 0.0 -0.9973593354225159 0.07262501865625381
1638453352202337027 1.592171311378479 -3.1188883781433105 0.0 0.0 0.0 -0.999701738357544 0.02442231960594654
1638453352368336916 1.5706384181976318 -3.1190829277038574 0.0 0.0 0.0 -0.9998798966407776 -0.015499015338718891
1638453352568336964 1.5534610748291016 -3.117371082305908 0.0 0.0 0.0 0.9979533553123474 0.06394617259502411
1638453352768337011 1.5278308391571045 -3.1128017902374268 0.0 0.0 0.0 0.9935588836669922 0.11331706494092941
1638453352956336975 1.5044784545898438 -3.1063027381896973 0.0 0.0 0.0 0.9874812364578247 0.15773633122444153
1638453353159337044 1.4800883531570435 -3.097115993499756 0.0 0.0 0.0 0.9801946878433228 0.1980362981557846
1638453353293337107 1.4641916751861572 -3.090009927749634 0.0 0.0 0.0 0.9758427143096924 0.2184743732213974
1638453353459336996 1.4450137615203857 -3.080432176589966 0.0 0.0 0.0 0.9708729386329651 0.23959499597549438
1638453353594336987 1.429722547531128 -3.0721542835235596 0.0 0.0 0.0 0.9679479598999023 0.2511509358882904
1638453353759336948 1.411261796951294 -3.061659336090088 0.0 0.0 0.0 0.9658350348472595 0.25915759801864624
1638453353893337011 1.3961200714111328 -3.052855968475342 0.0 0.0 0.0 0.9655053019523621 0.26038333773612976
163845335461336994 1.3773009777069092 -3.042018413543701 0.0 0.0 0.0 0.9667286276817322 0.25580406188964844
1638453354194337130 1.3620705604553223 -3.0334722995758057 0.0 0.0 0.0 0.9682593941688538 0.24994759261608124
1638453354368747950 1.3430500030517578 -3.023312568664551 0.0 0.0 0.0 0.9719789624214172 0.23506790399551392
1638453354569747925 1.3194849491119385 -3.011934757232666 0.0 0.0 0.0 0.9778343439102173 0.20938004553318024
1638453354771748066 1.2955152988433838 -3.002018690109253 0.0 0.0 0.0 0.9836689829826355 0.1799868941307068
1638453354962748051 1.272138237953186 -2.9938876628875732 0.0 0.0 0.0 0.9882354140281677 0.15294036269187927
1638453355163748026 1.2472894191741943 -2.986804962158203 0.0 0.0 0.0 0.9923027157783508 0.12383592873811722
1638453355298748016 1.2304291725158691 -2.9828782081604004 0.0 0.0 0.0 0.9945422410964966 0.10433469712734222
1638453355463747978 1.2093307971954346 -2.978947877883911 0.0 0.0 0.0 0.9968143105506897 0.07975700497627258
1638453355664747953 1.1834325790405273 -2.975576639175415 0.0 0.0 0.0 0.9987533688545227 0.049916572868824005
1638453355877748013 1.1560139656066895 -2.9736979007720947 0.0 0.0 0.0 0.9998396635055542 0.01790602318942547
163845335645747995 1.142978310585022 -2.9737117290496826 0.0 0.0 0.0 -0.9999809265136719 0.006175673566758633
1638453356211748123 1.1215059757232666 -2.9744973182678223 0.0 0.0 0.0 -0.9995327591896057 0.03056570142507553
1638453356348747969 1.1039226055145264 -2.9759175777435303 0.0 0.0 0.0 -0.9987529516220093 0.04992550238966942
1638453356516747952 1.082401156425476 -2.978609561920166 0.0 0.0 0.0 -0.9972445964813232 0.07418327778577805
1638453356718748093 1.056500792503357 -2.9832875728607178 0.0 0.0 0.0 -0.9945715069770813 0.1040554866194725
1638453356891927004 1.0348384380340576 -2.9884586334228516 0.0 0.0 0.0 -0.9915427565574646 0.12978030741214752
163845335759926987 1.0139515399932861 -2.9945781230926514 0.0 0.0 0.0 -0.9880115389823914 0.15438014268875122
1638453357261926889 0.9894905090332031 -3.003211736679077 0.0 0.0 0.0 -0.9830871820449829 0.18313810229301453
1638453357396926880 0.9733257293701172 -3.009819746017456 0.0 0.0 0.0 -0.9791889190673828 0.20295076072216034
1638453357563926935 0.9537621736526489 -3.018826961517334 0.0 0.0 0.0 -0.9742633700370789 0.22541260719299316
1638453357765926838 0.9307032227516174 -3.030874490737915 0.0 0.0 0.0 -0.9681252837181091 0.25046640634536743
1638453357934926987 0.9117116332054138 -3.0418167114257812 0.0 0.0 0.0 -0.9641145467758179 0.2654866576194763
1638453358101927042 0.8930351734161377 -3.053192377090454 0.0 0.0 0.0 -0.9618141651153564 0.27370333671569824
1638453358268926859 0.8745508790016174 -3.0647354125976562 0.0 0.0 0.0 -0.9611397385597229 0.2760622799396515
1638453358471926928 0.8521801829338074 -3.0785598754882812 0.0 0.0 0.0 -0.9633123874664307 0.26838263869285583
1638453358605926991 0.8371328711509705 -3.087423801422119 0.0 0.0 0.0 -0.9665629863739014 0.2564293146133423
1638453358771926880 0.8184082508087158 -3.097597122192383 0.0 0.0 0.0 -0.9719913005828857 0.2350168079137802
1638453358904927015 0.8030367493629456 -3.1051089763641357 0.0 0.0 0.0 -0.9763888120651245 0.21602052450180054
163845335938926840 0.7872021198272705 -3.112105369567871 0.0 0.0 0.0 -0.9804179072380066 0.1969282031059265
1638453359205926895 0.7671580910682678 -3.11991548538208 0.0 0.0 0.0 -0.9849869012832642 0.1726289838552475
1638453359344288111 0.7503523230552673 -3.1256017684936523 0.0 0.0 0.0 -0.9882780909538269 0.15266433358192444
1638453359512288094 0.7294417023658752 -3.131640672683716 0.0 0.0 0.0 -0.9917722940444946 0.12801441550254822
1638453359712288141 0.7042481303215027 -3.1374919414520264 0.0 0.0 0.0 -0.9950001239776611 0.09987396001815796
1638453359844288111 0.6873695850372314 -3.14058518409729 0.0 0.0 0.0 -0.9967246055603027 0.0808706283569336
163845336010288000 0.6661123633384705 -3.1435391902923584 0.0 0.0 0.0 -0.998359739780426 0.05725274980068207
1638453360143288136 0.6489055752754211 -3.1451945304870605 0.0 0.0 0.0 -0.999262809753418 0.038390930742025375
1638453360309288025 0.6274240016937256 -3.146340847015381 0.0 0.0 0.0 -0.9998917579650879 0.014711997471749783
1638453360442288160 0.6101893186569214 -3.146527051925659 0.0 0.0 0.0 -0.9999918937683105 -0.004022154491394758
1638453360607288122 0.5975422263145447 -3.1461267471313477 0.0 0.0 0.0 0.9996206164360046 0.027542758733034134
1638453360743288040 0.5799504518508911 -3.144815683364868 0.0 0.0 0.0 0.9988877773284912 0.04715096205472946
1638453360911288023 0.5583369135856628 -3.1422510147094727 0.0 0.0 0.0 0.9974733591079712 0.07104172557592392
163845336145288086 0.54119873046875 -3.1394710540771484 0.0 0.0 0.0 0.9959436058998108 0.08997981250286102
1638453361212288141 0.5202584862709045 -3.135129928588867 0.0 0.0 0.0 0.9934780597686768 0.11402353644371033
1638453361345288038 0.5035744905471802 -3.130906820297241 0.0 0.0 0.0 0.9910406470298767 0.13356061279773712
1638453361512288094 0.4830228090286255 -3.1247239112854004 0.0 0.0 0.0 0.9875509738922119 0.1572994738817215
1638453361712288141 0.45873185992240906 -3.115990400314331 0.0 0.0 0.0 0.9825281500816345 0.18611395359039307
1638453361839935064 0.44300219416618347 -3.1094558238983154 0.0 0.0 0.0 0.9787857532501221 0.2048863023519516
163845336244934988 0.4190376102924347 -3.0980935096740723 0.0 0.0 0.0 0.9722143411636353 0.23409251868724823
1638453362211935043 0.39993664622306824 -3.087712526321411 0.0 0.0 0.0 0.966066300868988 0.2582941949367523
1638453362344934940 0.38517430424690247 -3.0788164138793945 0.0 0.0 0.0 0.9608030319213867 0.27723202109336853
1638453362545934916 0.3634827136993408 -3.0642707347869873 0.0 0.0 0.0 0.9524489641189575 0.3046981692314148
1638453362746934891 0.3427686393260956 -3.0485730171203613 0.0 0.0 0.0 0.9431114196777344 0.3324768841266632
1638453362912935019 0.3263998329639435 -3.0347321033477783 0.0 0.0 0.0 0.934820830821991 0.3551196753978729
163845336344934988 0.3139163851737976 -3.0232183933258057 0.0 0.0 0.0 0.9278023838996887 0.37307208776474
1638453363210934877 0.2986815273761749 -3.007887601852417 0.0 0.0 0.0 0.9185113906860352 0.395394504070282
1638453363409934998 0.2815141975879669 -2.9886105060577393 0.0 0.0 0.0 0.906329333782196 0.4225720167160034
1638453363641934872 0.26312798261642456 -2.965113401412964 0.0 0.0 0.0 0.8914685249328613 0.4530826807022095
1638453363810935020 0.2507680356502533 -2.9472599029541016 0.0 0.0 0.0 0.8798354864120483 0.4752783179283142
1638453363943934917 0.24163813889026642 -2.9327306747436523 0.0 0.0 0.0 0.8704383969306946 0.4922773838043213
1638453364111934900 0.23096659779548645 -2.913935899734497 0.0 0.0 0.0 0.8578808903694153 0.513848602771759
1638453364239093065 0.2231154590845108 -2.898564100265503 0.0 0.0 0.0 0.8477541208267212 0.5303893685340881
1638453364405092955 0.2141236662864685 -2.878854513168335 0.0 0.0 0.0 0.8344047665596008 0.5511521100997925
1638453364640093088 0.20314185321331024 -2.8504345417022705 0.0 0.0 0.0 0.8148062229156494 0.5797334313392639
1638453364811093092 0.1964128613471985 -2.8293633460998535 0.0 0.0 0.0 0.8001466989517212 0.5998043417930603
163845336512093067 0.18984325230121613 -2.804138422012329 0.0 0.0 0.0 0.782329797744751 0.6228644251823425
1638453365212093115 0.18477752804756165 -2.778749465942383 0.0 0.0 0.0 0.7639488577842712 0.6452767848968506
1638453365413093090 0.18131445348262787 -2.7530434131622314 0.0 0.0 0.0 0.7406534552574158 0.671887218952179
1638453365613093138 0.17981354892253876 -2.7270989418029785 0.0 0.0 0.0 0.7138330340385437 0.7003159523010254
1638453365849092960 0.18063783645629883 -2.6967222690582275 0.0 0.0 0.0 0.680970311164856 0.7323110103607178
163845336617092943 0.1828356385231018 -2.675196409225464 0.0 0.0 0.0 0.6603224277496338 0.7509822249412537
1638453366217092991 0.18681345880031586 -2.6495625972747803 0.0 0.0 0.0 0.6420552134513855 0.7666584253311157
1638453366417093039 0.19174350798130035 -2.6242730617523193 0.0 0.0 0.0 0.6311759352684021 0.7756396532058716
1638453366620093107 0.19718697667121887 -2.5986483097076416 0.0 0.0 0.0 0.6291508078575134 0.777283251285553
1638453366783906937 0.20150616765022278 -2.5774950981140137 0.0 0.0 0.0 0.6372019052505493 0.7706969380378723
1638453366985906839 0.20592698454856873 -2.551445722579956 0.0 0.0 0.0 0.65472811460495 0.7558644413948059
1638453367152906895 0.20847387611865997 -2.5298304557800293 0.0 0.0 0.0 0.6752115488052368 0.7376241087913513
1638453367320906878 0.20969970524311066 -2.5080766677856445 0.0 0.0 0.0 0.6997700333595276 0.7143681645393372
1638453367488906860 0.20931173861026764 -2.486445426940918 0.0 0.0 0.0 0.7292667031288147 0.6842295527458191
1638453367690907001 0.20618516206741333 -2.460526943206787 0.0 0.0 0.0 0.7672998309135437 0.6412885189056396
1638453367857906818 0.20136848092079163 -2.4395933151245117 0.0 0.0 0.0 0.7970565557479858 0.603904664516449
163845336860906887 0.1927427351474762 -2.4145781993865967 0.0 0.0 0.0 0.8311026692390442 0.5561190247535706
1638453368261906862 0.1813364028930664 -2.3909833431243896 0.0 0.0 0.0 0.8622986078262329 0.5064001679420471
1638453368460906982 0.16758064925670624 -2.3693928718566895 0.0 0.0 0.0 0.8901628255844116 0.45564258098602295
1638453368659906864 0.15154826641082764 -2.3494958877563477 0.0 0.0 0.0 0.9127735495567322 0.40846604108810425
1638453368859906912 0.13343630731105804 -2.3309311866760254 0.0 0.0 0.0 0.9290677309036255 0.3699096739292145
1638453368992906809 0.1205916479229927 -2.3193254470825195 0.0 0.0 0.0 0.9372929334640503 0.34854260087013245
1638453369192906857 0.10040830820798874 -2.302788496017456 0.0 0.0 0.0 0.9454190135002136 0.32585713267326355
1638453369338707924 0.08638100326061249 -2.292090654373169 0.0 0.0 0.0 0.9490708112716675 0.31506282091140747
1638453369507708073 0.06876374781131744 -2.279177665710449 0.0 0.0 0.0 0.9513556361198425 0.30809485912323
1638453369640707970 0.05495082959532738 -2.269209623336792 0.0 0.0 0.0 0.9515787363052368 0.30740511417388916
1638453369807708025 0.03741481900215149 -2.2564425468444824 0.0 0.0 0.0 0.9495483636856079 0.3136206269264221
1638453369962707996 0.02139996737241745 -2.2442190647125244 0.0 0.0 0.0 0.9449073672294617 0.3273378610610962
163845337096708059 0.007910349406301975 -2.233287811279297 0.0 0.0 0.0 0.9401167035102844 0.3408527374267578
1638453370263707876 -0.008264354430139065 -2.219181776046753 0.0 0.0 0.0 0.932328462600708 0.3616124987602234
1638453370465708017 -0.02702711895108223 -2.201014280319214 0.0 0.0 0.0 0.9212959408760071 0.3888621926307678
1638453370597707987 -0.03877604380249977 -2.1884729862213135 0.0 0.0 0.0 0.9136267900466919 0.4065539836883545
1638453370763707876 -0.052748508751392365 -2.1722161769866943 0.0 0.0 0.0 0.9038432836532593 0.4278637170791626
1638453370896708012 -0.06343306601047516 -2.1586596965789795 0.0 0.0 0.0 0.8953074216842651 0.4454488158226013
163845337164707994 -0.07622872292995453 -2.140897035598755 0.0 0.0 0.0 0.8844709992408752 0.4665951132774353
1638453371268707991 -0.09054699540138245 -2.1186320781707764 0.0 0.0 0.0 0.870708703994751 0.4917990565299988
1638453371434707880 -0.10115182399749756 -2.100032091140747 0.0 0.0 0.0 0.8586466908454895 0.512567937374115
1638453371603708029 -0.11099977046251297 -2.080650568008423 0.0 0.0 0.0 0.8460372686386108 0.5331237316131592
1638453371803279161 -0.12154532968997955 -2.056840658187866 0.0 0.0 0.0 0.8297348618507385 0.5581578016281128
1638453371937278986 -0.1277497410774231 -2.040733575820923 0.0 0.0 0.0 0.8188021183013916 0.5740758180618286
1638453372104279041 -0.13455164432525635 -2.020458698272705 0.0 0.0 0.0 0.804663896560669 0.5937305688858032
1638453372239279032 -0.1394072026014328 -2.0035524368286133 0.0 0.0 0.0 0.7927132844924927 0.6095947027206421
1638453372405279160 -0.14439323544502258 -1.9826784133911133 0.0 0.0 0.0 0.7771564722061157 0.6293073892593384
1638453372540279150 -0.14767543971538544 -1.9655522108078003 0.0 0.0 0.0 0.7641448974609375 0.6450446248054504
1638453372706279039 -0.150752991437912 -1.9445171356201172 0.0 0.0 0.0 0.7485674023628235 0.6630587577819824
1638453372906279087 -0.1531500369310379 -1.9185864925384521 0.0 0.0 0.0 0.7292575240135193 0.6842393279075623
163845337338279057 -0.15390485525131226 -1.901519536972046 0.0 0.0 0.0 0.7158079147338867 0.6982972621917725
1638453373205279112 -0.15392842888832092 -1.879830241203308 0.0 0.0 0.0 0.6988046765327454 0.7153125405311584
1638453373406279087 -0.15257492661476135 -1.8538495302200317 0.0 0.0 0.0 0.6777949929237366 0.7352509498596191
1638453373570279121 -0.15032413601875305 -1.8325316905975342 0.0 0.0 0.0 0.6601041555404663 0.7511740922927856
1638453373736279011 -0.14708073437213898 -1.8113164901733398 0.0 0.0 0.0 0.6424630284309387 0.7663166522979736
1638453373901278973 -0.1429739147424698 -1.790482997894287 0.0 0.0 0.0 0.6279366612434387 0.7782644629478455
163845337435279036 -0.1391495317220688 -1.7737022638320923 0.0 0.0 0.0 0.6195645928382874 0.7849456667900085
1638453374203279018 -0.13390302658081055 -1.7525248527526855 0.0 0.0 0.0 0.613474428653717 0.7897145748138428
1638453374346011162 -0.12957844138145447 -1.7356828451156616 0.0 0.0 0.0 0.613001823425293 0.7900815010070801
1638453374513010979 -0.12431326508522034 -1.7148752212524414 0.0 0.0 0.0 0.6162588000297546 0.7875437140464783
1638453374647011042 -0.12028662860393524 -1.6980897188186646 0.0 0.0 0.0 0.6225293278694153 0.7825964689254761
1638453374848011017 -0.11486543715000153 -1.672487735748291 0.0 0.0 0.0 0.6367180347442627 0.7710967659950256
163845337514011145 -0.1110551580786705 -1.6509032249450684 0.0 0.0 0.0 0.648622453212738 0.7611103057861328
1638453375214010954 -0.10742758214473724 -1.6251139640808105 0.0 0.0 0.0 0.6632093787193298 0.7484338879585266
1638453375414011002 -0.10477617383003235 -1.5993331670761108 0.0 0.0 0.0 0.676721453666687 0.7362391352653503
1638453375618010998 -0.10306379199028015 -1.5731433629989624 0.0 0.0 0.0 0.6905125379562378 0.7233204245567322
1638453375785011053 -0.10238468647003174 -1.5516407489776611 0.0 0.0 0.0 0.7012374997138977 0.7129276990890503
1638453375954010963 -0.10237293690443039 -1.5297478437423706 0.0 0.0 0.0 0.7126818895339966 0.7014873623847961
163845337686011171 -0.10285566002130508 -1.512543797492981 0.0 0.0 0.0 0.7213951349258423 0.692523717880249
1638453376252011061 -0.10406754165887833 -1.4910646677017212 0.0 0.0 0.0 0.7320809960365295 0.681217610836029
1638453376417011023 -0.10596958547830582 -1.4695086479187012 0.0 0.0 0.0 0.7427942156791687 0.6695197820663452
1638453376549010992 -0.1079641655087471 -1.4525412321090698 0.0 0.0 0.0 0.7512637376785278 0.6600021123886108
1638453376717010975 -0.11111623048782349 -1.4311068058013916 0.0 0.0 0.0 0.7621579170227051 0.647391140460968
1638453376871304035 -0.11497226357460022 -1.4097362756729126 0.0 0.0 0.0 0.772334635257721 0.6352158784866333
163845337740304184 -0.11953076720237732 -1.3883490562438965 0.0 0.0 0.0 0.7821962833404541 0.6230320930480957
1638453377206304073 -0.12465821951627731 -1.367507815361023 0.0 0.0 0.0 0.7916384935379028 0.6109897494316101
1638453377406304121 -0.1316988170146942 -1.3425657749176025 0.0 0.0 0.0 0.8030714392662048 0.595882773399353
1638453377539304018 -0.13696356117725372 -1.3259940147399902 0.0 0.0 0.0 0.8110489249229431 0.5849783420562744
1638453377706304073 -0.14417606592178345 -1.305457592010498 0.0 0.0 0.0 0.8206315040588379 0.5714577436447144
1638453377908304214 -0.15374304354190826 -1.2810994386672974 0.0 0.0 0.0 0.8313859105110168 0.5556954741477966
1638453378110304117 -0.16398654878139496 -1.2569888830184937 0.0 0.0 0.0 0.8358708024024963 0.5489262342453003
1638453378311304092 -0.17420485615730286 -1.2331702709197998 0.0 0.0 0.0 0.8330408930778503 0.5532113909721375
1638453378444303989 -0.18077711760997772 -1.217236042022705 0.0 0.0 0.0 0.8286867141723633 0.5597126483917236
1638453378710304022 -0.19275927543640137 -1.184971570968628 0.0 0.0 0.0 0.8117725253105164 0.58397376537323
1638453378913304090 -0.20035092532634735 -1.1599295139312744 0.0 0.0 0.0 0.7943798303604126 0.607421338558197
1638453379113304138 -0.20639023184776306 -1.1347546577453613 0.0 0.0 0.0 0.7756220102310181 0.6311976909637451
1638453379324501991 -0.210961252450943 -1.1091177463531494 0.0 0.0 0.0 0.7573983073234558 0.6529530882835388
1638453379456501961 -0.21316677331924438 -1.092074990272522 0.0 0.0 0.0 0.745087742805481 0.666966438293457
1638453379590502024 -0.21474187076091766 -1.0748860836029053 0.0 0.0 0.0 0.7322874665260315 0.6809956431388855
1638453379759502172 -0.21582262217998505 -1.0530462265014648 0.0 0.0 0.0 0.7165033221244812 0.6975836753845215
1638453379895502090 -0.21594412624835968 -1.035355567932129 0.0 0.0 0.0 0.7027918100357056 0.7113955616950989
163845338064502001 -0.21513938903808594 -1.01337730884552 0.0 0.0 0.0 0.6855548620223999 0.728020966053009
1638453380264502048 -0.212834432721138 -0.9876415729522705 0.0 0.0 0.0 0.664050817489624 0.7476873993873596
1638453380464502096 -0.20909978449344635 -0.9622785449028015 0.0 0.0 0.0 0.6429887413978577 0.7658756375312805
1638453380597501993 -0.2057708203792572 -0.9452643394470215 0.0 0.0 0.0 0.628093421459198 0.7781379818916321
1638453380764502048 -0.20075136423110962 -0.9243980050086975 0.0 0.0 0.0 0.6090744733810425 0.7931130528450012
1638453380897502184 -0.19605500996112823 -0.9079987406730652 0.0 0.0 0.0 0.5944477915763855 0.8041342496871948
163845338164502001 -0.18926768004894257 -0.8876386880874634 0.0 0.0 0.0 0.5751192569732666 0.818069577217102
1638453381263502121 -0.17977038025856018 -0.863445520401001 0.0 0.0 0.0 0.5513776540756226 0.8342557549476624
1638453381462502003 -0.16902172565460205 -0.8401156067848206 0.0 0.0 0.0 0.5268507599830627 0.8499578237533569
1638453381595502138 -0.1611676961183548 -0.8250012397766113 0.0 0.0 0.0 0.5112459063529968 0.8594344854354858
1638453381762501955 -0.150290846824646 -0.8060610890388489 0.0 0.0 0.0 0.4907277524471283 0.8713129758834839
1638453381954614878 -0.1362987905740738 -0.7843685746192932 0.0 0.0 0.0 0.4654638171195984 0.8850669264793396
163845338288614941 -0.12625247240066528 -0.7703326344490051 0.0 0.0 0.0 0.44859394431114197 0.8937357068061829
1638453382254614830 -0.11299218237400055 -0.7534255981445312 0.0 0.0 0.0 0.42643865942955017 0.9045164585113525
1638453382420614958 -0.09880132228136063 -0.7370566129684448 0.0 0.0 0.0 0.40400195121765137 0.9147581458091736
1638453382622614861 -0.08071384578943253 -0.7183575630187988 0.0 0.0 0.0 0.37679174542427063 0.9262980222702026
1638453382790614843 -0.0647861585021019 -0.7035987973213196 0.0 0.0 0.0 0.35307955741882324 0.93559330701828
1638453382957614899 -0.04822741821408272 -0.689708411693573 0.0 0.0 0.0 0.33042189478874207 0.9438333511352539
1638453383158614874 -0.027609774842858315 -0.6741759181022644 0.0 0.0 0.0 0.3044712543487549 0.9525215029716492
1638453383292614937 -0.013402233831584454 -0.6643282175064087 0.0 0.0 0.0 0.2926979959011078 0.9562049508094788
1638453383459614992 0.0045592403039336205 -0.6524403095245361 0.0 0.0 0.0 0.285381942987442 0.95841383934021
1638453383659614801 0.026385141536593437 -0.6381828188896179 0.0 0.0 0.0 0.286811888217926 0.9579868912696838
1638453383859614849 0.048018261790275574 -0.6236355900764465 0.0 0.0 0.0 0.29789721965789795 0.9545979499816895
163845338460614824 0.069338358938694 -0.6082432866096497 0.0 0.0 0.0 0.31890031695365906 0.9477882385253906
1638453384262614965 0.08954237401485443 -0.591974675655365 0.0 0.0 0.0 0.34652045369148254 0.938042402267456
1638453384399774075 0.10236828029155731 -0.5805373191833496 0.0 0.0 0.0 0.3659592270851135 0.9306308627128601
1638453384534774065 0.11485021561384201 -0.5683608055114746 0.0 0.0 0.0 0.38843822479248047 0.9214747548103333
1638453384701774120 0.12926094233989716 -0.5525625348091125 0.0 0.0 0.0 0.4194202721118927 0.9077921509742737
1638453384902774096 0.14515192806720734 -0.5319403409957886 0.0 0.0 0.0 0.46291691064834595 0.8864017128944397
163845338570774078 0.1569264978170395 -0.5134296417236328 0.0 0.0 0.0 0.49906283617019653 0.8665658235549927
1638453385272773981 0.16888631880283356 -0.490191251039505 0.0 0.0 0.0 0.5414619445800781 0.8407252430915833
1638453385471774101 0.1783616840839386 -0.466268390417099 0.0 0.0 0.0 0.5818062424659729 0.813327431678772
1638453385604773998 0.18333730101585388 -0.44998010993003845 0.0 0.0 0.0 0.6076210141181946 0.794227123260498
1638453385771774054 0.18812483549118042 -0.4289335012435913 0.0 0.0 0.0 0.639641284942627 0.7686735391616821
1638453385939774036 0.19119392335414886 -0.40756839513778687 0.0 0.0 0.0 0.6700742840766907 0.7422940731048584
1638453386108773947 0.19251979887485504 -0.3856954872608185 0.0 0.0 0.0 0.7001715898513794 0.7139745950698853
1638453386240773916 0.1922893524169922 -0.3683367371559143 0.0 0.0 0.0 0.723060131072998 0.6907851099967957
1638453386409774065 0.19038613140583038 -0.34668418765068054 0.0 0.0 0.0 0.7509340047836304 0.6603772640228271
1638453386544774055 0.1875617355108261 -0.3293757736682892 0.0 0.0 0.0 0.7724725008010864 0.6350482106208801
1638453386713773966 0.18250781297683716 -0.30826127529144287 0.0 0.0 0.0 0.7973487973213196 0.6035187840461731
1638453386921241999 0.17435018718242645 -0.283829927444458 0.0 0.0 0.0 0.8247289657592773 0.565528154373169
163845338787241888 0.1657813936471939 -0.2639913558959961 0.0 0.0 0.0 0.8461132049560547 0.5330032110214233
1638453387252241850 0.15576396882534027 -0.24507249891757965 0.0 0.0 0.0 0.8668328523635864 0.49859878420829773
1638453387420241833 0.14415302872657776 -0.22678695619106293 0.0 0.0 0.0 0.8864086866378784 0.46290352940559387
1638453387555241823 0.13376165926456451 -0.21278519928455353 0.0 0.0 0.0 0.9002422094345093 0.43538936972618103
1638453387722241879 0.11985128372907639 -0.19661366939544678 0.0 0.0 0.0 0.9168950915336609 0.3991282880306244
1638453387955241919 0.09849606454372406 -0.17560063302516937 0.0 0.0 0.0 0.932449460029602 0.3613004982471466
1638453388157241821 0.0784979984164238 -0.15841147303581238 0.0 0.0 0.0 0.9423260688781738 0.33469629287719727
1638453388291241884 0.06484193354845047 -0.14760710299015045 0.0 0.0 0.0 0.9465891122817993 0.3224423825740814
1638453388458241940 0.04748140275478363 -0.13451862335205078 0.0 0.0 0.0 0.9494307041168213 0.3139767348766327
1638453388660241842 0.02656915970146656 -0.1189943328499794 0.0 0.0 0.0 0.9490483999252319 0.3151303827762604
1638453388793241978 0.012828992679715157 -0.10858755558729172 0.0 0.0 0.0 0.9464540481567383 0.32283854484558105
1638453388997241974 -0.007750389631837606 -0.0920158103108406 0.0 0.0 0.0 0.9390878081321716 0.343677282333374
1638453389200241804 -0.027264732867479324 -0.0743953213095665 0.0 0.0 0.0 0.9263333678245544 0.3767048418521881
1638453389359467983 -0.04203621298074722 -0.058934640139341354 0.0 0.0 0.0 0.9119203090667725 0.41036736965179443
1638453389526468039 -0.0557154081761837 -0.042205341160297394 0.0 0.0 0.0 0.8950305581092834 0.4460047781467438
1638453389658468008 -0.0655752569437027 -0.0282558873295784 0.0 0.0 0.0 0.8809399604797363 0.47322800755500793
1638453389791468143 -0.07455520331859589 -0.01372466329485178 0.0 0.0 0.0 0.8657708764076233 0.5004406571388245
163845339025468111 -0.07658938318490982 -0.010106366127729416 0.0 0.0 0.0 0.8603416085243225 0.5097178816795349
1638453390260468006 -0.07668611407279968 -0.009928484447300434 0.0 0.0 0.0 0.855961799621582 0.5170390009880066
1638453390493468046 -0.07667384296655655 -0.00995064340531826 0.0 0.0 0.0 0.8446379899978638 0.5353379249572754
1638453390695467949 -0.07669369131326675 -0.009904094971716404 0.0 0.0 0.0 0.8290665149688721 0.559149980545044
1638453390895467997 -0.07672716677188873 -0.009808567352592945 0.0 0.0 0.0 0.8094115257263184 0.5872418284416199
163845339161468124 -0.0767548680305481 -0.00971121247857809 0.0 0.0 0.0 0.7901787161827087 0.6128764748573303
1638453391302468061 -0.07678505033254623 -0.00956242810934782 0.0 0.0 0.0 0.7540814280509949 0.6567808985710144
1638453391468467951 -0.0767950713634491 -0.009461700916290283 0.0 0.0 0.0 0.7278163433074951 0.6857721209526062
1638453391666468143 -0.07679510861635208 -0.009436383843421936 0.0 0.0 0.0 0.6939786672592163 0.7199955582618713
1638453391862168074 -0.0767974779009819 -0.009461583569645882 0.0 0.0 0.0 0.6578398942947388 0.7531577944755554
163845339260168028 -0.0768049955368042 -0.009485921822488308 0.0 0.0 0.0 0.6216560006141663 0.7832903861999512
1638453392261168003 -0.07681407034397125 -0.009509611874818802 0.0 0.0 0.0 0.5832433104515076 0.812297523021698
1638453392393167973 -0.07680501788854599 -0.009485975839197636 0.0 0.0 0.0 0.5568100214004517 0.8306398391723633
1638453392558168173 -0.07683483511209488 -0.009555785916745663 0.0 0.0 0.0 0.5224758982658386 0.8526540398597717
1638453392693168163 -0.07686026394367218 -0.009599562734365463 0.0 0.0 0.0 0.49491941928863525 0.8689388632774353
1638453392860167980 -0.0769016295671463 -0.00966327078640461 0.0 0.0 0.0 0.4600767195224762 0.8878791332244873
163845339360168028 -0.0769791230559349 -0.0097632622346282 0.0 0.0 0.0 0.41564005613327026 0.9095292091369629
1638453393193168163 -0.07701285183429718 -0.00980099942535162 0.0 0.0 0.0 0.38652288913726807 0.9222798347473145
1638453393362168074 -0.07702981680631638 -0.009819884784519672 0.0 0.0 0.0 0.34788021445274353 0.9375389814376831
1638453393562168121 -0.07705013453960419 -0.009835012257099152 0.0 0.0 0.0 0.3028923273086548 0.9530248045921326
1638453393695168018 -0.07698623836040497 -0.009793994016945362 0.0 0.0 0.0 0.2715740203857422 0.9624175429344177
1638453393896167994 -0.07689669728279114 -0.009746751748025417 0.0 0.0 0.0 0.22504058480262756 0.9743493795394897
163845339464167976 -0.07678067684173584 -0.00969624612480402 0.0 0.0 0.0 0.18470992147922516 0.9827930927276611
1638453394262168169 -0.07666033506393433 -0.009657184593379498 0.0 0.0 0.0 0.1378130316734314 0.9904582500457764
1638453394454596996 -0.07658648490905762 -0.009639785625040531 0.0 0.0 0.0 0.09022985398769379 0.9959209561347961
1638453394653597116 -0.07658644020557404 -0.009640187956392765 0.0 0.0 0.0 0.04246554896235466 0.9990979433059692
1638453394853597164 -0.07658636569976807 -0.009641683660447598 0.0 0.0 0.0 0.0002453438937664032 0.9999999403953552
163845339586596966 -0.07656105607748032 -0.009641681797802448 0.0 0.0 0.0 -0.00028416700661182404 0.9999999403953552
1638453395286597013 -0.07656105607748032 -0.009641682729125023 0.0 0.0 0.0 -0.0002673491835594177 0.9999999403953552
1638453395518597126 -0.07658636569976807 -0.00964165199548006 0.0 0.0 0.0 -9.036064147949219e-05 1.0
1638453395752597094 -0.07658636569976807 -0.00964165199548006 0.0 0.0 0.0 -0.00020064786076545715 1.0
163845339618597126 -0.08170025044319328 -0.011822746599556585 0.0027011806155675293 -0.002402235029345415 0.0011728312760170341 -0.00816455709944527 0.9999631219107701
1638453396187597036 -0.08175086274093983 -0.011821915730937339 0.002701297341735935 -0.0024022744146349603 0.0011727502890299952 -0.008198243244794132 0.9999627949025411
1638453396355597019 -0.08172555656989736 -0.01182232976845526 0.002701238971914921 -0.002402190248930898 0.0011729229441251941 -0.008126394701681281 0.9999634248453535
1638453396554597139 -0.08172555670291251 -0.01182233814920546 0.0027012390123357876 -0.0024022930554742114 0.001172712130149889 -0.008214129188008982 0.999962668799312
1638453396753597021 -0.08172555670291251 -0.01182233814920546 0.0027012390123357876 -0.0024022535434208396 0.00117279337662984 -0.008180335013031035 0.9999629966650844
1638453396997604847 -0.08172555670291251 -0.01182233814920546 0.0027012390123357876 -0.002402341542637863 0.001172612874111062 -0.008255450521133785 0.999962340788978
1638453397162605047 -0.08172555662901519 -0.011822333493233129 0.0027012389898797506 -0.002402274252901802 0.0011727506201071587 -0.008198105413888058 0.9999627959966482
1638453397360605001 -0.08172555661423575 -0.011822332562038664 0.0027012389853885432 -0.002402226925202849 0.0011728478656673372 -0.008157650653503112 0.999963176734404
1638453397565604925 -0.08172555662901519 -0.011822333493233129 0.0027012389898797506 -0.0024024086684551827 0.0011724754636661446 -0.008312655934893626 0.9999618866902003
1638453397732604980 -0.0817002503988549 -0.011822743805973182 0.002701180602093907 -0.0024022660198098266 0.0011727674737243893 -0.008191089075737006 0.9999628516926107
1638453397968605042 -0.08172555661423575 -0.011822332562038664 0.0027012389853885432 -0.002402175168406706 0.0011729538148336867 -0.008113542900979855 0.9999635268634425
1638453398170604944 -0.08172555661423575 -0.011822332562038664 0.0027012389853885432 -0.002402292998649048 0.0011727122464742978 -0.008214080760933875 0.999962669183728
1638453398353605032 -0.08172555661423575 -0.011822332562038664 0.0027012389853885432 -0.0024020896487210387 0.0011731288785949334 -0.008040662015523899 0.9999641053947184
1638453398518604994 -0.0817255565994563 -0.011822331630844195 0.0027012389808973355 -0.002402208725851408 0.0011728851207962671 -0.008142140951410247 0.9999632998510166
1638453398697604895 -0.08172555656989736 -0.01182232976845526 0.002701238971914921 -0.002402255254732498 0.0011727898734755285 -0.008181793413023676 0.999962985088249
1638453398896605015 -0.08170025042841382 -0.011822745668362118 0.002701180611076322 -0.0024022409894308453 0.0011728190753761561 -0.008169636354592051 0.9999630815914471
163845339997604990 -0.08175086269660144 -0.011821912937353941 0.0027012973282623124 -0.0024023704972443117 0.0011725536023507563 -0.008280125978480523 0.9999621449142472
1638453399296604872 -0.0817255565994563 -0.011822331630844195 0.0027012389808973355 -0.0024021200458124096 0.0011730666539842502 -0.008066566775546425 0.9999638997617355
1638453399437238216 -0.0817255565994563 -0.011822331630844195 0.0027012389808973355 -0.002402230979459715 0.00117283956636817 -0.008161105739054004 0.9999631493078018
1638453399603238106 -0.08172555662901519 -0.011822333493233129 0.0027012389898797506 -0.0024025346836725196 0.0011722171401877775 -0.008420169127140031 0.9999609736400293
1638453399837238073 -0.08172555670291251 -0.01182233814920546 0.0027012390123357876 -0.0024022612683519146 0.0011727772002345723 -0.00818703982722615 0.9999628838357013
16384534005238056 -0.08170025054664952 -0.011822753117917851 0.0027011806470059814 -0.002402319374267301 0.001172658254052546 -0.008236558374102688 0.9999624907555689
1638453400204238176 -0.08172555664379468 -0.011822334424427594 0.002701238994370958 -0.0024022620857600376 0.0011727755269526918 -0.008187736432075763 0.9999628783060251
1638453400337238073 -0.08172555664379468 -0.011822334424427594 0.002701238994370958 -0.002402242842805413 0.0011728152814108226 -0.008171215822272457 0.9999630690535718
1638453400505238056 -0.08172555676203036 -0.011822341873983329 0.0027012390303006173 -0.0024023269473131452 0.001172642751588064 -0.008243012213150578 0.999962439524746
1638453400707238197 -0.08172555680636874 -0.011822344667566728 0.0027012390437742397 -0.0024022133920715743 0.0011728755687726974 -0.008146117559308441 0.99996326828455
1638453400941238165 -0.08175086296263175 -0.011821929698854337 0.002701297409104046 -0.0024022515567256957 0.0011727974435101326 -0.008178641927982108 0.9999630101048587
1638453401110238075 -0.08172555673247142 -0.011822340011594393 0.0027012390213182027 -0.0024022974637955587 0.0011727031060601745 -0.008217886011489385 0.9999626389775025
1638453401242238045 -0.08170025056142897 -0.011822754049112316 0.0027011806514971887 -0.0024022746987607782 0.001172749707407951 -0.008198485380169667 0.9999627929804612
1638453401412238121 -0.08172555665857413 -0.011822335355622063 0.002701238998862165 -0.002402459081117648 0.0011723722660194652 -0.008355618200832625 0.9999615456540785
1638453401610238075 -0.08172555665857413 -0.011822335355622063 0.002701238998862165 -0.0024021924126582817 0.0011729185148496278 -0.008128238655694965 0.9999634102079755
1638453401743238211 -0.08172555665857413 -0.011822335355622063 0.002701238998862165 -0.00240234794858227 0.0011725997607709762 -0.008260909742562174 0.9999622974534681
1638453401904217005 -0.08172555665857413 -0.011822335355622063 0.002701238998862165 -0.0024022695954239687 0.0011727601542346655 -0.00819413625630911 0.9999628275039739
1638453402108217001 -0.0817255565994563 -0.011822331630844195 0.0027012389808973355 -0.0024024326836435627 0.0011724263031813742 -0.008333121961865694 0.9999617242300899
1638453402308217049 -0.08170025054664952 -0.011822753117917851 0.0027011806470059814 -0.0024022934401368573 0.0011727113427231217 -0.008214457002055859 0.9999626661971115
1638453402440217018 -0.0817255566733536 -0.01182233628681653 0.002701239003353373 -0.002402346805522248 0.0011726021006811997 -0.008259935613320602 0.9999623051861435
1638453402607217073 -0.08172555668813306 -0.011822337218010993 0.0027012390078445803 -0.0024022821384860464 0.001172734477858428 -0.008204825601849037 0.9999627426515373
