1638453301226576805 8.457645933428182e-13 -4.772045869572139e-09 0.0 0.0 0.0 1.9706785678863525e-05 1.0
1638453301329576969 9.634797842363041e-14 -1.4096768197176526e-09 0.0 0.0 0.0 6.451830267906189e-05 1.0
1638453301430576801 1.2200193654811342e-13 -4.41647962642202e-09 0.0 0.0 0.0 0.00016061775386333466 1.0
1638453301531576872 2.531068639655132e-05 -4.198434933010108e-09 0.0 0.0 0.0 -0.00015200302004814148 1.0
1638453301630576849 5.062137279310264e-05 9.990319682663707e-09 0.0 0.0 0.0 0.00020264647901058197 1.0
1638453301749883890 9.309517132877199e-13 -1.960328122017873e-09 0.0 0.0 0.0 5.002133548259735e-05 1.0
1638453301850883961 -7.167946520624663e-14 1.5036851764086207e-09 0.0 0.0 0.0 7.832981646060944e-05 1.0
1638453301950883865 5.062137279310264e-05 8.529726258678406e-09 0.0 0.0 0.0 4.2321160435676575e-05 1.0
163845330249883842 -7.01835846926048e-14 2.0172341575267267e-09 0.0 0.0 0.0 -1.2990087270736694e-05 1.0
1638453302149883986 -7.01835846926048e-14 2.0172341575267267e-09 0.0 0.0 0.0 -0.00014785677194595337 1.0
1638453302248883963 5.062137279310264e-05 4.118761776118785e-09 0.0 0.0 0.0 -4.278309643268585e-05 1.0
1638453302384883881 5.6243638218989034e-14 3.312773833065475e-09 0.0 0.0 0.0 -3.077276051044464e-05 1.0
1638453302483883858 -4.586026450628146e-14 4.9798152268812685e-09 0.0 0.0 0.0 2.2463500499725342e-05 1.0
1638453302582883835 2.531068639655132e-05 7.830003312427092e-09 0.0 0.0 0.0 6.481260061264038e-05 1.0
1638453302688884020 2.531068639655132e-05 4.231014649781795e-09 0.0 0.0 0.0 -7.786601781845093e-05 1.0
1638453302788883924 9.848023817867618e-14 1.0338410128333037e-09 0.0 0.0 0.0 9.39592719078064e-05 1.0
1638453302888884068 2.8766529089341297e-13 -3.587229402065789e-10 0.0 0.0 0.0 9.670481085777283e-05 1.0
1638453302990884066 -9.24877307986044e-14 2.214535888035752e-09 0.0 0.0 0.0 0.00012494996190071106 1.0
163845330389884043 2.4153891235202674e-13 -1.4073654463694568e-09 0.0 0.0 0.0 0.0001563485711812973 1.0
1638453303192883968 5.062137279310264e-05 8.292777131692387e-09 0.0 0.0 0.0 8.550472557544708e-05 1.0
1638453303292883873 0.000303728214930743 5.316555373727914e-08 0.0 0.0 0.0 -2.8172507882118225e-05 1.0
1638453303394883871 0.0012402230640873313 -8.685454417900126e-07 0.0 0.0 0.0 -0.0008778552291914821 0.9999996423721313
1638453303495883942 0.002227338030934334 -2.785840024444007e-06 0.0 0.0 0.0 -0.0010432784911245108 0.999999463558197
1638453303595883846 0.0036953550297766924 -5.732784302381298e-06 0.0 0.0 0.0 -0.0009645165991969407 0.9999995231628418
1638453303728883982 0.006251730024814606 -1.0584237315924804e-05 0.0 0.0 0.0 -0.0008706486551091075 0.9999996423721313
1638453303860883951 0.008884038776159286 -1.4705362445965841e-05 0.0 0.0 0.0 -0.000701717974152416 0.9999997615814209
1638453303961884022 0.01123793050646782 -1.8306458514416556e-05 0.0 0.0 0.0 -0.0008345971582457423 0.9999996423721313
163845330494883919 0.015009220689535141 -2.3117197997635197e-05 0.0 0.0 0.0 -0.0007119159563444555 0.9999997615814209
1638453304214641094 0.018831128254532814 -3.016796108568084e-05 0.0 0.0 0.0 -0.0010707152541726828 0.9999994039535522
1638453304347640991 0.023032695055007935 -3.745634239749048e-05 0.0 0.0 0.0 -0.0007283537997864187 0.9999997615814209
1638453304447640896 0.024044620382780095 0.002009295777084385 0.0 0.0 0.0 -0.0020040730990705715 0.9999980057155747
1638453304546640873 0.02386001507788739 0.005053444525118348 0.0 0.0 0.0 -0.003921588279893851 0.9999922859047757
1638453304645641088 0.0276058899614792 0.0050252153384853894 0.0 0.0 0.0 -0.0038238411837078906 0.9999926839459717
1638453304812640905 0.03436364604161329 0.004974161263575245 0.0 0.0 0.0 -0.0038967632163751376 0.9999924163251452
1638453304946640968 0.040311479073486964 0.004927988457804033 0.0 0.0 0.0 -0.0037667739220442033 0.9999929063397941
163845330545640945 0.045449405416754796 0.004889564416711766 0.0 0.0 0.0 -0.003811942654904938 0.9999927178874782
1638453305215641022 0.05519370639058743 0.004811407610634041 0.0 0.0 0.0 -0.0040002379812990605 0.9999920019453153
1638453305348640919 0.06402683810841572 0.00473902688293665 0.0 0.0 0.0 -0.004043296403999383 0.9999918195128283
1638453305449640989 0.07101234828144856 0.004681625129521459 0.0 0.0 0.0 -0.004093889079259174 0.9999916155882823
1638453305549640894 0.07792193453647421 0.004625307397299099 0.0 0.0 0.0 -0.004059210662990362 0.9999917741161298
1638453305649641037 0.08503400008619097 0.004567512148695137 0.0 0.0 0.0 -0.004164218378635142 0.9999913553634352
1638453305749640942 0.09255101551537787 0.004505235207091337 0.0 0.0 0.0 -0.004083506737438939 0.999991645204744
1638453305882641077 0.1032317540447497 0.004416599030733329 0.0 0.0 0.0 -0.004434727693629074 0.9999901664797352
1638453305982640982 0.11110306895027168 0.0043471352618600564 0.0 0.0 0.0 -0.0045475507500801985 0.9999896658282676
163845330683641052 0.11927807198442894 0.004272013213612109 0.0 0.0 0.0 -0.004595712683309957 0.9999894688376081
1638453306184640884 0.12795925295847885 0.004190292749688371 0.0 0.0 0.0 -0.004699532511035772 0.9999889342636844
1638453306285640955 0.13699477455773978 0.0041059860757822865 0.0 0.0 0.0 -0.00469420553760931 0.99998900906419
1638453306384640932 0.14587842733268483 0.004022780542007227 0.0 0.0 0.0 -0.004705765827666812 0.9999889164826493
1638453306484641075 0.15481267699111237 0.00393551119416705 0.0 0.0 0.0 -0.004995360846941134 0.9999874943407874
1638453306584640980 0.1639240653045689 0.00384401174468236 0.0 0.0 0.0 -0.005185109805720839 0.9999865358324724
1638453306704463959 0.17293417849452455 0.0037489917681201956 0.0 0.0 0.0 -0.005375592643703481 0.9999855752307083
1638453306805464029 0.18207077289548856 0.0036484143353614938 0.0 0.0 0.0 -0.0054495819814866795 0.9999851257506466
1638453306905463934 0.19105553960392477 0.003550923769363633 0.0 0.0 0.0 -0.0054946211492173285 0.9999848780630385
163845330711463881 0.20059707584840578 0.0034444561138937636 0.0 0.0 0.0 -0.005662104836963502 0.9999839830681926
1638453307111464024 0.2095058387637336 0.003340578920823675 0.0 0.0 0.0 -0.005831371830157488 0.9999830233814379
1638453307210464001 0.21851581608710804 0.0032348039327820054 0.0 0.0 0.0 -0.006083208992371175 0.9999814705273384
1638453307346463919 0.23056284683357395 0.003092170436401797 0.0 0.0 0.0 -0.005931640781375947 0.9999823797268992
1638453307446463823 0.23297834030696474 0.0027770969585340305 0.0 0.0 0.0 -0.004824467546055724 0.9999883866443442
1638453307545463800 0.21926840503262005 0.0019932110399281163 0.0 0.0 0.0 -0.001633909750461874 0.9999986736456358
1638453307645463943 0.22817770496038167 0.001962966521973783 0.0 0.0 0.0 -0.0019236064489055388 0.9999981439369577
1638453307749463797 0.2374160297783844 0.0019302532309414253 0.0 0.0 0.0 -0.0017290982020519907 0.9999984953440312
1638453307851463795 0.24650251412043886 0.0018964121137911173 0.0 0.0 0.0 -0.0019057398957987848 0.999998181070259
1638453307985463858 0.25849968402494505 0.0018496359551661268 0.0 0.0 0.0 -0.0018586913871173909 0.9999983007097749
163845330884429264 0.26731534384457845 0.001816468081265121 0.0 0.0 0.0 -0.0018489886528156902 0.999998279295064
1638453308185058117 0.2762283036167388 0.001782060783232255 0.0 0.0 0.0 -0.00222939100332755 0.9999975263915825
1638453308253463984 0.2822915222172102 0.0017537760935852338 0.0 0.0 0.0 -0.0022552534424257853 0.9999974285718699
1638453308352463961 0.29109952549086904 0.0017109842009632164 0.0 0.0 0.0 -0.0025824464642226486 0.9999966480001737
1638453308453463793 0.30008470534772536 0.0016677088778320774 0.0 0.0 0.0 -0.002387792240601075 0.9999971780377228
1638453308552464008 0.30889271344326785 0.0016230000965855099 0.0 0.0 0.0 -0.002404464914078322 0.9999970797981452
1638453308653463840 0.31787789601561844 0.0015786452575904416 0.0 0.0 0.0 -0.0026092490503648964 0.9999966221060348
1638453308752463818 0.3267871841797295 0.0015412296199479082 0.0 0.0 0.0 -0.0018303998501866601 0.9999983247312083
1638453308854463816 0.33594960142636565 0.001508840757642726 0.0 0.0 0.0 -0.0015366284608381326 0.9999987897103126
1638453308955463886 0.3451120114870303 0.0014793086018818063 0.0 0.0 0.0 -0.0017766402363407249 0.9999984359299317
163845330987463856 0.357083913876575 0.0014424184668499086 0.0 0.0 0.0 -0.0015303205430626469 0.999998841381315
1638453309213410854 0.36925833540753517 0.0014127167644566543 0.0 0.0 0.0 -0.0011370970278528215 0.9999993600900675
1638453309312410831 0.37816766163870974 0.0013957108721194145 0.0 0.0 0.0 -0.000929422601278766 0.9999995757281908
1638453309413410902 0.38725419318966947 0.0013786452582556217 0.0 0.0 0.0 -0.0007558826669833115 0.9999997150890788
1638453309514410973 0.3962901037094214 0.0013681500523976232 0.0 0.0 0.0 -0.0005490537227744831 0.999999872185903
1638453309616410971 0.40530065287865624 0.001381148929775233 0.0 0.0 0.0 0.002431077399021604 0.9999970180408204
1638453309732410908 0.41567754766427367 0.0014793794094412958 0.0 0.0 0.0 0.007830364603519614 0.9999693655257124
1638453309833410978 0.4246605029429682 0.0016806892524173856 0.0 0.0 0.0 0.015131067402079897 0.9998854984967025
1638453309933410883 0.43353752539422685 0.0020301491248157543 0.0 0.0 0.0 0.024418497192765464 0.9997017982295511
163845331034410954 0.44248211978523566 0.0025534033120255253 0.0 0.0 0.0 0.03395785357777488 0.9994232480640992
1638453310134410858 0.45133936567829747 0.0032415761103741516 0.0 0.0 0.0 0.043484953364167696 0.999054054577792
1638453310233410835 0.46010488536376404 0.004105224898820807 0.0 0.0 0.0 0.054690341398542966 0.9985033401267989
1638453310365410805 0.47190285121105624 0.005624206496397804 0.0 0.0 0.0 0.0737979690391511 0.9972732068521842
1638453310466410875 0.4733768970541455 0.00403363045725391 0.0 0.0 0.0 0.08607596080017695 0.9962885685647457
1638453310599411011 0.4809920343991401 0.004584863602911997 0.0 0.0 0.0 0.10411169164414263 0.9945656393665778
1638453310698410988 0.4896798146089509 0.006558261764980849 0.0 0.0 0.0 0.11856293254754925 0.9929465675793926
1638453310827023029 0.5008970681040792 0.00949819797918589 0.0 0.0 0.0 0.13705215068168186 0.9905638504491949
1638453310964411020 0.5127339605263543 0.01309593468346784 0.0 0.0 0.0 0.1574944068500037 0.9875198794005273
163845331165410852 0.5213758078411985 0.016062497090612207 0.0 0.0 0.0 0.17227698231795308 0.9850485438650198
1638453311164410830 0.5298085329970337 0.019236621405619467 0.0 0.0 0.0 0.1860655604856642 0.9825373202674909
1638453311298410892 0.5407923269141367 0.023803297587476496 0.0 0.0 0.0 0.2047740077203988 0.9788092532394335
1638453311399410963 0.5490472211848784 0.02753941180089546 0.0 0.0 0.0 0.21635909497428843 0.9763138317348489
1638453311499410868 0.5571089275116756 0.031391032106213065 0.0 0.0 0.0 0.22525252430803294 0.9743004176812607
1638453311634410858 0.5678622337413406 0.03676749905662409 0.0 0.0 0.0 0.2336863038260125 0.9723120580104524
1638453311737218857 0.5757328384045561 0.0408332336190111 0.0 0.0 0.0 0.2383960009057171 0.9711680318453801
1638453311839218855 0.5836548877993559 0.0450191363442022 0.0 0.0 0.0 0.24294995823248056 0.9700388502406928
1638453311942219019 0.5917384773159846 0.04938604018973349 0.0 0.0 0.0 0.24728380446313827 0.968943072161285
163845331242218924 0.5995825827388777 0.053716314437163654 0.0 0.0 0.0 0.2516203948692735 0.967826019347752
1638453312144218922 0.6075650015908083 0.058214234021135056 0.0 0.0 0.0 0.25576853078712947 0.9667380667707904
1638453312245218992 0.6155512261212177 0.06280773721024607 0.0 0.0 0.0 0.260045881744951 0.9655962480537789
1638453312345218897 0.6241740698384932 0.06786746383455713 0.0 0.0 0.0 0.2645269574504041 0.9643783240658025
1638453312445219040 0.6332080499114876 0.07327597730161584 0.0 0.0 0.0 0.26849569755865144 0.9632808615654811
1638453312544219017 0.6424728728923303 0.078938484647258 0.0 0.0 0.0 0.27341148259468845 0.9618971783697644
1638453312646219015 0.6521901253750113 0.08502431659896931 0.0 0.0 0.0 0.27896938410533084 0.960300008105357
1638453312747218847 0.6620296156751984 0.09134279694889227 0.0 0.0 0.0 0.2842259610093082 0.9587573378734519
1638453312882218838 0.6759107928917631 0.10049906674066898 0.0 0.0 0.0 0.29065575621271933 0.956827699259666
1638453312981219053 0.6863706249835924 0.10757775021226026 0.0 0.0 0.0 0.2955166571682923 0.9553375982878387
163845331382218885 0.6970131309549128 0.11492741158623357 0.0 0.0 0.0 0.30009955987874415 0.9539078738728652
1638453313181218863 0.7076435732997832 0.12242703815208444 0.0 0.0 0.0 0.30474526344374847 0.9524338984876365
1638453313284219027 0.7184269289665508 0.1301917870081746 0.0 0.0 0.0 0.3093562381744414 0.9509462211235371
1638453313384218931 0.7288603453376378 0.13787806601322777 0.0 0.0 0.0 0.3148087536997627 0.949155116625432
1638453313483218908 0.7390557608646762 0.14554515654991118 0.0 0.0 0.0 0.31832604396763275 0.9479812736824801
1638453313584218979 0.762094062952725 0.13835429284308468 0.0 0.0 0.0 0.3248175494649608 0.9457767222781713
1638453313754219055 0.7794562682347596 0.1518159807277043 0.0 0.0 0.0 0.3212578143168433 0.9469917914255562
1638453313853219032 0.7896922188215177 0.15955521503397527 0.0 0.0 0.0 0.31448712645577814 0.949261720682588
1638453313953218937 0.8002575312257799 0.1672754958331982 0.0 0.0 0.0 0.30578650485932124 0.9521000988628725
163845331455218935 0.8111357304556066 0.17490656169184957 0.0 0.0 0.0 0.29603744424030454 0.9551763409452043
1638453314156219006 0.8220612717165312 0.18219935827073805 0.0 0.0 0.0 0.2839733567651883 0.9588321972549839
1638453314257179022 0.8332060418672019 0.18920006560964645 0.0 0.0 0.0 0.26966194204802396 0.9629550362948781
1638453314390179157 0.8480434211452733 0.19782006295832164 0.0 0.0 0.0 0.2503538480984539 0.9681543753670556
1638453314489179134 0.8593534407052766 0.20388197131051566 0.0 0.0 0.0 0.23667485596899435 0.9715888807761746
1638453314589179039 0.8709910480704129 0.2096964097098966 0.0 0.0 0.0 0.22264117429543046 0.9749004352713161
1638453314691179037 0.8829079987686244 0.21522227372835148 0.0 0.0 0.0 0.2078213104183921 0.9781667933145995
1638453314790179014 0.8947494130657507 0.2202964044355535 0.0 0.0 0.0 0.19409793828691574 0.9809821821301091
1638453314894179106 0.9072289841295633 0.22521589979418843 0.0 0.0 0.0 0.17967806954548135 0.9837254848258926
1638453314996179104 0.9194902692599104 0.22963874743203233 0.0 0.0 0.0 0.16464351365197208 0.9863531543825717
163845331595179081 0.9317296814361036 0.23365892312074038 0.0 0.0 0.0 0.15111717450973358 0.9885158390720589
1638453315264178991 0.952754780780376 0.23966537007001748 0.0 0.0 0.0 0.12614250777710656 0.9920121586377652
1638453315398179054 0.9696687646823068 0.24369508340776108 0.0 0.0 0.0 0.10722867292697118 0.9942344029309094
1638453315498178959 0.9823185273008781 0.24626455873186232 0.0 0.0 0.0 0.0931563083523318 0.9956515060592847
1638453315597178936 0.9949349389699613 0.24846473770116917 0.0 0.0 0.0 0.07907484411137733 0.9968686710171161
1638453315699178934 1.0077844145780732 0.2503281606850489 0.0 0.0 0.0 0.06469398098797399 0.9979051408462142
1638453315799179077 1.0206569481272336 0.25181970700577005 0.0 0.0 0.0 0.050600759204850645 0.9987189461208942
1638453315899178982 1.0321234140571 0.2519788481544953 0.0 0.0 0.0 0.040696432149836634 0.9991715441957195
1638453315998178959 1.0426712561484415 0.2514386004959258 0.0 0.0 0.0 0.033863310228540944 0.9994264614119982
1638453316100178957 1.055788843429794 0.2521311803129934 0.0 0.0 0.0 0.019175757032895955 0.9998161103462955
1638453316199178934 1.068490629937642 0.2524402423453388 0.0 0.0 0.0 0.004922336486598946 0.9999878651869581
1638453316302179098 1.0818540282165297 0.2523715544851891 0.0 0.0 0.0 -0.009832242925178543 0.9999516921058433
1638453316403179169 1.0950323229860814 0.25190705923209245 0.0 0.0 0.0 -0.024847153476340783 0.999691263068627
1638453316502179146 1.1078881758340147 0.2510750306302444 0.0 0.0 0.0 -0.03973736100443678 0.999210144637374
1638453316602179050 1.1207889659993053 0.24985188008154727 0.0 0.0 0.0 -0.05454190490919055 0.9985114580585462
1638453316704045057 1.1337486650968451 0.24823706574299434 0.0 0.0 0.0 -0.06912715426081038 0.9976078733148332
1638453316805045128 1.146705447475051 0.24623575748807805 0.0 0.0 0.0 -0.08391522745629677 0.9964729232869534
1638453316940045118 1.1638605813054774 0.2429691739126286 0.0 0.0 0.0 -0.10353659890237257 0.9946256406512031
163845331741045189 1.1766232090312245 0.24008166586510174 0.0 0.0 0.0 -0.11824226570477928 0.9929847706529551
1638453317140045166 1.1891262035226091 0.23687330806685356 0.0 0.0 0.0 -0.13246703618505043 0.9911873826474478
1638453317241044998 1.2016266544777632 0.23327043241518516 0.0 0.0 0.0 -0.1470286533331963 0.9891322547908669
1638453317340044975 1.2137769052165457 0.22938571937252958 0.0 0.0 0.0 -0.1605211795807284 0.9870323768476826
1638453317440045118 1.2259438472119606 0.2251506899588767 0.0 0.0 0.0 -0.17271565819361892 0.9849716972811792
1638453317540045023 1.2380388425361548 0.2206413909561374 0.0 0.0 0.0 -0.18200909127752635 0.983296838850782
1638453317639045000 1.2501521492503789 0.21589641450560085 0.0 0.0 0.0 -0.1888665776923726 0.9820027593277582
1638453317807044983 1.2452222641226862 0.20359782966077736 0.0 0.0 0.0 -0.19068909922272256 0.9816504916755522
1638453317940045118 1.2611754128130372 0.19713833265288686 0.0 0.0 0.0 -0.19140000828748158 0.9815121425318856
163845331840045023 1.273096052034348 0.1923195441889695 0.0 0.0 0.0 -0.19006702224469454 0.9817710993769934
1638453318140045166 1.2850198164200861 0.1875765782099489 0.0 0.0 0.0 -0.18621397665879758 0.98250919442222
1638453318240045071 1.2970078429574987 0.1829281064125923 0.0 0.0 0.0 -0.18137379113572824 0.9834142143683424
1638453318340044975 1.3091834195104515 0.17834501158918697 0.0 0.0 0.0 -0.17655380059694648 0.984290983879406
1638453318441045046 1.3215764708982178 0.1738391602569154 0.0 0.0 0.0 -0.17001801569822575 0.9854409365927218
1638453318542045116 1.3341371347898232 0.16950361786488694 0.0 0.0 0.0 -0.1609834053841257 0.9869571415752678
1638453318643045187 1.3466351564685817 0.16545944077367214 0.0 0.0 0.0 -0.1510235350868872 0.9885301502347796
1638453318743045092 1.3591161324705323 0.16170054341815418 0.0 0.0 0.0 -0.1408411757108436 0.9900322326891735
1638453318855045080 1.373014131070766 0.15783053334915975 0.0 0.0 0.0 -0.12964502933515157 0.9915604569677181
1638453318934045076 1.38131828407954 0.15567137190385452 0.0 0.0 0.0 -0.12392362748068124 0.9922917725118369
163845331955045128 1.3983240383027427 0.15158759551035117 0.0 0.0 0.0 -0.11167461977711618 0.9937447990490558
1638453319156045198 1.4108630652493706 0.1488595555153637 0.0 0.0 0.0 -0.10254500792328791 0.9947283422771299
1638453319288435936 1.4277305060110472 0.145568372649945 0.0 0.0 0.0 -0.09032784965863594 0.9959120904881804
1638453319401435852 1.4420980080581733 0.1430956487914077 0.0 0.0 0.0 -0.0796788937368372 0.9968205573240007
1638453319500435829 1.4548596144660713 0.1411553964182067 0.0 0.0 0.0 -0.07066908252714085 0.9974998326418266
1638453319600435972 1.4676544618093303 0.1394482118951787 0.0 0.0 0.0 -0.06139266064756248 0.9981136902727793
1638453319733435869 1.4849866780441123 0.13752497302729041 0.0 0.0 0.0 -0.0485573064613469 0.9988203990425157
1638453319833436012 1.4979463787723926 0.13638725482806666 0.0 0.0 0.0 -0.039128572142343596 0.9992341872024973
1638453319932435989 1.510900374351824 0.13550357180256606 0.0 0.0 0.0 -0.029237213881635363 0.9995725229638203
163845332029554129 1.5234691130599836 0.13489354181061322 0.0 0.0 0.0 -0.019315400562838803 0.999813434216419
1638453320133435965 1.5370254524921525 0.13450711718888236 0.0 0.0 0.0 -0.00891442144612636 0.9999602868068967
1638453320234436035 1.549908087702315 0.1344099630953677 0.0 0.0 0.0 0.0011641148244766891 0.9999993292731243
1638453320335435867 1.5630686410453765 0.1345637600886333 0.0 0.0 0.0 0.010575042986374567 0.9999440615724031
1638453320436435938 1.5760972827865174 0.13496807292115878 0.0 0.0 0.0 0.0202404541809722 0.9997951345198355
1638453320535435915 1.5889639415480108 0.13561733769034526 0.0 0.0 0.0 0.030026540521051498 0.9995491093037563
1638453320636435986 1.6019164751936796 0.13652192071382108 0.0 0.0 0.0 0.03954473597254887 0.9992178147389843
1638453320736435890 1.6023742585298149 0.1418573275051755 0.0 0.0 0.0 0.033437910380009254 0.999440811017966
1638453320837435961 1.6154970586764776 0.14286364768970725 0.0 0.0 0.0 0.04304610246192313 0.9990730978892554
16384533217436037 1.6374748115948343 0.14513868880804942 0.0 0.0 0.0 0.05993574196348046 0.9982022537023013
1638453321106436014 1.6502499220847693 0.1468020415978668 0.0 0.0 0.0 0.06943417737317818 0.9975865278409843
1638453321208436012 1.6633183344037463 0.14874528342057944 0.0 0.0 0.0 0.07787821806635654 0.9969628757210474
1638453321307435989 1.6760096695790154 0.15080765864667303 0.0 0.0 0.0 0.08282610685716257 0.9965640379871454
1638453321406435966 1.6887860255836686 0.15297693505711069 0.0 0.0 0.0 0.0851045558084794 0.996372009537199
1638453321509435892 1.7020059924628688 0.15525430429371462 0.0 0.0 0.0 0.08522974326413515 0.9963613091933375
1638453321642436028 1.7190009392382593 0.1581302569133083 0.0 0.0 0.0 0.08152252702968478 0.9966715038291637
1638453321745361090 1.7318732269414552 0.1601834107845285 0.0 0.0 0.0 0.07591294568328424 0.9971144428964234
1638453321844361067 1.7445711498828205 0.16203648436531248 0.0 0.0 0.0 0.06837910464756189 0.9976594304149924
1638453321946361065 1.7576266155810973 0.16370365766681197 0.0 0.0 0.0 0.058039868255024246 0.9983142794076526
163845332246360970 1.7703634591717154 0.1650408316988598 0.0 0.0 0.0 0.045721988916780025 0.9989542310266073
1638453322147361040 1.7833591852842419 0.16604617517866763 0.0 0.0 0.0 0.030906632373106868 0.9995222869474488
1638453322247360945 1.7963032896604334 0.16666036945122337 0.0 0.0 0.0 0.016231462602038157 0.999868258614187
1638453322348361015 1.8093106723540018 0.16688565846992603 0.0 0.0 0.0 0.0011567065897963216 0.9999993385016142
1638453322448360920 1.8221666967248968 0.16670459195360765 0.0 0.0 0.0 -0.015511658996630059 0.9998796959038075
1638453322548361063 1.8350078429193897 0.1660649004224388 0.0 0.0 0.0 -0.03460936162530186 0.999400902410863
1638453322651360989 1.8482161562514263 0.16487273415603837 0.0 0.0 0.0 -0.0552335844808246 0.998473485705415
1638453322751361132 1.861163322543115 0.16316465514506232 0.0 0.0 0.0 -0.07675987353644781 0.9970496147297349
1638453322851361036 1.8739171907325174 0.1608741099784159 0.0 0.0 0.0 -0.10123366189250196 0.9948626865985879
1638453322952361107 1.8867408470428868 0.1579163903342302 0.0 0.0 0.0 -0.12511653503055048 0.9921420281702086
163845332352361012 1.8991363384795976 0.15440975070740562 0.0 0.0 0.0 -0.14947819843899257 0.9887649968881438
1638453323152360916 1.911371440659451 0.15029844420923816 0.0 0.0 0.0 -0.1733052497899596 0.9848681341769824
1638453323287361145 1.9731159137261867 0.12136157078179796 0.0 0.0 0.0 -0.188686863981451 0.9820373131367379
1638453323454360962 1.9929093944654055 0.1125628517487608 0.0 0.0 0.0 -0.2263117202911697 0.9740549212713263
1638453323589360952 2.0083487088532697 0.10435210527118036 0.0 0.0 0.0 -0.2573578365953563 0.9663161926799664
1638453323692361116 2.019686618498765 0.0974730328395444 0.0 0.0 0.0 -0.2813786302131289 0.9595968512444593
1638453323793360949 2.0306561019014517 0.09006553338067327 0.0 0.0 0.0 -0.30378563007216 0.9527404168337211
1638453323893361092 2.0410985159760093 0.08226572426866968 0.0 0.0 0.0 -0.32641758063666176 0.945225666537074
1638453323993360996 2.0510585324689705 0.07405607372702103 0.0 0.0 0.0 -0.3488870901678937 0.9371647413761756
163845332494361067 2.0606609177117576 0.06535517129164437 0.0 0.0 0.0 -0.37102741097501246 0.9286219279366089
1638453324186295986 2.069695626039093 0.05635076081217849 0.0 0.0 0.0 -0.3926910071612592 0.9196704552483936
1638453324286295891 2.0784863455251767 0.04672760163573034 0.0 0.0 0.0 -0.41441516018486735 0.910087921527083
1638453324386296034 2.0720853499236993 0.02082354765350332 0.0 0.0 0.0 -0.43518320863618204 0.9003419010792104
1638453324486295938 2.0798668864124172 0.010525650195731512 0.0 0.0 0.0 -0.4568694608440947 0.8895337372006458
1638453324618295908 2.089330910745152 -0.0035735080749824677 0.0 0.0 0.0 -0.48434115628750707 0.8748791734468303
1638453324752295971 2.098011520986075 -0.01846144866739395 0.0 0.0 0.0 -0.5122925824933343 0.8588109778403631
1638453324886296034 2.1058165780470555 -0.03413789294120535 0.0 0.0 0.0 -0.540523178283117 0.8413290847716193
1638453324988296032 2.1110207479231677 -0.04633571575847398 0.0 0.0 0.0 -0.5618029273551728 0.8272711216315867
163845332588295937 2.115497779116099 -0.05844175009218306 0.0 0.0 0.0 -0.5811183707934827 0.8138190720958903
1638453325188296080 2.1193632818654664 -0.07065059967096807 0.0 0.0 0.0 -0.6005361697911707 0.7995975837369589
1638453325287296057 2.1226229539399193 -0.08295640004584304 0.0 0.0 0.0 -0.6193279356313731 0.7851324473754452
1638453325387295961 2.1253370419592406 -0.0956527966191665 0.0 0.0 0.0 -0.6380502168596914 0.7699947516319496
1638453325487296104 2.12741276674994 -0.10836648104460168 0.0 0.0 0.0 -0.6567243377975672 0.7541307307771248
1638453325587296009 2.125058725605857 -0.11367441954473238 0.0 0.0 0.0 -0.6777734667596409 0.7352707858793753
1638453325687295914 2.1257885049770406 -0.12640898020235164 0.0 0.0 0.0 -0.6954117843287736 0.7186114847302655
1638453325853296041 2.1255878012893623 -0.14804284945994484 0.0 0.0 0.0 -0.7245411757707817 0.6892315076157064
1638453325953295946 2.124611642377456 -0.1609638536335148 0.0 0.0 0.0 -0.7415032455857035 0.6709492801220207
163845332653296089 2.1229900255173297 -0.1738709365043475 0.0 0.0 0.0 -0.7578684281294433 0.6524074531702078
1638453326187295914 2.1198906789905205 -0.190669323796746 0.0 0.0 0.0 -0.7785687641252866 0.6275593311330213
1638453326285295963 2.116889220968052 -0.203066728165048 0.0 0.0 0.0 -0.7931363198109551 0.6090441583556885
1638453326387295961 2.113181476419194 -0.21566758549631992 0.0 0.0 0.0 -0.8081281649366757 0.5890066919307995
1638453326486295938 2.1089714004699394 -0.2277886602561775 0.0 0.0 0.0 -0.8218449889659122 0.5697111835198445
1638453326586296082 2.104177412364367 -0.23969087844007736 0.0 0.0 0.0 -0.8354809829449151 0.5495193490894047
1638453326689728975 2.098830760203285 -0.2512996250056493 0.0 0.0 0.0 -0.8486470688543108 0.5289595316816912
1638453326789729118 2.084613652463017 -0.2621533946640372 0.0 0.0 0.0 -0.8607594889145541 0.5090119086001909
1638453326889729023 2.077995014171289 -0.2735283578447151 0.0 0.0 0.0 -0.8727957588056825 0.48808566466474956
163845332722729158 2.068518835469502 -0.28789257289003917 0.0 0.0 0.0 -0.8884280424577835 0.45901588689666084
1638453327154729128 2.0581953091258147 -0.30153400532868013 0.0 0.0 0.0 -0.9023220432470455 0.4310626250510811
1638453327254729033 2.049839461860318 -0.3114050975452243 0.0 0.0 0.0 -0.9116645261586982 0.41093518834041715
1638453327388729095 2.03796859801775 -0.324143375068773 0.0 0.0 0.0 -0.9218396406384171 0.3875715803905826
1638453327488729000 2.028797218688722 -0.3331902883559043 0.0 0.0 0.0 -0.9282109503793554 0.37205434621564676
1638453327589729071 2.0192417458437255 -0.34205580242946104 0.0 0.0 0.0 -0.9334549425629828 0.3586946094559056
1638453327689728975 2.009455649653541 -0.3506661533239983 0.0 0.0 0.0 -0.9375446782282665 0.3478648668184175
1638453327787729025 1.9997651840688069 -0.3588447627242818 0.0 0.0 0.0 -0.9406633021860454 0.339341394601665
1638453327888729095 1.989691835689845 -0.3670776538946272 0.0 0.0 0.0 -0.9429930480263583 0.33281236528251057
1638453327989729166 1.9795022506798063 -0.3752066257825962 0.0 0.0 0.0 -0.9446137845446881 0.32818402104877326
163845332889729071 1.9691747728571127 -0.3833248969131109 0.0 0.0 0.0 -0.9453597990484974 0.3260288825004405
1638453328190729141 1.9511498389021489 -0.37185120910909314 0.0 0.0 0.0 -0.9479151394719438 0.31852294431708067
1638453328292729139 1.9407952079243729 -0.37976887697566936 0.0 0.0 0.0 -0.9462113246813336 0.3235491970400854
1638453328391729116 1.9307566029738616 -0.38763989992368747 0.0 0.0 0.0 -0.9439103070268209 0.33020192425800665
1638453328491729021 1.9206708560206038 -0.39581721231569666 0.0 0.0 0.0 -0.9409571115073094 0.3385258520306123
1638453328593729019 1.910607331324857 -0.40429934428633907 0.0 0.0 0.0 -0.9374962410687068 0.3479953381966204
1638453328683135986 1.9019062603842671 -0.41197692525908847 0.0 0.0 0.0 -0.9333941343164834 0.35885290641208495
1638453328783867359 1.892331613965034 -0.4208631825452718 0.0 0.0 0.0 -0.9281439000037429 0.3722216301404699
1638453328893728971 1.8821797841920747 -0.43091242387798223 0.0 0.0 0.0 -0.9211741833621642 0.389150522902395
1638453328992729187 1.8733879717489927 -0.4402938603513242 0.0 0.0 0.0 -0.9136960447812728 0.40639829560524515
163845332993729019 1.8647288152444248 -0.45030543752038327 0.0 0.0 0.0 -0.9052706749974665 0.4248353321071809
1638453329193798065 1.8566804855425192 -0.4603967306408897 0.0 0.0 0.0 -0.8967535220728401 0.44253033665891023
1638453329294798136 1.8489634418923782 -0.47090091454133665 0.0 0.0 0.0 -0.8877546791617513 0.4603168648436191
1638453329395797968 1.841680286815775 -0.48168000387600907 0.0 0.0 0.0 -0.8784685277975226 0.4778002770363145
1638453329495798111 1.8349430295757412 -0.4925413438021811 0.0 0.0 0.0 -0.8691203436327936 0.4946006099668882
1638453329660798073 1.8246815886282899 -0.5111582334886275 0.0 0.0 0.0 -0.8526985829920322 0.5224032188385077
1638453329797798157 1.817070379037522 -0.5271272774809721 0.0 0.0 0.0 -0.8380809123704112 0.5455459896489614
1638453329895797968 1.8121333132379658 -0.5388615728080166 0.0 0.0 0.0 -0.827810561394134 0.5610077568906092
1638453329995798111 1.807540103497028 -0.5510596945811578 0.0 0.0 0.0 -0.8166938763191393 0.5770711791465997
163845333094798088 1.803481235098624 -0.5632593887938339 0.0 0.0 0.0 -0.8053825788123661 0.5927553145568824
1638453330194797993 1.799887220265205 -0.5756566056468958 0.0 0.0 0.0 -0.7935490926127708 0.6085061771786426
1638453330295798063 1.8038206919423427 -0.5715524960763496 0.0 0.0 0.0 -0.7970624397733329 0.6038968691700745
1638453330394798040 1.8005979829646115 -0.5839207027899838 0.0 0.0 0.0 -0.7853979844510811 0.6189910582671568
1638453330494798183 1.797802292844881 -0.5966516193158273 0.0 0.0 0.0 -0.7726389247762959 0.6348457054175531
1638453330596798182 1.7955110236046359 -0.60953434353239 0.0 0.0 0.0 -0.7600233225970031 0.6498958184077273
1638453330695798159 1.7937523390175771 -0.6222195539860378 0.0 0.0 0.0 -0.7477648335216415 0.6639636548989505
1638453330797798157 1.7924588878860968 -0.6352657360036186 0.0 0.0 0.0 -0.7347517358135142 0.6783361116966657
1638453330897798061 1.7916714665601283 -0.648250892428262 0.0 0.0 0.0 -0.7213827943284937 0.6925365768447771
1638453330997797966 1.791388713337918 -0.6612821390767117 0.0 0.0 0.0 -0.7080250253647601 0.7061873827152839
163845333197798109 1.7916077755049926 -0.6743145499641332 0.0 0.0 0.0 -0.6940094190327499 0.7199659505955334
1638453331198798180 1.7923457942486851 -0.6873532804399054 0.0 0.0 0.0 -0.6797345279334766 0.7334582632920571
1638453331297798157 1.793571293022862 -0.7001263844105141 0.0 0.0 0.0 -0.6654279537152209 0.7464620520882761
1638453331397798061 1.7953053974034936 -0.7129171314470839 0.0 0.0 0.0 -0.6505628646334904 0.7594524141269294
1638453331496798038 1.7974900797555562 -0.7254074753838614 0.0 0.0 0.0 -0.6360004214688668 0.7716887168178317
1638453331595798016 1.7968435657985162 -0.736324703053781 0.0 0.0 0.0 -0.6166990396571096 0.7871990543354862
1638453331704500914 1.8001733836066107 -0.7487692781978889 0.0 0.0 0.0 -0.6008154479684434 0.7993878041502015
1638453331807501078 1.8041109224455691 -0.7614597905143116 0.0 0.0 0.0 -0.5853818142105656 0.8107577664370518
1638453331908500910 1.8084129654567502 -0.7736564203083351 0.0 0.0 0.0 -0.5696499618855431 0.8218873922111274
16384533327500887 1.8131594014359895 -0.7856052953373764 0.0 0.0 0.0 -0.5537347608006239 0.8326931291695477
1638453332141500950 1.820324900963771 -0.8015021628863627 0.0 0.0 0.0 -0.5316286110810527 0.8469775878356723
1638453332240500927 1.8261779233479207 -0.8130350650183272 0.0 0.0 0.0 -0.514898812222724 0.8572509512475364
1638453332340501070 1.8325188748688643 -0.8244230136878047 0.0 0.0 0.0 -0.49901572449211445 0.8665929179169118
1638453332441500902 1.8392566785713191 -0.8355809332338355 0.0 0.0 0.0 -0.48437887198060564 0.874858367252562
1638453332541501045 1.8461857731093612 -0.8463213113523298 0.0 0.0 0.0 -0.4727564873691505 0.8811931461396285
1638453332641500950 1.853531096034319 -0.857120134566912 0.0 0.0 0.0 -0.4632044169095903 0.886251479685901
1638453332742501020 1.8610788067312471 -0.8677473522734209 0.0 0.0 0.0 -0.45450587323555786 0.8907437457449795
1638453332827876806 1.8675548538812332 -0.8765403298336296 0.0 0.0 0.0 -0.4482875118242685 0.893889456004118
1638453332942501068 1.8765092101160474 -0.8883497410084931 0.0 0.0 0.0 -0.44213464223050053 0.8969486698838273
163845333343500900 1.8844932894905042 -0.8986533457098714 0.0 0.0 0.0 -0.43882047107630573 0.8985747609461965
1638453333129914999 1.8914399647256008 -0.9075291944701891 0.0 0.0 0.0 -0.4375091970479573 0.8992139454382226
1638453333243500948 1.9028766249465903 -0.9064611194978697 0.0 0.0 0.0 -0.41538440118050624 0.909645951787201
1638453333345500946 1.911585169647393 -0.91656466481117 0.0 0.0 0.0 -0.41837520476386847 0.908274295476953
1638453333446501017 1.9200603078129723 -0.9265679950513714 0.0 0.0 0.0 -0.4228521026327167 0.9061987184818601
1638453333544501066 1.9283066310957788 -0.9364989915349923 0.0 0.0 0.0 -0.4272783486192692 0.9041201237371645
1638453333635698318 1.9357231374921935 -0.9456466480169832 0.0 0.0 0.0 -0.433283996725471 0.9012574597986608
1638453333743500948 1.9442997638619794 -0.9566024273035564 0.0 0.0 0.0 -0.4427579043591941 0.8966411794028455
1638453333847501040 1.9524053228982163 -0.9674808919489546 0.0 0.0 0.0 -0.45482591268416617 0.8905803794420709
1638453333948501110 1.9598820324473087 -0.978127090078418 0.0 0.0 0.0 -0.4681109405111176 0.8836697059225117
163845333448501015 1.9670492398502897 -0.9890746528561427 0.0 0.0 0.0 -0.48310014205905655 0.8755650778807571
1638453334148500919 1.9736652608732705 -1.0000396558203513 0.0 0.0 0.0 -0.500412316738696 0.8657872378632342
1638453334262375116 1.9818924386261112 -1.0153272315538482 0.0 0.0 0.0 -0.5259624149585861 0.8505078143963571
1638453334362375021 1.9873689901252294 -1.027014945525631 0.0 0.0 0.0 -0.5472918528982835 0.8369418181426509
1638453334495375156 1.9937944518355653 -1.0430606663327386 0.0 0.0 0.0 -0.5736150287498321 0.8191250518065124
1638453334662375212 2.000318834095543 -1.0635292267424132 0.0 0.0 0.0 -0.6058032420393963 0.7956145004598847
1638453334795375109 2.004335373729428 -1.0801062743514884 0.0 0.0 0.0 -0.6306561225587902 0.7760624533639422
1638453334895375013 2.0066983719481812 -1.0928985877558783 0.0 0.0 0.0 -0.6486407740315792 0.7610946983531572
1638453334996375084 2.008455964800838 -1.1057879640603017 0.0 0.0 0.0 -0.6665152581715352 0.7454913790182088
163845333596374989 2.0096017982211514 -1.1186952921215245 0.0 0.0 0.0 -0.6835025224073856 0.7299481715590189
1638453335195375204 2.010133597995004 -1.1313637360287345 0.0 0.0 0.0 -0.7007220990912125 0.7134343256058329
1638453335395375013 2.008381010259487 -1.169958951786754 0.0 0.0 0.0 -0.7284517916300336 0.6850970725942871
1638453335494374990 2.007330721470159 -1.182696819378036 0.0 0.0 0.0 -0.7421126707329992 0.6702751685141473
1638453335662375212 2.004434115021525 -1.2041645333694582 0.0 0.0 0.0 -0.7633545755066626 0.6459797300960698
1638453335797375202 2.001168836640792 -1.2212165401746014 0.0 0.0 0.0 -0.7772928844797145 0.6291389221313094
1638453335931375027 1.997243604386003 -1.2379991977019487 0.0 0.0 0.0 -0.7894887989474936 0.613765015378332
163845333627188778 1.9939989808837175 -1.2501049240282276 0.0 0.0 0.0 -0.7968569129822493 0.6041680829854514
1638453336131375074 1.9902071145790468 -1.2630993899013376 0.0 0.0 0.0 -0.8028878827437691 0.5961301157749399
1638453336233375072 1.9862668068345106 -1.2757632106684063 0.0 0.0 0.0 -0.8075562397977475 0.5897905945797769
1638453336329937458 1.982406566425975 -1.2876398171620222 0.0 0.0 0.0 -0.810499243646609 0.5857396835390346
1638453336433375120 1.9781166368187064 -1.3004196397888568 0.0 0.0 0.0 -0.8133243601001596 0.5818105392330899
1638453336533375025 1.973861952636579 -1.3127406785821318 0.0 0.0 0.0 -0.8152552251387042 0.5791018058948938
1638453336633375168 1.9695544459998506 -1.3250702074757124 0.0 0.0 0.0 -0.8155786949779846 0.5786462064832857
1638453336765644073 1.9637970731521885 -1.341531492890598 0.0 0.0 0.0 -0.815382131750999 0.5789231080547904
1638453336899644136 1.9580766056816696 -1.3578984038195652 0.0 0.0 0.0 -0.8155156417912276 0.5787350283583351
163845333765644026 1.950955586273002 -1.3782801446130692 0.0 0.0 0.0 -0.8153124155486323 0.5790213103640255
1638453337200644016 1.945241430055462 -1.3946492603603768 0.0 0.0 0.0 -0.8153681885105256 0.5789427485166374
1638453337332643986 1.9396321720717398 -1.4107333823040802 0.0 0.0 0.0 -0.8152599755167099 0.5790951224066447
1638453337432644129 1.935387768445742 -1.4228973492193817 0.0 0.0 0.0 -0.8153887323346002 0.5789138453737903
1638453337531644106 1.9311307064028942 -1.4350836415325088 0.0 0.0 0.0 -0.8155496365105387 0.5786871288407456
1638453337632643938 1.9268191964071557 -1.4474118101423443 0.0 0.0 0.0 -0.8155062630549006 0.5787482790038139
1638453337731643915 1.9225960948817542 -1.4595295278311342 0.0 0.0 0.0 -0.8147782789670271 0.5797726729026993
1638453337901643991 1.9155019574461305 -1.4804291362353177 0.0 0.0 0.0 -0.8101758685148295 0.5861869237571506
163845333833643961 1.9102704663862276 -1.4968789104770304 0.0 0.0 0.0 -0.8038088812241436 0.5948875821426975
1638453338134644032 1.9065606758189981 -1.5095065397323282 0.0 0.0 0.0 -0.797247912268654 0.603652056427343
1638453338234643936 1.8804055358515361 -1.4931316227875646 0.0 0.0 0.0 -0.800575450955462 0.5992319813057554
1638453338335644007 1.876914503017337 -1.5057424791798635 0.0 0.0 0.0 -0.7910739648380598 0.6117205455914794
1638453338435644150 1.873882433700463 -1.5182891362794055 0.0 0.0 0.0 -0.7800036313081065 0.6257750112250394
1638453338601644039 1.869926307114209 -1.5393040303391594 0.0 0.0 0.0 -0.7593324208026866 0.6507028617782085
1638453338767643929 1.867323231945253 -1.5605289021007418 0.0 0.0 0.0 -0.7382327853568768 0.6745460691081168
1638453338901643991 1.866204822003621 -1.5778289734863087 0.0 0.0 0.0 -0.7209855476307673 0.6929501441023136
163845333934644127 1.8659789400052111 -1.595138222491197 0.0 0.0 0.0 -0.7027660089566379 0.7114210745516519
1638453339134644032 1.8663824342339836 -1.6081662256290166 0.0 0.0 0.0 -0.6890291742996832 0.7247335631729973
1638453339240371943 1.8672920989534962 -1.6210418397041495 0.0 0.0 0.0 -0.6746748588930932 0.7381150668926427
1638453339340372086 1.8686846500397567 -1.6338742477724495 0.0 0.0 0.0 -0.6604355125712058 0.7508827638915949
1638453339440371990 1.8705763361928707 -1.6466169212057002 0.0 0.0 0.0 -0.6457985599064536 0.763507847019687
1638453339539371967 1.872929571602101 -1.6591281126615822 0.0 0.0 0.0 -0.6308946970057387 0.7758685068102096
1638453339633010149 1.8756515098455675 -1.671047039374786 0.0 0.0 0.0 -0.6160970787740392 0.7876702137845524
1638453339738372087 1.8791614599778201 -1.6840443500284594 0.0 0.0 0.0 -0.5998219260943939 0.8001335681296602
1638453339838371992 1.8334541472562396 -1.7407347472045303 0.0 0.0 0.0 -0.6064762098896113 0.7951016201110559
1638453339938372135 1.8371137575221106 -1.7531127882137303 0.0 0.0 0.0 -0.590875996410382 0.8067623983392344
163845334037372112 1.8412101902071492 -1.7653000287797158 0.0 0.0 0.0 -0.5768491015953953 0.8168507080414503
1638453340203372002 1.8489319366503014 -1.7854597000716288 0.0 0.0 0.0 -0.5575214851658119 0.8301625453021073
1638453340304372072 1.8540116960081283 -1.7974912524147264 0.0 0.0 0.0 -0.548231769636653 0.8363264215936378
1638453340437371969 1.861144203249447 -1.8133212762606683 0.0 0.0 0.0 -0.5374229467969386 0.843312849426086
1638453340602372169 1.8704304847479216 -1.8326152856480054 0.0 0.0 0.0 -0.5279335200541101 0.849285705924985
1638453340703372002 1.8762108543659548 -1.8441855270951888 0.0 0.0 0.0 -0.5239934596757484 0.851722305934129
1638453340803372145 1.882137784853611 -1.855795152222367 0.0 0.0 0.0 -0.5200971915133845 0.8541070696351973
1638453340937371969 1.8901802557679483 -1.8711547514960918 0.0 0.0 0.0 -0.5152356899264751 0.8570485371075907
163845334137372112 1.896309813851931 -1.8825725075727762 0.0 0.0 0.0 -0.511510959201597 0.8592767731806671
1638453341138371944 1.9026430881251144 -1.8941388888565318 0.0 0.0 0.0 -0.5081654544265054 0.8612594683894824
1638453341239372015 1.908987543881798 -1.90558357840914 0.0 0.0 0.0 -0.5071297579572727 0.861869738576642
1638453341341372013 1.915341420392776 -1.9170230816987197 0.0 0.0 0.0 -0.5070115098802219 0.8619392801120579
1638453341439372063 1.9215335573683463 -1.928176106801241 0.0 0.0 0.0 -0.5077282251111392 0.8615172783360358
1638453341572371960 1.9297584763644688 -1.9432083296197773 0.0 0.0 0.0 -0.5128966704602772 0.8584503530028375
1638453341707174063 1.9378642424290378 -1.958620048359985 0.0 0.0 0.0 -0.5220649781164726 0.8529057220336141
1638453341841173887 1.9455224463325316 -1.9742305585897537 0.0 0.0 0.0 -0.5362543045917019 0.8440564851914799
1638453341942173958 1.9508974792464577 -1.9861331037109278 0.0 0.0 0.0 -0.5489250338120678 0.8358715580697039
163845334241173935 1.9557878761879315 -1.9979966268583855 0.0 0.0 0.0 -0.5637506393862579 0.8259450534233473
1638453342142174006 1.9603037770091778 -2.010196580386377 0.0 0.0 0.0 -0.5793761032822256 0.8150603144768656
1638453342243173838 1.964332389179433 -2.022645691783039 0.0 0.0 0.0 -0.5974904564601456 0.8018760495639582
1638453342342174053 1.9677618334403548 -2.0352203341380948 0.0 0.0 0.0 -0.6161796023064428 0.7876056989827412
1638453342509173870 2.045650251443613 -2.045079952989146 0.0 0.0 0.0 -0.604682029996643 0.7964669501125086
1638453342644173861 2.0497707711772284 -2.0618658995390153 0.0 0.0 0.0 -0.6298261905167608 0.7767361128636796
1638453342744174004 2.052128725449029 -2.07460714578261 0.0 0.0 0.0 -0.649435599996514 0.7604166158433696
1638453342845174074 2.053866066541899 -2.0875246036793413 0.0 0.0 0.0 -0.6672121895066645 0.7448677041206613
1638453342944174051 2.054956347173408 -2.1002840641240574 0.0 0.0 0.0 -0.6855180046209666 0.7280556727905869
163845334343174028 2.055436625209513 -2.1131318543468534 0.0 0.0 0.0 -0.7022425425680645 0.7119378397642194
1638453343143173933 2.05530144351468 -2.1259120782929743 0.0 0.0 0.0 -0.7192792228219199 0.6947210873928962
1638453343243173838 2.0545297454782654 -2.13894837335108 0.0 0.0 0.0 -0.7357907952835038 0.6772089010753457
1638453343343173981 2.053149038695686 -2.151730817883668 0.0 0.0 0.0 -0.7522154590982486 0.6589171826427318
1638453343509173870 2.0494842925981853 -2.172924988845844 0.0 0.0 0.0 -0.7768356036558977 0.6297034269539845
1638453343642174006 2.045874114942217 -2.1900626367824043 0.0 0.0 0.0 -0.7933847481058021 0.6087205121192497
1638453343741173983 2.043415470370867 -2.203876755134993 0.0 0.0 0.0 -0.803792337101465 0.5949100276848792
1638453343840173960 2.0394801116006924 -2.2160904156595493 0.0 0.0 0.0 -0.8126935826537435 0.5826912581266085
1638453343941174030 2.0351395865155455 -2.2283004978090313 0.0 0.0 0.0 -0.8212092572051901 0.5706271992243404
163845334441173935 2.0305033081043278 -2.240293143788018 0.0 0.0 0.0 -0.8283352163738732 0.5602328312863766
1638453344140173912 2.025592793621266 -2.2522036348603134 0.0 0.0 0.0 -0.8333118374278242 0.5528032283067253
1638453344266730070 2.019329863701172 -2.2667022838413766 0.0 0.0 0.0 -0.8376213724066781 0.5462512179833958
1638453344366729975 2.014075838813337 -2.278493224545512 0.0 0.0 0.0 -0.8398902705794017 0.5427562271282153
1638453344500730038 2.006764775380592 -2.2944648084641117 0.0 0.0 0.0 -0.8431951562901774 0.5376076043356286
1638453344601730108 2.0010832119126976 -2.3065610622633566 0.0 0.0 0.0 -0.844953399916553 0.5348399535544601
1638453344736730099 1.9935579716784197 -2.32240509698192 0.0 0.0 0.0 -0.8453004578484556 0.5342912628133969
1638453344836730003 1.9879858977902345 -2.3341892995054 0.0 0.0 0.0 -0.844148618541512 0.536109259844698
1638453344936730146 1.9825266482332295 -2.345914474161005 0.0 0.0 0.0 -0.8419927612087903 0.5394888756195461
163845334534592152 1.9773257092939607 -2.3573939212394586 0.0 0.0 0.0 -0.8386161970443738 0.5447227768772265
1638453345137730122 1.971999194440521 -2.3696249260929654 0.0 0.0 0.0 -0.8340928177598324 0.5516241078689131
1638453345237730026 1.967052394630491 -2.3815752358795494 0.0 0.0 0.0 -0.828918357973513 0.5593695638881405
1638453345339730024 1.9622672770143577 -2.393781622936091 0.0 0.0 0.0 -0.8234498890089298 0.5673889910657777
1638453345438730001 1.9578286419325381 -2.4057678917278262 0.0 0.0 0.0 -0.8179162975547147 0.5753372296612983
1638453345528080940 1.9540149055057 -2.416672842639964 0.0 0.0 0.0 -0.8132401917163998 0.5819281593567482
1638453345637730122 1.949574938490225 -2.4301216568594604 0.0 0.0 0.0 -0.8075096194684673 0.5898544357648433
1638453345803730011 1.9433238055230941 -2.4508649229000286 0.0 0.0 0.0 -0.7979556699113513 0.6027161751493169
1638453345931769848 1.9389728482386481 -2.4669313605528624 0.0 0.0 0.0 -0.790504915278011 0.6124557344664617
163845334636730051 1.9356697875681916 -2.480281043320148 0.0 0.0 0.0 -0.7844005227302018 0.6202546783933369
1638453346133065701 1.9329068911228917 -2.4924542317389218 0.0 0.0 0.0 -0.7786832352912955 0.6274172606916726
1638453346239730120 1.930127942526376 -2.505857027274349 0.0 0.0 0.0 -0.772177254265679 0.635407166057788
1638453346339730024 1.9277263487956693 -2.518746082581126 0.0 0.0 0.0 -0.7660235583396579 0.6428125001538572
1638453346438730001 1.9249128232932642 -2.529182445578267 0.0 0.0 0.0 -0.761792331290561 0.6478213407089417
1638453346537729979 1.9094623505966117 -2.50926400778878 0.0 0.0 0.0 -0.7753498306650121 0.6315319235013868
1638453346705729961 1.9054300331800833 -2.5304474985241177 0.0 0.0 0.0 -0.7654896822263328 0.6434481798078227
1638453346842404127 1.9026331205832394 -2.5477372785515873 0.0 0.0 0.0 -0.7573514007710332 0.6530075473682404
1638453346943403959 1.9008272851786854 -2.5606720778468595 0.0 0.0 0.0 -0.7515023815686493 0.6597303925388368
163845334745403957 1.8992070018426448 -2.5737845693506043 0.0 0.0 0.0 -0.7470502267438303 0.6647675888923962
1638453347145404100 1.8977662023433348 -2.5866377211127514 0.0 0.0 0.0 -0.7440683562098979 0.6681034589644436
1638453347246403933 1.8963962614624221 -2.599676957449089 0.0 0.0 0.0 -0.7424964835486539 0.6698499904393653
1638453347345403910 1.8950583479164478 -2.6126685632594984 0.0 0.0 0.0 -0.742837763167685 0.6694714554891532
1638453347447403908 1.893657010512021 -2.625806214398249 0.0 0.0 0.0 -0.7448894836886764 0.6671878446562469
1638453347547404051 1.8921651408975557 -2.638831896529702 0.0 0.0 0.0 -0.7476806122236622 0.6640585441254523
1638453347648404121 1.8905653736675625 -2.65179374139781 0.0 0.0 0.0 -0.7506536390225912 0.6606959189114324
1638453347749403954 1.8888382752344401 -2.6647649112929135 0.0 0.0 0.0 -0.7539410531500733 0.6569420257073643
1638453347885404110 1.886339241385723 -2.681998442939973 0.0 0.0 0.0 -0.7584148533511521 0.6517721313724671
163845334819403934 1.8836145673829552 -2.6991462454179014 0.0 0.0 0.0 -0.7626870889226972 0.6467676883577708
1638453348119404078 1.8814069378824623 -2.7120443753451835 0.0 0.0 0.0 -0.7662822950070076 0.6425040981770188
1638453348252403975 1.8783006478099398 -2.7289214146392675 0.0 0.0 0.0 -0.7706440412290214 0.6372658708492156
1638453348351403952 1.8758058300170197 -2.7416121194102674 0.0 0.0 0.0 -0.7740902367552084 0.6330753010632822
1638453348453403950 1.8731253937373822 -2.754523529858813 0.0 0.0 0.0 -0.7772903002036431 0.6291421300454401
1638453348585403919 1.8694987955699833 -2.7710890441341745 0.0 0.0 0.0 -0.7807949505982834 0.6247873604110221
1638453348684404135 1.866658183515415 -2.7834735208692867 0.0 0.0 0.0 -0.7835298576557796 0.6213541228299817
1638453348785403967 1.8636058751481799 -2.7962763091944374 0.0 0.0 0.0 -0.7862144261111815 0.6179537692716467
1638453348951404095 1.8583137915032035 -2.817364483367238 0.0 0.0 0.0 -0.7907460475534461 0.6121443284086956
163845334986404085 1.8537833326465585 -2.834440618497476 0.0 0.0 0.0 -0.7945041724503702 0.6072586876968661
1638453349187403917 1.8502986527521723 -2.8470276340093146 0.0 0.0 0.0 -0.7971491599056528 0.6037824307029331
1638453349288408041 1.8467555801773383 -2.8593875776233206 0.0 0.0 0.0 -0.7999346918100196 0.6000870693181638
1638453349455407858 1.738825212462297 -2.864654581034824 0.0 0.0 0.0 -0.813565178458215 0.581473770345608
1638453349556407928 1.734430750627698 -2.877141234932583 0.0 0.0 0.0 -0.818700107890903 0.5742212727597245
1638453349656407833 1.7298784693536078 -2.8893011828932775 0.0 0.0 0.0 -0.8251963321502159 0.5648460072122479
1638453349790407896 1.7232989787844066 -2.9053684971581153 0.0 0.0 0.0 -0.8357574336263831 0.5490988323970978
1638453349895407915 1.7177812364841778 -2.917539481809379 0.0 0.0 0.0 -0.8454305975343196 0.5340852886360543
1638453349996407986 1.7119206497732478 -2.929238508442253 0.0 0.0 0.0 -0.8563625611033373 0.5163750673598461
163845335095407963 1.705707172202243 -2.9403782345813543 0.0 0.0 0.0 -0.8684327148369871 0.49580708082291997
1638453350196408033 1.6987738658540057 -2.951534528293586 0.0 0.0 0.0 -0.8796650002437971 0.4755938162997493
1638453350296407938 1.6914562794794343 -2.9621365947052616 0.0 0.0 0.0 -0.8910241022558317 0.45395605791494553
1638453350397408009 1.6835483599103853 -2.972465526371896 0.0 0.0 0.0 -0.9018750023313701 0.43199704552558565
1638453350533407927 1.672168307386229 -2.9857089601233175 0.0 0.0 0.0 -0.9158411723603098 0.40154077904914526
1638453350633407831 1.6631129932889546 -2.995083513260183 0.0 0.0 0.0 -0.9253099420313021 0.37921164515096384
1638453350800407887 1.6471322813384461 -3.009629782839053 0.0 0.0 0.0 -0.939827394124267 0.3416496111153542
1638453350934407949 1.633536428396813 -3.020302435917619 0.0 0.0 0.0 -0.950335667311818 0.31122675030364666
163845335136407948 1.6446858367962687 -3.031767919505215 0.0 0.0 0.0 -0.9561183910750647 0.2929805015694183
1638453351203408003 1.730182956667361 -3.0567797146336204 0.0 0.0 0.0 -0.9585083150048352 0.2850646380715053
1638453351337408066 1.71528137342082 -3.065833451691968 0.0 0.0 0.0 -0.9671023350932818 0.25438753956866067
1638453351443408012 1.7032799819338607 -3.0722106065346013 0.0 0.0 0.0 -0.9734794921847266 0.22877422052041024
1638453351544407845 1.6914105128077308 -3.077776597021804 0.0 0.0 0.0 -0.9786028905666637 0.20575802307788282
1638453351645407915 1.679291352261993 -3.0827757754668266 0.0 0.0 0.0 -0.9832548492072176 0.1822359627861939
1638453351766336918 1.6628051437933817 -3.088530376585082 0.0 0.0 0.0 -0.9884163000701122 0.1517671024984517
1638453351900336981 1.6460583926714136 -3.093200524194805 0.0 0.0 0.0 -0.9928550879830325 0.119326308926315
16384533521337051 1.633252833929907 -3.096008630630981 0.0 0.0 0.0 -0.9954773694732018 0.09499917976476581
1638453352135337114 1.6161354443175941 -3.0987455882537587 0.0 0.0 0.0 -0.9980099570515837 0.06305661894041587
1638453352301337004 1.5495927580908604 -3.1046330809237537 0.0 0.0 0.0 -0.9998516436815802 0.017223697217282036
1638453352434336901 1.4747488597384206 -3.109740236169174 0.0 0.0 0.0 0.9997338116062175 0.02307287846898637
1638453352535336971 1.4617224432273215 -3.108816610056597 0.0 0.0 0.0 0.9988594405608746 0.04774715792536181
1638453352636337042 1.4486816104791445 -3.107245588337899 0.0 0.0 0.0 0.9974108929686712 0.0719135247061009
1638453352735337019 1.4359568111139642 -3.1050828032772366 0.0 0.0 0.0 0.9953484994491911 0.09633995517323839
1638453352856337070 1.4206558805962757 -3.101607564541731 0.0 0.0 0.0 0.992005828213892 0.12619216784030837
1638453352956336975 1.4083105275075802 -3.098109442774481 0.0 0.0 0.0 0.988739472328887 0.14964691244130268
163845335392337132 1.3917001009507863 -3.0924034815224837 0.0 0.0 0.0 0.9839738164526203 0.1783129422020611
1638453353192337036 1.3798135489466303 -3.087705355783012 0.0 0.0 0.0 0.9807119574689898 0.19545851043021864
1638453353293337107 1.3677623910716432 -3.0824784191890027 0.0 0.0 0.0 0.977598579421817 0.2104781991994318
1638453353459336996 1.3484302344928496 -3.0732159458766897 0.0 0.0 0.0 0.9728018767835447 0.23163879984303032
1638453353594336987 1.3298047993752 -3.0654267916338735 0.0 0.0 0.0 0.9688220272389353 0.24775779545472829
1638453353693336964 1.318629054080815 -3.0592238188971126 0.0 0.0 0.0 0.967444205365367 0.2530843672131168
1638453353792336941 1.3075108839320206 -3.052918158595131 0.0 0.0 0.0 0.9665316279583029 0.2565475462802499
1638453353961337090 1.2884617934541271 -3.0420238081748097 0.0 0.0 0.0 0.9667976428465088 0.2555432532362011
163845335494336987 1.2733934768022288 -3.0335506565072836 0.0 0.0 0.0 0.9680032881020427 0.2509374921161624
1638453354227337122 1.2582093130712466 -3.025234484693239 0.0 0.0 0.0 0.9698167393712845 0.24383504218373206
1638453354335747957 1.2466038170015963 -3.0191349003111307 0.0 0.0 0.0 0.9719842360385964 0.23504612433388403
1638453354469748020 1.2310007908180678 -3.011404134751643 0.0 0.0 0.0 0.9753621327360406 0.22060989074711987
1638453354602748156 1.2151557158723314 -3.004244899851803 0.0 0.0 0.0 0.9794991122802791 0.20144834338095283
1638453354736747980 1.1992537500850928 -2.997796330027163 0.0 0.0 0.0 0.9832710623560177 0.182148316202819
1638453354844748020 1.186248411257615 -2.993050077343708 0.0 0.0 0.0 0.986098440955149 0.16616231434874298
1638453354962748051 1.1716758848339288 -2.988266407258642 0.0 0.0 0.0 0.9887652362089716 0.14947673981046097
163845335596748114 1.1550898944472197 -2.983487072008701 0.0 0.0 0.0 0.991470558776183 0.1303309973735354
1638453355196748018 1.1426442879268524 -2.980361282419941 0.0 0.0 0.0 0.9932831147617869 0.11570937848177498
1638453355364748001 1.1215180877269524 -2.975920378514584 0.0 0.0 0.0 0.9958633219170918 0.09086369709013557
1638453355463747978 1.1087652917321358 -2.9737671291361036 0.0 0.0 0.0 0.997087652459809 0.07626377169809453
1638453355597748041 1.0915554814954262 -2.9714739255077167 0.0 0.0 0.0 0.9984141696315137 0.05629514433872313
1638453355764748096 1.0700259157074972 -2.969574591733044 0.0 0.0 0.0 0.9994928770957515 0.031843605809396054
1638453355876557827 1.0555654230726628 -2.968896455889951 0.0 0.0 0.0 0.9998934946466126 0.014593826235724196
1638453355977381229 1.049231321529336 -2.956688074236971 0.0 0.0 0.0 -0.9995149116666185 -0.031144052188115872
163845335679748154 1.036063365151768 -2.9560525034436886 0.0 0.0 0.0 -0.999857510914346 -0.0168810993015807
1638453356246747971 1.0144257046642133 -2.9558587819603606 0.0 0.0 0.0 -0.9999687226246622 0.007907470937900299
1638453356348747969 1.0013715180667968 -2.956247889866124 0.0 0.0 0.0 -0.9997569694185826 0.022045776500449192
1638453356447747946 0.9885363615320528 -2.9570035964391757 0.0 0.0 0.0 -0.9993292541080816 0.0366203347969645
1638453356583748102 0.9710223713651678 -2.9586353226917446 0.0 0.0 0.0 -0.9983768958591474 0.05695208687477271
1638453356685748100 0.9578684745626995 -2.960328625500781 0.0 0.0 0.0 -0.997456164719123 0.07128259851320795
1638453356791926861 0.944397831292031 -2.962483488248503 0.0 0.0 0.0 -0.9961790710031424 0.08733437403955444
1638453356891927004 0.9316954689660276 -2.964916710762212 0.0 0.0 0.0 -0.9947771366666271 0.1020706355369344
1638453356993927002 0.9188005362621732 -2.9677921621956775 0.0 0.0 0.0 -0.9931525246155578 0.11682514843799639
163845335793926907 0.9062921326289889 -2.970978855873276 0.0 0.0 0.0 -0.9912521890215564 0.13198121251147263
1638453357194926977 0.8937365919166352 -2.9745733970475405 0.0 0.0 0.0 -0.9892308635647888 0.14636359770564134
1638453357296926975 0.8812430426052502 -2.9785479729230477 0.0 0.0 0.0 -0.9870359352039519 0.16049931718739938
1638453357463927031 0.8610615116525525 -2.9858488259190863 0.0 0.0 0.0 -0.9828818583154336 0.18423699171737115
1638453357563926935 0.8490517864284082 -2.9907162792454134 0.0 0.0 0.0 -0.9801721453650901 0.1981477305647112
1638453357697926998 0.8319214993410837 -2.9965245363360515 0.0 0.0 0.0 -0.9764459843883168 0.21576199316588407
1638453357798926830 0.8161223333643388 -2.999011845889081 0.0 0.0 0.0 -0.9738129413590864 0.227350833499897
1638453357900926828 0.8041299725228037 -3.0050792725673157 0.0 0.0 0.0 -0.9716519652526778 0.23641586688288493
163845335835927057 0.7886958322892796 -3.01325135079169 0.0 0.0 0.0 -0.9695502893423394 0.24489231467037972
1638453358201926947 0.7697338948569004 -3.0236274861160393 0.0 0.0 0.0 -0.9683568281098311 0.24956970813556628
1638453358302927017 0.7582135374814597 -3.029991950523493 0.0 0.0 0.0 -0.9684218488537342 0.24931735125331378
1638453358436926842 0.7428393083427168 -3.038382915400371 0.0 0.0 0.0 -0.9697358538821339 0.2441564621449409
1638453358605926991 0.7234025577673254 -3.048513434705566 0.0 0.0 0.0 -0.9732008209903823 0.22995686996641113
1638453358738926888 0.7080482032430394 -3.055887352274965 0.0 0.0 0.0 -0.9770189265751503 0.21315260214920387
1638453358904927015 0.6883923427199161 -3.0643120351514193 0.0 0.0 0.0 -0.9819202548260322 0.18929498803285258
16384533594926920 0.6763415396804494 -3.068937415132159 0.0 0.0 0.0 -0.9845825264070458 0.17492070447560235
1638453359104927063 0.6641356314163039 -3.0732135893741317 0.0 0.0 0.0 -0.9870663800593321 0.16031218798035138
1638453359238926888 0.6476813944180912 -3.078344058053566 0.0 0.0 0.0 -0.9900610965431005 0.14063785506736964
1638453359344288111 0.6346683296142418 -3.081899920767777 0.0 0.0 0.0 -0.9920761521055448 0.1256379410481147
1638453359445288181 0.6220205387398178 -3.0849454244793537 0.0 0.0 0.0 -0.9938863155959249 0.11040816896869884
1638453359578288078 0.6050627986631357 -3.0884271048802816 0.0 0.0 0.0 -0.995801978564946 0.09153373977119522
1638453359745288134 0.5836736969836831 -3.0918674652568394 0.0 0.0 0.0 -0.9976919166375634 0.06790343730755076
1638453359911288023 0.5622965981291767 -3.094273156468647 0.0 0.0 0.0 -0.9990416952236973 0.04376859818015759
163845336043287992 0.5452537176523888 -3.095454370726096 0.0 0.0 0.0 -0.9996772875494171 0.025403028597769422
1638453360209288120 0.5614863212462511 -3.0709208824722456 0.0 0.0 0.0 -0.9996190600649626 0.02759897259968868
1638453360342288017 0.5442115258977198 -3.0715488743872164 0.0 0.0 0.0 -0.9999628307937211 0.008620199327737917
1638453360442288160 0.5313034909314813 -3.071591504812724 0.0 0.0 0.0 -0.9999852023655339 -0.005436945746181958
1638453360541288137 0.527050635797394 -3.0715658809268844 0.0 0.0 0.0 0.9998117185799059 0.01940580271963432
1638453360641288042 0.5143379488008555 -3.0708842687312203 0.0 0.0 0.0 0.9994307127043419 0.03373863232401439
1638453360743288040 0.5010695876891417 -3.069794578883104 0.0 0.0 0.0 0.998820068102738 0.048564148033108656
1638453360842288017 0.48826626918327776 -3.068365980255355 0.0 0.0 0.0 0.9980322975361464 0.0627020144385128
1638453360944288015 0.4751585367940916 -3.0665202397457567 0.0 0.0 0.0 0.9970349805592508 0.07694949545091385
163845336145288086 0.46233314466398656 -3.0643403187076848 0.0 0.0 0.0 0.9958153050740319 0.09138879018282425
1638453361179288149 0.4454994191559649 -3.0608840015561527 0.0 0.0 0.0 0.9938530250260582 0.11070768353752906
1638453361312288046 0.4288607893053671 -3.056792609975059 0.0 0.0 0.0 0.9915308932300615 0.12987088692305868
1638453361445288181 0.4122273167475521 -3.051995034328691 0.0 0.0 0.0 0.9887844662009578 0.1493494545504123
1638453361545288086 0.4001915781032346 -3.048084991380499 0.0 0.0 0.0 0.9865580651273123 0.1634110926137891
1638453361679288149 0.3839174906977274 -3.0421824044419856 0.0 0.0 0.0 0.9831749583179004 0.18266652332092323
1638453361839935064 0.36422193289260074 -3.034047350724011 0.0 0.0 0.0 0.9784948991192507 0.20627088998322468
163845336244934988 0.27046982139422215 -3.0271537087335383 0.0 0.0 0.0 0.9700781120803046 0.24279309902114762
1638453362211935043 0.25155792048694886 -3.016432158107768 0.0 0.0 0.0 0.9637134980249579 0.2669387243118064
1638453362344934940 0.23695734065630272 -3.007272975512624 0.0 0.0 0.0 0.9582807781365021 0.28582863733877867
1638453362444934845 0.2261788074484508 -2.999988356096531 0.0 0.0 0.0 0.9540992567495739 0.2994906294769188
1638453362596935034 0.21206294438525286 -2.989750019426845 0.0 0.0 0.0 0.9482148265916899 0.31762964914357755
1638453362746934891 0.19510035648413343 -2.9762746474785056 0.0 0.0 0.0 0.9400949424681357 0.3409127858425943
1638453362879935026 0.1820871214277392 -2.9649732372762916 0.0 0.0 0.0 0.933332489587967 0.35901312223425563
1638453362978935003 0.1727419647624126 -2.956290716481139 0.0 0.0 0.0 0.9280977032497658 0.3723367662644973
1638453363110934973 0.1606095597224531 -2.944227482911217 0.0 0.0 0.0 0.9207683398627512 0.3901097581104902
1638453363243934870 0.14884676544572542 -2.9315952379002606 0.0 0.0 0.0 0.9129677598242497 0.40803168848369026
1638453363409934998 0.13493010118396753 -2.9152242605616503 0.0 0.0 0.0 0.9025071790656858 0.4306747755794478
1638453363608934879 0.11942883942150219 -2.89486912648775 0.0 0.0 0.0 0.8895640877457481 0.45681037994402973
1638453363742934942 0.1319396075797911 -2.8869583931155396 0.0 0.0 0.0 0.8850644585328035 0.465468472099893
1638453363910934925 0.1201504118346019 -2.8688738438390007 0.0 0.0 0.0 0.8733347019674804 0.48712065179795416
163845336443935061 0.11141587428580435 -2.854074382764338 0.0 0.0 0.0 0.8634544584316786 0.5044268160849384
1638453364212934971 0.10123225248864984 -2.8349246232913274 0.0 0.0 0.0 0.8508319295765153 0.5254379620166156
1638453364339092970 0.09382629158552722 -2.8193894970521813 0.0 0.0 0.0 0.8403220534872028 0.5420874345081627
1638453364474092960 0.08689690462061803 -2.8032218924990397 0.0 0.0 0.0 0.8292729758734592 0.5588436948598874
1638453364607093096 0.08072059227098982 -2.787076936056819 0.0 0.0 0.0 0.8183217456429678 0.5747603899713003
1638453364811093092 0.07251240437878245 -2.761963659672913 0.0 0.0 0.0 0.800716695075327 0.5990432058748254
1638453364979093075 0.06688153425605387 -2.7409133868588635 0.0 0.0 0.0 0.7859405329380605 0.6183021150132677
163845336579092979 0.06400710527755604 -2.72822566380524 0.0 0.0 0.0 0.7768379962005638 0.6297004485846188
1638453365246093035 0.06006072641222787 -2.707027228641051 0.0 0.0 0.0 0.7608880264737717 0.6488832262503416
1638453365346092939 0.05822207760123041 -2.694174218702423 0.0 0.0 0.0 0.7494248968214469 0.6620893492418239
1638453365513092995 0.08481455347307346 -2.6690984870771253 0.0 0.0 0.0 0.7269622018575388 0.6866774847666247
1638453365714092970 0.09968974188088026 -2.6410328108001866 0.0 0.0 0.0 0.6990116329336672 0.7151102571622013
1638453365849092960 0.10053720999284835 -2.6236923829835597 0.0 0.0 0.0 0.6801286569230112 0.7330927571703304
163845336617092943 0.10278445969683858 -2.6021716291809494 0.0 0.0 0.0 0.6594593395237193 0.751740241228196
1638453366151093006 0.10534443636561286 -2.585050428231133 0.0 0.0 0.0 0.6465434437619938 0.7628771431127702
1638453366284093142 0.10840040889020466 -2.56811323431628 0.0 0.0 0.0 0.6364717825021968 0.7712999942255658
1638453366384093046 0.11093747748919415 -2.5554566188319243 0.0 0.0 0.0 0.6316062591280737 0.7752893495468685
1638453366519093037 0.11455519366281844 -2.5383969758993223 0.0 0.0 0.0 0.6278447407536374 0.7783385766578385
1638453366653093100 0.11820363710868545 -2.5214990517828606 0.0 0.0 0.0 0.6288986353353944 0.7774873210743548
1638453366783906937 0.121679398212208 -2.5045134695152895 0.0 0.0 0.0 0.6363161860061376 0.7714283827955026
1638453366952906847 0.1255101681387283 -2.482778915378294 0.0 0.0 0.0 0.650529056566344 0.7594813933669377
163845336785906982 0.12785502527764508 -2.465575919262269 0.0 0.0 0.0 0.6653466923348995 0.7465345148000719
1638453367286906958 0.12989532732081643 -2.4395666868406174 0.0 0.0 0.0 0.6933259264257086 0.7206241330194569
1638453367454906940 0.12992246115515438 -2.417981466155028 0.0 0.0 0.0 0.7211061647861499 0.6928245906086736
1638453367590906858 0.034382431210295605 -2.3606612744288435 0.0 0.0 0.0 0.7161916696747919 0.6979036846313772
1638453367757906914 0.03281470206296243 -2.339313820373734 0.0 0.0 0.0 0.7486070463119546 0.6630139181814135
1638453367890906811 0.030037290741008735 -2.3221525417491367 0.0 0.0 0.0 0.7736416654684583 0.6336233483294469
163845336860906887 0.02461973060161078 -2.3006872039532427 0.0 0.0 0.0 0.8039529107427679 0.5946929744139893
1638453368194906950 0.018812399302271264 -2.2840869740150933 0.0 0.0 0.0 0.8270368784608607 0.5621476987981626
1638453368361907005 0.00997822254545655 -2.26453461809482 0.0 0.0 0.0 0.8531046102325869 0.5217399393409009
1638453368493906975 0.0027646021815642408 -2.2520223871251885 0.0 0.0 0.0 0.8708952780804516 0.49146862131509117
1638453368592906952 0.0013291164700368063 -2.2508300831887254 0.0 0.0 0.0 0.8775847017329593 0.47942159671547846
1638453368726907015 -0.008516085231494303 -2.236562136957545 0.0 0.0 0.0 0.892378588768021 0.4512875557191658
1638453368826906919 -0.01631665510214647 -2.2264056607370253 0.0 0.0 0.0 0.9013713442126036 0.43304696594293735
1638453368959906816 -0.027488343427464645 -2.2131157214477444 0.0 0.0 0.0 0.9111354447965261 0.41210704165125805
163845336991907024 -0.039063342650943744 -2.200482076601749 0.0 0.0 0.0 0.9186902173216395 0.394978796434301
1638453369258906841 -0.05436591842041977 -2.1849321214189974 0.0 0.0 0.0 0.9253846434689085 0.3790293361260135
1638453369407707930 -0.06719277441735816 -2.17256400971885 0.0 0.0 0.0 0.9289091256715735 0.37030777548572863
1638453369507708073 -0.07670268737363034 -2.1636123353510732 0.0 0.0 0.0 0.9301339254973754 0.367220464073009
1638453369640707970 -0.08915742345938577 -2.1519917446845516 0.0 0.0 0.0 0.9303998930368661 0.3665460880237595
1638453369861707926 -0.11008753915394015 -2.132167290529865 0.0 0.0 0.0 0.9262345464018018 0.3769476367860396
1638453369995707989 -0.12233907933071003 -2.1199002118847563 0.0 0.0 0.0 0.9211207651238611 0.3892769326469409
163845337096708059 -0.13132500672170005 -2.1104576830035184 0.0 0.0 0.0 0.916860374019479 0.39920804022867545
1638453370196707964 -0.13999911477674193 -2.1008985809566463 0.0 0.0 0.0 0.9115793855940533 0.41112413792596797
1638453370330708027 -0.15036907555319023 -2.088533081123004 0.0 0.0 0.0 0.9041150770211489 0.42728908027998336
1638453370531708002 -0.1281357937088405 -2.0955844599698077 0.0 0.0 0.0 0.9117492854491425 0.41074715681595936
1638453370631699800 -0.13652832380867058 -2.0858117456094853 0.0 0.0 0.0 0.905796321662552 0.4237133384148996
1638453370763707876 -0.14725734856950817 -2.072451008462506 0.0 0.0 0.0 0.8976230786486212 0.440763939626729
1638453370896708012 -0.15754927336200752 -2.0585940892907377 0.0 0.0 0.0 0.8888362527149628 0.4582249913528364
1638453370998708010 -0.1650808519610154 -2.047708507344309 0.0 0.0 0.0 0.882283186414288 0.47071901864990046
163845337198707914 -0.17223492658161815 -2.036691824061736 0.0 0.0 0.0 0.8753501350034543 0.4834895624396843
1638453371200707912 -0.1790882888094057 -2.0254557348475832 0.0 0.0 0.0 0.8684260882068265 0.4958186983144513
1638453371301707983 -0.18557756938640835 -2.0140931685766064 0.0 0.0 0.0 0.861088410919429 0.5084552240497408
1638453371534708023 -0.19917988586009044 -1.9873395111661476 0.0 0.0 0.0 0.8436035992615379 0.5369664495169766
1638453371636708021 -0.20457774862838257 -1.9753363145497684 0.0 0.0 0.0 0.8356153410633224 0.5493150365278667
1638453371738708019 -0.20965634830651692 -1.9630851444982107 0.0 0.0 0.0 0.8275240796219734 0.5614302624107405
1638453371837279081 -0.2141854422637044 -1.951187219159773 0.0 0.0 0.0 0.8192560267868012 0.5734279670204566
1638453371937278986 -0.21846223045973068 -1.9388743486197773 0.0 0.0 0.0 0.8104967048906518 0.585743156323315
163845337237279129 -0.22231121268890808 -1.9266331258103118 0.0 0.0 0.0 0.8019878988668805 0.5973402858397281
1638453372137279034 -0.22308974026126144 -1.9191134339405862 0.0 0.0 0.0 0.7932128335487302 0.6089445230556372
1638453372239279032 -0.2263199371500917 -1.9062765987732049 0.0 0.0 0.0 0.7840154409444628 0.620741364302882
1638453372339279175 -0.22908744123785574 -1.8936688252431915 0.0 0.0 0.0 0.7745560490889074 0.6325052321589153
1638453372505279064 -0.23286592034105694 -1.8724399918555887 0.0 0.0 0.0 0.7586602640505399 0.6514864706173268
1638453372706279039 -0.23599204349997643 -1.846944111282317 0.0 0.0 0.0 0.7391180822121854 0.6735759294233963
1638453372839279175 -0.2372616914677515 -1.8297299488302798 0.0 0.0 0.0 0.7262279522649857 0.6874539604176816
1638453372939279079 -0.23778393192673292 -1.8167311943110913 0.0 0.0 0.0 0.7161101546153898 0.6979872762063903
163845337338279057 -0.23792694586431135 -1.8038745873954742 0.0 0.0 0.0 0.7058636575781115 0.7083477494074862
1638453373138278961 -0.23770227396275678 -1.790993676701129 0.0 0.0 0.0 0.6959337436212089 0.7181059822755606
1638453373239279032 -0.2370971445609372 -1.777922579263721 0.0 0.0 0.0 0.6853195154410529 0.7282425445745577
1638453373340279102 -0.23611490210247787 -1.7649249968949245 0.0 0.0 0.0 0.6747511983787521 0.7380452809492948
1638453373505279064 -0.23365131642216339 -1.7434524588368765 0.0 0.0 0.0 0.6565572078718805 0.754276256914967
1638453373637279034 -0.23097810350163936 -1.7265533918945224 0.0 0.0 0.0 0.6426167671129994 0.7661877261033609
1638453373803279161 -0.22675883548638373 -1.7055363447888208 0.0 0.0 0.0 0.625442813295123 0.7802700351135722
1638453373968279123 -0.22145158269161191 -1.700748790973779 0.0 0.0 0.0 0.6109913780914138 0.7916372896898438
1638453374135279179 -0.21561575554904094 -1.6837007463479248 0.0 0.0 0.0 0.6022307846003578 0.7983220181676477
1638453374312011003 -0.2095470444994957 -1.6628494128634947 0.0 0.0 0.0 0.5993892070737884 0.8004577062100025
1638453374446011066 -0.20470315982711004 -1.6462282573440417 0.0 0.0 0.0 0.6012809256049308 0.7990377046932469
1638453374547011137 -0.20114914835969397 -1.6337398021926723 0.0 0.0 0.0 0.6042529189995142 0.7967925424119111
1638453374647011042 -0.19775133102475242 -1.6213129162406223 0.0 0.0 0.0 0.609357226424527 0.7928958114635095
1638453374881011009 -0.19052454745441583 -1.5916585160633814 0.0 0.0 0.0 0.6262085097322003 0.7796555938884624
163845337514011145 -0.1869473184196345 -1.5744614641417791 0.0 0.0 0.0 0.635805954629717 0.7718489311017833
1638453375148010969 -0.18384399626239406 -1.557352685976544 0.0 0.0 0.0 0.6457257657548057 0.7635693841354764
1638453375315011024 -0.1805772505253367 -1.5359351628403315 0.0 0.0 0.0 0.657510170922028 0.7534456530170032
1638453375447010994 -0.17846428838418563 -1.5189310167330334 0.0 0.0 0.0 0.666593334126388 0.7454215659333057
1638453375651010990 -0.1760282688506384 -1.4926968910218403 0.0 0.0 0.0 0.6805320086969553 0.7327183399998523
1638453375887011051 -0.17443663291651482 -1.4624695450282916 0.0 0.0 0.0 0.696079044261637 0.7179651532114849
163845337653011179 -0.17410644072495313 -1.4408575261382213 0.0 0.0 0.0 0.7076800817565202 0.7065330103603367
1638453376178417444 -0.17431993978160068 -1.424484269136201 0.0 0.0 0.0 0.715665586103024 0.6984431561899596
1638453376285011053 -0.17480127925632052 -1.4105962695039447 0.0 0.0 0.0 0.7228743573887597 0.690979522025935
1638453376483011007 -0.1764523950005365 -1.384909936813134 0.0 0.0 0.0 0.7359830419026894 0.6769999926125899
1638453376649011135 -0.17859651472930538 -1.363427572325956 0.0 0.0 0.0 0.7468835652119513 0.6649548193585882
1638453376803304195 -0.18144335730744254 -1.3420016137169077 0.0 0.0 0.0 0.7573092005841048 0.653056460119924
16384533776304026 -0.15152280331013834 -1.2953683290720717 0.0 0.0 0.0 0.7609396128877268 0.6488226825871398
1638453377239304066 -0.15690316393674608 -1.265760954682632 0.0 0.0 0.0 0.7745516281203573 0.6325106883696161
1638453377406304121 -0.16157042677835776 -1.2445786265496535 0.0 0.0 0.0 0.7844271376350038 0.620220994437429
1638453377539304018 -0.1658097339707128 -1.2277153812804191 0.0 0.0 0.0 0.7927351509923498 0.6095662389557889
1638453377706304073 -0.17175018058197727 -1.2067755632947494 0.0 0.0 0.0 0.8027277024561702 0.5963457503284624
1638453377908304214 -0.17980647358058244 -1.1818769119618864 0.0 0.0 0.0 0.8139602492600634 0.5809205666948559
163845337843304205 -0.18563017024657266 -1.1653049081592974 0.0 0.0 0.0 0.8176162880172607 0.5757634933678925
1638453378144304037 -0.19006100499398748 -1.1530191460193089 0.0 0.0 0.0 0.8186709368933326 0.5742629215485668
1638453378244304180 -0.19440779487403004 -1.1409452838143688 0.0 0.0 0.0 0.8173371008997095 0.5761597173914199
1638453378411303997 -0.2015157585257551 -1.1205322665144717 0.0 0.0 0.0 0.8124487236553477 0.5830326730228764
1638453378612304211 -0.209368752951696 -1.0958873532788598 0.0 0.0 0.0 0.801241213038495 0.5983415059397097
1638453378744304180 -0.21396159584466173 -1.0793535372840068 0.0 0.0 0.0 0.79071742229771 0.6121813263303331
1638453378913304090 -0.21890128450266222 -1.0580785231842753 0.0 0.0 0.0 0.7753858971859922 0.6314876941511558
163845337978304052 -0.2227246101060446 -1.0369861095307424 0.0 0.0 0.0 0.7597246900571566 0.6502448714239343
1638453379247304201 -0.22554604388594013 -1.015379060434255 0.0 0.0 0.0 0.7433484394077291 0.6689044447657932
1638453379390501976 -0.2270374365706858 -0.9981319085099556 0.0 0.0 0.0 0.7304588862452611 0.6829566927935781
1638453379557502031 -0.2493882137174824 -0.9625175992932855 0.0 0.0 0.0 0.7237007728976965 0.6901139341668221
1638453379657502174 -0.2680094367557521 -0.937133463077924 0.0 0.0 0.0 0.7218863343397479 0.6920116849424334
1638453379793502092 -0.2684279762674598 -0.9195484744081985 0.0 0.0 0.0 0.7087318597136976 0.7054779437828902
1638453379895502090 -0.2683002268899642 -0.90633734065162 0.0 0.0 0.0 0.6986590045760477 0.7154547985565229
163845338098502159 -0.266903304392829 -0.8799787269295385 0.0 0.0 0.0 0.6775976703172614 0.7354328279405471
1638453380231502056 -0.26517700430131985 -0.8629569742983987 0.0 0.0 0.0 0.6635067809076421 0.7481702880657791
1638453380396502018 -0.2621230005134938 -0.8418416616967026 0.0 0.0 0.0 0.645855526304343 0.7634596431823376
1638453380564502001 -0.2580201415562219 -0.8205697493698532 0.0 0.0 0.0 0.6273398307195927 0.7787455999833994
1638453380730502129 -0.25299703539026475 -0.7998604157501024 0.0 0.0 0.0 0.6091523885552375 0.7930531839060824
1638453380897502184 -0.2469369501658381 -0.7792194866586011 0.0 0.0 0.0 0.5897795819391412 0.807564308991997
163845338197501993 -0.23837466565676668 -0.7548672851255811 0.0 0.0 0.0 0.5666096742397535 0.8239863294935857
1638453381363502026 -0.20144839963573968 -0.7050132259926075 0.0 0.0 0.0 0.5280581781680365 0.8492082022447878
1638453381496502161 -0.18433517113879722 -0.6826720660124499 0.0 0.0 0.0 0.5093919432167269 0.8605346429401036
1638453381629262924 -0.17573947793292222 -0.6676822153100102 0.0 0.0 0.0 0.49306210430441527 0.8699941396253066
1638453381762501955 -0.16656895779838346 -0.652991270960168 0.0 0.0 0.0 0.4767739495039328 0.8790259552704709
1638453381889614820 -0.15681574730704956 -0.6385967588553279 0.0 0.0 0.0 0.46035068836259785 0.8877371542782733
163845338254614782 -0.144068363447375 -0.62142579590145 0.0 0.0 0.0 0.43831257802951584 0.8988225969052247
1638453382187614918 -0.1333113602709857 -0.6081865872719983 0.0 0.0 0.0 0.42120115600393193 0.9069672371952174
1638453382387614965 -0.11588821147759865 -0.5887648242120993 0.0 0.0 0.0 0.3939858706404437 0.9191164721181566
1638453382487614870 -0.10681432879172786 -0.5795132688305811 0.0 0.0 0.0 0.3801645067058363 0.9249188902602178
1638453382689614773 -0.0877269160999127 -0.5617245020967829 0.0 0.0 0.0 0.3522149080447968 0.935919134502277
1638453382790614843 -0.07784101875254898 -0.5533071409202155 0.0 0.0 0.0 0.3381184215838253 0.941103577184858
1638453382889614820 -0.0678898876959185 -0.5453261820141995 0.0 0.0 0.0 0.3245556564524855 0.9458666067816733
163845338357614803 -0.05042070382413645 -0.5323860608114612 0.0 0.0 0.0 0.3020871226549809 0.9532803461008337
1638453383259614944 -0.052470884219483024 -0.5507978100757454 0.0 0.0 0.0 0.2938274742182082 0.9558584593820719
1638453383492614985 -0.027322780224176727 -0.5342226459851022 0.0 0.0 0.0 0.2837911367656081 0.9588860884545656
1638453383659614801 -0.009066930977208561 -0.5223678848443218 0.0 0.0 0.0 0.285498165275092 0.9583792259289853
1638453383792614937 0.005449500051364818 -0.5127498541199254 0.0 0.0 0.0 0.2921818420308767 0.9563627834786723
1638453383959614992 0.023380519489633732 -0.5003214590721999 0.0 0.0 0.0 0.30597660243336616 0.9520390175903422
1638453384160614967 0.04412393862896213 -0.48466113212683587 0.0 0.0 0.0 0.33088439234455036 0.9436712889648441
1638453384333774090 0.06080905183656017 -0.47060675691560167 0.0 0.0 0.0 0.3549440114943403 0.9348875487313608
1638453384501774073 0.07657469508821713 -0.4558233962665181 0.0 0.0 0.0 0.38126116717851344 0.924467357204234
1638453384634773970 0.08835717306140367 -0.4434891850565434 0.0 0.0 0.0 0.4051252661956673 0.9142611807404774
1638453384734774113 0.09678311119068411 -0.43377821884800366 0.0 0.0 0.0 0.425219438562121 0.9050902951496376
1638453384902774096 0.10999073747113056 -0.4164514778269266 0.0 0.0 0.0 0.4617011694503311 0.8870355646278236
16384533852774000 0.11721658734306208 -0.40557355497860986 0.0 0.0 0.0 0.4834249355420214 0.8753858080274131
1638453385137773991 0.1260886968836293 -0.3903580508832775 0.0 0.0 0.0 0.5129091595302184 0.8584428863658049
1638453385305773973 0.13560833744530726 -0.37081742614959695 0.0 0.0 0.0 0.5471758324590805 0.8370176916970726
1638453385604773998 0.19243874578270584 -0.42018614351549227 0.0 0.0 0.0 0.5731737106467213 0.8194339006558968
1638453385805773973 0.2001054430200014 -0.3954912950294266 0.0 0.0 0.0 0.6122563009279005 0.7906593518261236
1638453385939774036 0.20388330651469985 -0.3785988606535693 0.0 0.0 0.0 0.6377863364098616 0.7702133640987914
1638453386108773947 0.20706951127146497 -0.3569186820533197 0.0 0.0 0.0 0.6690647615240938 0.7432040921085691
1638453386240773916 0.2083201289766791 -0.3396035076063251 0.0 0.0 0.0 0.692922066046948 0.7210125045557916
1638453386409774065 0.2082702081394511 -0.3178675314790853 0.0 0.0 0.0 0.7220682060559116 0.6918218818322053
1638453386544774055 0.20693203215567643 -0.3003813171433863 0.0 0.0 0.0 0.7446680016629943 0.6674350617145528
1638453386713773966 0.16520910127298755 -0.31840633836017945 0.0 0.0 0.0 0.777839198793443 0.6284633705369795
1638453386955241919 0.1573140746577893 -0.28948569188312007 0.0 0.0 0.0 0.8107347110236104 0.5854137381083959
163845338787241888 0.1513183367029467 -0.27316647179837233 0.0 0.0 0.0 0.8288119557496284 0.5595272295131227
1638453387187241793 0.14625356524104505 -0.26143209263786915 0.0 0.0 0.0 0.8421154573832556 0.5392972981053384
1638453387286242008 0.14055497380256443 -0.24979438792029715 0.0 0.0 0.0 0.8544673995219533 0.5195050544780033
1638453387454241991 0.12985880650066506 -0.2310468009711176 0.0 0.0 0.0 0.8747075786607652 0.48465106177609957
1638453387654241800 0.11511592740932781 -0.2097726127069273 0.0 0.0 0.0 0.8969626003646001 0.44210646968034367
1638453387854241848 0.13536191125670993 -0.16274666598627072 0.0 0.0 0.0 0.918242429984946 0.3960187689921352
163845338854241896 0.11704723761004206 -0.14448453514686913 0.0 0.0 0.0 0.9297305479212065 0.3682405853910396
1638453388191241980 0.10391995097845022 -0.1325868910626975 0.0 0.0 0.0 0.9358477148229376 0.3524047471052285
1638453388357241869 0.08731991146367463 -0.11846884504562014 0.0 0.0 0.0 0.9408315363666913 0.3388746200185738
1638453388458241940 0.07719880375519397 -0.11017452152529059 0.0 0.0 0.0 0.9422356694339582 0.33495073549687127
1638453388593241930 0.06356657833714327 -0.09909692283439306 0.0 0.0 0.0 0.9422938530704518 0.3347869698506474
1638453388693241835 0.05357032846806295 -0.09092974894193184 0.0 0.0 0.0 0.9413915312207172 0.33731586225777294
1638453388793241978 0.043730092099812296 -0.08273267137701977 0.0 0.0 0.0 0.9390632573672514 0.34374436718744505
1638453388891241789 0.03406261413091105 -0.07441003970644622 0.0 0.0 0.0 0.9357473103076387 0.3526711351083775
163845338931241894 0.020629883757312107 -0.06220875030286943 0.0 0.0 0.0 0.9295083162154086 0.36880111602697774
1638453389233241796 0.002285974411998043 -0.04365743167774594 0.0 0.0 0.0 0.9148810887747316 0.40372346725278707
1638453389393468142 -0.01170062754891936 -0.027150806219793613 0.0 0.0 0.0 0.8988310103471592 0.4382952993904304
1638453389492468119 -0.01938501640643238 -0.016843207482662298 0.0 0.0 0.0 0.8883503646405414 0.4591662751810118
1638453389691468000 -0.033246686822994434 0.004746147145473015 0.0 0.0 0.0 0.8663523946270569 0.4994332073356478
1638453389958467960 -0.0738030814798189 0.0399195412405961 0.0 0.0 0.0 0.859990728708614 0.5103096665525092
163845339092468023 -0.07390007361204634 0.04009728497525841 0.0 0.0 0.0 0.8597409595962772 0.5107303186611934
1638453390293467999 -0.07390046875321155 0.04009707778617755 0.0 0.0 0.0 0.8543217089220118 0.5197445653849083
1638453390493468046 -0.07391160866023505 0.0401197992949003 0.0 0.0 0.0 0.8443018215634769 0.535867952157794
1638453390695467949 -0.07393139855955377 0.040166372607246204 0.0 0.0 0.0 0.8287154040886261 0.5596702296999361
1638453390795468092 -0.07394050333385349 0.040189988425632484 0.0 0.0 0.0 0.8200401814443526 0.5723059191082602
1638453390895467997 -0.07396475407699735 0.04026194217249279 0.0 0.0 0.0 0.8090427870151353 0.5877497357114218
163845339199467993 -0.0739983744798767 0.04038391042942361 0.0 0.0 0.0 0.7841820311360156 0.6205308193713104
1638453391302468061 -0.07402232861607658 0.040508153882428545 0.0 0.0 0.0 0.7536690544020997 0.6572540644954747
1638453391501467943 -0.07403095852728972 0.04058361494197814 0.0 0.0 0.0 0.7218023233577521 0.6920992708903089
1638453391666468143 -0.06702260481478844 0.04697970929937895 0.0 0.0 0.0 0.6957628252414353 0.7182715959438728
1638453391793168068 -0.06702221719065661 0.046979671175407585 0.0 0.0 0.0 0.6724998041215862 0.7400972924752827
1638453391927168131 -0.06702563937860923 0.04695461434750407 0.0 0.0 0.0 0.6477604735580731 0.7618440394186472
163845339260168028 -0.0670322458089216 0.04693012287181926 0.0 0.0 0.0 0.6235974143120951 0.781745660094214
1638453392194168091 -0.06702564655644912 0.04695455936317926 0.0 0.0 0.0 0.5976883140727355 0.8017285625072181
1638453392360167980 -0.06703226789236044 0.04693006874486686 0.0 0.0 0.0 0.5656265526303856 0.8246614925168019
1638453392592168093 -0.06705018981662085 0.04688263545029963 0.0 0.0 0.0 0.5182869326725975 0.8552067890479566
1638453392759168148 -0.06708730089619896 0.0468164225155673 0.0 0.0 0.0 0.48290436749409804 0.875673105854518
1638453392992168188 0.036196139638036404 0.10711619245273939 0.0 0.0 0.0 0.41449919042308075 0.9100497004825855
1638453393193168163 0.036143986243818385 0.10706102589158674 0.0 0.0 0.0 0.36974622718872086 0.9291328026112635
1638453393294167995 0.03612607653139542 0.10704309253997836 0.0 0.0 0.0 0.3464941990382278 0.9380521165451808
1638453393562168121 0.03610549549344372 0.10702838642201248 0.0 0.0 0.0 0.28557225010797843 0.9583572038016888
1638453393797168016 0.036170836095175185 0.10706706229959712 0.0 0.0 0.0 0.23114543224974224 0.9729191983505601
1638453393996168137 0.013305763618395541 0.1023615833165664 0.0 0.0 0.0 0.1874498357008874 0.9822741731695589
163845339497167969 -0.05959871453818401 0.0872221039442205 0.0 0.0 0.0 0.1740598480388626 0.9847350669797384
1638453394196168184 -0.05952667162093979 0.08724606026541103 0.0 0.0 0.0 0.1505015906458883 0.9886097722293312
1638453394287597179 -0.05945367302437796 0.0872669312580964 0.0 0.0 0.0 0.1269262977711336 0.9919121539372122
1638453394454596996 -0.05940415411712864 0.08727728127026664 0.0 0.0 0.0 0.08694209585211432 0.9962133553551313
1638453394753597021 -0.05940404582938415 0.08727562649046365 0.0 0.0 0.0 0.01498620516116089 0.9998877212088756
1638453394987596989 -0.05937873835707862 0.08727521727229924 0.0 0.0 0.0 -0.0035377712324838905 0.9999937701624229
1638453395154597044 -0.05937873835707862 0.08727521727229924 0.0 0.0 0.0 -0.0035518562816347636 0.9999936640662497
1638453395286597013 -0.04611599476480539 -0.004025474329511506 0.0 0.0 0.0 -0.02278778585383926 0.9997403008192577
1638453395485597134 -0.04616656090257715 -0.0040231558898922585 0.0 0.0 0.0 -0.02276355846654839 0.9997409061904523
1638453395785597086 -0.04614127733044643 -0.004024303945167189 0.0 0.0 0.0 -0.022827479928124804 0.9997394066618517
163845339654597139 -0.04614127716269813 -0.004024300223655628 0.0 0.0 0.0 -0.02283123034403825 0.999739322179162
1638453396254597187 -0.04614127712076105 -0.004024299293277735 0.0 0.0 0.0 -0.02279922704319985 0.9997400430925217
1638453396388597012 -0.04614127712076105 -0.004024299293277735 0.0 0.0 0.0 -0.02277586236173707 0.9997405694104506
1638453396488597155 -0.04611599384218981 -0.004025453861197904 0.0 0.0 0.0 -0.022568188612745257 0.9997453071345433
1638453396786597013 -0.046141277498194716 -0.004024307666678753 0.0 0.0 0.0 -0.02277593498647422 0.9997405677744899
1638453396930604935 -0.046141277498194716 -0.004024307666678753 0.0 0.0 0.0 -0.02275472990555253 0.9997411050645497
163845339796605062 -0.04616656065095473 -0.004023150307624913 0.0 0.0 0.0 -0.023008237803127916 0.999735275250628
1638453397360605001 -0.04614127724657227 -0.004024302084411409 0.0 0.0 0.0 -0.02274034834542365 0.9997414290267213
1638453397699604988 -0.04611599371637858 -0.004025451070064231 0.0 0.0 0.0 -0.0228202416626553 0.999739569712604
1638453397931604862 -0.04614127724657227 -0.004024302084411409 0.0 0.0 0.0 -0.022793832328750367 0.9997401646150403
1638453398137604952 -0.04614127724657227 -0.004024302084411409 0.0 0.0 0.0 -0.02286981828771178 0.9997384529386962
1638453398353605032 -0.019597465256656815 0.008365725612387943 0.0 0.0 0.0 -0.022675763667239373 0.9997428771097402
1638453398485605001 -0.019597465214622238 0.008365726542761435 0.0 0.0 0.0 -0.022842352098944828 0.9997390561501152
1638453398664604902 -0.019597465130553132 0.00836572840350842 0.0 0.0 0.0 -0.022791415631244955 0.9997402658459841
1638453398896605015 -0.01957218193106597 0.008364572116693511 0.0 0.0 0.0 -0.02280470966678155 0.9997399656847765
163845339930604839 -0.019597465130553132 0.008365728403508419 0.0 0.0 0.0 -0.022735695764131068 0.9997415239246578
1638453399130604982 -0.01959746508851854 0.00836572933388191 0.0 0.0 0.0 -0.022785547931850666 0.9997403983306409
1638453399296604872 -0.01959746521462223 0.008365726542761435 0.0 0.0 0.0 -0.022701662735210095 0.9997422923440763
1638453399504238129 -0.01959746521462223 0.008365726542761435 0.0 0.0 0.0 -0.02295897984031715 0.9997364228546356
1638453399703238010 -0.019597465508864167 0.008365720030146994 0.0 0.0 0.0 -0.023048146640255014 0.9997343499699586
16384534005238056 -0.019572182267342454 0.008364564673705579 0.0 0.0 0.0 -0.022871616109094373 0.9997383954086421
1638453400105238199 -0.019622748792420423 0.00836687445621492 0.0 0.0 0.0 -0.022656371023160635 0.9997433149692185
1638453400304238081 -0.019597465340725914 0.00836572375164096 0.0 0.0 0.0 -0.022895010557679084 0.999737867193871
1638453400505238056 -0.019597465677002393 0.008365716308653029 0.0 0.0 0.0 -0.022878068530040485 0.9997382497217694
1638453400707238197 -0.019597465803106083 0.008365713517532554 0.0 0.0 0.0 -0.022781196039281814 0.9997404965904451
1638453400908238173 -0.019597465803106083 0.008365713517532554 0.0 0.0 0.0 -0.02284536322871968 0.9997389881629078
1638453401242238045 -0.021094388431819863 0.0036826638373453815 0.0 0.0 0.0 -0.022718562562537663 0.9997418745298758
1638453401544238091 -0.02111967177116577 0.0036838170991947347 0.0 0.0 0.0 -0.023005306959835478 0.9997353139904614
1638453401743238211 -0.021119671771165777 0.0036838170991947347 0.0 0.0 0.0 -0.022780973370093258 0.9997404725609387
16384534029217024 -0.021119671729345223 0.0036838180295778724 0.0 0.0 0.0 -0.022854978081508055 0.9997388101516433
1638453402440217018 -0.021119671812986303 0.0036838161688116005 0.0 0.0 0.0 -0.02277999945237428 0.999740494438598
